id,xcentroid,ycentroid,sharpness,roundness1,roundness2,npix,sky,peak,flux,mag,xcenter,ycenter,aperture_sum,aperture_sum_mask,aperture_sum_edge,ra,dec,aperture_sum_0,aperture_sum_1,aperture_sum_2,aperture_sum_3,aperture_sum_4,aperture_sum_5,aperture_sum_6,aperture_sum_7,aperture_sum_8,aperture_sum_9,aperture_sum_10,aperture_sum_11,aperture_sum_12,aperture_sum_13,aperture_sum_14
1,1066.117512188136,133.67196826670644,0.706701567737863,0.3868048180983917,0.3966147346213663,49,0.0,0.009662545712780003,1.126120637125822,-0.12896229341015397,1066.117512188136,133.67196826670644,378.2698755990235,0.0,264.0680252087742,33.44910872041953,1.1914759147301377,33.03733309121121,35.65471804658153,42.723487560503294,22.901228963061484,31.979819278364324,26.806697368277074,25.43704643484391,19.08151425888765,20.928709191994255,32.09740018155811,24.81146688339159,22.317502636015085,17.62571629690683,22.86723540742721,0.0
2,2143.352501518814,196.24056260169385,0.3440516144262964,0.29974856142461254,0.7408373521513755,49,0.0,0.03674265608552585,4.209665083976724,-1.560618863124409,2143.352501518814,196.24056260169385,3426.525408570705,0.0,1010.4493525270741,33.000188337688876,1.2175428302275195,244.34836111872366,260.84578018414976,233.04546654840163,282.51272697624154,254.93536096177434,266.0372868480495,217.48685543639132,300.94593640298615,219.21561393826653,257.1155820040407,224.40093500167663,226.678607238009,202.98756740346101,205.8150723623085,30.154256146224764
3,2138.9337582476264,215.63018678977554,0.23272228205262893,-0.43531317871469716,0.5160791460994686,49,0.0,0.024468187759218735,4.435154150727762,-1.617271797537184,2138.9337582476264,215.63018678977554,2057.1093345641048,0.0,592.1710975798514,33.00202877656658,1.2256211012962452,171.60019961211714,168.6742869534631,134.36055739021157,180.45263029073405,149.63937508387934,169.7123274177236,179.0854192128078,125.69444237857739,111.70111725412633,128.04075169777593,137.2611652374266,150.74998871057483,107.06445948524595,128.87723032409102,14.19538351534958
4,830.1432224851151,295.48535697541683,0.6411067450074084,0.5064072701091273,0.1503185262048183,49,0.0,0.012587404237779203,1.5660658212906375,-0.487025028440476,830.1432224851151,295.48535697541683,431.18633589696265,0.0,370.70401999585243,33.54745665732495,1.258880545342827,29.04031951733885,36.25563134263702,42.864824649753636,30.35100370048196,26.599110817097753,38.50473221958153,26.686383703758054,32.39670364864332,24.222058350586714,43.322288964886944,18.860461817751695,29.608536267482215,20.273213789338186,28.240227973057614,3.960839134567172
5,1695.3845842153892,342.09776312323265,0.22994196993994448,-0.5114449559966452,0.055758715117840606,49,0.0,0.006167093891448886,1.2179389067109958,-0.21406376026649415,1695.3845842153892,342.09776312323265,385.64433333925507,0.0,0.0,33.186871565375846,1.2783201454699749,19.654832178361783,40.14478943522417,24.750011955100188,29.340863673231183,25.75800862727789,15.032885712655123,34.54661689350908,28.0502752359625,23.164134658461602,27.42573971405845,34.47855131252123,27.368068320924316,26.500911999660772,25.52690827633564,3.9017353459711157
6,1257.8993380174766,400.88821284766385,0.5212475328138356,0.015137318169530204,-0.3352086922051688,49,0.0,0.01639793515906102,1.7110277514011625,-0.5831426337046657,1257.8993380174766,400.88821284766385,1453.9263561596,0.0,0.0,33.36919644717147,1.302810469657693,88.04774165184088,102.90294034448226,121.00167445347387,128.08422370240868,96.65050022046464,99.05832625485613,114.62405526170373,99.58799752957609,95.36827518475964,100.95448431151485,93.17374685253156,100.43565463516921,94.09455229020281,106.35921176941568,13.582971697199937
7,978.2312877542424,470.4371329013243,0.4238936125304756,-0.09681529109683445,0.13888836325348866,49,0.0,0.00657236108318712,1.074680265107881,-0.07819818445768031,978.2312877542424,470.4371329013243,296.43499291542946,0.0,0.0,33.485753148970694,1.3317775128097793,20.599883762853874,14.221306983734708,19.784208308715645,20.653033659244244,15.432015888183432,25.55795839614794,25.96514560076413,26.115277186569323,19.776428629263982,26.922826459646,13.931671662973692,31.227885568851008,17.11125894876298,18.03865899399925,1.0974328657192578
8,833.3520224234989,477.5273215566721,0.2606993156630493,0.6872702773803969,-0.004786157891908452,49,0.0,0.008960380175949653,1.477392481689285,-0.4237397115175422,833.3520224234989,477.5273215566721,634.8123273686936,0.0,0.0,33.54613275324909,1.3347244244221925,36.098751233587436,47.021849745928286,42.01768390036966,46.56274572897877,41.30172115553985,42.71923899701354,51.54062042508453,54.63996261637239,44.64888860788024,46.055057308529925,48.35599674947949,49.31806631078833,41.05299915279315,39.322484163853325,4.156261272494817
9,834.5848844572814,568.091323360406,0.5584337444165488,0.19216585121745058,-0.0741533279496672,49,0.0,0.039204861322693026,5.982501892629455,-1.9422071116981832,834.5848844572814,568.091323360406,979.6383974292719,0.0,0.0,33.54562556909144,1.3724565871263605,51.98581011006065,65.0362345651545,77.01805349256982,61.25051297243015,64.77179071828122,74.50092806441245,75.89758734516991,85.1373120553204,79.1396376471642,64.51095205110695,74.10682055138962,65.25653565434578,66.2433926746545,70.66699145700392,4.115838070207754
10,2716.7799054837387,666.1231545932651,0.6849964425371251,-0.060562889389158374,0.0900035810711566,49,0.0,0.021377594547406113,2.2388094821652955,-0.8750428440807269,2716.7799054837387,666.1231545932651,858.0287196945623,0.0,345.71289991374965,32.76117778697025,1.4132758116561634,34.13029939880914,58.693304183867824,52.98911404175606,78.58999524011219,53.10736605672119,61.100764596144884,67.19578604328288,69.16905406881355,67.4785697831885,57.20057632576134,64.29357216929945,69.82612094162589,50.562944356495855,60.2702302993324,13.421022189351135
11,1035.2122386744331,666.5980868528521,0.5310785882710295,-0.006075562033799912,-0.09558291408106026,49,0.0,0.011029101037342486,1.800356870807077,-0.6383965011753651,1035.2122386744331,666.5980868528521,316.26625631691195,0.0,0.0,33.46201649080918,1.4135083186409014,16.946026287434798,27.221929221498904,18.297719509037407,29.669884534024288,19.47176234961873,24.503961519884488,15.918208371168427,26.78467704474688,23.387659911571273,18.29417035705214,27.04334371212466,23.336227831996595,22.03629091660494,21.153442412619988,2.200952337528433
12,1671.97988992667,667.410550213863,0.6048478712616726,-0.08233345621004881,0.15336859936816113,49,0.0,0.2326627783919686,35.598367087729564,-3.878575192891944,1671.97988992667,667.410550213863,4309.4117348898835,0.0,0.0,33.19662331944304,1.4138585839395734,199.42196103525936,331.7146909585513,307.45617228921276,329.9075935897665,301.8949214786837,305.41264311818395,341.1500137102711,304.83282992691295,336.4346437683402,297.53375930398704,294.17479608901294,302.8079643078967,323.6860103820859,278.7583452441319,54.225389687587636
13,2090.350158312624,693.554248300047,0.790264216687833,0.14020377100556086,-0.0013120453634675744,49,0.0,0.013534700425368518,1.6220659664159318,-0.5251712804644683,2090.350158312624,693.554248300047,301.2701832344118,0.0,0.0,33.02225294064923,1.4247424535216082,16.30350887250853,13.930398024764074,29.669840768764328,28.07628625153294,24.9359491819585,17.312909452496328,15.453648623229828,24.78204150656744,28.366071031250367,16.953781854034858,18.411745030987824,21.65383661144294,29.15108004384176,13.988178026082581,2.280907954949499
14,2135.697080648503,755.536527393924,0.8039211617246117,0.20098159292094092,-0.0104993434727134,49,0.0,0.010580462511783574,1.2328740829855211,-0.227296807756476,2135.697080648503,755.536527393924,270.4649317770744,0.0,0.0,33.00335005668078,1.4505654075595429,16.154003766152655,14.616338304874489,19.553531086571233,22.36104977282892,17.368935998465336,16.37505946553715,20.969651505313713,23.37730694387183,24.693904767775116,18.606772586697964,16.351953994881853,18.841218549214744,21.69373401028141,17.215338852184622,2.286132172423368
15,1963.8065597801226,768.8620691930977,0.4883841437374107,-0.47497712705740874,-0.6120232473152686,49,0.0,0.008621812250604082,1.2833904231843707,-0.2708969855223765,1963.8065597801226,768.8620691930977,359.21545764408256,0.0,0.0,33.074991477823694,1.4561234158380598,11.743994389479267,30.0483444134756,28.86817798117754,23.971804152576837,26.890348703148806,15.201594159925326,21.838148312625194,37.47334473134983,34.571875027600626,24.613100540968016,21.9359969729012,30.75331998833616,22.112364592867948,23.692743483266767,5.5003001943834064
16,2018.0366848914343,805.8968034370353,0.5701722052651289,-0.23542974304531947,-0.05568655030797994,49,0.0,0.008791922372520121,1.1842200579453406,-0.18358103187763458,2018.0366848914343,805.8968034370353,319.6987654299808,2.920026183083258,0.0,33.05238741439486,1.4715523135553383,16.39197336289647,12.939189806892966,27.2687957767246,26.93553320656663,27.190082032176203,23.03769072170461,26.17122649148419,24.40159834553723,15.555907438147218,24.054102751343216,22.800949527054765,29.806002806380924,20.946534968952975,18.715284963161807,3.4838932309569994
17,671.6211223079167,814.5869928120844,0.4873296302231912,-0.11993221374894958,-0.193547935260589,49,0.0,0.05296487115455976,7.80386584763287,-2.230774487616827,671.6211223079167,814.5869928120844,1963.3270494188932,0.0,0.0,33.61356395552079,1.4751462297558275,93.05046932288239,144.1010068877767,182.5605170708202,141.53756359922642,137.37272424109605,121.06363202237546,142.718084018379,140.1184438915379,137.2355977416451,125.15999009547095,132.32446027193927,142.52590547983158,160.59171059647053,144.18731133190528,18.77963284753644
18,1754.9383782933871,927.715348351564,0.5967875033848071,-0.051198521779671095,0.18618227912802895,49,0.0,0.008765499898118935,1.2992316186708444,-0.28421645301703385,1754.9383782933871,927.715348351564,239.02686204120056,3.0,0.0,33.16204374199874,1.5223144169923555,15.38099505855998,12.120737970449625,24.573113280639134,17.762380122475456,13.987530214149023,19.885966216393435,14.519913878576649,19.353511531917714,20.98093318254755,18.69951260200805,13.024687576049228,16.091691713090157,16.273870776696583,16.372017917647984,0.0
19,2810.917777029303,965.6638917026689,0.8414525869081628,-0.7661222310193414,-0.4533503651727061,49,0.0,0.0121197203288885,1.253358075018532,-0.24518790850795694,2810.917777029303,965.6638917026689,327.8495643100483,9.022781608045424,14.277032790663899,32.721910876279175,1.5380673143776737,23.240443324892137,32.442984813865586,30.509169543996002,18.532725311793406,15.859485573252105,31.139422483179434,31.93417574319741,8.643757872333055,22.157766535015902,24.65571204937163,17.412268353955767,26.73914725272231,14.892458764888964,26.680255680910292,3.009791006674373
20,2161.4069769116045,1069.5004081446205,0.7623219661177203,-0.3536817993244332,0.021938744752186448,49,0.0,0.020071752250704455,2.58314379799906,-1.0303714576896048,2161.4069769116045,1069.5004081446205,375.84126659548997,0.0,0.0,32.99261774168059,1.5813781895179422,21.785306362675875,32.56213189590591,24.97536434982181,20.78216626065104,23.47391724669427,28.056114820289064,26.986744033967657,31.29324284752127,28.50918534415875,37.39547185842122,33.55752711954095,20.329711204284663,23.360378887130018,20.452891700434186,2.3211126639932953
21,2573.784332286405,1113.4882661714885,0.5181767857272512,-0.17452765311794913,-0.2141596629893501,49,0.0,0.035724218349880876,5.689346991466714,-1.8876560551452604,2573.784332286405,1113.4882661714885,953.3016930611241,0.0,0.0,32.820731055907565,1.5996792923998455,56.20516719164494,70.21976032977042,71.56657775626194,78.24985754397302,76.64366417442885,68.43759940153652,60.967199852882324,69.4219240910885,61.523352692581554,66.5619796002452,69.779317119784,61.47269682539023,64.53520321702828,71.14668291955071,6.570710344957483
22,639.0450625527005,1186.1852727012867,0.7363626688570627,-0.2956004835752647,-0.11142702314468858,49,0.0,0.014933196504697677,1.2380581658107659,-0.23185262240742077,639.0450625527005,1186.1852727012867,1421.2195610236147,0.0,0.0,33.62717502721798,1.6299696129533705,71.93389594638754,106.16592491260667,96.7420507062833,109.90368359456927,103.18882607318248,94.81293806894621,120.51076288390256,111.17038103758492,103.22477150961178,95.80209112484387,93.04871495222932,97.75443913920702,96.39120789958994,103.95818620037574,16.611686974294052
23,712.4698707615423,1212.4689495305804,0.6079602281803006,0.3657823839359721,-0.1437751245568643,49,0.0,0.009742091126289805,1.3267832983406769,-0.30699998986632066,712.4698707615423,1212.4689495305804,317.89946116320766,0.0,0.0,33.5965727237955,1.6409266773713564,11.438391252240404,27.472025601363825,27.802706420342304,28.056328767983782,20.78554823661851,24.357495859559734,19.43719440193462,15.668391697641644,24.36226095365779,28.291223894114495,18.839860443011318,25.170932644382184,18.6905274941402,26.475168524693103,1.0514049715237863
24,1302.1578380688115,1215.7058452578199,0.5262623265166912,0.22354685884929432,0.08393460202140908,49,0.0,0.010721080861821585,1.7124992088656321,-0.5840759488266766,1302.1578380688115,1215.7058452578199,304.4956843456197,0.0,0.0,33.350774624808096,1.6423057330451898,12.959048008128306,32.518382326823335,15.394945845404326,21.67830329014096,20.25464502520681,21.513690320357853,25.21374298356242,17.536199443636622,23.732995216659134,21.43238382252463,14.586757846146103,33.09519162028279,16.366573654266624,22.693325086139296,5.519499856340465
25,1830.0330870247678,1238.0393612265573,0.5290370769233522,-0.2540572758931903,-0.10723205292121177,49,0.0,0.2605489256442848,41.02181236810579,-4.032537109612802,1830.0330870247678,1238.0393612265573,6270.373274880772,0.0,0.0,33.130736874611976,1.6516128607861091,321.7814593692068,459.8449972813446,467.50922066447015,448.1779040894652,426.8594960469334,409.7945556031387,463.9964205454121,472.2815912364353,429.2091108825572,469.8185619127056,471.7855178236233,455.83120199465964,458.28962760968494,449.52054781503193,65.67306200610258
26,2894.498676587847,1242.468816026484,0.5968076342899469,-0.3201876068803617,-0.20168534472510463,49,0.0,0.016526640016483247,2.466956453255804,-0.9804037084652941,2894.498676587847,1242.468816026484,424.55645298470426,1.0,3.0,32.68704204772189,1.6533875319664237,14.977046563775781,36.29093394807622,33.47402397451002,37.72618482406367,27.463946462760724,39.878405997378096,28.213275276894592,38.86355324514225,18.48435860050544,28.876616428860874,21.625836885186807,35.20776178630317,29.198552413404798,31.250252547317462,3.0257040305243956
27,2632.7474549141307,1269.4935101569774,0.2906150026282767,-0.18377265223299585,0.018791898733276705,49,0.0,0.004397238979311261,1.0290995262475324,-0.031143445676528842,2632.7474549141307,1269.4935101569774,199.054999886288,0.0,0.0,32.796139610610815,1.6646740592205584,7.77243856413825,13.308238756335353,13.004296975825739,21.398006145260666,9.67198683616862,6.345941271562056,11.692957388365977,28.697538161262568,9.719823411220357,9.788294016547454,18.594475881902078,21.147807043788468,16.994181993933026,9.551922490141042,1.3670909498363562
28,3027.6820142230513,1275.9758123604788,0.4522408528285515,-0.20604302374967312,-0.04462451002132524,49,0.0,0.011596745588879735,1.88906750691742,-0.6906186949076463,3027.6820142230513,1275.9758123604788,426.4944135914251,2.0,235.61024033112233,32.63152694507449,1.6673320943949586,12.451822446534795,21.148517712748095,24.66509602471821,35.89134625344429,31.32147101864117,22.255673988353003,39.615059184421916,25.115224592848598,30.496922101667415,26.091153824287954,32.32825042783264,37.3155601496522,38.7350995207961,46.09748647138767,2.965729874090999
29,681.645923227401,1310.8384159723719,0.5524332189614122,0.08753809565597145,-0.12214187410559489,49,0.0,0.011094464984717186,1.7462263577166575,-0.6052513480451053,681.645923227401,1310.8384159723719,294.3087257715753,0.0,0.0,33.60942932047997,1.681910371358295,25.0850286391518,21.814690539223925,17.329427708465012,27.58565170491207,21.726723124418328,19.61694459112081,20.498770531108935,20.485431787642327,20.149348538423876,25.121507038309467,25.449910036353444,13.632375266518672,16.771149777830587,17.09525191560318,1.9465145724928843
30,1278.3332927440001,1367.9612888755928,0.6552090665579791,-0.2756503347910351,-0.146864177510421,49,0.0,0.012360717730762584,1.6548366349091619,-0.5468878169419058,1278.3332927440001,1367.9612888755928,329.08558561008545,0.0,0.0,33.36071018798779,1.7057443586533687,20.839384323176667,20.480972690507667,23.291092268274735,34.94921944170943,26.36120268892531,26.57576643920322,28.259051567322096,19.961754200260817,25.471087960021123,19.63949672016138,24.785908487057778,14.491748390132141,22.33848375555074,20.586452671886967,1.0539640058953217
31,1125.3121662215963,1372.8608879842022,0.8422046481541823,0.13608682395185598,0.12354574943974078,49,0.0,0.010254320010979196,1.1833021315465244,-0.1827391170868375,1125.3121662215963,1372.8608879842022,247.94769482667255,0.0,0.0,33.42449684380795,1.7077803355631611,12.448534921902251,20.353627972411246,10.168928318185893,17.239844733631,13.671459370343953,17.08563639491583,20.613811212670186,22.48450215704223,13.889234753274161,23.27992866825207,21.08781710612591,19.221509995937122,18.342461789961657,15.476380794072195,2.5840166379468483
32,2235.7132071331075,1422.2774153868095,0.7663171463730679,-0.11618926907860751,0.051811694327112426,49,0.0,0.06484499362888306,8.413023185223185,-2.312380214444208,2235.7132071331075,1422.2774153868095,994.4895910690609,0.0,0.0,32.96162445718383,1.728362263926319,45.98182082393803,56.093823738597,75.24260341074655,87.28222075089741,81.15301852343255,64.88468406347624,77.06512258718311,66.91812854372051,67.16434770284177,60.989699096002816,83.18521572678586,62.96769186805811,80.69339923040496,74.91090820760063,9.956906795375351
33,2179.700070028861,1476.593363872623,0.4556764758322356,-0.34501515728933624,0.1781853945913307,49,0.0,0.01926498892501595,2.6977238944265602,-1.077493746528125,2179.700070028861,1476.593363872623,991.7501339393342,0.0,0.0,32.984970410323996,1.7509967902513368,65.11395728370593,66.11405337127414,74.73913759809925,65.61380520123234,68.98485920562543,76.47867297156569,77.62684263128645,59.07212306855211,65.77336957418262,52.090185258173676,83.22010142589859,69.3769164223861,68.80349317277225,88.62013050466233,10.122486249917351
34,853.6214709779525,1491.306771834657,0.7189623484885244,-0.267832368673658,-0.1669187984083741,49,0.0,0.008023524553538459,1.0652279186849696,-0.06860635097924511,853.6214709779525,1491.306771834657,223.50537187251757,0.0,0.0,33.537757615378496,1.757116983867439,15.04603361187797,17.525649940586636,16.217103028237787,9.957945704557957,19.602070554743868,15.487215140971559,12.22910456893571,15.262783501411509,26.195700879126633,15.222523922868387,14.742604301184965,16.083293546958572,14.587533450787879,13.990291680595803,1.3555180396723419
35,1650.396341599893,1560.8567590217608,0.3576912486535701,-0.3997542818668794,-0.2623589261203953,49,0.0,0.005665050274358205,1.009486843455106,-0.01025165799587138,1650.396341599893,1560.8567590217608,270.82831300944724,0.0,0.0,33.20561474204062,1.7861219444716994,14.929486856980642,19.575078323702826,18.342164505331056,12.670635937078853,22.810226833889068,30.122540406923992,22.7117977858163,9.289311210658202,19.373494871889744,23.563483923922234,18.821189840189923,23.163931149660982,15.13335216842629,19.343888166908236,0.9777310280688943
36,2799.8288982509607,1584.3715414349595,0.546866907765375,-0.35136036025659845,-0.07083330448045129,49,0.0,18.531464260814246,2709.6910462428755,-8.58229944069073,2799.8288982509607,1584.3715414349595,511839.76709133753,0.0,0.0,32.72646172104688,1.795851562099832,26713.457930222965,36426.61472912983,37446.912804666805,36794.83369266486,37234.97767341543,36576.01738977451,37250.12469645831,37547.41560445361,37143.77664858303,36968.03846914836,35344.53063913036,37941.91587552779,36938.00046704602,36638.66226219734,4874.4882089180455
37,549.655346526832,1618.423071557271,0.7119505734701286,0.3672735466164197,0.07740410490347228,49,0.0,0.008146411203118783,1.0781129005393515,-0.08166060693622043,549.655346526832,1618.423071557271,224.0261417157902,0.0,0.0,33.66447698364282,1.8100551551556183,15.330252561393397,19.104186668718196,16.46401626982537,14.66660364443586,16.58928391388726,18.412374471933582,17.522011668914704,14.148557391360699,16.259719838631934,12.484695608648433,17.765332677280924,16.858149118190376,13.955849411959516,12.337525787760278,2.1275826828496456
38,2366.766390392407,1623.708710853767,0.6782624229193831,0.330892977461755,0.2217825135535965,49,0.0,0.008377286652412937,1.1336036109662175,-0.13615305159402186,2366.766390392407,1623.708710853767,233.91632656253717,0.0,0.0,32.90698085387325,1.8122822280017645,15.285265810700604,15.054769156609646,19.63841194708716,23.689401837958634,13.915758775323365,18.776039813669577,10.737407589588864,13.663025452162875,26.256549124906684,15.238985913775757,11.592635337128662,11.474481193605982,14.767819585942117,21.175528527317,2.650246496760242
39,2765.3013279721986,1630.953838417838,0.5966550944955867,-0.44441797095752594,-0.027160913811970954,49,0.0,0.012120293638173648,1.5378687003604865,-0.46729814499792555,2765.3013279721986,1630.953838417838,662.051860761342,0.0,0.0,32.74084903752656,1.8152640325105929,27.90888679838826,41.625768112628066,57.188185044475304,42.36897352514709,62.95804349653616,43.428188099640835,60.92355264512017,42.46884307523571,57.825231485565666,59.161767386364374,44.784776582904925,33.03874791053527,45.796496674370154,37.86227623222919,4.71212369220081
40,2682.8657162760032,1638.0391981405858,0.5450326678347084,-0.1522499311209314,-0.07869290308798133,49,0.0,0.10378819797704905,16.139599994069414,-3.019731917272267,2682.8657162760032,1638.0391981405858,2545.367066742091,0.0,0.0,32.77521142628513,1.8182250682635615,129.37604789749193,160.46068222683982,174.14397787770167,217.76165318293488,185.03690374920438,183.68945556641785,176.03307847989336,186.96447909283523,165.29189120254935,188.4045972931283,185.28896608913942,191.73775771595513,189.96000135360322,189.04909737439783,22.16847763999846
41,2631.8427268297137,1670.4611815287706,0.7722068466441971,-0.19440043754563752,-0.22925096505291467,49,0.0,0.02933603634661026,3.522467667445983,-1.3671175385810652,2631.8427268297137,1670.4611815287706,719.4932884015759,0.0,0.0,32.79647726615469,1.8317390321494136,41.71903928999285,52.68242877459413,61.43985251145594,58.92423738281977,63.77914309013799,68.60800022001627,60.559373747845726,39.78168873704355,35.4860711015456,42.58434669608849,42.04319729755933,44.549487975621176,42.99731641829528,57.598779939788784,6.740325218771119
42,1784.648339645066,1719.879755457555,0.3046383110028259,-0.2103221567065804,-0.3498939910169196,49,0.0,0.005837927279306125,1.223738694084326,-0.21922173114040278,1784.648339645066,1719.879755457555,293.49815288290154,0.0,0.0,33.149646471363184,1.852379969417998,16.055915451588902,19.772620230659413,23.232881186798735,23.756456840649378,22.445179390594696,14.923942386193458,23.928383977339852,15.46834848732557,23.64987064634846,23.336014491628532,19.65652486479452,25.79642304915591,22.579611767756244,16.782938235379213,2.1130418766886736
43,1967.0242955860142,1814.1298012311322,0.5751126418517001,-0.2786457007655265,-0.16953974519059584,49,0.0,0.0346399232635534,5.525003873221951,-1.855831467032387,1967.0242955860142,1814.1298012311322,785.4892653932428,0.0,0.0,33.073613807307304,1.8916457022000215,43.985572578594486,53.13211855764951,50.15628288170997,44.62933244702496,61.983757326301316,57.03925073502842,64.91222398260142,50.97140469800905,56.90487838797278,62.62547099446208,63.51992268455014,57.68009124403755,59.69445264098435,51.44226589926379,6.812240335052981
44,3137.8188449563213,1839.6341257944825,0.8034723332677293,0.17843241785610028,0.6862693166779326,49,0.0,0.25079634087556657,32.669586928118676,-3.785359108305764,3137.8188449563213,1839.6341257944825,3846.8211349412395,1.0,37.81722975977023,32.585539963656785,1.9021602863576972,0.0,0.0,0.0,0.0,0.0,0.0,0.0,0.0,478.2153765440437,100.89384744332668,1152.4132421085728,414.6732097928086,68.81758739080456,1626.833724743255,4.974146918427867
45,281.4311251256488,1875.5727679313006,0.5037648365299918,0.3736907711316042,-0.07840795045016011,49,0.0,0.4654965334860725,71.18758300686939,-4.631010619559847,281.4311251256488,1875.5727679313006,13317.579793315868,0.0,2260.025639281887,33.77631688694687,1.9171653428612538,711.8707313445357,923.6700517994204,953.4357330197731,959.721089480508,970.3837152202366,998.9295711501745,972.5566894231546,998.5787195246073,969.2805521302926,978.4417972095629,932.8201226888859,939.7092048589768,916.1184495176751,956.7077783620734,135.35558758599086
46,1876.3909219157783,1884.3068389161438,0.5907595663701457,-0.08822360770129602,-0.09111265521294458,49,0.0,12.81496100117985,1878.2815206816429,-8.184401714388084,1876.3909219157783,1884.3068389161438,289067.2150905053,0.0,0.0,33.1113962033656,1.9208888927687928,15042.890444346169,20531.773633751007,21673.74672105527,21039.52704600177,21025.359183989465,21351.55782519722,20961.918208451527,21425.931022576697,21057.116728730638,21193.64351025546,19949.282992660046,21048.260863692467,20035.8438266414,20057.89374756489,2672.4693355916143
47,2387.575400022335,1917.0765700938634,0.5886803845492465,-0.015161959548820384,-0.14698369528559763,49,0.0,0.48984409226430664,75.72135861040243,-4.698045993938178,2387.575400022335,1917.0765700938634,9423.198583400701,118.09442973097356,0.0,32.8982843394236,1.9345150493634795,482.11505418287345,637.8255984072516,636.0499305368112,644.899703638857,664.8227477866401,682.6464110599081,654.3399704802692,654.1900000349309,739.4486868206343,728.4618209753136,680.413256660121,718.2133548569907,666.7079189921486,744.7086757792783,88.35545318867284
48,2789.069588000985,2026.0932020532125,0.4065746635144944,-0.3135439513141807,-0.2532498904787798,49,0.0,0.031629944573972335,5.8507962898859835,-1.9180374433119338,2789.069588000985,2026.0932020532125,949.7368302519606,5.0,0.0,32.73089653821747,1.9798960265051566,52.58042990553163,58.901296017934456,70.66918281753624,58.15926084893679,71.36640522461657,67.83182409792647,95.10116200611589,85.4049041413711,59.43650659161444,68.88874714577993,65.37068644483661,67.93628619468569,58.76445524295455,64.7533314897955,4.572352082324639
49,938.2784497830415,2036.6754670880389,0.6816923432080649,-0.22507022223748613,-0.2719455670508279,49,0.0,0.010891670327325194,1.4371928433519274,-0.39378761481102914,938.2784497830415,2036.6754670880389,306.9193547311238,0.0,0.0,33.502502679380136,1.9843562276844324,18.022655481065588,27.191579202743405,23.662539342224825,20.459566636136383,23.20504083626748,26.306273769921376,27.932241062338726,14.651461554339086,19.05929821496662,26.379060610678074,16.954907307554308,22.175639974349327,21.747632885338522,15.317953399991673,3.853504453208372
50,2060.013634253192,2050.607813064606,0.6948607734296102,-0.08097985465708378,-0.046155797800020736,49,0.0,0.05704775016694809,7.87417792694998,-2.2405130599872907,2060.013634253192,2050.607813064606,1101.371267103718,0.0,0.0,33.03483715213079,1.9901732147568256,43.12362972622216,70.6350681067982,80.73665598270364,86.68866640063406,85.06464334402358,91.8179377364367,83.49054668412326,75.25696534021229,65.02581110394766,79.03787226813866,83.0026218546873,89.60483902682061,86.31897468807858,69.98343010410629,11.58360473678524
51,418.5764723232017,2060.196177321605,0.366404539967321,0.10192005382305132,-0.0017867714911356319,49,0.0,0.006420201725182364,1.230416594707653,-0.2251304496360784,418.5764723232017,2060.196177321605,276.37771884320676,0.0,0.0,33.719166658534725,1.9941057519235166,14.048051506490697,11.951498965388414,22.480778364891496,17.768307586785262,14.69258920081295,20.219278838214954,26.64743560431402,10.800542296143936,18.793510603601327,21.62359105337341,22.5419177895064,24.76135857785853,20.768671602962787,26.16257159132143,3.1176152615411743
52,1108.3384302657335,2119.9336161661263,0.6794077844652678,-0.10952721030711174,-0.06669466344381288,49,0.0,0.09338852586158816,13.339074114893226,-2.8128142139910848,1108.3384302657335,2119.9336161661263,1591.9046208665873,0.0,0.0,33.43160736204917,2.019056785564545,91.30062462440392,124.36258922206824,127.76100165060743,123.18805976832257,104.23117442246252,122.80870563960244,129.49560468499732,106.59162688994019,109.94819905138135,89.98583145434802,96.73414737261645,121.7685637953224,100.21066131275046,118.63561421250671,24.882216765257468
53,1735.0080546301692,2131.641368861303,0.5359358542765916,-0.11985902506096797,-0.04771834895166125,49,0.0,0.02061172383514313,2.780314045709157,-1.1102346342335947,1735.0080546301692,2131.641368861303,807.9870236185839,0.0,0.0,33.170335416746546,2.0239469131500076,47.48092207143911,59.32356485416267,55.89112782321873,51.399316259692796,52.919608724353644,50.14140957948041,67.23893689430143,63.65794833385637,53.75141310502663,64.92807205211346,52.40996731339786,51.663291832269394,69.52296106735997,59.659514251024035,7.998969456887317
54,2152.7860363202844,2184.556893265629,0.99894744692341,-0.36805465247108393,-0.17936017675824398,49,0.0,0.011206754951945891,1.139323088239361,-0.1416172459799655,2152.7860363202844,2184.556893265629,230.12730391356024,0.0,0.0,32.99615232628953,2.0459791457169545,13.82881591385021,14.911188815427618,25.520477780777902,14.646482527518453,14.517737436061255,11.515001166903835,19.664333607073843,10.341324800090987,17.713936711953107,19.825657105865485,6.479744102299877,23.011357052465833,20.692404523739658,16.861333254411107,0.5975091151210674
55,943.4971813746967,2223.592541133297,0.7635750527498646,0.1980853192317859,0.09522460974669626,49,0.0,0.013377873216165586,1.7057934702974404,-0.5798161190426159,943.4971813746967,2223.592541133297,285.4125207769926,0.0,0.0,33.50033868370451,2.062236646135694,14.114864226031106,21.51726787144426,20.75863199823028,22.89626935342669,19.73439439960545,26.499015214789097,20.72042731948266,16.128154007987256,24.519883396340973,13.478981863846903,16.041250860674598,23.076182699890342,24.633995644939763,19.87842430112326,1.4147776191799724
56,484.11785122030557,2276.248500355326,0.6390617274098257,0.021566033524269033,-0.22209870059470974,49,0.0,0.010703687910860907,1.4792513024919793,-0.4251049008719989,484.11785122030557,2276.248500355326,295.0869065666826,0.0,12.080696164710332,33.69186628252701,2.084130976280002,16.714460401520125,15.787398757929331,22.800430441188055,13.919105740371515,22.153239492821733,27.435633624536116,16.408036929882172,25.030592911865085,21.582568975350284,25.125661728920296,22.232097662435116,29.381398895601393,12.983007131342234,21.43639744941136,2.096876423507845
57,370.49916562587924,2287.7779409820123,0.6583960403115465,0.03660102864481783,-0.23247469708008056,49,0.0,0.009817096368922442,1.2764330615404698,-0.2649951113723027,370.49916562587924,2287.7779409820123,323.7583111051637,10.0,274.52403430098354,33.73923606651023,2.08891990269496,15.129826304810663,16.72201095088243,34.611488310841864,22.077338591916572,32.641527834199394,20.204003515201386,23.70705899798302,30.11024847251872,15.111072323812115,26.535647841391565,20.974296220787835,23.839525393576032,20.273049934942534,18.335317975147802,3.4858984371517927
58,1835.8319167292661,2384.057560083848,0.9719517885472244,-0.16897354415191046,-0.044983532898435215,49,0.0,0.017295365449593498,1.8429196750518482,-0.6637660165040503,1835.8319167292661,2384.057560083848,292.2321872982455,0.0,0.0,33.128293972364034,2.1291157426819294,10.798240353959963,11.713856312047282,14.944602417275885,16.72474444686938,20.221749686279303,25.50063849978646,14.482703456866105,22.456815715862817,25.97903991313553,27.38870395966567,24.17181225137396,22.992401071483748,21.391423521451664,26.61854598380785,6.846909708379875
59,685.4392660354885,2483.0098828585274,0.570093853355255,-0.07921304409776911,-0.38674108102037985,49,0.0,0.01988257290893157,3.124095457996505,-1.236810738627564,685.4392660354885,2483.0098828585274,456.16393325287584,0.0,0.0,33.60795050181751,2.1702994079505458,20.38661546104612,32.30599594183644,38.79356876239116,31.206631077594633,23.40007506834541,30.520833649448353,34.23075537707306,40.005469428422245,34.53326254910203,34.41416084724869,31.337384418198077,31.509480135452147,39.63172373089316,31.80607567194099,2.081901133883341
60,2171.4712925863955,2564.0423306255584,0.40325507844736674,-0.6424202272510423,-0.4784418392518631,49,0.0,0.0060982302429758856,1.0854447096082527,-0.08901926564468898,2171.4712925863955,2564.0423306255584,240.98749733782512,0.0,0.0,32.98834135648898,2.204090470638473,4.459041931897332,11.49725217161784,11.169424273222232,19.98965046204887,19.154410127699627,12.830403816508111,26.46349623581969,27.514702615942717,14.246223320548285,23.997014096521973,10.928064489557912,27.191600724696077,13.785281565508043,16.370638595389757,1.39029291084665
61,2441.855043298758,2578.2686245646482,0.6581711661831232,-0.267920835711918,-0.07509908499152748,49,0.0,0.008615956245759731,1.1963827618977037,-0.19467536716149209,2441.855043298758,2578.2686245646482,241.42729689849043,0.0,0.0,32.87560268736707,2.209995421543571,16.5186916106941,12.761448495248935,20.36754082773712,19.085638238578788,20.135589271076327,15.958596969397815,17.115851123826317,11.176399139125053,16.648096650595967,13.604691073543375,13.458472157099003,19.028821866356907,27.723536277297768,16.458721371452363,1.3852018264606023
62,2068.28041459618,2611.162374024153,0.6209057748085454,-0.2434156521345331,-0.28354021906730736,49,0.0,0.009174447016566339,1.3494615903225118,-0.32540131939995753,2068.28041459618,2611.162374024153,239.7077180985362,0.0,0.0,33.03136561253764,2.223728946407197,8.452246161705096,16.41552326577584,12.351068921707412,9.379361724805733,17.576189927425848,20.638010880794678,20.255149122025003,13.57693262400634,30.46806418541518,17.373877607683077,20.209732350987835,14.161293314088645,19.22156904536395,16.97437009975249,2.654328866999082
63,2009.1833888911233,2729.2372395869006,0.2810242511171875,-0.1872055991084816,-0.4353439300558108,49,0.0,0.009958186491430633,2.2435479640214187,-0.8773383964926195,2009.1833888911233,2729.2372395869006,474.03227209124054,0.0,0.0,33.05600240792739,2.2729266566128237,21.282025227871785,37.537199862951084,35.041872288960036,45.02027784902478,34.6513337646082,31.596763139647337,32.98294692206365,34.816572696311354,32.82859441201852,40.92919849835372,33.46544692195325,32.844663684598046,25.608573765516525,34.18928909769862,1.2375139596636515
64,1514.4756532077945,2751.363762150863,0.9395236633895351,0.2126431429871707,-0.08444049343538948,49,0.0,0.010682847150297325,1.084514630594471,-0.0880885380483897,1514.4756532077945,2751.363762150863,257.4754852145379,0.0,0.0,33.26228565747781,2.2821550037468707,14.123478649856786,22.541503171441725,22.272180568420815,12.463367158662457,23.256306345614043,20.306220509785355,17.618716281508142,15.341854211542799,12.792373641864426,20.131063654644556,11.891721265199733,23.29717546987792,22.030207868229766,17.078720821653157,2.330595596236261
65,1683.8424069151547,2937.6991404838454,0.6379807251244141,0.2538886035191251,0.31918930631321835,49,0.0,0.01177959009622997,1.1522829710156384,-0.15389785930597785,1683.8424069151547,2937.6991404838454,1002.8285033304927,151.27803730601573,440.5652366708721,33.19166115960914,2.3597883920516995,73.17598862460173,57.26619338243201,79.06406442651766,72.58735146371143,67.73512568448268,71.9829295087366,67.03921759676444,71.59169329245623,74.14736303030884,65.82366449810806,69.26859561648716,65.9783738035268,69.86592639514487,84.07069225940239,13.231323747811864
66,1928.7839688182717,3011.3880843113893,0.28897853453833566,0.7694977580658787,0.9039709121748658,49,0.0,0.0038590461344882366,1.040803426060282,-0.04342178285727351,1928.7839688182717,3011.3880843113893,295.01546315523495,1.8371810115541185,77.54959423411043,33.089518329256045,2.3904826707527524,7.670562426913879,3.771731034667642,5.103941152677536,10.589199113711171,7.842686285910446,5.381416054415182,7.563753496032951,14.977075201907393,0.8895362798550361,7.255674056587285,139.74954925831574,23.36462130495996,3.770241909842073,57.08547557943873,0.0
67,1742.972819386122,3039.6318892044596,0.9736550784796094,0.3531315242166845,0.35387498554688857,49,0.0,0.02081111285126363,2.17929051678225,-0.845787822546956,1742.972819386122,3039.6318892044596,419.2691758996451,1.0,74.37465021711076,33.167002372952844,2.402255184498606,15.089835218887506,6.339419861359646,8.60798237323549,73.35358048248277,6.195988420488166,54.706048060143125,33.05144749576812,5.1238467089842725,2.852059531342299,182.923704894322,6.388204635841039,1.5576415192318063,16.249792641961072,6.482806660850967,0.34681739474689316
68,1802.1466009794074,3055.821502800947,0.7003008796914258,-0.06721313778645266,-0.03908677999993747,49,0.0,0.01740010421058587,2.4347705926642105,-0.9661451191810004,1802.1466009794074,3055.821502800947,349.3054923006076,8.645876606893182,74.8188120789169,33.14232602235217,2.4089988083637066,3.3771798521898053,135.63346063087192,8.844976367932642,3.4498332381137233,92.1923807722801,4.207059796374203,26.8808789175069,15.267792543930652,4.27347455249526,11.985951945304244,31.887369983628517,7.782245012356659,3.0253345801318425,0.0,0.4975541074911309
69,1572.451369079002,3079.0856809563224,0.5504910396917344,0.7065045862983967,-0.5382679203492442,49,0.0,0.00669154644535066,1.2064653638371354,-0.20378714588485167,1572.451369079002,3079.0856809563224,627.0817102756666,0.0,54.10686473764846,33.23811166285773,2.418693653883478,0.0,37.841661499513926,63.005353926898934,5.806620604344781,83.70768687120564,5.7361689302885415,18.9451542312322,3.664497646036235,13.573302511729565,25.76300893569257,304.2180647703756,17.793252326100134,1.5457373222914286,41.52369273031565,3.9575079696414077
