id,xcentroid,ycentroid,sharpness,roundness1,roundness2,npix,sky,peak,flux,mag,xcenter,ycenter,aperture_sum,aperture_sum_mask,aperture_sum_edge,ra,dec,aperture_sum_0,aperture_sum_1,aperture_sum_2,aperture_sum_3,aperture_sum_4,aperture_sum_5,aperture_sum_6,aperture_sum_7,aperture_sum_8,aperture_sum_9,aperture_sum_10,aperture_sum_11
1,1784.533319613328,76.16376748083495,0.6454996537636258,-0.1305605046616358,-0.37812335422887094,49,0.0,0.009260719140427427,1.1638673770560095,-0.164758737953396,1784.533319613328,76.16376748083495,775.5890313433437,0.0,555.2525491573804,172.6160148721411,63.83153991510213,76.64201619812945,75.18049685880688,59.15943748029234,52.22823359094215,86.50687496623596,54.104473837186184,84.91804051581573,72.80428180871723,66.40535060300273,51.999728310499805,56.85369563555443,38.78640153816069
2,1655.5484239412435,80.41539186174259,0.4872996891198836,0.009032697766347485,0.7770578342498933,49,0.0,0.016759737435550093,1.6203668260712738,-0.5240333581227601,1655.5484239412435,80.41539186174259,1868.0696129303424,0.0,1625.8340429492032,172.73786856367366,63.83340627715855,146.12226666441242,164.94380149659827,173.5708227435765,164.26649879507391,164.67388108620852,162.575079606024,172.08837919277477,164.39440538176848,188.1417691117917,147.80982485335346,169.55735663413196,49.92552736462839
3,1761.2897202061044,81.53803769353195,0.6960037757458499,0.5852144324342755,0.3757257304058329,49,0.0,0.02669886410847604,2.0548668955989178,-0.7819592390349883,1761.2897202061044,81.53803769353195,1884.08241006984,0.0,1577.8810221379083,172.63796176112314,63.83380362127128,161.62126888409685,147.85637753990113,168.83332289006358,175.8271295154949,161.09940062075037,190.19288684036542,150.6776718370684,170.7732742609698,181.22188950913846,140.33869954028737,146.3056033676146,89.33488526408917
4,1655.0514591426809,88.48657509812122,0.2022958463135249,-0.24850298163534704,0.5765835544563845,49,0.0,0.012973337095647925,1.0017316411511596,-0.0018784795342233328,1655.0514591426809,88.48657509812122,1974.9698001976349,0.0,1730.2226114354717,172.73833190625837,63.83676902800445,121.81347746830221,158.58077775797855,184.94156714094703,184.65479211156128,186.15086585995417,169.5605306791449,189.4503608403234,192.53273242144448,193.86757671095683,179.26447212474557,178.3466617403874,35.8059853418888
5,1523.2692478056647,101.67540318651574,0.5336192521441625,0.8200361970932162,0.523786684985995,49,0.0,0.06377273448159958,8.599583367654914,-2.3361935276695305,1523.2692478056647,101.67540318651574,2162.560867850456,18.17429983902221,1855.0389671001262,172.86286925279182,63.842254493968184,188.0330459048859,191.7365477504645,218.7057697283561,185.1835312206451,201.37258619906837,201.28829442740042,186.88730190894165,156.58076191320725,173.910589507624,167.77297550226905,187.9193034865183,103.17016030107511
6,1928.8727116861246,126.1229786705179,0.887354539742411,-0.017670605130924704,0.3071954191517842,49,0.0,0.0213978431257432,1.5592240367785206,-0.4822713029596014,1928.8727116861246,126.1229786705179,1545.8047293969885,0.0,1360.0058616217088,172.47942306284952,63.85212546157152,121.25824304887075,156.88687731827758,116.20923496985164,143.869293793252,143.37685966569458,113.1592234899849,126.1362894267399,148.34031549996936,155.91020921489456,145.50201336673337,123.92928515113312,51.22688445158664
7,1803.5694301860722,140.89924986113255,0.3770033504350662,0.8409385984059262,0.40945199071241717,49,0.0,0.027848620870627002,3.9082550594923733,-1.4799572469537532,1803.5694301860722,140.89924986113255,1618.2038126577218,0.0,1287.0577628272608,172.5978458766873,63.85848698726156,128.554566570019,136.76165273944218,149.27474181173426,121.90985856060072,146.6686820062616,152.0711810024424,160.77175672430826,132.01417945280582,146.75038673302583,143.30562746784761,138.28254636303814,61.83863322619581
8,1041.3758892578985,146.20531198603416,0.953982922283351,0.6627707920467393,0.33333725086181065,49,0.0,0.019565152915762364,2.068594612366575,-0.7891884730849192,1041.3758892578985,146.20531198603416,2175.180289857007,0.0,1106.0665506252856,173.31864271422822,63.85985988373888,98.58769873723784,111.84342133036866,120.04557424567545,270.94039266981554,101.71621100724661,159.2676292699315,145.9282534678329,143.1394364978652,258.79562358213025,282.89805803850425,344.9454908724877,137.07250013791156
9,1577.3039545192196,146.74878617003478,0.8264240130679599,-0.28518997454801814,0.08646631144856913,49,0.0,0.01241958465845251,1.1211192982898692,-0.12412957081016007,1577.3039545192196,146.74878617003478,918.9284579249365,0.0,487.3007592299268,172.81181574533684,63.86104964159319,67.2925645720514,84.82628637247481,91.33565373390422,67.05815595509893,89.89726553488609,71.80618838189736,88.48766851094327,70.94624731714282,97.7298221009924,67.2124891342622,76.51940634561981,45.81670996566338
10,1953.882435269793,158.46120112221945,0.7984623184566411,0.8028182821219898,0.19867343161551745,49,0.0,0.01784389233895728,1.574627365057529,-0.49294448666855273,1953.882435269793,158.46120112221945,1119.8127085026595,0.0,975.0166114421472,172.45561754528148,63.8655453623154,103.73438686948327,110.30395117872658,97.68151657932616,102.74529196619437,81.78120346855981,88.23296965642476,81.27301573918166,93.83684978204899,105.2238688072754,98.21713749638806,112.64926979716464,44.133247161885635
11,1806.6031579267737,160.26144529445781,0.5744458814900232,0.7196019982982151,0.2646703272629328,49,0.0,0.3428848953119942,45.270778838197785,-4.139544915397728,1806.6031579267737,160.26144529445781,8856.381905339493,0.0,5060.972216122232,172.5949208378384,63.866549793349904,622.4811067179186,780.7774468983228,760.730425237455,810.3982831391208,786.3289888825761,828.3190093677224,810.8926486339419,751.2676487384331,783.3610194362693,790.703261657025,750.7708228723362,380.35124375837313
12,1656.2657072623012,169.61626861587058,0.29620397567876144,0.7116349057702831,-0.27259975149558574,49,0.0,0.012425832044128515,1.3684825606250337,-0.340598168281004,1656.2657072623012,169.61626861587058,1240.725132894505,0.0,226.83518376020345,172.73712085053168,63.8705687682323,87.30306556748695,127.79342140654113,109.65322773830462,123.99970171332667,110.7847606868624,112.45688767355021,96.49979839876221,85.97897954029033,99.28454138215828,118.04900208848157,112.69000501917048,56.23174167956984
13,1071.0546534123305,170.60943711921266,0.21356449762301363,0.21256585055149413,-0.3460162069341845,49,0.0,0.0059811862562875,1.1618018865353303,-0.16283019337173907,1071.0546534123305,170.60943711921266,952.9603025814033,0.0,723.7759035966185,173.29075899129452,63.87012648340889,102.1968309132453,92.25726574169785,81.11335470799989,91.83044434385118,83.83685303233621,94.68815444874201,79.63850250524092,62.96416294706977,63.65650921231878,68.85252119141929,94.70784400754624,37.21785952993588
14,1558.0527277626024,185.19791883783404,0.26907878330960533,0.48379695965135516,0.25567455058431915,49,0.0,0.008570603346023817,1.0792848707817053,-0.08284022310631715,1558.0527277626024,185.19791883783404,936.6498500331892,0.0,0.0,172.8300453128901,63.877064465150895,70.35715553570913,83.81269671655565,72.10213045670477,80.97534746625236,75.61645956807916,85.67566674657918,78.46832071486804,98.21798627603482,83.89466376694159,77.25875077090541,76.73540483779325,53.535267176765885
15,1251.7263855833612,187.2122234998939,0.7444281548985296,0.5538877218426823,0.5172248211366282,49,0.0,0.026134275241829263,2.7908932414217436,-1.1143580599172038,1251.7263855833612,187.2122234998939,1191.1392173895829,0.0,642.5507340898271,173.11992130760726,63.87753345507832,96.0961687595836,99.5081767325597,98.25872631618206,105.91844511297418,97.5730299639831,115.20900139186867,94.88306903447706,106.23171683235535,106.5979039212244,100.2859932211129,103.2068319463801,67.37015415688191
16,2115.7139664337387,187.4274351921684,0.4560122919914023,0.44386251214144434,0.2651726070543653,49,0.0,0.30361230433485625,40.86126449331249,-4.028279505470069,2115.7139664337387,187.4274351921684,10732.351015045995,0.0,9720.953564424348,172.30233859406252,63.877178889307984,830.222932761133,904.1129818914678,893.4776725824131,922.8658143966934,948.5853299297415,947.7881546977986,970.3168142605957,984.434158368799,982.3319566866385,939.2778445039517,934.2651273958987,474.6722275708646
17,2004.3311289231071,200.8738072551905,0.7698992385771212,0.7378379462555089,0.015808488491255063,49,0.0,0.015810843983253834,1.5893774896795925,-0.50306764455174,2004.3311289231071,200.8738072551905,864.5255485664666,0.0,569.5890028974799,172.40765847848976,63.883097054368825,79.26841951475092,82.00206195976969,79.1155553390418,71.15533581834708,61.473276154882285,77.92838147004508,78.93359973775873,66.7681671273719,73.54247287548323,85.31751933852033,73.06377802746168,35.95698120303391
18,1920.6262585364857,202.22109829493192,0.5093593668063214,0.7444097398325481,0.2755494883808261,49,0.0,0.014923646228572632,1.6659627894232432,-0.5541632421837803,1920.6262585364857,202.22109829493192,1094.9805338259027,0.0,339.98220270681645,172.4868760934089,63.8838456067692,74.36632193139901,93.53267487584337,90.64857239955867,95.83509992541947,96.44116083589071,97.74855112765893,97.79163546899356,98.44778333075831,98.56340719199555,105.33765838890682,102.15738909972751,44.11027924975083
19,1253.8008349980182,208.17817794321306,0.2995633040488552,-0.1008669744594575,0.04754218298958925,49,0.0,0.009640872058239866,1.1891887034838295,-0.18812693759625254,1253.8008349980182,208.17817794321306,986.5138058819088,0.0,233.91848827545573,173.11806084954193,63.886272672792565,80.33971669500364,73.85744850116714,86.24805323859624,86.55938765917294,83.16200098807236,98.01759713772843,81.65387524096224,99.60987545636739,87.56251502674061,86.74226331792998,79.36715060780824,43.393922012359496
20,1085.8093206301871,212.91087954195478,0.5994929547768949,-0.692045397771565,-0.6198349997288155,49,0.0,0.04501114037080082,1.7464979585382334,-0.6054202058301009,1085.8093206301871,212.91087954195478,14190.80140431973,0.0,11828.75975794577,173.2771081235535,63.88779716807747,1107.367859887357,1227.0742619497908,1297.205973429786,1218.7788721316276,1257.6183733881303,1236.6946935409205,1277.7524525649496,1209.8840321661016,1270.2971241974828,1289.3641716808472,1215.5626034491488,583.2009859335895
21,1079.8088054376478,214.0790982337635,0.6024508865982111,-0.6750191584567304,-0.7726515610304465,49,0.0,0.03971799738778653,1.7568750181565702,-0.6118521685994205,1079.8088054376478,214.0790982337635,9588.85692440298,0.0,8080.636443794523,173.28279679125325,63.88826465708176,722.0927338311021,857.4416447844735,907.4690426198086,819.2563926553427,802.1626217052857,832.4556593477035,878.4967218115318,849.2652787155826,838.2766514491805,888.232637511735,804.4632330736395,389.2443068975946
22,1120.6053935949876,216.30224095005363,0.35214837318864556,-0.5640330768115894,-0.03948245174008915,49,0.0,0.01876014808065336,1.03573129377707,-0.03811774574707206,1120.6053935949876,216.30224095005363,4584.86348450564,0.0,3066.1721062327006,173.2441929720101,63.88931700453912,327.25594192127267,412.9557020666223,397.14041839760836,378.1438319928548,415.944872563756,382.481598731002,413.2126692386621,387.18001357984565,412.48832557976937,430.8783479836113,433.4527453855462,193.72901706508992
23,1114.4153764943514,220.74639912682937,0.5790239811853426,-0.37773472606102076,0.6249459186571241,49,0.0,0.035556661674716196,1.1556610168173407,-0.1570761593571578,1114.4153764943514,220.74639912682937,11583.897379700204,0.0,7318.003024176844,173.25008328133046,63.89115000883629,902.5927718008945,1036.457457176242,923.6954983818534,980.8631681046786,1011.6827218337876,984.6900511929639,1057.2817698873741,987.3366506432553,1063.9989296649724,1063.4584730335896,1055.562739333117,516.277148647475
24,1122.4635805528176,226.3008713149163,0.7813959806363714,-0.2334985810680192,0.4390632827976243,49,0.0,0.028525078838020478,1.2359937657149125,-0.23004070050165198,1122.4635805528176,226.3008713149163,5651.249838347927,0.0,3022.847149578434,173.24250137830168,63.89348805210572,445.67681006691066,513.7096499697038,498.4933265529928,450.58133082154563,466.8444727381115,509.98814797510045,536.8204832798972,504.7889817279081,502.080105058588,487.0959086309981,501.5623792206988,233.60824230547246
25,2070.7666362742316,227.56946455445978,0.5701484577281005,0.639684458619226,0.07120372196844801,49,0.0,0.04937095720612555,6.3468938254229315,-2.006403083102276,2070.7666362742316,227.56946455445978,1808.3275507452418,0.0,1070.4390306782036,172.34460346464536,63.89403934123198,146.54201019188838,152.20342811715187,157.76344209458307,187.5470247879888,173.16396377100722,169.56626425459905,139.24031112915685,147.94175717399648,150.91268042470347,182.52183709788162,118.42471776994687,82.50011393233831
26,1119.4050162266965,235.1267739878331,0.9609641737813933,0.11079752554670401,0.760846102873976,49,0.0,0.036510281345013856,1.394899112837759,-0.36135699514897746,1119.4050162266965,235.1267739878331,8372.822439848343,0.0,3670.285972652854,173.24545717724376,63.89715596086027,665.3802066252657,682.7068338142708,741.9481677226557,714.3956212516991,737.852306498569,760.3178902166351,774.2541202538885,713.1319433423902,747.5615282237591,768.3463639798756,698.3257944055804,368.6016635137538
27,1105.2132980233187,239.79517885980053,0.3298107045408546,-0.5612783432764067,0.21625537019677424,49,0.0,0.0939940379689069,2.007565746058104,-0.7566744423894871,1105.2132980233187,239.79517885980053,30793.033185858098,0.0,14169.279207790443,173.25892826139906,63.89905803042698,2462.4892611598843,2752.2955326903193,2644.1968634400437,2667.9142305794976,2724.956375227762,2759.708338948395,2872.771861996362,2656.6890069495275,2716.3765889865826,2710.4439230435682,2629.48659618984,1195.704606646315
28,1072.834424016068,239.90396182719192,0.4814441644708022,0.0586978831965708,-0.06553870191478643,49,0.0,0.022195947704646796,1.3772639723108748,-0.34754296743774293,1072.834424016068,239.90396182719192,6059.933670277087,0.0,3442.464857240165,173.2895912302926,63.89900093362925,464.07430099632273,529.1668659534974,517.3976421022769,539.8605981833759,556.3080670952475,554.0442639098048,499.4684411686285,569.797882777766,514.8315997076351,535.9001428979191,530.2832270888455,248.80063839576727
29,1117.5838847988095,240.4488275839385,0.7014935111576894,0.011570833683070086,0.45629833484619925,49,0.0,0.03496226987292354,1.5744855101893533,-0.49284667057087367,1117.5838847988095,240.4488275839385,8502.743374430105,0.0,3233.8091612224252,173.24721794507218,63.899367766221374,671.6793882039844,688.8444562786445,706.5969430966039,760.7242242755291,803.2486498835392,726.6794597644189,776.6428407420432,713.3015981333033,750.8958477145586,801.3833626278968,742.0932318671703,360.65337184241343
30,1107.1483543378101,242.78912990030668,0.9251975809299103,0.957274511009074,-0.37872832175394405,49,0.0,0.06929315612036945,1.4752523334323693,-0.42216577560685886,1107.1483543378101,242.78912990030668,18367.320519783003,0.0,7555.570339931498,173.25711665558035,63.90031126179733,1449.4085813948054,1586.7926745029044,1573.5678748611786,1612.7628386544884,1631.7380283514058,1658.6750940004526,1708.0798132791676,1558.1329523138324,1651.3785047885322,1635.50956035472,1583.5065409163171,717.7680563652009
31,1080.9053011674553,243.84507477253777,0.681818129170025,0.2278647976070804,0.5888332552704373,49,0.0,0.032468134630400054,1.1431874417230403,-0.14529361236591248,1080.9053011674553,243.84507477253777,10495.153422702202,0.0,5116.120377760427,173.28197720637704,63.90066897813147,808.4736994518876,939.019535781974,906.9329067220115,931.0239971678731,933.3922047900976,925.9826022612006,934.3103449491421,903.5744047771074,917.2369161351678,950.9576221387774,888.3920663463415,455.8571221806211
32,1164.8393549661798,247.64763057032874,0.5254170338767791,0.1393469514250254,0.43922667398925147,49,0.0,0.012556875019940426,1.5171507203073018,-0.45257181905033605,1164.8393549661798,247.64763057032874,987.3592073933736,0.0,29.92023373720559,173.20251119068843,63.90250112159147,79.17669071262398,82.67046597517492,93.80844110641928,99.6580464799801,74.08422134899118,83.09822158201172,91.9222870698738,91.25919295489697,86.92418631212725,77.42727381240132,88.93693129523908,38.39324874363389
33,1074.8232827874026,247.69138801867516,0.7542429047252621,-0.003024702186982017,-0.35138825331085966,49,0.0,0.018279924196502206,1.012714090749221,-0.013717131821365696,1074.8232827874026,247.69138801867516,4719.340626071111,0.0,2227.317117266038,173.2877656508226,63.90225173308066,355.6430934266972,434.56933014985776,402.61208177872686,425.0111588672561,425.66140318956684,385.7591598151173,397.0710462011639,425.13596102626843,428.77948555797195,414.04522821764,389.6214557918559,235.4312220489888
34,1091.9547062948627,248.75883274706308,0.4398994982360889,0.6843540164749525,0.08087640144483971,49,0.0,0.048916439276127655,1.6662953468006596,-0.554379953837715,1091.9547062948627,248.75883274706308,14141.96846660752,0.0,5707.418346430775,173.27154831294897,63.90275123582594,1097.0136315191678,1281.549651343868,1249.8598996811907,1194.6964305252334,1234.6688784631765,1299.8040485602812,1274.150912187867,1186.0533252508692,1233.3529209854182,1292.5428577236726,1182.6442986831405,615.6316116836356
35,1110.7717356505577,247.0108541330005,0.7963464560731975,0.173160539512779,0.11911368930941038,49,0.0,0.036010984070385256,1.5421536464869945,-0.47031911278486727,1110.7717356505577,247.0108541330005,10060.596488608728,0.0,3394.493385089925,173.253714418564,63.90208109950655,743.4597568578342,877.4913370703475,895.6841803175226,891.9534076272356,902.0156838488542,930.4468691041108,934.2384182374251,844.7325066507256,867.6134569597183,898.9172100422138,848.9835988860209,425.06006300671834
36,1561.956743925178,252.41645012359305,0.3477774311659463,0.33400545805252124,0.7110508549903649,49,0.0,0.011629755392960073,1.4416336464532344,-0.39713727450515274,1561.956743925178,252.41645012359305,1141.4725133861652,0.0,0.0,172.826387604336,63.9050703295716,95.79548868910187,115.12630113045438,91.68511305422612,100.77020116464206,113.9158797312736,89.17470565449028,96.54423919311219,86.09236537672174,107.48819570159148,93.43156601222823,103.70490998280889,47.74354769551425
37,1271.8657134237546,263.8754741113902,0.8104498898409712,0.5576525633221392,-0.18141366131951303,49,0.0,0.013376437421431794,1.3107575634967448,-0.29380593103291835,1271.8657134237546,263.8754741113902,843.1150814828575,0.0,0.0,173.10121964573483,63.90951495151617,56.11987840281833,67.1679556572642,82.06693501011296,67.18586363752391,77.19709379239222,82.71852314789089,69.91676195762963,72.15069467189377,103.31745549065968,70.27752534221824,61.0833413336058,33.91305303884789
38,1742.6580691347444,263.7973454734453,0.706381000640875,0.8156963656462091,0.3258820456762209,49,0.0,0.018771834912321723,1.9679688000496975,-0.735045522238229,1742.6580691347444,263.7973454734453,1006.7579424362575,39.136042324176856,0.0,172.6551999283719,63.90975399338884,82.17496521361883,93.22004833408053,72.96830727756935,78.8477198161646,83.01162668431591,97.63907423816812,81.53262063927394,98.90927442429546,91.13510742061449,89.56405459111531,92.36062680069516,45.39451699634572
39,1534.399171980788,279.63530919565744,0.6564238137213605,0.9300553744183573,0.521310252718271,49,0.0,0.010586029310312226,1.0562437140267054,-0.059410343423037956,1534.399171980788,279.63530919565744,846.5479109163307,0.0,0.0,172.85251627718543,63.91640152664619,67.97454803198525,66.28724804137903,71.5968854571351,67.66918185625042,74.29685549730665,76.43965232393441,64.08205138564055,79.620908682242,85.70472554063986,77.12371777550709,81.80975217423142,33.94238415007906
40,1965.313738306574,287.0711648999284,0.4637955195010446,0.35160546445114305,0.28132532902413365,49,0.0,0.012978291530679531,1.7754855286603446,-0.6232928421874809,1965.313738306574,287.0711648999284,929.8176731896709,0.0,0.0,172.44414268078194,63.91910113488914,61.302729616814375,87.20839484210262,70.05995640244367,95.99132678831751,77.6204635086506,91.04005639191712,71.4100401752026,68.44679758124606,94.01950318939443,88.00440789265264,79.66254119240836,45.0514556085209
41,1085.6889222737811,289.19285479606793,0.20589103868267533,-0.25977002949762334,-0.1562621343478104,49,0.0,0.008695813453415295,1.3729648992397676,-0.34414858587895947,1085.6889222737811,289.19285479606793,1001.7605481384194,0.0,0.0,173.27777694027395,63.91957672002183,82.51681150596826,78.64685899036974,94.50571335832612,93.46978168440174,98.20942655342073,86.93018332375082,84.32514809026749,81.60122873498518,81.80210392814243,87.3754052789366,85.83334655921017,46.54454013064006
42,2322.9535502477593,289.76183362830545,0.7745672476734307,0.7893941802892375,0.4875353728714106,49,0.0,0.02206981739500085,1.968381028763734,-0.7352729266410746,2322.9535502477593,289.76183362830545,1284.742652109497,0.0,1155.674644579786,172.10520249088503,63.91901865868085,105.87080053717872,107.73115245688238,105.62624457250257,104.3263661519185,113.81660557657051,118.88441612409531,104.67503197597117,88.86619727441919,134.04853178156804,119.92140391672459,120.22898095322444,60.74692078844151
43,1580.4790973480087,299.82836672035495,0.5097546073324866,0.34880313878104063,0.14102186370731298,49,0.0,0.1351421711922531,20.91755696730896,-3.301277401064925,1580.4790973480087,299.82836672035495,3341.7121610450076,0.0,0.0,172.80885616907085,63.924826816354184,248.72531524469846,271.3116523560027,315.82830716049693,307.044592691197,309.79268342768376,287.3519720096325,264.78879465657917,287.2804961948387,285.06380838995005,310.67944502456,305.43408941364254,148.41100447572578
44,1934.2054710523062,310.7831758356511,0.5528831358353509,0.11715039942164658,0.2292591033370288,49,0.0,0.23334466094004716,23.72408080091206,-3.437973486275701,1934.2054710523062,310.7831758356511,10146.752936655812,0.0,0.0,172.4735115460406,63.92904735399149,832.3508611996382,798.4703935946037,893.2776209964113,873.7850473934725,865.8746701671057,887.8276861210911,918.3171358576697,902.384188482391,942.7735650835737,925.2356937977497,880.2005616377687,426.2555123243343
45,1970.9771115754315,315.33756280182104,0.5838933041075133,0.5121435332612868,0.20715436005673138,49,0.0,0.10778082479200049,15.156855170735435,-2.951522751974193,1970.9771115754315,315.33756280182104,2837.6696058586513,0.0,0.0,172.4386274241103,63.93086463854685,209.60857304967766,235.79602318584256,220.18621571451934,210.13301306137467,244.44865414525657,274.86422566100225,259.8537618477113,256.16110327285065,289.0553565109991,275.8675752463813,246.52855748049535,115.16654668254044
46,2171.8406452865047,315.61882789211995,0.7227299860560473,0.04698801662648928,0.1296823257371117,49,0.0,0.01286835658607754,1.2292627282878923,-0.22411178461940245,2171.8406452865047,315.61882789211995,918.6185238382595,0.0,0.019143608962085088,172.2481948933045,63.93039603831947,75.94541418797749,75.29591320620356,92.44653905141652,91.15600872958412,85.9223823301654,71.75358872095086,87.23987700295638,72.29160494465805,77.32099396785466,74.01021852250841,72.60399627726065,42.63198689672343
47,2372.418910280061,315.4964088361495,0.6519894834017094,0.5340197028090281,0.059090500608206746,49,0.0,0.014513925687968264,1.345333514576704,-0.32207490338344946,2372.418910280061,315.4964088361495,1126.1016960931295,0.0,1020.9096436394486,172.05804756726843,63.92951079590099,94.52147968604442,99.85927062210334,104.58314907899818,88.73389412924652,104.08093951978773,110.71040231903633,100.23004414397339,87.10834009179709,97.44926711908681,87.95022148202122,111.21687099812785,39.65781690290659
48,2126.5358373566096,322.34720562972956,0.5494314785248502,0.3376709505341628,0.21160122859647632,49,0.0,0.14514699123648028,19.87952030039477,-3.2460147512843918,2126.5358373566096,322.34720562972956,3933.093628262018,0.0,0.0,172.2910956505288,63.93335312228391,301.6056267992153,331.4151146460696,352.53233865905383,335.0838419650112,387.1343498891762,351.08073471326554,371.39835371404615,326.9666774113295,338.81059687092517,328.80084956261715,334.2281945458361,174.03694948547184
49,1083.6906381215822,322.8055833618439,0.3862510729203879,0.28547718964957836,0.02469053028583622,49,0.0,0.014542323497918121,1.73920358747,-0.600876056415142,1083.6906381215822,322.8055833618439,1219.894321601635,0.0,0.0,173.2799165074031,63.933573886598346,97.1907242447372,111.53405516002206,91.11166600646555,90.5469679251128,112.88965264864433,131.8621256990093,115.63909046964676,100.1417672144967,111.51980521258463,103.32891276063043,102.36374765575722,51.76580660452794
50,2009.6213573703362,326.2250229043163,0.4242476231217784,0.038029975990109245,0.023505052711189488,49,0.0,0.008199232251252056,1.130802660356423,-0.13346705387859017,2009.6213573703362,326.2250229043163,827.527909164234,0.0,0.0,172.40192664314685,63.93530729422513,75.08232629249201,75.32053938648549,72.61131981932277,75.3683882659735,80.4928058046914,64.79891481107465,69.26968409320024,66.12008851955456,70.12103842772238,65.66924369328945,74.40834035118465,38.26521969924286
51,1414.2191240499712,327.96205400996797,0.6523666699810328,0.6092621311683334,0.266962569356595,49,0.0,0.06653078978791385,8.463029977414779,-2.3188146980468307,1414.2191240499712,327.96205400996797,1891.0865993838825,0.0,0.0,172.96652709830758,63.93644192230655,145.4550827606933,167.79640411623006,164.91402615918662,177.1040513789352,171.2906297264065,145.35903324053146,180.78972181700192,170.28785507057574,149.65431846988383,176.357413568629,153.88419442011013,88.19386865569872
52,1950.335242766802,329.1378220244519,0.39178639674561877,0.3911569099610889,0.017348921767706086,49,0.0,0.010227978438352147,1.282594684831215,-0.27022358958992776,1950.335242766802,329.1378220244519,972.6701465094827,0.0,0.0,172.4581292627504,63.93666019354578,79.16325897382166,80.73463915751648,79.78245105423564,80.30598560587936,82.53293432262757,73.60946208197026,86.46146765087816,89.93294421554661,98.41839975858056,80.03450684423817,84.26784018106414,57.42625666312415
53,1842.855830429448,332.2663459932708,0.20292757866231623,0.6274865340938771,0.21966408016415398,49,0.0,0.01206781825403693,2.6138724703716445,-1.0432109868364798,1842.855830429448,332.2663459932708,1027.8462488834596,0.0,0.0,172.56004003682753,63.938160763813826,81.027309801055,108.65578709248479,98.09771104124098,88.51508094568378,100.27940172996011,85.53520168116694,95.61261413598405,90.41080040504335,71.66794739605575,97.12448340219464,79.68896385113143,31.23094740145874
54,1146.9776605410764,338.65266773357655,0.5587228101732824,0.27713691461798595,0.2590120952593382,49,0.0,0.058596062678378684,8.595030664006957,-2.335618576084513,1146.9776605410764,338.65266773357655,1748.2286525231566,0.0,0.0,173.22001201773685,63.94036626602778,143.70774370767103,154.87014081248984,156.32931567788881,129.88054827476435,146.60715246438363,156.03998847475083,167.4666461489561,140.32107769876046,158.078033320112,167.31718734576515,143.83216114562572,83.77865745198876
55,1273.8218650169079,342.62152382110423,0.47194405047208654,0.34405705904819966,0.3858800680610127,49,0.0,0.04037098497243373,5.839673674122278,-1.9159714476236007,1273.8218650169079,342.62152382110423,1764.4925760539759,0.0,0.0,173.09973050410352,63.942326367698776,170.24347732915027,140.06676494066187,148.1426549851014,145.93541729393584,148.6582837093149,157.7266483129953,152.97684641443186,145.9840513836006,160.34299697701744,163.84839347512872,141.4342222579718,89.13281897466572
56,2260.848622868535,346.1291694161975,0.6531869303186034,0.3882333819253746,0.24793442942210014,49,0.0,0.01734274780939412,1.983768667244334,-0.7437275662227155,2260.848622868535,346.1291694161975,949.0919544588403,0.0,105.53794931402257,172.1635280770026,63.94276737462899,90.84588563880254,92.78153381628883,74.08561947967219,79.1521257068556,81.87486766595336,65.21651890347968,89.10439802335793,68.23544689600685,81.53443133280857,107.23344459638358,84.19115577990331,34.83652661932784
57,1021.816476446183,351.35925256840443,0.513465968875253,0.4487387396867571,0.5758869749860797,49,0.0,0.017346186741530496,1.9961826682807056,-0.7505007013418556,1021.816476446183,351.35925256840443,1116.6306583199205,0.0,0.0,173.3388161792061,63.94525978201084,94.61991223577334,97.06724223312568,80.46586598762809,96.4152131114653,89.82602499435765,99.48328182085964,71.40969630608325,111.75914101028187,99.85173478864306,111.16873854992855,108.61515521530987,55.948652066464135
58,2474.606171020441,353.54456098786943,0.6893324623617565,0.42891906816414127,-0.09666030721951241,49,0.0,0.04920435130596407,4.774343100002379,-1.6972840640561857,2474.606171020441,353.54456098786943,2200.4157971479704,0.0,1686.8064998709103,171.96070891391784,63.944840387435484,130.6214994044901,152.99731461411818,212.32379923987446,181.2281227285331,170.8595376901151,189.5094844265264,194.187762467098,198.59207656290113,202.22949713662314,232.58547995692237,224.90189378719157,110.37932913357693
59,1995.0161070242268,355.3453412838644,0.5488097252676282,0.1114573706068547,0.1873443531342156,49,0.0,0.016620285253992777,1.8387695014932048,-0.6613182294252689,1995.0161070242268,355.3453412838644,1218.111848863663,0.0,0.0,172.41561300082128,63.94747583338111,95.1766952255777,120.99047105684244,83.49368827141168,87.33999047088379,115.6114965169036,115.94828547129045,114.93513091189,113.76109975306628,102.5047309598752,87.45238343602699,121.0054426268038,59.89243416309097
60,2132.444875083074,357.1093995547605,0.3815871949072519,-0.013638692070837018,-0.06460888990761053,49,0.0,0.012791585184983675,1.5932468832277513,-0.5057076939219477,2132.444875083074,357.1093995547605,1138.1400997281717,0.0,0.0,172.28523108430167,63.94781622632908,91.00702487629965,98.4795146606206,100.73743462953314,102.64902147514263,94.79164878518017,111.42058276548947,101.89884916667019,93.07141021321495,95.27863679090584,112.22036543992797,95.24620917382067,41.33940175136628
61,1223.826188278631,359.4467199165957,0.42058734198070985,0.3397622177214526,0.33473345549219713,49,0.0,0.06839889430481434,11.69640077194342,-2.6701306019375,1223.826188278631,359.4467199165957,2210.9958445848497,0.0,0.0,173.1472397435864,63.94922720700817,181.93484503587229,180.42813348335935,199.8510676355725,183.26378460071214,188.31833798159147,185.93881573795574,186.65982398160037,182.26522059979078,184.54154055580193,209.545737115702,210.21626578331092,118.03227207358012
62,2001.736917411716,369.19338264956843,0.5115541426583565,0.21017579485298252,0.021801262587476507,49,0.0,0.09027746907996748,13.014213526591385,-2.786044820014038,2001.736917411716,369.19338264956843,2590.605714939229,0.0,0.0,172.4091585910679,63.95322868181784,204.93046003054675,219.0739326003275,201.58616671514824,220.6513246585708,195.43689306550746,239.9179182653627,223.77887949732326,244.96060973865536,269.33445046573047,255.81910953973096,208.87201118370763,106.24395917861814
63,680.6887773873225,372.1862412358986,0.3340347648669359,0.5342679470283713,0.3335667321052499,49,0.0,0.017746184981647553,2.023877512649487,-0.7654605624276467,680.6887773873225,372.1862412358986,2100.0006168723667,0.0,1792.5006850430218,173.66263983891133,63.952352183318816,234.8800630719047,214.7236408828095,187.6711552900975,177.47058989910664,200.18013496071018,165.6840380094527,162.04429846113416,180.84756249683235,162.89077978409992,171.53969546224118,165.4115240090507,76.65713454492683
64,1221.4983433703,391.00005653202703,0.5809528169223444,0.4271430205270777,0.2886649071061054,49,0.0,0.24021396366536146,34.400458888169666,-3.8414105898060527,1221.4983433703,391.00005653202703,5210.701838352703,0.0,0.0,173.1496177752096,63.96236767444339,437.01823553655413,437.6908595977304,456.2693003477079,446.85489296071876,468.2868786066184,517.9412254487668,464.4265573348772,463.1476844113901,425.77831382704824,431.05405728789634,445.01866312227105,217.21516987112383
65,1638.9760376156114,391.95760857363075,0.3386240632741272,0.4858619788522223,0.1130249483687666,49,0.0,0.02191441426835517,3.302902464432028,-1.2972393726296922,1638.9760376156114,391.95760857363075,1327.4156210172903,0.0,0.0,172.7533568828023,63.96320745395689,96.3011022031803,103.5577932623284,120.1263173002707,100.78620598492127,132.85043268026067,127.42626373354092,137.62252436823468,119.83003662598611,113.70682145914323,105.49263640467652,109.62546720657039,60.09001978817712
66,1705.2233485834058,393.68826650023567,0.4643963039165762,0.36787099763853875,0.21850286498089397,49,0.0,0.028458561619049742,4.49552628778013,-1.631951353910262,1705.2233485834058,393.68826650023567,1197.358963401819,0.0,0.0,172.69047230806146,63.96389908685629,101.05239981497914,115.17920585524791,107.81054649800213,90.98674870667551,93.14913802251455,110.62134778279953,113.34717462135184,116.05601053941606,99.53750978470691,99.90829621739724,89.52894940243144,60.18163615629672
67,2291.259239030194,394.9576765816484,0.5573061856373447,0.4430653848128869,0.04246786569291879,49,0.0,0.018169980612870017,2.1639338857379795,-0.838109969300518,2291.259239030194,394.9576765816484,1121.3193863694137,0.0,0.0,172.13420740069012,63.96298232299573,91.27059351957334,84.74977323324254,109.50906588684445,86.21345387926762,97.8931358059873,110.43052882924881,95.19352961540856,103.13128181651112,101.58140722107385,105.1012406210287,88.66970575006604,47.57567019116124
68,1324.382038103421,396.5898794031239,0.6628643359686627,0.275489386626953,0.21832076445692072,49,0.0,0.2893514675275518,37.94804300209893,-3.94797346011074,1324.382038103421,396.5898794031239,5974.39451139003,0.0,0.0,173.0519865373019,63.96490556644418,448.1537264572105,514.0433272420181,495.65847143487815,501.9024941901522,522.7326624282039,480.57765193267903,553.7562880624245,555.291739951037,579.4615989459387,535.9449676166236,530.2216124925892,256.6499706362752
69,1413.4629543007552,404.70065138025046,0.47694897678331,0.5118750035732615,0.2786238620458382,49,0.0,0.009624674764500688,1.2558115665413732,-0.24731119692917242,1413.4629543007552,404.70065138025046,886.3495918839061,0.0,0.0,172.96744766504204,63.968412732828384,61.059200559053984,79.86427816483238,75.05809036090488,103.88258077059498,60.928390337370644,90.49046358528932,69.06110233151503,98.42617033824706,70.49991946769879,67.2995452762895,77.71895056421468,32.06090012789482
70,1753.6927486423806,409.18334117226,0.43748095872341064,-0.26721935911757083,0.07776234933338871,49,0.0,0.0556159655883899,7.9005068002387135,-2.244137378063909,1753.6927486423806,409.18334117226,2199.8754781131256,0.0,0.0,172.64443037471915,63.97031608927572,181.30735603719933,195.5696662302372,180.05347382567163,164.1858225172543,206.81777919283303,188.8263982911974,196.70554130970513,222.44599496426525,180.43591386016016,219.55347995064878,175.5680609421365,88.40599099181695
71,751.4893117408146,412.3455264282754,0.6302018761960252,0.46771067590965,0.29410287290941994,49,0.0,0.010582707504597071,1.0887083591744966,-0.09227889368665025,751.4893117408146,412.3455264282754,1332.2145236302717,0.0,870.7313346301157,173.59595379121657,63.96947040995669,100.99751260353636,126.97965323438225,108.78721749932573,110.30215518143692,118.9791504083437,128.29404697316355,116.1814491124019,108.06127530258827,128.48049122454063,103.7121646005566,135.20328545866064,46.23612203133544
72,1969.765813096712,411.4066158640114,0.2660682108588028,0.47167107088002974,-0.030317330552944364,49,0.0,0.015815219394449062,2.7311343975236717,-1.090857680106527,1969.765813096712,411.4066158640114,1435.741001057072,0.0,0.0,172.43927291354427,63.97089219039649,95.88689766574058,126.68092775482526,109.78067153899936,137.4095512539999,123.87498784084137,124.64636542906021,130.61857162335696,136.27283255115935,124.08539091339688,124.59810021100355,135.1911012958835,66.69560297880534
73,2190.0729669609987,413.7941862587869,0.33245247580255294,0.17115208550670036,-0.06186936375268879,49,0.0,0.03811085969622634,6.26113433933105,-1.9916325553437484,2190.0729669609987,413.7941862587869,2203.802091273332,0.0,0.0,172.2300894982124,63.97123163001821,190.6875275716434,193.7434100896263,195.15668063799316,179.92234244497064,203.39903096896498,190.8581080931894,179.81394380537407,204.93511201929937,185.18899287225653,218.1255522346729,184.18233086716793,77.78905966817325
74,717.1408568258656,415.3787361874539,0.7825755054415828,0.10362810836684015,0.6130471800204891,49,0.0,0.014452102092461413,1.1312875093555514,-0.1339324801708788,717.1408568258656,415.3787361874539,1819.40655102444,0.0,1559.9285766528121,173.62859867888324,63.97054945063166,76.00914653861813,75.58257788131945,98.96345179987301,186.4460609798149,261.4498872409143,226.4150023571583,184.8157590699075,192.34107721943704,157.03227836951828,158.8833917840724,135.68041364360602,65.78750414020067
75,1867.932368418249,415.53535113741253,0.5621951567668856,0.4139511791353663,0.23399060934900168,49,0.0,0.8725494992416276,129.09000535391192,-5.277231547035647,1867.932368418249,415.53535113741253,16639.854563618144,0.0,0.0,172.53594317029277,63.97281348046886,1294.8870148589563,1445.9755684804904,1423.4259424893444,1434.7661910820757,1440.841409908841,1530.6906676884396,1530.7804854190597,1409.949867918313,1572.0779055662347,1438.4190948945702,1404.411888955436,713.6285263563852
76,2199.6744114572434,417.9199154244032,0.3164417778183296,0.42291183733607784,-0.8227752908978881,49,0.0,0.02537782398551031,2.7235728220352886,-1.0878474794848538,2199.6744114572434,417.9199154244032,2124.45505830709,0.0,0.0,172.22093859567235,63.9729150650804,161.78397670140896,182.34637458813364,187.9881058675532,190.53081505676687,200.18285987102325,172.79516693347915,205.62570615414106,194.55470861484233,169.4680767395899,177.68204826695143,176.8729200311776,104.62429948202269
77,746.3428355253802,419.2249399875607,0.4516945458159351,0.3983480018527132,0.16939394220788098,49,0.0,0.03717162217075717,5.238060819941815,-1.7979263419487743,746.3428355253802,419.2249399875607,1706.8552405978262,0.0,1031.1239946378332,173.60092277523745,63.97230914264531,127.75491807877852,170.50218651335933,152.9088006414616,173.58505205490326,149.92771143040198,140.0596606815974,135.98509817697703,134.77099944635762,155.27274104941247,146.16822306112317,156.4593154941255,63.460533969328225
78,1532.680750375448,420.1719004519906,0.3893372636944731,0.8012346634134073,0.1963311497345018,49,0.0,0.007668745922230179,1.1228731157409744,-0.12582670978354626,1532.680750375448,420.1719004519906,755.1646864672234,0.0,0.0,172.85427974080966,63.97495284231223,70.5543817384195,66.24831614213251,62.79179757573101,70.33022488797867,56.202949591487226,61.33806641998797,58.95459033606063,64.70428489633613,68.90113930958577,70.26323249216186,65.33072716436916,39.54497591297299
79,659.6817792324428,421.4602503382846,0.36248344155929496,0.5518356429699657,0.3366679848886425,49,0.0,0.014437660003736424,2.193908857462577,-0.8530464538086052,659.6817792324428,421.4602503382846,1112.3246245799846,0.0,956.7606458620637,173.6832268310328,63.97275779436731,97.30684019742463,102.52775902457498,94.80373868155439,106.48390395944938,90.38422652200121,98.99208968640738,87.73024221482373,83.80182012330305,101.05013215242,101.79262876596447,98.35059430584832,49.100648946212914
80,2363.5849377976574,427.37449219718087,0.6885290178733251,-0.008565635442006518,-0.005412700904159569,49,0.0,0.013646715389378908,1.248025806628092,-0.2405589144082809,2363.5849377976574,427.37449219718087,1061.1514155215991,0.0,0.0,172.06521142416744,63.9761611752991,86.38529014913917,88.44020902548573,98.05115329093957,95.79233015735973,93.92659519985114,79.75807791365236,99.0784005981764,90.43334074651423,117.57341968780253,89.88389160419874,87.07228164408245,34.75642550439703
81,1495.3591143054434,428.0486617115224,0.3185506321461096,0.33694024101451153,-0.18059229930088047,49,0.0,0.010599302732256033,1.7002607189710697,-0.5762888036349985,1495.3591143054434,428.0486617115224,919.9409586494053,0.0,0.0,172.88973215867742,63.97821455305617,78.34178809027094,67.510838571828,82.0740731431984,86.04368954192176,65.80558626042762,77.01071258513568,95.37327152473611,77.32524679113612,82.07604548617397,100.3599765671141,77.23447869349627,30.78525139396637
82,1135.2274158985135,429.0938852336213,0.7611179409514868,0.7279424989671163,0.051596270755026,49,0.0,0.018273271934188724,1.7977440102168636,-0.6368196260775029,1135.2274158985135,429.0938852336213,1037.4838181529135,0.0,0.0,173.23175275805445,63.97801258460691,90.40379814742602,81.43687370510676,83.91022185374834,88.74022682215579,78.02830044330025,94.64290336698193,78.57194750884521,96.50938838499872,95.64376560571284,96.4988982053739,100.12078102567594,52.97671308358768
83,2460.65878558848,434.55490625514676,0.827208927023159,-0.20637783230316561,-0.1542923848087214,49,0.0,0.012696276531336453,1.2180817763814664,-0.21419111450042683,2460.65878558848,434.55490625514676,1031.3783675909835,0.0,746.5046237697244,171.97294887796647,63.97866359300563,91.33123926976124,85.2013667785595,93.3627549366425,100.51137773673787,106.86690056291934,84.25533786086694,72.57616710538731,84.3545521802763,91.83040317811282,87.69148261631153,99.5142387017438,33.882546663664414
84,2086.384312829146,434.6989264760465,0.5902492392148598,0.2194313503556135,0.10271397192189802,49,0.0,0.1982076582633472,27.603961316726007,-3.602428525321335,2086.384312829146,434.6989264760465,4279.398294044788,0.0,0.0,172.32839104474147,63.980286939108595,309.45979097474856,390.23450260283295,372.2134339681446,358.4722727526266,376.88591601208316,389.10933194546885,394.23923299534897,376.39056031008687,368.53825882222327,380.0970071208939,384.54124170785616,179.21674483247313
85,1187.6744524889784,444.88696434745685,0.5975826527848478,0.39393469603497794,0.1886431723429585,49,0.0,0.03538348796991052,4.790203836664767,-1.7008849856528976,1187.6744524889784,444.88696434745685,1281.839919759634,0.0,0.0,173.1820375333196,63.98473531377125,92.24135794380882,122.39720151628815,89.89047564094454,105.0106107514475,112.442549697121,142.858783909254,129.52151895153233,103.1956900557098,102.9199177105366,109.86302525335603,110.35289634455921,61.14589198507598
86,2145.137377794752,451.9941746705705,0.9169101804959872,0.9186984925490026,0.521012837587773,49,0.0,0.014512693222914135,1.1841856765964451,-0.18354950934353295,2145.137377794752,451.9941746705705,898.4221847602646,0.0,0.0,172.27245706959653,63.98730459271936,66.96811927639806,63.44071457786904,76.21262960235345,98.40782953240756,90.84458541254608,92.9616761268972,70.07088720128942,66.46858553707946,64.24071093214515,76.47512719458378,94.28958531429608,38.041734052399384
87,633.645592709535,455.1444460210304,0.36698382221799714,0.48459850358947654,0.7513285924465054,49,0.0,0.015259158994058167,2.1215209887546997,-0.81661833177822,633.645592709535,455.1444460210304,1240.3349338950757,0.0,1065.305148551932,173.70840780168777,63.986635978921974,94.82164294561933,113.41913197556752,112.1291965326712,107.6279140870213,122.15249279573885,98.32290898535962,93.74802749597742,100.07684426001582,115.46603645999518,109.8197735685728,128.1724835750448,44.57848121349173
88,1567.8479736991019,454.12465472145357,0.8264724286169306,0.0953859209753641,-0.10539982242667108,49,0.0,0.01623729621271306,1.50855525081742,-0.4464030520808165,1567.8479736991019,454.12465472145357,960.3403333971385,0.0,0.0,172.8209006238701,63.9891097711148,69.6692287555299,108.31469603898063,91.47373513554564,89.79438032257511,88.46480963438356,86.50489522219101,81.6081111794688,52.61274328480738,71.16310213923455,90.37057405216356,80.03238501238326,50.331672619875135
89,660.9087166223628,455.00276889975,0.47826949997901474,0.33500827615667206,0.3778935121295317,49,0.0,0.016228187020130326,2.0997878345176684,-0.8054385380810325,660.9087166223628,455.00276889975,1090.3486818906058,0.0,941.0008612540901,173.68250969461505,63.986738296094735,61.64329977811114,106.2726064632296,92.93843206932887,97.30835558102953,93.01513227150409,108.12392512717602,94.45861667876868,98.31710560061657,103.74227812697202,91.69660175915763,96.0545912647994,46.77773716991214
90,1378.8121130802933,456.9086290111342,0.5930502306277035,0.350034797476982,0.16824756697296095,49,0.0,0.5392274411036538,80.3681754516936,-4.762710272311033,1378.8121130802933,456.9086290111342,9166.364571612983,0.0,0.0,173.00050862521766,63.99012040634689,706.6059095543319,791.8710643262464,832.4069541697315,767.2156225799549,824.8040950610268,805.0024850647715,810.4502054757692,756.2350930952163,797.2947259895559,847.5811045818086,789.4798199069915,437.41749180757995
91,1732.3454049810925,457.26137952278486,0.5277165601382815,0.49333980529998034,0.18607642215789705,49,0.0,0.3349402954247167,51.78121535031517,-4.2854305987224715,1732.3454049810925,457.26137952278486,6846.67250876001,0.0,0.0,172.6646083724271,63.99036598846383,535.2610651035893,563.1527193640272,589.3937027693155,580.0442962815796,609.8101555825583,652.2366058822154,613.71690286132,586.1554958253414,609.4468244063894,640.095893465405,565.1766692857582,302.18217793251074
92,1978.0515682784242,456.42350336134115,0.6167949692889851,-0.19640882314539393,0.24611720515381655,49,0.0,0.01845340985288129,2.108045455427783,-0.8096999281499216,1978.0515682784242,456.42350336134115,992.5069569207049,0.0,0.0,172.43116461133462,63.9896283117469,81.68394659297873,71.79245012856337,87.7406733241859,88.37760233424102,115.96022661798808,89.25983509576797,67.92397366788224,80.99258900026496,85.2136845085536,87.97659707287578,84.62465364642284,50.96072493098041
93,1936.37224513474,458.31562558970137,0.30943551774080963,-0.3091953701555203,-0.04139160551927883,49,0.0,0.007363592631805923,1.0124240449968986,-0.013406127677078198,1936.37224513474,458.31562558970137,831.5996976552954,0.0,0.0,172.4707544594447,63.99050894581402,64.98337475543468,94.42823506102846,80.19709301376797,71.136746494611,85.04231915543849,63.76548078113987,92.23981791920322,66.75381404719796,62.742674417920135,63.558570729171066,64.83739168255161,21.91417959783089
94,1858.5923351436213,462.06879362941584,0.7690266995578923,0.1054000507471585,-0.2527752147523667,49,0.0,0.03451621719964011,3.8947276940923308,-1.4761927467498326,1858.5923351436213,462.06879362941584,1136.840292113503,0.0,0.0,172.54464105971243,63.992216079791895,99.40274275668708,109.50632610764927,87.50079526014542,96.25245569084129,95.17847802795254,95.96307876235528,103.3535939274744,97.66959383036252,102.9498554476634,107.60222035399177,96.5170481909588,44.94410375742133
95,893.7431197257304,474.8818904860664,0.5267683242640196,0.880007738186746,0.36457422777485365,49,0.0,0.010530056473924845,1.2099426536407585,-0.20691196753168456,893.7431197257304,474.8818904860664,927.486829448369,0.0,0.0,173.46153551770092,63.996210058405644,60.78041824915,82.82062590510263,78.02339531475499,80.89338279458536,82.62094969966222,80.90150687107779,78.87501685952063,78.26749113783217,91.40377737331627,89.838970894667,76.80123812713468,46.260056221565144
96,720.2040254245636,475.2048339576887,0.6743436811787951,0.38006901086006667,0.6369513329003399,49,0.0,0.02679398373895277,2.8819982555677943,-1.149234284014574,720.2040254245636,475.2048339576887,1325.7129401734874,0.0,246.06737454798807,173.6264390268952,63.995489317400825,112.50766520567936,119.60280623657752,117.92996824588698,96.34555375464403,122.03303326304896,131.45711128486766,111.72925045297347,113.7449759680246,101.32722007819613,126.08585771714559,110.76517070018491,62.18432726625806
97,967.3302096346031,478.8905108339187,0.8129728427627038,0.09313407792943887,0.2365190438730691,49,0.0,0.05429954737220964,6.006709527140033,-1.9465915770340363,967.3302096346031,478.8905108339187,1565.457500954789,0.0,0.0,173.39164453848332,63.998186320556805,119.17933101081243,139.20698360304857,137.64222636292862,142.10241532968922,140.2046449901734,142.98441799417742,145.80201866302042,124.87764918155293,133.13521636198456,132.18327683192666,138.32618283391514,69.8131377915598
98,1963.589970834117,480.47319747315044,0.4067909982435073,0.15163216379523037,0.4361867752842016,49,0.0,0.011030666819336872,1.2032023512564871,-0.2008466798291905,1963.589970834117,480.47319747315044,1003.8336377812511,0.0,0.0,172.44478013170553,63.999681408959795,78.3403981710423,85.02632290069198,92.80307596341817,92.1359732510033,97.2326861068131,81.52951630884091,93.0192774922246,71.29352781563875,88.49609432079897,74.99941071129993,103.07044701511009,45.88690772436897
99,1905.72387894519,482.36182735801697,0.3140816439749894,-0.15753314666910295,0.12618441134242442,49,0.0,0.007525660932536507,1.093485290600646,-0.09703236337255308,1905.72387894519,482.36182735801697,836.9330127009175,0.0,0.0,172.49976963688403,64.00058839471576,68.52059089920522,70.95782342019069,81.64621252893417,72.46726031312409,82.13175874172737,81.24584730016858,78.47981860245099,69.48668381313252,67.64962438519568,69.33455435341244,62.968266139049575,32.04457220432619
100,1851.5573231052228,482.5431970811944,0.7502731067618658,0.6613618162104907,-0.09625065891967108,49,0.0,0.01030507941245353,1.0070528066135798,-0.007630610394949887,1851.5573231052228,482.5431970811944,819.4580201244326,0.0,0.0,172.55125248482656,64.00075755430119,64.17606094265965,75.166597259426,54.9718031207301,59.55951471509843,78.46482074596437,91.13263118274679,68.59946594637978,76.63984220209258,71.83253198393945,70.00201299553798,71.54930037100803,37.36343865884936
101,1255.2372916959855,486.7553119164275,0.6959347767321289,0.05010770171083028,0.05984637715273705,49,0.0,0.03720142537410733,4.413383854096882,-1.6119292546401354,1255.2372916959855,486.7553119164275,1284.4707390673238,0.0,0.0,173.1180640548788,64.00233796368231,91.8384432237882,113.4824734241939,106.14610618817618,111.2600011809477,96.91282918386942,119.1117646741802,103.81008107340796,125.92223467278774,124.66786231324224,117.87014839440673,118.3200675724926,55.128727165830924
102,1795.534759752486,489.36361075891494,0.4060282351265083,0.31327637700340033,0.749308353184438,49,0.0,0.013329313271695434,1.7882457677302115,-0.6310680146650129,1795.534759752486,489.36361075891494,1078.7821599292856,0.0,0.0,172.6044816745757,64.00367681926474,81.99537399343623,95.43318328887615,101.10296768479036,102.10545499914527,93.29859542890296,79.73551635372303,96.3556945392278,98.01688805955439,103.98666127347916,94.04896775511948,91.67348916331716,41.029367389713606
103,717.382129438688,491.9863631142985,0.7888368917615061,0.43821247253987333,0.259121643866917,49,0.0,0.014405937640305308,1.4118173114450605,-0.3744462570790914,717.382129438688,491.9863631142985,1023.6552033877374,0.0,67.86169522530172,173.62933116028037,64.0024649522044,77.6595813066011,87.63286274117509,76.70476667991149,78.82914882212673,77.11753136063867,104.80719330992821,110.72161649642025,77.09938486142354,105.1827542630611,96.70157345286992,93.34465730842771,37.85413278515351
104,1556.3734737373986,497.1011633920535,0.2378386681194575,-0.54726694728492,-0.257792441922399,49,0.0,0.009673047110462253,1.4183064446017895,-0.3794251906946138,1556.3734737373986,497.1011633920535,990.6317284258571,0.0,0.0,172.83182934817583,64.00701271139799,69.21997019412814,101.84894587088192,83.62158447953163,85.10811501476883,75.06522429539591,91.40785515267378,95.84010231240367,75.41761465916096,90.0116271188266,94.85832365898246,86.21845094035046,42.013914728752695
105,681.0074053695198,497.5698694251535,0.5933622708597912,0.5209151408514004,0.5177669770602017,49,0.0,0.0402475406382713,5.254429353472364,-1.8013138931584913,681.0074053695198,497.5698694251535,1533.3385028423831,0.0,502.4893007593615,173.6639751600569,64.00458731274176,121.72213855006044,128.7655226124499,133.84499925522454,140.80695783882493,125.43499937818264,128.4086149036443,123.75395842974845,130.15698388249535,147.00221922639437,139.0069641820511,123.02341780947802,91.4117267738294
106,559.0510497855673,499.5749019473724,0.7011828300735998,0.6181985834190873,0.39895727459618113,49,0.0,0.010455286225129807,1.0996446987260489,-0.10313096219450273,559.0510497855673,499.5749019473724,745.1684501102231,17.53736853556531,659.2296429582391,173.77991845465957,64.00467964184146,63.16697190146793,76.45738976041659,73.16117298170455,65.56337317290354,49.50360630961789,48.82566010813747,76.15237675888163,60.193471102825555,69.69372462065311,72.86639737766127,64.02553734514765,25.55876867080587
107,1566.659723232289,511.27988653976337,0.745682608419104,0.29608403667034827,0.4919935986144605,49,0.0,0.01342213044377707,1.3954862035763014,-0.3618138680231069,1566.659723232289,511.27988653976337,842.7330459378584,0.0,0.0,172.82205708165242,64.01292262809932,56.61701767852127,64.15202578787928,62.456134201792075,72.3991861180534,89.24562759926835,71.59783588270226,83.73131818939814,94.03233734624894,66.44751929119698,69.2282290311828,78.32899990539427,34.49681490622073
108,824.698657718205,513.1601246491156,0.22351292211835366,-0.3497130968045913,0.04263065151453306,49,0.0,0.008605165713317185,1.4697484691715061,-0.4181075412959964,824.698657718205,513.1601246491156,940.727500818477,0.0,0.0,173.52756668317596,64.01183907843291,75.97503660552128,80.11848985538816,100.58863697816967,74.70708656604731,71.17786416754507,75.10912671504946,59.19923058632773,71.796042603553,96.9093512745205,100.34828234499625,95.44981400852181,39.34853911283673
109,1945.9201774046296,514.4820260216012,0.878547775968043,0.42469467300591823,0.30673607860335256,49,0.0,0.011228719572009679,1.0314500732979959,-0.033620527656239026,1945.9201774046296,514.4820260216012,822.9703221975933,0.0,0.0,172.4614067730857,64.01388949331243,69.0034409502644,76.26998859195243,63.82403916686664,69.78101643184243,59.94050834761086,72.80255602081763,67.66005533953465,74.64872787317083,80.16259952834936,82.47357165659636,74.34392215616916,32.05989613441862
110,1897.546442733843,515.7830567209398,0.24807724697126135,-0.011331751641220777,0.6490439158337082,49,0.0,0.008425593387541869,1.3777602941860265,-0.34793416154913315,1897.546442733843,515.7830567209398,856.9443780126551,0.0,0.0,172.5074006720249,64.01452814122872,68.3468700604908,77.2146212518849,79.98721244429726,68.79588738788824,89.345641688563,78.86632189262826,84.6998232337098,76.90792429053991,65.61388303391355,54.138717844738615,70.83786186283871,42.18961302116206
111,2125.022786561364,517.4361178935499,0.5857786234104732,0.3502549884039848,0.17899341199538857,49,0.0,0.9182047043722416,133.02546137164998,-5.309836934652758,2125.022786561364,517.4361178935499,16688.666332536977,0.0,0.0,172.29107715647135,64.01463599460673,1261.5242163424068,1400.3935053223918,1464.4637195716373,1444.267453672793,1516.9288331851512,1506.1269701093815,1507.2326284362405,1432.2660493958392,1499.2063537481158,1509.7550709812037,1421.8818787527025,724.6196530191153
112,938.1770595785674,517.6848641426782,0.787296804011419,-0.16541568933581588,-0.05200095783308631,49,0.0,0.02378372974117041,2.4184712735333953,-0.9588523330738232,938.1770595785674,517.6848641426782,1029.014668513788,0.0,0.0,173.4197152879241,64.01423131611638,78.08685592211054,87.71414362769994,89.47224597890512,78.18037065995776,66.64468168719398,96.40943645548296,108.75471896403957,78.25721155167967,107.35374484958724,99.82538930696904,87.4829939065904,50.832875603571615
113,1372.2699228528772,517.5235589755903,0.4210838044080498,0.3061624759229638,0.5355890586016137,49,0.0,0.008593644414523403,1.1637017030132066,-0.1646041747154635,1372.2699228528772,517.5235589755903,867.7536396047856,0.0,0.0,173.00692129097644,64.01536565066854,64.72475360233508,79.76400809617883,72.16052767414284,64.38145599670389,72.26112476284564,76.39862700553044,77.9024200151984,70.68353223699006,77.51782176336194,87.89162289924835,77.86542091759154,46.20232463465853
114,663.548291586209,519.8844273455032,0.5798854825440897,0.47489283525844184,0.1750069250195517,49,0.0,0.01444219746527483,1.5974854541139962,-0.5085922809621878,663.548291586209,519.8844273455032,991.4417863965183,0.0,226.64116056847178,173.68086729176488,64.01378263825059,71.9206561109213,90.11963340116333,89.21100250977219,80.04360943886473,81.68520139132468,77.74827139775539,91.1490859628351,86.6168814964218,85.3721135043481,94.41269819000863,91.90089971558002,51.261733277523064
115,2294.51573685459,521.1121963471177,0.4651112190188067,-0.20883652038137357,0.20656398316914362,49,0.0,0.009895814758815591,1.1550349365650054,-0.15648780153995223,2294.51573685459,521.1121963471177,847.4372213693091,0.0,0.0,172.12987197509827,64.0155255874876,65.18925342321668,61.04067745586791,75.57691324666163,61.72060436857093,85.83361219560209,78.4023766033839,72.70970084567938,84.9464887414033,70.66280722359068,78.51409708151655,83.52985309326112,29.310837090554973
116,2200.091520905256,529.4735647269132,0.47049737932993135,0.43750622464151634,0.23810479166757234,49,0.0,0.04062550011434148,6.260536723680934,-1.9915289185455785,2200.091520905256,529.4735647269132,1447.057173603252,0.0,0.0,172.2195912511073,64.01938876445703,110.11247663785414,112.0462087214483,109.21633874458067,116.82328783704995,144.02878093200596,133.4230731134661,136.84234616108512,128.14523932225762,128.7142850339585,139.30329011780103,125.62152319756161,62.780323784183174
117,2392.3142886112632,530.1335827229797,0.5004842382772712,0.5123755448449998,0.06100963128235782,49,0.0,0.023296564726850492,3.0682669500467146,-1.2172328551812042,2392.3142886112632,530.1335827229797,1216.5714059512138,0.0,0.0,172.03677420841905,64.01883229470967,97.1827442716804,103.93226033062314,124.71207300266519,113.78781566520175,106.00685414810403,107.95129933652957,103.24127514926613,120.76508987884071,95.19774289187185,107.91190195357424,98.88938312386304,36.99296619899381
118,1375.212087942176,531.014795079704,0.7326020962362602,0.5149954923961254,-0.05239656033807419,49,0.0,0.017290823545761273,1.864436574535312,-0.6763690346792937,1375.212087942176,531.014795079704,939.1732629235514,0.0,0.0,173.00416666674963,64.0209907625427,76.35687374232127,100.63305178021633,71.4742269632223,80.73384841011742,73.59167971936886,79.30779172712629,78.02607429776177,76.20661110135597,79.46737769477028,91.9005643364674,73.82268688953675,57.65247626128673
119,1582.7318104754427,544.9176642585634,0.535784579824582,0.22953789386204862,0.16344217104980635,49,0.0,0.062237744159137624,9.714297834090557,-2.468528536322874,1582.7318104754427,544.9176642585634,1672.979313583615,0.0,0.0,172.8067826778596,64.02694009359652,152.21255686129834,150.31202478768418,146.12868334411962,152.4993691179464,130.9164493302182,156.67284880059574,157.367870832209,136.79043754039833,145.90140340773706,137.90639558839206,127.12762930160658,79.14364467140953
120,2300.1989874918154,545.3314725387049,0.41366462908497886,0.3420537340676039,0.38052302765588175,49,0.0,0.011626566023917127,1.5714795188564215,-0.49077181304100875,2300.1989874918154,545.3314725387049,837.4577077053524,0.0,0.0,172.12422626635944,64.02559104054369,70.34302850635936,76.99921426777507,60.99598013832788,73.8566947543899,74.24958004265548,74.591828278972,90.75047486435034,68.13034321182283,73.98758088144936,75.74268813515489,59.50207241482515,38.30822220927011
121,2471.4738851142524,544.7229590352499,0.3143163049117805,0.14396564544364623,-0.0011203233234447464,49,0.0,0.007989653827864669,1.1694383167139621,-0.16994329854540247,2471.4738851142524,544.7229590352499,930.9888617166391,0.0,0.0,171.96131351463123,64.02450103261444,63.15603475324717,74.35915929316586,77.08016160773295,99.95700339420547,92.50529202753518,75.34808506143568,68.0138555658964,62.56008546478127,95.13447895516212,94.16289287379622,85.40652529130986,43.305287428371
122,1090.145008559944,546.5406041770186,0.49241929729888095,-0.02108164795974695,0.4431761068167345,49,0.0,0.016183528936524028,2.2256280865220917,-0.8686314832561094,1090.145008559944,546.5406041770186,1021.1861443767207,0.0,0.0,173.27541893483445,64.02680726425345,74.01694442702816,94.39580378296807,101.70832486194624,89.31065343344876,88.35134294289752,74.03621009033684,98.28470543697769,77.5310445820109,82.14227311760258,93.41853570042942,99.86045150069788,48.12985450037671
123,2331.4871578817533,548.1395603563926,0.6434257199301513,-0.5412260789964738,-0.4150974856955293,49,0.0,0.010678174596077684,1.1083378742574272,-0.11168043563151743,2331.4871578817533,548.1395603563926,822.6141246690634,0.0,0.0,172.09443415865985,64.02662172742168,63.98035520490525,69.37688200219876,74.70356076703239,74.09477057028835,60.161958121633454,71.8003332473793,73.32798883296635,81.78825825218891,75.6278424684815,64.29945197662343,87.39351427554116,26.059208949824537
124,2479.2717300376285,552.0606951072461,0.6503125234092269,-0.010076542860720369,-0.12438469913205644,49,0.0,0.022184484007891837,2.4882324213098843,-0.9897273614476099,2479.2717300376285,552.0606951072461,1178.6896611461607,0.0,0.0,171.9538045005374,64.0275154913917,103.35209077798513,107.30238808318684,109.9462651155568,103.97780340592566,116.44247030065226,95.74819948356892,86.06048320945553,99.58632518296844,101.17670485682825,97.57643449792187,112.96899240177378,44.551503830337204
125,1165.9055320782827,555.2323055016285,0.2451492959718145,-0.1623147360739742,0.1951796032291083,49,0.0,0.0076087409363762275,1.1062923578918762,-0.10967478089528497,1165.9055320782827,555.2323055016285,937.8664506169378,0.0,0.0,173.20339861048294,64.03065112976736,83.95815668445108,71.7932983817524,82.75598606768392,65.11907716208881,81.22234833199258,95.99432095929987,75.46438147367641,92.76115363290737,106.05524725755444,80.31024146095235,68.28765051249343,34.144588692085165
126,1668.223794753605,554.9064291791252,0.2707416857902859,0.029896094077928106,0.0951684356894049,49,0.0,0.010532471829333033,1.7997691660580621,-0.6380420178473661,1668.223794753605,554.9064291791252,972.7576505478185,0.0,0.0,172.72543789839068,64.03108855195765,74.75560200296357,74.86346481669898,77.52350875590275,73.19182143640381,69.17654832443166,97.3583283354794,80.22425286157471,103.86187011778006,83.47410510214542,100.41627978976726,91.7515931807053,46.16027582396548
127,1966.9051033787064,554.4443624402029,0.5722614983330138,0.15460681523884356,-0.03524335914643336,49,0.0,0.013137061646913662,1.4708577013775888,-0.4189266469857079,1966.9051033787064,554.4443624402029,891.1833809563494,0.0,0.0,172.4412433334155,64.03049273015819,55.545867392310626,92.080812148314,55.33610724704185,81.95520951286383,82.92263345980592,90.9138960331968,69.02395416608533,80.69135703518415,81.01525175013104,87.35466291916504,65.77147230904829,48.572156983202525
128,2032.0484781532562,557.6079649745974,0.46279400680886446,0.23094536549853661,0.7212498107166281,49,0.0,0.009227517883911017,1.1786838205467114,-0.1784933053428191,2032.0484781532562,557.6079649745974,858.2695328919103,0.0,0.0,172.3792417959617,64.03164911106226,67.59964155724496,79.48918193543584,84.88296739433913,76.92817740718775,66.76277340083843,85.23276221879418,76.90578611599221,66.88992162470467,75.94285891289385,70.89566635362903,83.588547112893,23.151248857957253
129,2503.0405069087496,559.8240185620397,0.47005818943158323,-0.011609421901711381,-0.04126365061062452,49,0.0,0.021244323192980176,2.2535107687273808,-0.8821490943774911,2503.0405069087496,559.8240185620397,1489.5019859564372,0.0,0.0,171.93109405617253,64.03061799104633,120.98454942856989,123.28319937667976,102.67225933313978,122.05110187106567,148.04063448089406,150.84869495859823,134.33949297330363,142.03427713680227,136.59465905964817,126.04007567063876,125.50996186689514,57.10307980020204
130,1128.9606990204063,563.096930574642,0.6786162362271344,0.5723453508841952,0.24458361745942644,49,0.0,0.02200667766141051,2.6817527209729337,-1.0710468248515999,1128.9606990204063,563.096930574642,1010.0781301324935,0.0,0.0,173.23860342225836,64.0338236445161,82.75050455227651,92.02962459394618,72.96958559426434,82.5559435016245,86.79204190872645,97.37651761659768,94.47626889790669,75.30850525255664,84.10624620369559,81.16850487569693,110.53679706381271,50.007590071389146
131,891.455996579604,568.571087684941,0.26224408967016216,-0.042230695377755444,0.1386979406981713,49,0.0,0.006671595797354796,1.1749314372865995,-0.17503131061114688,891.455996579604,568.571087684941,804.1624255207171,0.0,0.0,173.46465498809448,64.03523204416808,71.1945345997757,73.66675973977848,67.0884904636308,68.01688143320752,58.989308766030284,71.08189193433395,83.1280781936097,70.30408476891336,66.3967611958966,70.7419314662925,72.01521209690895,31.538490862339255
132,2097.9037373797214,570.4079331995787,0.5366882969155531,0.1335901158253554,0.19878669968494175,49,0.0,0.05334687297404333,7.948452040915949,-2.250706395368728,2097.9037373797214,570.4079331995787,1635.4483824793538,0.0,0.0,172.31648959377293,64.03679166020198,133.97208668370348,131.95130986691885,143.6960856991584,124.44138533376479,132.82278764541425,153.6569312182396,119.59729572767365,155.48176784671813,162.3062746085444,135.85935028474267,168.29126175194057,73.37184581253503
133,1025.8685543375439,570.9578974830257,0.40668641609311873,0.4732623886729636,0.1757374780313511,49,0.0,0.008541044330710837,1.0844571224719948,-0.08803096362348857,1025.8685543375439,570.9578974830257,936.5430767642234,0.0,0.0,173.33676670437058,64.03676321585314,76.46315269523315,90.24486187880233,88.73821468464523,87.58939193283078,62.016901485951024,64.72339532502055,89.38430530505151,104.44610597868659,65.09220547100516,83.75487282975004,79.7783785607117,44.311290616535366
134,407.90633380898765,571.8820138104421,0.533195682154396,-0.5029013519755564,-0.5285788057708816,49,0.0,0.009362409165353823,1.830261684291519,-0.6562829701169536,407.90633380898765,571.8820138104421,301.8602394907413,1.0,23.025194298871455,173.92479549527795,64.03375091808945,83.71336287092642,14.339027198610856,0.0,6.339571337144159,33.70670936164685,14.873954876189986,44.2958296351606,20.60055049213619,23.15947082003807,59.052858270274655,1.778904628613537,0.0
135,2206.0933669986503,575.2794586537384,0.22386981709442175,0.9353288570670526,0.4903136959822049,49,0.0,0.009927162564640627,1.5400214728371162,-0.46881694084059944,2206.0933669986503,575.2794586537384,1006.7666270805605,0.0,0.0,172.2134876571414,64.03844998742582,91.86569712230158,94.72751251995355,84.76386896864224,80.52404561247573,89.70171971266862,85.38944106011496,99.35864434102396,79.57422556570057,79.15063420458021,93.4153610982672,83.31744296018749,44.97803391464434
136,961.4722079202603,575.2036262363669,0.38132654723858045,0.815646682525974,0.07262969144982875,49,0.0,0.01238664480512881,1.827771945221503,-0.6548050174571836,961.4722079202603,575.2036262363669,909.3396309566056,0.0,0.0,173.39808833143184,64.03828892091049,73.80575646843462,71.42459486428301,93.4066106937349,85.71107108491628,78.78098868081845,80.52055544388074,69.58079665174934,81.17735886029647,89.451885368039,74.85484207740578,71.75543954234844,38.86973122069861
137,1822.0538786608977,575.4787781927397,0.4673376923039334,0.10396984297713571,0.27025526152073326,49,0.0,0.014125488830704778,1.9990975963336641,-0.7520849924420059,1822.0538786608977,575.4787781927397,872.0071067482153,0.0,0.0,172.57900140405772,64.03952140878926,73.27779860889801,86.26802303419923,82.19986659725129,78.20516838463975,67.5672915378506,66.8882375651809,78.60607708131585,67.99282357791466,68.05932082883156,77.21925617130614,81.2237544112675,44.49948894955972
138,1558.7095869703692,576.8609060876989,0.46838882396010895,0.026890759425790965,0.34014544294141924,49,0.0,0.010597458327795226,1.5610780892767142,-0.48356157042627257,1558.7095869703692,576.8609060876989,795.9785473683112,0.0,0.0,172.82965591615311,64.04024456438181,57.67974073225946,62.049161536211884,58.59480755420033,66.33721019031263,77.44889844574546,75.64340890206384,72.72809817473924,58.702977828070075,83.33008368512543,79.47907725664513,68.9510000493791,35.03408301355857
139,2048.0047544001222,580.8378264883812,0.6510929876770769,0.13347305812894195,0.4119822071004355,49,0.0,0.013923686231954571,1.5973766215272558,-0.508518310019512,2048.0047544001222,580.8378264883812,817.7018679727031,0.0,0.0,172.3639109917295,64.0412837782872,69.47531242561891,66.59353280119313,73.6819225719575,66.35025286298949,67.06085420737095,91.67109467129596,65.74562799258248,69.6376551570934,71.56120202758402,72.95461695421872,61.34707640529275,41.622719895505746
140,509.48899333174177,582.4783476862907,0.6858902375088789,0.6046939650580143,0.16864122896489447,49,0.0,0.02065487000594323,1.2649413938069065,-0.2551760115347795,509.48899333174177,582.4783476862907,3110.570264161166,0.0,2730.8337596425063,173.8283126518516,64.03888666576725,279.0806429291473,298.1177188653973,291.47687013704433,278.14389926173055,277.5968471505349,272.8850306724143,284.2994298486165,237.5984153141349,304.34982216593795,255.36397558777867,292.6591082633877,38.998503965041635
141,2161.2077181834397,582.1698469440778,0.5681955884318729,0.3182115317368683,0.09591371513599009,49,0.0,0.03545373225630861,4.956682933146398,-1.7379778476012886,2161.2077181834397,582.1698469440778,1176.035525616906,0.0,0.0,172.2561511609801,64.04148357997873,78.29316755806262,103.51599736676954,104.9405404346831,86.01072747507854,94.4373209581214,112.97571680088487,127.59944626420426,112.02075122456529,108.9461414790486,98.1902333002632,98.09070380153128,51.01477895369318
142,2609.051666036355,585.9071639002657,0.6220806555684295,0.27844214368276826,-0.35904295471957415,49,0.0,0.012593606542523852,1.0659343534901755,-0.06932614776095403,2609.051666036355,585.9071639002657,1161.4284041005922,0.0,655.81189890287,171.8298651154618,64.04085372148107,91.32291551796837,112.62433421741657,95.8363330941821,103.56326836141093,103.1062483641483,95.46013436882808,97.89756150522325,91.25382440843897,117.69666099975925,103.58111898739034,102.2623518409797,46.82365243484645
143,1988.7900718701187,586.2293463804968,0.33684073050563185,0.3539422941454687,0.04439287495804668,49,0.0,0.010203515708271332,1.436405811830539,-0.39319288413290715,1988.7900718701187,586.2293463804968,881.2192647724177,0.0,0.0,172.42024425662441,64.04368408202197,51.2702193724151,87.11422280243303,76.44911439862283,76.79052774370658,72.5215628841662,82.25594164843568,80.76575130836437,77.88251207064391,65.50889752742886,99.42786002666983,65.06398108769653,46.168673901834815
144,514.6406929736061,586.6470854213512,0.5737366725197643,0.2133896447611327,-0.6415174285187756,49,0.0,0.016031902969925575,1.1228796153676568,-0.12583299442914309,514.6406929736061,586.6470854213512,2870.7088572453213,0.0,2516.1513633091904,173.8234748641619,64.04065815263633,315.89218095665467,285.5578706544143,259.33430978869984,217.43072096239143,242.13195772569804,233.3626695728646,249.6033771776833,228.12195254757694,265.7587675757451,253.91816040751974,271.50970280873673,48.087187067336764
145,2061.557889474362,586.6729644312197,0.6057603786789488,-0.3254046528735672,0.11232814786659116,49,0.0,0.02762572594747407,3.3836146256678634,-1.3234522338218946,2061.557889474362,586.6729644312197,1227.3957755579663,0.0,0.0,172.35097224183676,64.04367656305517,98.48055687803924,95.13149278482788,93.67359043786877,103.0170785997253,105.33106791701103,99.40598229249613,100.44157365172882,122.00906849783269,120.09344909878922,122.88739109976439,121.16950808386608,45.75501621601674
146,519.7246739357813,591.6005652986751,0.40284675016143473,-0.9088886195932836,0.4144664806113416,49,0.0,0.01311935103591672,1.0783152250657508,-0.08186434297681328,519.7246739357813,591.6005652986751,2478.3089773108622,0.0,2170.6451134384697,173.8187130090984,64.04275593034356,308.60253498867326,259.85337602643096,206.29871957652853,208.11757551984869,215.32752850095594,195.68657314264522,202.717769022171,194.20314175091272,201.734265807274,203.7804463329411,220.90353451194386,61.08351213053689
147,1128.228979368416,591.344847723445,0.583208227437469,0.046195761870544895,0.13091788826154113,49,0.0,0.020288537647372155,2.606610134805322,-1.0401901987836482,1128.228979368416,591.344847723445,1011.3938248641841,0.0,0.0,173.23949004766175,64.04559044558826,70.61462708306601,89.83982372605757,93.64964320428592,79.80649183045658,67.34531037987287,101.79986463312463,106.83507021495143,72.81553501572883,89.4128058447051,98.88744407877567,89.56161002587248,50.82559882728704
148,2739.277746875118,593.6818578081364,0.5896776730504335,-0.17766256516644172,-0.19463579282190682,49,0.0,0.014821328939940885,1.7502603878067433,-0.6077566596804916,2739.277746875118,593.6818578081364,4512.807843466879,0.0,1495.7787434563493,171.70580795447412,64.04322232244526,13.600856450002016,167.5923018203639,438.1102187852671,472.2368316609236,427.2708961851604,379.28526194451547,389.2357385643214,682.969452513659,364.9853123686993,705.6132778923478,357.1420459242851,114.76564935733381
149,1935.4453296740976,595.2810751020066,0.39841971417507605,-0.3503609090007488,0.7673832395659248,49,0.0,0.028236668323678535,2.170601178365328,-0.8414500861044044,1935.4453296740976,595.2810751020066,3749.6361198187724,0.0,0.0,172.4709815731091,64.04757544225845,273.0537397661376,324.21467947208293,332.150300538331,279.16606143608436,354.4121375609079,369.60419203100787,326.7295966966205,334.3528789732377,329.35609396093315,355.2111969926866,320.99753628575223,150.38770610499046
150,2714.872914161556,594.6992441509033,0.20022742054116704,-0.8266583398143968,-0.7493381135262371,49,0.0,0.009633358532676944,1.1638339177283117,-0.16472752432340637,2714.872914161556,594.6992441509033,1315.180935839534,0.0,1043.1187509248543,171.72901882383292,64.0438172535585,68.35535051644158,98.65684849584385,90.26536695319456,118.78437292226896,123.60361748299928,107.37748076567757,74.08334155853143,132.7036870141337,150.1326105337309,153.7293471628856,141.05639639095375,56.43251604287298
151,2661.721107897401,600.68331261069,0.4988255151927688,0.0003838059642747807,-0.2919531452454704,49,0.0,0.026354339244956865,2.8582517977782116,-1.14025121331434,2661.721107897401,600.68331261069,1511.5182092645503,0.0,1324.651867481558,171.77951683970852,64.04666995458301,128.7389840410839,119.32940243200021,120.28912044306512,116.89229368421778,134.49503568548062,121.22584635664106,155.79748995896878,141.00627317928485,133.527806477967,134.4595566614596,136.12556422809988,69.63083611628136
152,1067.0002210387406,602.534670501195,0.21830099888801302,0.2147996502652333,0.7451718133180928,49,0.0,0.008590218308550278,1.3400296149955369,-0.3177859912236227,1067.0002210387406,602.534670501195,1065.7217009138226,0.0,0.0,173.29786341590648,64.05006077358237,85.88675234580131,102.45502488188313,109.20253917518129,102.34120677062995,73.65956277977205,87.95607261452307,102.70848968121109,63.60424303737755,96.84773654538222,110.13417575183007,86.76532315401695,44.16057417621374
153,1048.9228491278607,603.7645871798939,0.9919042567846683,-0.3751196787685184,-0.007123227792605861,49,0.0,0.013430718785193585,1.0880895246978195,-0.09166157315435891,1048.9228491278607,603.7645871798939,912.981022524577,0.0,0.0,173.31508497007843,64.0505121280579,58.8178862974771,86.64984077127897,78.28454443683559,74.89272191310516,94.5569070531026,76.69467934915963,76.8460793360438,83.72544517754415,91.40839690844223,79.68717520460862,67.12959087991327,44.287755197066005
154,2139.05775085561,605.3062655508102,0.5909570698316118,0.6492138640533774,0.24841966474154398,49,0.0,0.029225161764808712,3.445902015292235,-1.3432573101574872,2139.05775085561,605.3062655508102,5762.018642789984,0.0,0.0,172.27705629406782,64.05119861771252,472.64561882089134,517.8552576755117,485.46721242699107,501.4943246790652,479.5062203474673,495.83640545801074,484.67586569974003,512.1865621943294,542.9647636413924,532.2365974618793,496.3548614768232,240.79495290788338
155,2128.981797969953,606.2587443238752,0.5672599623100385,0.22446311126807797,0.14105262584332415,49,0.0,1.7747155771299103,262.8770236552075,-6.049381572380566,2128.981797969953,606.2587443238752,32477.61239398373,0.0,0.0,172.28664306961383,64.0516289185352,2561.2873549000215,2860.3318308132816,2849.2893150237487,2734.8435315423844,2838.058480817226,2857.8518961092113,2863.4635449186726,2835.2765585422903,2934.476568967143,2908.2721539255735,2760.924999086048,1473.5361593381335
156,2746.6935162948866,606.6683489674225,0.41691110401165865,-0.854519931510804,-0.38562229213884436,49,0.0,0.8597117259790219,76.9484663228562,-4.715499920582542,2746.6935162948866,606.6683489674225,67034.55890869722,0.0,44520.469646904385,171.69853768938927,64.04857935709971,55.21731935145526,3909.533197257822,5625.5944604707865,5883.179075896295,6065.398855691652,6518.928017581211,6461.353922104783,6313.959652439953,6741.318942840764,7230.162500100956,7689.628216650171,4540.284748311377
157,2109.2754303631564,611.027007548297,0.5041898463847686,-0.13303509368517616,-0.15490679680473612,49,0.0,0.014590621953448213,1.5539630997549054,-0.4786017546900785,2109.2754303631564,611.027007548297,1213.152367344798,0.0,0.0,172.30537247512578,64.05367915593587,88.91973092848475,118.42404078064163,100.3621495846123,104.59012999751597,108.235198391057,91.5129027591952,110.07251229241368,100.48042590251389,118.58485897770032,95.30478957947889,113.36331142482494,63.30231672635939
158,2599.4607777682413,611.9884852492017,0.4416608047520499,0.5760857515229995,0.3131365365563112,49,0.0,0.00900912527289044,1.0185600723031791,-0.01996661942399799,2599.4607777682413,611.9884852492017,927.0372114221346,0.0,111.63901595108479,171.838620851969,64.05177876672306,70.24001720619619,93.61147550690625,84.32985018379912,85.1476958013593,78.1264881376703,88.03776953528947,77.89787790228101,69.51050717883459,78.86618813252588,84.31409674831141,81.53628841350145,35.41895667545986
159,2447.924011417156,616.6762314584925,0.47754882090783507,-0.3466168609077498,-0.3519073366496013,49,0.0,0.015001526720067434,1.8654363467772765,-0.6769510861156347,2447.924011417156,616.6762314584925,1010.3632234542789,0.0,0.0,171.98284378696098,64.05460275569929,92.24955321598577,84.69458998793922,78.49484174288585,91.46918634275167,84.39491281512022,91.34327960199668,93.92402156485716,82.74714003548041,104.29437298438997,79.76649143748216,85.67738046134224,41.30745326404759
160,2510.916950691982,616.8778816564308,0.4597234175595551,0.26841587224010494,-0.10850907946891465,49,0.0,0.013160723081843979,1.656444422444831,-0.5479421721862846,2510.916950691982,616.8778816564308,954.7678120181768,0.0,0.0,171.92285939554904,64.05434199818812,76.73899955971595,84.31911712429033,82.32680424206094,85.90473868158335,89.3265132991016,80.15943956428725,79.11777680822706,86.11003772099318,80.92449934048841,90.46390749582716,75.90687019705058,43.46910798455089
161,2463.7311267083046,618.7305765360004,0.705515189988262,0.27445107754985093,0.10751302549705574,49,0.0,0.012358277936769513,1.1491621404950965,-0.15095327397130592,2463.7311267083046,618.7305765360004,997.4914148665114,0.0,0.0,171.96776677876178,64.05537440873174,97.453534441074,78.12589886078987,90.80974817407181,90.4823145719615,92.59692212715811,84.55533013362938,74.45469219757346,76.42608440890842,99.29765138931694,82.76295292127588,93.89064389405067,36.635641746701275
162,2672.7592651070017,618.4624175476351,0.4309022795213504,0.12053044982894108,0.2506105269627813,49,0.0,0.01239460063716425,1.221476014857347,-0.2172123587538423,2672.7592651070017,618.4624175476351,1140.0202963587276,0.0,983.5992246856563,171.76873771862563,64.05400305208082,106.25040817612718,99.86882873017143,98.22319317743408,85.5446150725698,96.41222719121265,99.56886942188689,102.31074869046611,95.83122092014041,118.7410076642509,100.78491729246485,82.87341951352731,53.610840508475945
163,1049.623875885962,621.6963651185856,0.674123655295272,0.3781298569151404,0.39022755926252234,49,0.0,0.016979425585675858,1.8875990540016125,-0.6897743775445411,1049.623875885962,621.6963651185856,1010.3196735030501,0.0,0.0,173.31455857947952,64.05798540765436,56.77764530695912,107.6346643403049,81.40826405456494,91.68075318232204,95.99946754330786,82.91400701683077,70.86563919669362,96.27206728351197,91.86779848722375,81.5118096622067,109.45467146524825,43.93288596387631
164,1429.165769903155,622.9884889981582,0.4938446096310506,0.08451081507412926,0.07057436004430681,49,0.0,0.12850808873770417,20.837280837573648,-3.2971026125901,1429.165769903155,622.9884889981582,3058.798211397155,0.0,0.0,172.95307242948635,64.05937738467601,243.4820616183156,272.5570001079053,291.4152259199177,253.64562511722502,274.3115877883654,285.6712195047066,266.76453512622294,264.622759284106,255.3117103625727,276.383565113008,242.42113416195028,132.21178729285955
165,1794.5829915915137,623.8631953492016,0.533945238470132,-0.05065133179535662,-0.15880343934558563,49,0.0,0.04040555294805767,6.012293157009995,-1.9476003711410401,1794.5829915915137,623.8631953492016,1477.002573809133,0.0,0.0,172.60501417608916,64.0597159366539,124.36144269852764,121.32820177579812,135.99733004668775,123.19090425462895,129.2559130853964,136.60925622076255,127.3351212122094,124.55219359911075,112.88324860943496,144.0626741081986,131.19328977332992,66.23299842504831
166,2107.6204562677667,623.6621864876366,0.446241837235633,0.05468341642058562,-0.08140414225396118,49,0.0,0.049192662045840004,7.136961705774833,-2.1337834162599494,2107.6204562677667,623.6621864876366,2470.5215654010785,0.0,0.0,172.30685690084928,64.05894859129198,210.50926792602195,214.89249431259688,205.8494805915625,196.9589820653753,213.81786997230864,208.7407053012856,227.84208690117754,216.92156715725244,222.9232938081325,219.0399629003127,225.429895810793,107.59595865425926
167,2013.9467135400596,624.5121207592581,0.3178130337999904,0.5989806158783286,-0.20247755191698777,49,0.0,0.008334842707431199,1.2160645959499135,-0.21239161192957476,2013.9467135400596,624.5121207592581,755.7857261236663,0.0,0.0,172.3960710125627,64.0595712555636,50.30244822306698,65.73701568681213,62.5248546127243,55.563037673783136,78.47335405442487,60.66938523242672,66.02391721866151,74.92790213733838,64.20318918679041,74.05201230343275,62.45341609053105,40.855193703674196
168,1521.2868937525466,625.8929726794162,0.6086840113522539,0.22004671750284654,0.12560774998385327,49,0.0,0.3370955451890223,48.80499043520986,-4.221160579989524,1521.2868937525466,625.8929726794162,5911.820201858947,0.0,0.0,172.86533149866662,64.06065940511564,440.7809848740104,501.0870635408043,494.7327364567499,504.65133620873576,519.5094666902032,504.90701709354204,530.3729568211742,506.3031367884125,554.1604196690641,537.7048916829726,561.6122939470101,255.99789808626724
169,957.0853452992958,630.4709709363573,0.9539935815378193,0.1510218242945706,-0.005010085620449185,49,0.0,0.012252598930824159,1.1196186289654997,-0.12267528984261025,957.0853452992958,630.4709709363573,756.0812026394143,0.0,0.0,173.40277102496668,64.06129694092272,64.7298902814434,59.978211658377724,49.49379858818986,77.57437834416803,70.11726240820053,65.07935731684168,73.6209604855155,57.406910726828684,70.6267619376152,71.70198863135491,66.68405308772253,29.06762917315631
170,2112.7990032251714,630.7732915223653,0.5216565750811017,0.16735795128866987,0.1440317242865333,49,0.0,0.0610725521732637,8.870708074014379,-2.369895718227519,2112.7990032251714,630.7732915223653,2409.3746793323685,0.0,0.0,172.30187262783008,64.06189485489786,191.36760105183737,204.57294407235867,216.18695633787547,200.6630557578571,212.05150611242183,196.6550195879503,223.50169936916197,213.41344303376928,226.80067024120672,208.57854766118155,212.09940669412268,103.48382941262531
171,2330.1582950532415,631.6263119956374,0.4837402729187033,0.3445971342641597,0.28838533936461613,49,0.0,0.018863653584161623,2.2030845199816897,-0.8575778972772108,2330.1582950532415,631.6263119956374,1160.4209732260117,0.0,0.0,172.09482890338572,64.06140945898834,97.94054648715215,100.80645109582417,107.60869944529574,101.21155305581578,97.63513407823127,113.59164567817038,105.05899870588428,88.86206279332683,122.84942861325968,94.04497900354536,76.26884155478308,54.542632714723034
172,2344.661731694064,632.9515127717756,0.31396293637477457,0.22266784398833314,0.017606287346183275,49,0.0,0.00799062418220033,1.28831512739105,-0.27505526576528283,2344.661731694064,632.9515127717756,797.6374841770322,0.0,0.0,172.08100069037238,64.06189498187649,58.42895704848235,91.4303503927694,58.43990056155839,61.50597648447186,63.93621794386968,65.84902239239628,84.25678958792966,63.89369048394357,75.97713871403523,71.21430972220472,65.18341946311469,37.521711382256385
173,1640.5816952046994,637.437716293204,0.5706357605698384,0.7096952851252496,0.04264645801489068,49,0.0,0.010664188267297436,1.3849007341582544,-0.35354661373167556,1640.5816952046994,637.437716293204,857.8116219563865,0.0,0.0,172.75169266266445,64.06548401416536,74.1726512285122,71.38320906418747,77.49021216855226,68.51948942210647,77.09640139514386,62.450730296068485,86.77016835552149,76.8397035632723,72.80469789852039,66.85143883506993,91.44686008085796,31.986059648573676
174,351.1770372888389,646.3071881096264,0.3098071419018927,-0.30601346952383895,-0.4229441917415191,49,0.0,0.005380731952926937,1.4899541652403878,-0.4329322715519067,351.1770372888389,646.3071881096264,469.2538682599796,0.47208489809986776,41.501129904806604,173.98009346564348,64.06432218221927,34.68603207168535,17.23137216604822,26.380852808291923,11.538420810494461,89.41707114814561,128.15439850440464,19.974979122333544,83.66423083808236,0.0,23.58561827812087,34.36415262052439,0.2567398918482659
175,2772.054675681864,648.6922869248141,0.2703402028012721,0.612133086302048,0.7796080856316815,49,0.0,0.006268613226457497,1.31412484281779,-0.29659156368990186,2772.054675681864,648.6922869248141,832.3226566970869,0.0,487.9977346480697,171.6736929886998,64.06590215511237,27.470218421827802,29.618045618312454,122.72035359408973,64.48894985915987,117.66104041977971,53.745479198620856,51.595949575926255,76.50653716995235,59.69560514456163,68.92361863705273,111.60965912718852,48.28719993061513
176,1013.944225756161,652.0167028280575,0.45914873521119476,0.48460745505734604,0.3505990182421843,49,0.0,0.030369739307742723,4.92722827766864,-1.7315067088307845,1013.944225756161,652.0167028280575,1210.691157003742,0.0,0.0,173.34879364241277,64.0704912781801,72.36748025452192,86.63075827885183,109.28174948556665,105.24523516377738,104.31168842455253,96.15212659612757,121.62377708778094,99.83166436031078,117.85882936119248,120.67536478987745,113.3233442000921,63.38913900109052
177,1785.1451256499101,654.8835127397375,0.7155505113799447,-0.02936762458070963,0.18190410415503255,49,0.0,0.04147059044986596,4.893487888783337,-1.724046294480202,1785.1451256499101,654.8835127397375,1315.0126750473298,0.0,0.0,172.61392181804553,64.07265150814708,103.05972756026854,109.05318141843804,113.28275672077702,132.41218659566135,110.57700001446749,98.68075135618355,124.15905410397698,110.11935089774525,108.92875180592151,110.07944611300383,123.25116145278918,71.40930700809693
178,2414.7968780241877,660.3858714743088,0.3972096751073435,-0.6581063641223885,0.0963964821537336,49,0.0,0.008745032134841695,1.0090596938262149,-0.009792147337788278,2414.7968780241877,660.3858714743088,946.2763036573326,0.0,0.0,172.01387941787777,64.07298393161716,69.3489471463728,77.28285208555127,80.62375997126767,81.11839728659024,78.78994555640969,100.3794024625596,92.90891760798269,77.34219973052338,77.72217561762463,89.72097153251602,82.5221321252368,38.51660253469795
179,1388.092424288402,667.2466252410351,0.36324963470313415,0.14103060300350773,-0.11240698003787868,49,0.0,0.008679526217458803,1.3244693771676972,-0.3051048037502934,1388.092424288402,667.2466252410351,849.8547243583632,0.0,0.0,172.9923284597623,64.07776818231343,78.90318963443825,82.5236106181155,68.26460633030024,66.8461732809422,67.67636630395212,77.93964976284317,73.4057257540012,62.103195043913686,82.17551213365397,76.0549406454061,76.81860083066532,37.1431540201314
180,2775.1796003420477,666.414051443015,0.5807244822640635,0.011961113309722049,0.4665874290607562,49,0.0,0.012246660431687881,1.1283900873691364,-0.13114815582327569,2775.1796003420477,666.414051443015,1157.230990459218,0.0,848.3392310343855,171.67041887685207,64.07326162128047,85.33843218024508,79.12732189231272,79.31563352640913,110.11027337523818,80.88621659217235,68.52569161721826,89.85213173897027,129.8947066562053,82.17881234857676,127.06870514679225,176.21728046993047,48.71578491514711
181,871.436303902696,672.3580572694641,0.5523984216475738,0.5320228188073468,0.24857935233659903,49,0.0,0.03468189856067235,5.128698825896119,-1.7750179915268398,871.436303902696,672.3580572694641,1205.1375461819478,0.0,0.0,173.48478619638527,64.0783816591652,98.34443578948853,112.5956955446861,124.60197541008286,106.86989834845016,105.45644808520109,104.98316321720253,96.60756817802866,90.59936403062625,102.18712142665652,103.27949567831706,113.04770686813141,46.564673605076564
182,447.7283212047579,675.9344714942483,0.4785685158424649,0.6943992249606553,0.28317658730295175,49,0.0,0.024154592560864253,3.328304164664267,-1.305557521059263,447.7283212047579,675.9344714942483,1240.8509532739163,35.26977393892977,1132.7273544599611,173.8886220447422,64.07738643485374,129.0232173371069,106.12373923356319,124.47234922820525,117.6754968660189,112.55525749954782,100.09418172419066,98.80187588654442,111.0875784189927,95.71479229727915,93.76478388818327,98.09361172555666,53.44406916872742
183,1336.3818293093489,679.0857609804983,0.7396980406548073,0.4178184590754639,-0.20810034595640972,49,0.0,0.012441664373841905,1.1742852715042977,-0.17443403442186378,1336.3818293093489,679.0857609804983,906.7552842648481,0.0,0.0,173.0416590654879,64.08262407918717,76.42340279755848,65.05070332547776,85.51238601073689,76.01011625990326,71.57598533914279,81.19567675995637,66.26956346968025,76.99698585189617,93.42966357982857,101.03461686813012,75.70133930621259,37.55484469632484
184,1196.2892094617146,680.7291840160007,0.6284733336993997,0.1724463587883799,0.11487618061526855,49,0.0,0.5039214779796625,72.02637405340849,-4.643728880262801,1196.2892094617146,680.7291840160007,8457.565805212695,0.0,0.0,173.17521383724585,64.08301690537834,651.0608440006326,734.8507224977141,755.8158529412372,670.1848574488142,794.2021140544164,770.3843275502702,730.4957844351051,728.6779828038993,724.8902930982216,779.9285798998299,755.4879694939782,361.5864769885767
185,407.12243608628154,687.1885622300792,0.46654068250565867,0.9240071815763563,0.31999138464214805,49,0.0,0.025948147137091003,3.6280803123445047,-1.3991922304395457,407.12243608628154,687.1885622300792,1119.3524018860942,238.89524825099275,1218.0483594342209,173.92750697366913,64.08177759156105,147.8846532921528,173.7075777846224,131.7060466503329,103.69065174829086,82.90974910046944,86.84640978269576,85.28779921008514,57.45138614931037,82.08223726458226,84.9796058604723,68.38454520187989,14.421739841200054
186,1035.8252381326165,690.8738514620711,0.6638293249946698,0.3929972519576859,0.21541532359314924,49,0.0,0.07127893878930674,9.352858042090695,-2.427360856657812,1035.8252381326165,690.8738514620711,1691.209034695454,0.0,0.0,173.32825891744963,64.08675878745058,152.68184810947895,111.01253546032319,145.7897456749447,170.23447481192733,135.6404106523973,132.25927082220542,144.07205581473545,169.3872461970521,155.89704075515502,145.14883959919072,147.37849005349975,81.70707674454411
187,2210.742172805974,691.4387542357026,0.6450103616804773,-0.06809553248592683,-0.014500917273356123,49,0.0,0.027051631967724497,3.410894758248222,-1.3321707990922438,2210.742172805974,691.4387542357026,1043.8120655068187,0.0,0.0,172.2080503131012,64.08682720622164,94.00980581215407,73.30677203339046,104.14413377502012,77.95246868544814,104.77122787578354,86.26196235788538,87.32278209807585,94.31283704206382,102.19323131826575,85.1792049561841,86.62429209748478,47.73334745506287
188,2120.7289808427513,694.8374151733065,0.5109190256550372,-0.08054538010712865,0.0040481597147515045,49,0.0,0.01922685380858879,2.880363157611394,-1.1486181181860382,2120.7289808427513,694.8374151733065,961.948128433293,0.0,0.0,172.29384234301847,64.08856049099927,97.61520207844939,76.72202849620466,61.02792171967835,82.12451756006112,74.3089536585328,98.02738951583942,83.79432831097611,91.51282213723644,97.63044271162454,79.9766342600859,75.33416556850793,43.87372241609638
189,2571.5990813998465,694.841798288552,0.28335933888375403,-0.3116689421347239,-0.7400336708084433,49,0.0,0.007052119617915997,1.0092678118109022,-0.010016056719200448,2571.5990813998465,694.841798288552,933.8042614733986,0.0,0.0,171.86399706420661,64.08646569305193,66.58168687366485,79.64977753934883,91.43989244298301,62.981275982163346,60.121666397137,84.94810852680001,93.5380233596044,83.70593109857246,102.39808163829642,77.39893250641937,82.22202059127511,48.81886451713373
190,1924.5926144583739,697.8971450114739,0.5313102480295915,-0.06810854048927367,0.16421430255407993,49,0.0,0.017166639867001437,2.2819940733482214,-0.8957862804032262,1924.5926144583739,697.8971450114739,926.8106436079161,0.0,0.0,172.48083859429067,64.09035171718804,91.62388601309846,62.13525979157435,71.47015479859118,76.83857511887405,85.86333106005915,73.4892305333729,82.16248605346254,86.33594577180355,83.00546193389934,86.67133619631848,100.23543881732635,26.979537519535604
191,2455.961186397297,702.5797016747534,0.3739550721908978,-0.01773852027010186,0.40671589942107195,49,0.0,0.009564769513512657,1.400271676243721,-0.36553076070808327,2455.961186397297,702.5797016747534,755.3680262166681,0.0,0.0,171.9741397838955,64.09034793610067,54.91291967859368,67.86833326741078,67.03746731603391,54.807494650193384,61.96267799021125,65.23453811181102,71.00254916597578,58.11948396154948,59.12610250363333,83.89276334005547,69.97182300041237,41.4318732307876
192,1423.8391942284863,705.0545682052115,0.6689594240500643,0.2532526235497775,0.09401168493749211,49,0.0,0.08132633558395176,10.983635832246916,-2.601865313060027,1423.8391942284863,705.0545682052115,1716.7771808727373,0.0,0.0,172.95835330396233,64.09356407628435,123.05340542388299,144.92194154020592,150.6613497837189,143.92131263243184,171.04496197955837,136.00443850741524,158.85652657101429,158.6302076591299,146.01670817016046,153.18369332306867,157.86841876166693,72.6142165204839
193,800.0223737174296,708.6784333991277,0.6711949857270553,0.3986476440003474,0.2500077234201042,49,0.0,0.14928582874970567,19.77036148532757,-3.240036525288204,800.0223737174296,708.6784333991277,2987.5746181489535,0.0,0.0,173.55326293621556,64.0931726816047,236.14144503095093,231.95233290018587,240.95045484036285,234.19101811175608,289.62903842136535,261.445135596094,263.2391850477238,299.2919023555931,248.79943884161287,287.66013555863043,260.8157379873471,133.45879345733084
194,1374.0786330234466,708.6075277674696,0.6392521171129885,-0.06405129226893129,0.2293624366840095,49,0.0,0.02013070501325309,2.6706814949919724,-1.066555243064081,1374.0786330234466,708.6075277674696,886.35755934447,0.0,0.0,173.00581923580478,64.09498184192267,69.77734921348627,84.22168339356642,67.35985808923871,85.31213216295389,70.30598040914101,80.70146913636177,90.20973579174856,73.4761213024886,87.86691644678297,64.83885328852651,71.5848105517972,40.702649558378155
195,1097.1269170665953,712.7118430275118,0.49032523733617833,0.31150693949153785,0.2646651391163516,49,0.0,0.025650019386472985,3.8054220207205027,-1.451007067422757,1097.1269170665953,712.7118430275118,1132.0835575072686,0.0,0.0,173.2699720943011,64.0960613929836,94.29200435268737,100.47208985012534,92.7171830063427,91.0622716283747,87.88438176019768,122.45289863834687,91.38929147631376,92.71822418353781,112.10363900808133,87.46260948274315,104.48926840176361,55.039695718754274
196,706.3486107120827,714.8159135454997,0.7131949025511547,0.06175345592687622,0.25487154604445533,49,0.0,0.01118539541268936,1.0040146373971282,-0.0043501109429780575,706.3486107120827,714.8159135454997,903.2998705919106,0.0,0.0,173.64266207862488,64.09523447586074,63.43761856528111,87.4952837563591,78.61749074132408,71.07043100205712,95.89935068534612,77.07933337346769,75.40123932845876,72.2758007090159,92.63032623405255,68.97405239579021,90.3636205431325,30.055323257625446
197,1156.4563937635091,717.7114445866184,0.28980235159179346,-0.14230807925636257,-0.7150862640973412,49,0.0,0.0077936023882621865,1.0486627202367023,-0.05158957297818026,1156.4563937635091,717.7114445866184,836.7481204804412,0.0,0.0,173.21342042238243,64.09831975778441,64.55613717430595,68.53871891434098,70.999242309966,63.90977895239783,89.03157843873475,89.40186615821443,69.7640628675111,68.70934181315388,76.6280529420577,68.67862930689878,77.50698664253581,29.023724960324028
198,2190.080221204006,725.0694146632168,0.6891151462749882,0.6429189106725692,0.17412400153077287,49,0.0,0.04164004376054213,4.756743667570827,-1.6932743717392706,2190.080221204006,725.0694146632168,1445.4184365490057,0.0,0.0,172.22746491917906,64.10091601284226,110.4116828903016,129.16218206197576,119.8939007052521,124.41753702973287,122.49705679228732,127.60185473974293,140.09761398307944,124.72723798351949,116.95517798720859,138.5176200197953,115.02842604166631,76.10814631444418
199,1720.9619383097813,727.0610559213919,0.7858125355001189,-0.013443400656817601,-0.31523290286775557,49,0.0,0.011636007739750903,1.1198608293323946,-0.12291013522794694,1720.9619383097813,727.0610559213919,863.0298144375165,0.0,0.0,172.6749601603989,64.1027851306405,90.37843607388422,75.76073002278247,66.1615144184684,71.96838810936165,74.49376831373705,62.110692083175785,72.79830101176921,70.00658627457925,80.6540679460636,88.62707014574002,76.06862310371044,34.001636934244395
200,2334.2928736268727,733.2921214994362,0.6145717108275751,0.26663523760397173,0.09018676538213892,49,0.0,0.05879462505473922,7.809315969326094,-2.231532487459831,2334.2928736268727,733.2921214994362,1585.9614918030115,0.0,0.0,172.089823178421,64.10374630431359,136.64656906987756,144.7896377466318,140.385341701627,125.2763517357148,121.59706940738758,155.93174576597707,144.59584763655687,138.39751229807774,118.51355725757799,142.301816350209,152.61627448844825,64.90976834492562
201,1669.247969348072,737.5186461697987,0.5027871864419726,0.3990943326950532,0.2835314866742577,49,0.0,0.016542214428311233,2.444855559001336,-0.9706330157230524,1669.247969348072,737.5186461697987,938.0868468373087,0.0,0.0,172.72428387863582,64.10717281550816,66.81229363784563,92.53631769901739,84.84264091374561,70.9819671253625,67.76941156623067,83.47247723442462,76.06535703309275,81.62465146508522,95.23910960589323,86.3621946270502,93.82019668221622,38.56022924734461
202,2704.6797148795713,737.1779953038243,0.7677609785071925,0.4183868478302197,-0.049481165424028375,49,0.0,0.012412495797768977,1.1286623728861298,-0.131410117164867,2704.6797148795713,737.1779953038243,968.32952181464,0.0,186.52416146571318,171.73647040514155,64.10324096224949,89.90836785505985,89.66003004130454,113.81752063403204,74.44173802327435,93.91316472865388,81.31088189011378,81.4209777632893,63.112992974733096,75.99571117177302,75.97935394855043,83.17111491523954,45.59766786861614
203,1819.0511892396155,739.5847041999978,0.8170470171636324,0.5026800034471661,0.5147064367682658,49,0.0,0.013498155486260545,1.2349466822341084,-0.2291205192698413,1819.0511892396155,739.5847041999978,949.894534836617,0.0,0.0,172.58134639799098,64.10789931231113,57.59418017496913,84.85098989642705,82.48353446567201,83.1148797495785,84.68602695843776,84.2886752742892,77.94576434240457,90.98813864217003,90.01283602415185,85.72117611171478,84.4124145948713,43.79591860193085
204,2155.503764838419,740.3193294821726,0.31766052546183127,-0.23828148093025645,-0.20700520469547207,49,0.0,0.008245305535153534,1.1613141145226815,-0.1623742611312984,2155.503764838419,740.3193294821726,814.7283015772873,0.0,0.0,172.2603249052945,64.10739309681198,78.29172140986068,57.05662804236829,72.0579381566919,71.3218269370905,61.97463191612257,64.02379562918783,67.83963238104937,78.71986535225864,79.77168711252327,82.99324695330036,65.1083366037236,35.56899108311026
205,778.9531415469851,741.7694191213126,0.614122875372382,0.4085587155248167,0.2619899049334684,49,0.0,1.64992814674682,239.04035009570816,-5.946178040496006,778.9531415469851,741.7694191213126,26796.19438468058,0.0,0.0,173.5737429232811,64.10685214926575,2084.2309545802527,2298.647044013156,2239.0021475827134,2350.261116017071,2461.3680427466315,2339.9169973913117,2343.2498222528775,2389.0194978554327,2451.9379306100454,2374.1717395095443,2315.6846820701653,1148.7044100513774
206,725.3360696255528,751.0925816298279,0.6833368770557128,0.5375568818087387,0.15937678731426638,49,0.0,0.012041606485359657,1.156752697826119,-0.15810130263132854,725.3360696255528,751.0925816298279,971.1557973345957,0.0,0.0,173.62501067611262,64.110452328656,82.96202813760368,86.29496488981701,105.12104017258953,79.29507730490933,88.47617686634338,81.06189757697538,75.59260853833881,81.49242450259852,85.13038607862168,80.15535202885724,94.88016292655792,30.693678311383227
207,1943.8231607432988,753.8009318985387,0.656068894160158,0.29477932399388307,0.21449503381179355,49,0.0,0.02189281837308705,2.43549729531598,-0.966469129031433,1943.8231607432988,753.8009318985387,1094.106826351271,0.0,0.0,172.4622265493842,64.11360360990203,76.69110053342021,101.4534358135354,79.01839898825166,109.97841293372059,85.59045918669601,78.72601719579708,110.28658216506363,93.90338716572096,111.00038369585116,93.41667106550233,110.48472765033824,43.55724995737356
208,1291.655440521631,754.6261279590561,0.28575226767287304,-0.15164312097110572,-0.26855556585617757,49,0.0,0.02607051269518821,4.603165987858087,-1.657641589044132,1291.655440521631,754.6261279590561,1496.381660464363,0.0,0.0,173.08462976426983,64.1140176216732,128.87430894429744,125.94256649162537,147.83709160205404,100.22299604093608,128.38226355379095,132.0991414372175,149.20619250646914,120.97554397415215,137.94129152382067,140.01678628044453,134.7908078534653,50.09267025609015
209,848.8583240231839,756.6488592581586,0.8145841933742258,0.34696659127207213,0.25118357418135345,49,0.0,0.019587158056226888,1.9801419470278763,-0.741740809746368,848.8583240231839,756.6488592581586,954.1729504155443,0.0,0.0,173.5072117892945,64.113394403491,71.6724192979054,85.2534757541716,92.58941993885001,64.74527239176246,86.44473396273523,74.51299692545011,84.00149345642983,93.2506972743893,101.12471405870357,68.93413267160045,88.63245753685842,43.01113714668794
210,762.3520469701486,757.6331385793376,0.7910326214688158,0.4272614766579173,0.320452126545162,49,0.0,0.0269347814663216,2.931925841826329,-1.167882453383747,762.3520469701486,757.6331385793376,1186.8901051594078,0.0,0.0,173.58977119017996,64.11337514519388,99.90187896677898,110.88909992541232,99.02957651457137,116.73443218070119,95.9403239921698,114.42071318043752,77.33519553871297,95.30139013491373,107.49809428323572,110.10789915006931,104.6455550966125,55.085946195792296
211,340.37597727581266,766.3020883417423,0.5887879928310762,0.8491968045675717,-0.21012766748666736,49,0.0,0.013168868921286197,1.4150499959739233,-0.37692946112075626,340.37597727581266,766.3020883417423,878.7999436412748,325.5024218652081,1100.795963840868,173.99254541604742,64.11422246553511,72.01800931986286,70.56752639956458,67.4687169911576,66.13806647759696,62.46982741527715,65.72579745048867,79.65820190864507,82.73574657553799,100.98898897883608,83.38801729549064,87.42083058674461,40.220214242072615
212,2191.160090266287,766.633410594178,0.8033066936668454,-0.16523882915239912,0.13785718006262254,49,0.0,0.017196027209734555,1.6368975172687086,-0.535053724983843,2191.160090266287,766.633410594178,970.4601310868425,0.0,0.0,172.2260828419966,64.11822885690144,77.77960891854391,77.94054133537406,83.35546252835334,104.13294130385592,89.03067137652873,80.84546286386143,82.44793367244492,84.93373829988573,93.57734996138214,84.71689954952421,75.63171529354943,36.067805983538605
213,1737.9038873557843,768.4396754096758,0.6650515050930003,-0.5256711360666461,0.23593403351241252,49,0.0,0.011629293353581916,1.139101960176484,-0.14140649799448812,1737.9038873557843,768.4396754096758,879.865547003136,0.0,0.0,172.65871639618453,64.12001188149438,70.90788802858401,79.54242515850592,84.17886695399716,79.88718434054056,59.2882074866768,78.26956217520086,70.19393883700909,74.99775241351699,85.01878569519505,95.42456138730364,72.54718895387094,29.609185572734955
214,2355.8727075702755,769.6391501813283,0.6644017602515674,-0.014536067715997138,0.058232739970398635,49,0.0,0.01681360667399829,1.8088002273918686,-0.6434765098357221,2355.8727075702755,769.6391501813283,957.3531325230504,0.0,0.0,172.06884392594492,64.1187888407371,96.62153491233117,78.02301881167054,73.78805643817334,63.78750726348888,64.78168751673721,99.34635873698404,78.88808822143528,82.13609438191642,96.98602520122222,83.50236722039735,84.84255052290965,54.649843295784194
215,1718.008703963752,771.9473337153278,0.6652735004159531,0.031310520493162075,0.13957230065812604,49,0.0,0.030271885800978036,3.8892444167182876,-1.4746630923097297,1718.008703963752,771.9473337153278,1118.4028726954086,0.0,0.0,172.67770183070698,64.12148918690455,93.26701142800673,91.7988879794242,81.05276797715949,97.30698555736775,97.33033613253522,85.45972297491939,97.37616319308898,107.75265545249258,114.38186411675377,97.65962953899098,106.0310063935521,48.985841951117344
216,1567.9102936641357,772.4596518124688,0.5918934151270352,0.15587122585674174,0.16174733547915798,49,0.0,0.05563945333219628,7.933105042794266,-2.2486080121190386,1567.9102936641357,772.4596518124688,1617.8150322746967,0.0,0.0,172.8209896011306,64.12174245109973,126.55646498982881,130.41408934940958,142.4693761942058,129.72677740824253,145.42112535924414,157.66901300855352,164.53110951955568,128.19012090072124,156.27016164171403,139.7726232093058,130.27699520261564,66.51717549129997
217,1750.757170997537,774.5927125918739,0.6010682014128055,0.3431585930870253,0.3794387402147788,49,0.0,0.016349678071444596,2.0076411304433206,-0.7567152111761676,1750.757170997537,774.5927125918739,900.9309712920046,0.0,0.0,172.64643378066435,64.12256399966758,69.96251271262071,88.79775852083662,81.34121061880928,71.06647014923293,76.14952309858813,91.54115992646342,78.49528147203245,75.20342616123199,79.36446972170675,80.03688518950476,72.81674545551061,36.155528265467105
218,1364.2817516962155,778.5813783549462,0.5938452619292993,-0.1083090117367067,0.07595064163618524,49,0.0,0.01823776334400845,2.390125173957471,-0.9460516152735545,1364.2817516962155,778.5813783549462,967.6498608436149,0.0,0.0,173.01539956563457,64.12412211564369,90.14222552137446,88.18437392994262,87.69240225193562,81.19520873985084,81.74436963223917,72.55633697461107,70.3390165873194,89.86804782389893,77.46545641002811,95.93545264344874,92.47616277165902,40.05080755730683
219,586.0890311554352,781.1139244768391,0.5805060792121697,0.3734398206492298,0.23007542921190718,49,0.0,0.641966358859871,93.29282226518602,-4.924620578537304,586.0890311554352,781.1139244768391,12339.7750083005,0.0,0.0,173.758301612545,64.12213771501061,974.4501844514696,1118.6951158363509,1046.882559567782,1079.0087795701209,1065.0924263275244,1109.5553867285573,1153.7682646668663,1050.166522104983,1077.073569576604,1132.7709376572661,981.902447123578,550.408814689397
220,1332.7414835985837,781.9941996118289,0.7701461997565596,0.25211442628574005,0.10404947047653716,49,0.0,0.0754874978580281,9.413932220087858,-2.4344276677000334,1332.7414835985837,781.9941996118289,1534.7048096592648,0.0,0.0,173.04552428006323,64.12549441263778,122.56357619380402,123.28402887118492,127.51280466378321,131.06364113618972,147.17017998429105,138.7291661369709,141.38324624171523,145.8764928922092,115.52427601587068,130.0854108005545,147.82539524215946,63.686591480531966
221,1301.8603066986532,782.8908567968928,0.5320400312470066,0.26379319046819105,0.1372028347101865,49,0.0,0.016457372285736804,2.0818516544067767,-0.7961244498624785,1301.8603066986532,782.8908567968928,1257.6786027033133,0.0,0.0,173.07501186037402,64.12581336837162,98.4023062267731,117.85718174572423,112.02027518137717,108.94389253711965,97.17183682051773,109.52434164429134,119.92363865995877,104.80445568014954,107.44015083645948,114.60581617503587,112.0374739229415,54.94723327296509
222,1402.2806603764861,783.2198883828855,0.3329507244114368,0.7685703785429017,0.05902946590896972,49,0.0,0.006838267818334252,1.017525822928145,-0.018863599074578623,1402.2806603764861,783.2198883828855,767.8753019842034,0.0,0.0,172.97913491931905,64.12610630944366,44.96942962913734,62.776247500719464,61.40112569145262,73.9606670309985,82.13293111695293,81.99861671671744,71.19531308422012,58.406337135385726,69.73898982025685,65.37260800190485,66.44651032725811,29.47652592919938
223,2123.829764506931,783.9030748655209,0.8893823383679991,0.7362621585696538,0.2731478114520222,49,0.0,0.019306490997794162,1.7887822709172276,-0.6313937045573963,2123.829764506931,783.9030748655209,896.3982644471769,0.0,0.0,172.29021765905438,64.12565821932267,90.1794921964681,74.70287246651354,66.75330626962052,91.10326174184368,68.54874882326553,62.4079606226245,82.24820969992436,74.3497174583069,72.40799610225112,88.9715602845395,76.22655348570524,48.4985852961139
224,2186.5743316397093,785.3846455324565,0.5659903997294875,-0.09225153555958868,0.20937335422264203,49,0.0,0.21406788533305532,31.887864406129808,-3.759063586623375,2186.5743316397093,785.3846455324565,4315.258790723969,0.0,0.0,172.2303020243862,64.12605806583255,335.7957197926757,376.7717869150007,373.4555918423099,351.93678905467516,378.8051586481093,389.22751051695786,365.1448262082271,379.0044969384097,353.10773815090954,421.8087397679804,391.38733600087295,198.81309688784057
225,2567.597683123756,787.6713931719103,0.5981588800809033,-0.07339100408914999,-0.12462910718839859,49,0.0,0.010375706000391586,1.0228324178358996,-0.024511210450993658,2567.597683123756,787.6713931719103,872.0206097717985,0.0,0.0,171.86652455469368,64.1251623204923,67.80385747927234,91.41154486096562,64.91302479934407,63.92426676263215,69.09496554625946,80.63792290074926,81.11917294622265,70.83172900666017,88.95211457072662,61.64877125632876,82.09143113211064,49.59180851052666
226,1299.9850058358281,790.1666665657779,0.6181658512630865,0.04646439050653742,0.1520067058950441,49,0.0,0.02029410087899137,2.217167856532629,-0.8644964344171303,1299.9850058358281,790.1666665657779,1289.6808294658285,0.0,0.0,173.07683371256635,64.12884130174236,104.96093713192121,112.11367578832554,120.70135084401588,94.82090010440032,102.12214380596015,110.10440746099786,126.7849972380722,117.07774319480316,115.72164535205602,124.23999439237326,111.40942704221195,49.623607110691154
227,1506.9355239321105,790.8401782914191,0.6334831508646238,0.244441775553432,0.19305558482114435,49,0.0,0.0780275271034844,10.785639873115123,-2.582114788320482,1506.9355239321105,790.8401782914191,1760.6715109243946,0.0,0.0,172.8792227016257,64.12937670000552,145.3918253030596,148.28469015337757,146.26817400491313,160.80997571406368,142.35546452641177,149.40660035459638,155.8323343943175,133.90672366069685,151.0627839892966,179.1309829659491,163.887400474288,84.33455538342449
228,2514.00598992555,790.9881118423659,0.5967384209830996,0.042765918409275884,-0.17069928551920835,49,0.0,0.014814958423779586,1.847791011433659,-0.6666321253897965,2514.00598992555,790.9881118423659,843.1282514975642,0.0,0.0,171.91764055243087,64.12685886510577,65.67944287349262,73.70037004783887,52.24364414256402,71.30968179435243,77.08637428316315,64.98006443908804,73.66387151295767,79.42987419939152,77.32326944006513,74.91417533551221,85.44160270683051,47.355880722308
229,841.3686511277442,794.2992308073088,0.8441205719797635,0.7454333626931515,0.3409156292387945,49,0.0,0.027255288554480485,2.8958483618574653,-1.154439541833535,841.3686511277442,794.2992308073088,939.8300585150195,0.0,0.0,173.51476902094294,64.12904490962647,74.99658266496687,79.74126294436326,71.52927473986624,93.35470291024522,71.48554593968598,89.21371471198242,82.21294797991452,75.7829417231813,94.48057604952143,92.83440857687512,75.03699663630603,39.16110363811103
230,1589.5959257042027,799.9211259647528,0.5095190912800314,0.183963348159765,0.21748014135660299,49,0.0,0.0509656915355392,7.802894314503608,-2.2306393117465038,1589.5959257042027,799.9211259647528,1597.3755175220672,0.0,0.0,172.8002921001172,64.13318727611662,134.89405591261743,106.54980961669565,138.22127475491072,148.53477379644966,159.38544602740905,130.7454582419706,138.1799592225892,160.91849047831275,129.8108027471581,154.10225926062347,137.3438340605743,58.68935340275631
231,2092.487768236151,800.4847633909367,0.8274464530820779,0.16713041509715867,0.06371408725085317,49,0.0,0.02403302793639843,2.6306073853258582,-1.0501400876125033,2092.487768236151,800.4847633909367,920.227518559361,0.0,0.0,172.32002359874758,64.13266618108939,61.30825390915176,73.43673524924401,80.63391003432011,77.42234556887111,96.16421298008862,94.19713277037253,92.20600377410035,76.35181988285454,76.98634962261144,73.39277612472875,77.10359428745403,41.024384355563704
232,1532.743631012296,803.4456988611729,0.5514202062369543,0.11472152998126373,-0.27641322358191434,49,0.0,0.015684000376174633,1.9306878140239065,-0.7142801386074326,1532.743631012296,803.4456988611729,980.4950903121589,0.0,0.0,172.8545909528732,64.1346418243413,81.71732074257717,87.4574451625434,99.58167352702327,63.10374821627876,76.36184239040925,85.21990036405347,81.47335214560201,76.30718476019587,90.25971556819776,97.10143566220563,90.71878136453121,51.19269040854114
233,969.4914359906089,806.164593138228,0.7126398958849915,0.4684381147841845,0.5447875762989988,49,0.0,0.012228140127422125,1.247624254529212,-0.2402095227508537,969.4914359906089,806.164593138228,874.6984256600792,0.0,0.0,173.39254270681153,64.13454477754367,66.75640861556286,77.35857510392019,68.93857633749946,85.1154256997348,70.5097871334475,75.87954636163394,80.80939233779637,80.26342231521626,63.444738829187244,79.36235771639994,84.91382167830005,41.34637353138058
234,739.4238370096741,808.3940395402648,0.4497156302132517,0.18444187852020888,-0.0463135551951989,49,0.0,0.019311390819053555,1.5886414179707913,-0.5025647024730063,739.4238370096741,808.3940395402648,1597.1754752962765,0.0,0.0,173.61227732711635,64.13440096312242,129.45592591586038,151.67679494139537,125.63372417588482,137.46179938590575,155.66758462610375,133.32876399002032,108.36813527854362,148.37141229418162,138.05615297506117,151.7932413996956,140.317647388943,77.0442929246812
235,1402.111927671608,809.9928794690576,0.4140599201638809,0.30328507946912175,-0.19370616188916814,49,0.0,0.011717960335162753,1.6327903135510178,-0.5323260382120054,1402.111927671608,809.9928794690576,880.6590620392215,0.0,0.0,172.97937230656143,64.13726107082213,68.79697563894985,71.50160689520213,77.77332403502528,63.886688240051626,82.06483294275702,86.36084087266897,86.27678170062674,69.08603758026678,74.99239899038031,94.63161312049843,71.23860670820739,34.049355314586904
236,1438.711514374531,813.2251818714485,0.5173823281133876,-0.09952012503673549,0.12994184520480231,49,0.0,0.022391009042444676,3.2218652407782193,-1.2702684286543526,1438.711514374531,813.2251818714485,1188.2886342264494,0.0,0.0,172.94442126503208,64.13864901124644,98.77716011122905,108.01575342844635,100.49101687892036,100.09399923445089,100.54404752913692,102.29966995214298,124.0869975426831,98.01468606597518,104.84238399615907,90.98253693829483,102.96021323220239,57.18016931680827
237,2729.2336374503257,816.4436940624312,0.41622393177164013,0.33763693118588445,0.6886357754890278,49,0.0,0.26596492746314293,22.826078336140846,-3.3960782584373628,2729.2336374503257,816.4436940624312,25053.517463232565,0.0,0.0,171.71176716051215,64.13609021238486,1907.9565068108627,2085.0332925630305,2141.1000273422146,2206.409177856305,2311.6353536120673,2194.422781109597,2281.265985674511,2245.159932449603,2239.0836557256002,2194.10134550701,2176.3051639070977,1071.044240674661
238,314.2724607048018,817.7725824986566,0.5410109357293454,0.1938499850898746,0.3628202772776891,49,0.0,0.02410657265464537,3.092929549457214,-1.2259250694628163,314.2724607048018,817.7725824986566,1208.5319637809062,77.01144911359492,1095.8643200315603,174.01840143838018,64.13545532048343,105.76717226492491,98.05994534730789,106.23322010676308,105.70159721030731,121.35935181209837,105.78085269066575,86.43847814899786,79.44700674978236,114.9393592173025,94.10670404839004,107.68254337308971,83.01573281127631
239,2729.749534337277,820.4825669036301,0.5521877039480474,0.08733805600692139,0.8777791255322684,49,0.0,0.28525669580020657,20.25327750857047,-3.2662382835320756,2729.749534337277,820.4825669036301,29302.689452907733,0.0,0.0,171.7112089912279,64.13776908207561,2276.0090733193856,2458.14144220923,2500.4407341310225,2613.6111144610027,2622.125494855986,2540.813221102021,2633.9617173698507,2600.6294065103734,2638.5972764992625,2613.061395308001,2539.289439186797,1266.0091379547998
240,1156.7404183786748,824.313552430306,0.6242722216162992,0.08452574814005323,0.2688423840652377,49,0.0,0.06042342328716106,8.511232682639065,-2.3249811588774554,1156.7404183786748,824.313552430306,1519.0714544871598,0.0,0.0,173.2138283943874,64.14273525128809,109.35554907509936,130.102643416961,138.18262607160472,132.35615362824836,122.84039199026108,141.251613181379,132.80941501203014,123.22612280565812,128.4296270638262,134.86746384293008,154.75112237427663,70.89872602488515
241,2371.895434797925,823.3674649022388,0.45444217198707204,-0.05854232021835854,0.3862509477525369,49,0.0,0.021172288602038004,2.8481405300759755,-1.1364035350339194,2371.895434797925,823.3674649022388,1148.9061214232993,0.0,0.0,172.05295606772162,64.14109662878711,107.61434352481726,106.7877925906871,96.37027328692395,76.47932876137935,91.5677724106391,120.3647717483967,102.82865688898517,82.52553791117167,95.91504463585554,98.67479038481599,117.48309464658941,52.294714633038225
242,258.25037359714463,829.3925858108155,0.228782715293434,0.4276672543539123,-0.23372293438803712,49,0.0,0.003955194872306576,1.0694313228111834,-0.0728822502450043,258.25037359714463,829.3925858108155,296.8074481225214,57.31034278879541,224.62962147551409,174.07211678186053,64.13983550916619,15.444802212784499,26.28551114906709,72.41908608449147,33.911593945584876,21.953049147862032,29.73506859985632,18.047657908117223,16.21429575760653,16.351438420535754,23.915140963805836,22.52980393280977,0.0
243,2730.235410628606,828.5633714385128,0.36595043368023505,0.057087757911367235,0.638517060805477,49,0.0,0.19410327344923284,16.69114618155321,-3.056215401798796,2730.235410628606,828.5633714385128,22330.80180229408,0.0,0.0,171.71061380529497,64.14113194686774,1787.3508075635518,1946.2167285971,1931.000165878038,1964.3049379195384,1914.1804872486664,1980.1798798690515,1939.6313263389986,1942.9692900687724,2043.8971474671557,2003.260065330975,1943.5642296747833,934.2467363374485
244,2127.117910796332,832.1090388896382,0.45496532936600653,-0.424513825160123,0.028985157079338186,49,0.0,0.009240399868459717,1.267237075696386,-0.2571446765834108,2127.117910796332,832.1090388896382,827.831268809256,0.0,0.0,172.28671368113018,64.14573180936526,56.19201204131879,64.75786333544545,60.73684411123425,80.92864082722619,71.86107627930683,65.68408297897025,81.85551467133666,86.21764066754943,76.52066742310294,78.92338374616173,75.05989849663214,29.09364423097122
245,1272.0463358732152,836.0293390807385,0.3670955629957053,-0.1150702245000446,0.39056871526174386,49,0.0,0.00862909390870957,1.1211555896973189,-0.12416471627355016,1272.0463358732152,836.0293390807385,891.6726598372944,0.0,0.0,173.10372769187725,64.1478949378319,68.06402954591877,87.93200583488141,59.43498723943012,67.94284068053099,87.21535596905747,76.66239759175532,75.2503765317676,79.76478941154346,80.91359363466708,78.6731073830354,85.25979151690981,44.55938449779697
246,1628.6958496842587,839.4564651380952,0.7781226975718403,0.9248295838300925,0.7490125578451171,49,0.0,0.013652425069581774,1.1369490081746942,-0.13935246786499686,1628.6958496842587,839.4564651380952,1004.277069527431,0.0,0.0,172.7629346159571,64.1496576884851,63.789579841569164,91.35715253106727,88.80843705779125,101.72236906989815,80.1912654579622,102.13002118325817,82.69979394763504,75.23875718673312,85.13946300505808,90.4137872844125,102.32799129570694,40.458451666339045
247,1007.3386468573074,838.6248096518754,0.6006150657696995,0.16127695012871335,0.13786249198385364,49,0.0,0.9866786511103917,143.736760743813,-5.39391963339207,1007.3386468573074,838.6248096518754,16813.425845620997,0.0,0.0,173.3566747131665,64.14821354412359,1276.336040022863,1378.2445068225843,1465.4429772305539,1366.243903991748,1522.1236238971817,1495.3247357858193,1532.3237374030864,1447.376645525274,1515.9233467725953,1605.275462271174,1488.4967492719993,720.3141166261203
248,2307.1776203443033,841.4599730253774,0.35983016467255785,-0.23739703078862326,0.45780403935304814,49,0.0,0.014330390233418396,1.7590229486517641,-0.6131787635211623,2307.1776203443033,841.4599730253774,6606.3594537078525,0.0,0.0,172.11459190113888,64.14893340450305,543.9255130046766,571.5435120723239,552.846662290617,576.6562639273486,576.4875716365183,596.5692654646064,558.4347627943566,575.7152413676135,518.9637589225604,590.5120123325248,636.9622044232921,307.7426854714139
249,1157.950304467581,842.3593473087044,0.48360538234126554,0.12377602501697844,0.4547782586558505,49,0.0,0.014361476938584186,2.0063443716876934,-0.756013694950932,1157.950304467581,842.3593473087044,980.1920076475067,0.0,0.0,173.2127873826936,64.15025724480884,71.70973713421981,88.23819383523163,85.04477423721193,85.43711359198372,82.76484386520059,77.29391965856385,80.48061264218349,103.18568193657566,78.55063040139555,97.002814450627,89.85412502157001,40.629560872743404
250,1954.1839202442077,845.2299563161733,0.44461424978418884,-0.3157766293696675,0.16959936700871847,49,0.0,0.01046527166053777,1.3121315898472923,-0.29494347837428914,1954.1839202442077,845.2299563161733,894.5308025601354,0.0,0.0,172.45187447375832,64.15167453329666,77.86352433483063,68.3697719517387,78.54892965212221,79.29238735359002,80.52845301981762,75.30319564717706,71.77899620007699,78.15947418181159,86.1684064777942,69.51016936992903,84.58434404379575,44.42315032745165
251,464.2967694232564,846.7981702454255,0.4542006263162959,-0.11420291555163135,0.2473421574009867,49,0.0,0.031905922352328045,4.662910549394352,-1.6716427106944272,464.2967694232564,846.7981702454255,1522.130587141532,0.0,0.0,173.8756182630737,64.14868236987228,126.81346430029862,126.75593735942034,120.28043715388313,135.13884234149688,142.7662351284174,116.95080180671523,126.79155616329086,113.35404830763042,125.61919559370139,152.33393751005798,143.69450863881644,91.63162283780335
252,1283.3425215460297,852.0809807499195,0.3829836815428623,0.3987448385259271,0.467299646248016,49,0.0,0.007780630440151018,1.1610091320939997,-0.16208908940335662,1283.3425215460297,852.0809807499195,792.3876131810666,0.0,0.0,173.093007206619,64.15460562792582,73.9026344830235,72.45197577864744,57.535726807728814,65.68498976652036,48.82260516558489,71.16661835786236,67.3707713219461,74.20916460299763,62.998905777913194,90.31391436965626,73.57869766682677,34.351609082359246
253,2309.250164053705,851.6985636547722,0.5820555134240653,0.09783637861624213,0.11715329433687721,49,0.0,2.3132864113786087,334.60363796134476,-6.311326646242781,2309.250164053705,851.6985636547722,42500.45162725213,0.0,0.0,172.11250723953825,64.15318988398968,3245.4073868873843,3634.1358709058413,3696.3201843030774,3736.2480215468386,3789.851926969739,3743.149678709167,3914.2685815640293,3654.2891819356546,3816.189971479127,3701.4404716372223,3747.3050076559507,1821.8453436581137
254,365.2051272498742,854.9576068591008,0.8761059831723959,0.8806892783871081,0.6411181169597341,49,0.0,0.013622980910978003,1.1962282332870977,-0.19453512095533756,365.2051272498742,854.9576068591008,932.4582967949527,1.9938673988082556,586.3336866115462,173.9704280669037,64.15134659835762,59.29350124674232,75.4999077284755,91.62814158848525,69.20216770953566,85.95953748058177,80.97306858533162,92.9200507794192,74.00025969595377,87.81759115106962,89.23836292496443,73.19702860700141,52.72867929739206
255,1098.4381684976804,857.9465674727608,0.5098804802346174,0.015521633407060633,0.07062817752580917,49,0.0,0.025717620251203978,3.9665535913869046,-1.4960333158397345,1098.4381684976804,857.9465674727608,1035.2825455772565,0.0,0.0,173.26976838984245,64.15657571413693,79.63783377885781,87.27548871258674,82.09144412452648,90.45691520495963,110.70822343619736,104.76898856175686,75.27936455895961,81.44732633450334,84.20408593683005,117.6954636165027,77.24593379519115,44.47147751638487
256,509.59454957675104,862.3467089959437,0.4924495050910219,0.33775180937612975,0.36673893159870874,49,0.0,0.014429558403830877,1.9163120538013028,-0.7061655784129508,509.59454957675104,862.3467089959437,1040.3430111102007,0.0,0.0,173.83258605391217,64.15547507990162,83.07772934880042,92.22074713522571,97.36929034307616,101.99671541889435,82.16766671618552,90.36379414926563,96.63704771241589,83.922940484543,95.2710845757999,79.14931033759487,79.13217084558217,59.03451404281725
257,866.0478940663108,865.3005917562755,0.45064138575810303,0.2508226080616038,0.36322151212863196,49,0.0,0.00940517630475209,1.2180421222767635,-0.21415576827097535,866.0478940663108,865.3005917562755,824.0722704731679,0.0,0.0,173.49195493661733,64.1587408020133,87.3123584223373,91.53614529986261,70.35868013109152,66.62680248098764,63.62418759886985,51.083549954062065,75.32715243590438,67.16023697114187,71.45291625948963,68.98130147379679,74.80659660085756,35.80234284476663
258,1746.0121921633738,866.5885721413582,0.6794051957398056,0.7814042354738355,0.20127231925567504,49,0.0,0.010798670271078836,1.1418096969116553,-0.1439843174187799,1746.0121921633738,866.5885721413582,801.5269659960613,0.0,0.0,172.65077120527997,64.16089864311404,60.64180603433838,62.91398280295191,54.371929196452626,60.44047504197797,69.34520537624405,81.2015307800087,73.5911523278908,75.11175763563926,73.13351725782499,81.03832551980987,83.03593953779611,26.701344485126675
259,2240.200176432694,875.8496055771648,0.5625311453266051,0.0037775694878509343,0.15240749199745127,49,0.0,0.18524948989530446,28.27341952192891,-3.628445843269657,2240.200176432694,875.8496055771648,3694.5359149059495,0.0,0.0,172.17827253240816,64.1635431423841,262.06112776529585,306.986669365632,379.3058640488566,309.57326814666646,321.38807942761014,313.10928603869297,303.01919955734263,303.5668730703768,364.30116171625514,356.59871365237666,329.74062707086034,144.88504504598424
260,2464.4372396047384,876.3188131089522,0.3469867593488206,0.20889151657852406,0.07823789691135848,49,0.0,0.010435534412650042,1.8636719950518277,-0.6759236980573697,2464.4372396047384,876.3188131089522,847.0086685283566,0.0,0.0,171.96390350290864,64.16268371942286,58.39480498823233,94.84659787352928,76.09455153422275,73.43608914999206,63.18249935460412,84.75782830499773,57.47369042336969,76.9686397371629,76.35561571133866,79.94300003035089,64.84431308100739,40.71103833954882
261,2918.7100337929764,885.0205385396793,0.6909578136051564,0.8138696309115487,0.43080336135424474,49,0.0,0.013805611429443542,1.1499620427520894,-0.1517087641549639,2918.7100337929764,885.0205385396793,2674.55903856062,0.0,1051.3243965999254,171.52954277918445,64.16320739920056,0.0,42.40148046975578,1205.7936347728562,62.38845472659879,85.49798648853812,182.48976665877478,154.78405773494083,191.20301183578968,190.0798225119322,238.26925095148374,188.39672120284416,133.2548512071059
262,2334.7843234788234,884.354553625209,0.7059398380482816,0.3965648867058247,0.12289813646476506,49,0.0,0.018730361715160435,2.0544323130516684,-0.7817295930621322,2334.7843234788234,884.354553625209,899.2570167582744,0.0,0.0,172.08776088289784,64.16667990416396,65.0312586963364,77.27092445878347,75.57148530124682,75.53490847826964,82.7123141171781,83.19333272108415,81.1887987836203,79.19950543263698,67.96309982141315,80.95633240198867,88.18946777127027,42.445588774446556
263,2499.6652041677157,886.0993909798932,0.5436803778395859,0.13247019730207218,0.07473147680175399,49,0.0,0.22394583363958964,31.511297788238185,-3.746165724744267,2499.6652041677157,886.0993909798932,5477.930423537087,0.0,0.0,171.93010184462273,64.16656407003781,423.17004496772745,512.4520509614972,498.12171936859454,476.6652404286921,469.8693506090183,526.9995766100519,476.1693980322375,475.24706707592895,453.3670217619814,478.49869415813725,498.4520661743193,188.91819338890227
264,2309.65129825567,888.0284046013336,0.3587738266502675,-0.2952570556999946,-0.34034726404402166,49,0.0,0.009014488564871949,1.2891550263862221,-0.275762865640563,2309.65129825567,888.0284046013336,789.0120770381204,0.0,0.0,172.11175310733262,64.16832404755057,65.01813718308935,69.46178964414179,76.39776023281632,66.84368969396847,71.9988655117815,61.58487424032661,74.37081010979169,71.23645236044419,71.21306459876934,74.97289151497584,65.80613490929724,20.10760703871809
265,1867.2073615206027,890.4322744988539,0.8203560792453266,0.42520028423441164,-0.0026690811960027815,49,0.0,0.034657415733321144,3.871716191274348,-1.4697587866987805,1867.2073615206027,890.4322744988539,1067.9406746098593,0.0,0.0,172.534820278926,64.17067685169086,92.47482596191976,87.18740512328901,88.15367591684057,80.0387077098711,91.2929348690617,81.45106867050247,88.25738374776458,83.83679559640339,106.6744289496504,103.40419459339017,116.60020663063828,48.5690468405279
266,2078.0366480368066,891.7087881596256,0.4158027111809307,0.2314572012323277,0.1053337981383205,49,0.0,0.020579878467423394,3.3182036526824885,-1.3022575926491538,2078.0366480368066,891.7087881596256,1143.6579939154035,0.0,0.0,172.33319744975154,64.17071761158952,101.69692492392906,114.17742227884136,87.18492391158422,89.6308554205688,105.7976524238708,88.9105823405653,103.52647539778539,115.29210059902418,110.18441428979705,101.31646599770488,77.2070001005965,48.733176231135886
267,518.5786101396185,894.1266912914696,0.7221415093125073,0.349981341426612,-0.05479794108250089,49,0.0,0.013629508638655608,1.3290696445576484,-0.30886934749340056,518.5786101396185,894.1266912914696,950.2725835649089,0.0,0.0,173.82449568390854,64.16877525913118,64.66302297560915,73.8313864315353,92.95400099783794,81.87085335485057,86.20905103261357,80.0877658737677,83.00503283187979,87.0937905099304,82.29670208048783,91.03368940341024,87.6660299646728,39.561258108313645
268,364.53637628987536,900.780539760298,0.33731482401295165,0.7669121054481824,0.2862859326512967,49,0.0,0.008140524575986907,1.0792256938580171,-0.08278069082549064,364.53637628987536,900.780539760298,929.9043365040027,0.0,258.24157960331405,173.97188207718162,64.17042971539256,72.3619903507068,80.38322716087268,100.0244871363459,79.78086097710911,81.91258150160078,88.36391666426849,72.87694233695487,81.73040526276331,75.45345384485182,80.3230199164592,81.05056328180535,35.642888070264505
269,1582.4818070159392,899.8192943760617,0.29811037066405444,0.04967888101213758,-0.33136406164168514,49,0.0,0.00982067502459779,1.3090474818595417,-0.2923884989888066,1582.4818070159392,899.8192943760617,1008.9942628767678,0.0,0.0,172.80711216572234,64.17480962605565,79.51940688310506,92.3055181027211,106.27500167768339,83.39264382626102,95.37424122667812,85.45800949788214,100.96544113638807,80.42802471473965,79.78478667605087,73.29504364057405,83.88108163857724,48.31506385610713
270,1710.366120774523,899.9592007640882,0.8984679603131814,0.1554460798023137,0.4201870103349309,49,0.0,0.015553648337612082,1.1468107308509903,-0.14872937010268375,1710.366120774523,899.9592007640882,1130.9393480016952,0.0,0.0,172.68479536786433,64.174831149162,87.59380927044671,111.54960083784201,104.65586296898442,99.74138314808171,104.98233032087694,106.17043101066048,96.35942825781578,72.07211673823454,93.0009086507051,104.25645299257647,102.45122712013281,48.10579668533804
271,1210.8051975123067,900.4288137672771,0.2631148570034698,-0.4197278796055766,0.32752894862058957,49,0.0,0.006685877300078072,1.056980742476743,-0.06016768701910152,1210.8051975123067,900.4288137672771,813.3519280613475,0.0,0.0,173.16260548897023,64.17458921144396,62.81053668075448,70.88673994088451,63.69926232862666,79.05017029665865,78.24754368269593,73.83994766947436,74.01764214160028,73.61785082262267,52.905210441714075,79.55615038342813,69.32787421076239,35.39299946212541
272,837.2358732228125,902.0494837004015,0.5817454580934303,0.24241786377425736,0.3535230296334496,49,0.0,0.02523678777153182,3.351794626225713,-1.3131935008581666,837.2358732228125,902.0494837004015,1034.2855506490491,0.0,0.0,173.51989781517617,64.17391619356619,84.74529736817179,77.58920850101546,81.99351404572143,94.46181884081378,74.15576133836976,107.08956180123911,94.42366856356193,95.26324689037347,109.41436882768609,81.45588547149939,88.10743580238045,45.58578319821645
273,2595.983874758955,902.1310844962451,0.5563261361571972,-0.08956455316979897,0.08451440796750692,49,0.0,0.016275421762631664,2.1339978821795085,-0.8229849602161963,2595.983874758955,902.1310844962451,922.6110696263688,0.0,0.0,171.8377887863623,64.17267181401671,92.0512861153154,71.76208706939477,96.09326446277373,92.31630065333522,86.32193211219482,71.34537521904291,79.96847784385503,58.048023113830396,74.43980980882918,78.64255315945883,73.3345600302718,48.287400038066636
274,2893.4787553249726,903.1805900719065,0.9046543763125132,-0.06502000653041527,-0.6881411039832948,49,0.0,0.02189788064144117,2.2603324619777627,-0.8854308055933874,2893.4787553249726,903.1805900719065,1124.8474891263336,0.0,717.1364446714721,171.55332067477494,64.17097823817362,71.85287992959692,171.82947347216913,102.11579406930213,143.6836271029078,99.57466417777762,100.64093109051183,59.56205990635493,95.70453940756653,85.17657013180568,92.76948937106845,80.15138610949069,21.78607435778183
275,857.8312105528621,904.0109867523622,0.7579818364935759,0.10850367332794379,0.1509642725417569,49,0.0,0.0881756726108908,10.78707175722747,-2.5822589193366206,857.8312105528621,904.0109867523622,1845.4889668520048,0.0,0.0,173.50022256122375,64.17483048652801,142.59133346767263,159.14956230815108,149.06985926130216,158.7824638449974,165.74526194003204,154.40988917920515,196.7290361471771,152.12710710405315,165.45587820876375,158.36392838364384,172.38886584245273,70.67578116455354
276,1057.7259382408106,903.1631719671558,0.2227915326187182,0.12265210124352587,-0.052260226921674896,49,0.0,0.007619454630969039,1.3741696854306495,-0.34510090913068225,1057.7259382408106,903.1631719671558,883.4212406115125,0.0,0.0,173.3090340103619,64.175281623498,82.75665445515473,82.15068228319835,78.85287558852332,59.0544188986915,67.68731697746452,87.35126252962323,74.79691568799255,74.90827591998584,69.5053526013196,83.96842245914021,81.23556392437483,41.153499286043925
277,1873.971114343226,904.5689571215921,0.3114750926476252,0.2044663665075384,0.5311033048402548,49,0.0,0.009630405221551262,1.3332321743101296,-0.31226446438531624,1873.971114343226,904.5689571215921,866.2671552751713,0.0,0.0,172.5282963482716,64.17655548529133,60.71714060645466,86.87627096764444,76.31644736449627,67.66432422102679,69.92742071232097,74.68797294676517,77.77704275575553,70.4927112992351,91.01704657113774,69.375502759107,83.77321139442715,37.64206367680047
278,2014.6683443167187,904.3628029416566,0.5392846197565733,0.06531491979765318,0.1735396391646381,49,0.0,0.3339986606046087,51.644450161236946,-4.2825591450431615,2014.6683443167187,904.3628029416566,6499.690344498549,0.0,0.0,172.39372066263672,64.17616670725614,526.9997326612145,579.3900750657872,548.9401406019883,606.9428164413388,543.5245196191695,557.9089701499654,601.6041906836606,547.2547501210776,570.6260629757032,579.611126327185,567.1843114536068,269.7036483978528
279,2525.835470488936,906.6237443211552,0.6561948766549831,0.1292912902578025,0.09812689830867899,49,0.0,0.05397171454201252,7.0792481783216115,-2.124967844314959,2525.835470488936,906.6237443211552,1433.1672983990002,0.0,0.0,171.90480838082706,64.17496522734136,117.7528779619524,110.66363090185273,113.99359191845043,123.57089412075806,142.83215184501114,123.82270451745693,121.03643404732827,106.07986018634433,138.44187841249658,138.16387273288268,132.98149568472252,63.8279060697442
280,2473.5280898772803,916.0954300128235,0.6019996441599482,-0.4804261272120227,0.09458298787460523,49,0.0,0.012295061358420251,1.4366709008367837,-0.3933932384994377,2473.5280898772803,916.0954300128235,849.695283211795,0.0,0.0,171.9547131890685,64.17920570616725,81.36010605244321,82.9424696923906,80.30291818050438,82.77229404632531,63.93290241335548,69.62709272190156,73.83744040047084,61.579095941627415,75.27072133410286,72.63434761541133,69.0772053545461,36.358689458715844
281,1732.015688921063,918.6325738832667,0.41922383972124466,0.06511358503112616,0.2227096639640625,49,0.0,0.035378002990663335,5.375504165557646,-1.8260480068418674,1732.015688921063,918.6325738832667,1607.0972705991217,0.0,0.0,172.66405299205184,64.18259514687658,107.26409082086914,157.55675829803698,133.94532970724669,134.8196865899871,153.0363303383707,145.470215881857,138.35271318722053,121.41618286452044,133.33207084552453,144.4489299308408,144.97277166453512,92.48219047011253
282,894.6696426614526,923.6486328731017,0.745373781164911,0.30084461514110633,0.012021798129202819,49,0.0,0.011325633757197334,1.1149608367199935,-0.11814903237276109,894.6696426614526,923.6486328731017,902.7508695294684,0.0,0.0,173.46519062143244,64.18317910153068,53.83279621878038,88.78456785463936,64.82866762532129,86.68037198900016,83.89808159689028,91.05095029808507,90.54366080558393,74.51588086183372,86.09592633456052,79.68433288409409,70.71835163884344,32.11728142183621
283,2904.56125715742,925.774374291396,0.2952437568393012,0.4958990986702951,0.2885806341468705,49,0.0,0.007846303672147456,1.3713619337094367,-0.34288022535550405,2904.56125715742,925.774374291396,1158.7524197171626,0.0,716.8683104361141,171.54230062933453,64.18029976575939,89.41071634888351,98.45736269142148,73.39901432997871,101.34983014737873,158.10468287997085,163.2206063364362,74.27712351988673,99.39223179803483,87.0971606216471,91.9705695787631,92.01847538750928,30.0546460772521
284,1546.8944029447293,926.7517637449344,0.589009112736729,0.2860627334981716,0.17196372805463367,49,0.0,1.802824782102317,265.2211859666416,-6.059020531806469,1546.8944029447293,926.7517637449344,30825.45938701646,0.0,0.0,172.84117101885397,64.18602322433266,2391.6900143209887,2637.7960540207623,2703.535185505168,2590.248452500693,2810.2573635729977,2715.3813590521977,2779.7228032386647,2656.0687889154624,2720.304921712669,2853.2867990171862,2665.234245575114,1301.9333995845702
285,999.3594140511292,927.6447728096971,0.3940925901726841,0.2778765040353786,0.08028864926188217,49,0.0,0.017111494552163008,2.932239844914271,-1.167998727220307,999.3594140511292,927.6447728096971,913.1250547405322,0.0,0.0,173.36506929456178,64.18527251487009,50.49310036308617,72.06893719733736,87.72210736571117,95.20251076294696,81.45588183769573,74.10382901219009,75.47955174969297,83.61130538971571,81.32546891017002,95.40076334940333,88.89478649801556,27.366812304567038
286,1829.649518569647,929.907734070035,0.6606141227945928,0.39365230785857114,0.010013910300318079,49,0.0,0.026488015613046065,3.285371625394577,-1.2914612549295688,1829.649518569647,929.907734070035,1013.2423731982943,0.0,0.0,172.57060693081047,64.18718271231495,75.80501276074591,99.12520542305023,84.4795991456534,80.11833224556155,92.64879239262655,88.5286452990275,85.05758847046766,77.11207011029592,99.2406357346465,99.54535153378046,88.27236154404773,43.30877853839094
287,2002.818784080963,932.5253521416456,0.27503634589111875,0.9385859862329766,0.8308547436864315,49,0.0,0.008585029550501411,1.150523774271771,-0.1522389932534268,2002.818784080963,932.5253521416456,1008.5729067669657,0.0,0.0,172.4048912617354,64.18793083669186,85.95945623538724,94.12075654670872,69.62816651044844,78.7045235222277,91.74556831051194,75.13658491570934,76.91860286946672,95.72950011146143,99.67308650466728,94.51337003576643,99.6724787096523,46.770812494958115
288,1579.5043271518275,933.8485182412466,0.6703925718683403,0.3713458697870303,-0.0514568945524555,49,0.0,0.01286669395334876,1.392235559306345,-0.35928180487442496,1579.5043271518275,933.8485182412466,963.939451774115,0.0,0.0,172.80997031541622,64.18898775427691,89.50636113504578,84.35195494172629,89.3662032043066,83.2941671789774,71.89510301537777,82.17306753355204,83.3667660165394,73.96425517912851,90.14627443686746,89.965400167689,79.67402471810041,46.235874246804244
289,2270.9879591488107,935.4221163273627,0.5954324862104055,-0.19987328040126273,-0.08065431297832988,49,0.0,0.01439730545581121,1.7032289099505564,-0.5781825500996242,2270.9879591488107,935.4221163273627,890.5893911602864,0.0,0.0,172.14826379029356,64.18823661905655,58.3021691515265,85.93798982567732,65.71118210542606,82.40640689989505,52.22703776231593,81.39141261504214,103.7289785992161,73.10689833548648,98.30081574550891,81.09116970851127,74.2800914908492,34.105238920831454
290,2470.5911113331026,935.6014718205018,0.6604336525683449,0.5350062636819085,0.6479290986897294,49,0.0,0.01564474719587071,1.4345933674334923,-0.3918220465676353,2470.5911113331026,935.6014718205018,1020.6727122188565,0.0,0.0,171.95727773495034,64.18734819551831,79.73946412352376,78.65156837357927,89.17859680579923,87.66003134456427,89.92119638919336,97.77984745571163,83.87939799262996,103.97255319742135,78.92468044146602,97.90443516530391,89.5155206416173,43.54542028804647
291,1300.3852226778843,935.8463026029121,0.5924685923612327,0.07052296788390007,0.10333600004374406,49,0.0,0.28179633931693926,41.31288643412235,-4.040213847924337,1300.3852226778843,935.8463026029121,5269.039265689327,0.0,0.0,173.07708074297508,64.18953938535512,413.02691791228125,405.4490334522201,452.4916943479461,467.24578800246064,459.92293759991196,487.11501754749247,488.53682040545186,452.9886320659674,475.7719432006641,449.4155911712089,472.1111085910951,244.9637813926272
292,1911.0469413473245,935.6885291838832,0.8745224881308085,0.26397819849206916,0.19407232112368591,49,0.0,0.02036884253300217,2.06932125423711,-0.78956979615686,1911.0469413473245,935.6885291838832,896.4252721607199,0.0,0.0,172.4926936601193,64.18945369340207,63.53430342457288,60.510200854647934,91.82206445300157,69.1603230928587,65.24523558766802,88.4299987831845,89.23645268844616,83.27044519065274,87.40202258464,81.88625344152317,68.94584346345624,46.98212859606791
293,321.73023316246974,936.6058689257475,0.4837166050662884,0.08519959741364763,0.39145156835101586,49,0.0,0.02683036196230559,4.027667964828824,-1.5126341518574145,321.73023316246974,936.6058689257475,1302.2766255891438,0.0,784.4736797706373,174.01346726258203,64.1850162726067,116.9599545190026,106.58552796388754,100.68321246186488,116.3318036352778,112.11305076196199,119.61430905481964,121.49331869550755,113.2742337460365,128.30591480584053,96.17304621900333,106.45714831069317,64.28510541524824
294,2820.5021940814413,940.5099081673872,0.510372496079295,-0.31270961555540205,-0.4070060330305477,49,0.0,0.6231106539686347,80.61844131087935,-4.766085992957739,2820.5021940814413,940.5099081673872,19781.835492009657,0.0,913.4733655196444,171.62243662920847,64.1871024482181,1590.8053497493356,1698.428759274882,1659.7835323487452,1746.209393998151,1743.455177016374,1732.7052271410994,1771.4389485467511,1737.633825330956,1759.4722524303036,1792.0499113959954,1732.820990848778,817.0321239282881
295,1497.4352927047846,942.5824026206411,0.7559441646776973,0.21740978258386293,0.26225341952009396,49,0.0,0.017549690464991108,1.9125572223722311,-0.7040360945167263,1497.4352927047846,942.5824026206411,884.6327859031394,0.0,0.0,172.8885195055842,64.19259489033097,80.4655323596633,94.04199047376086,76.22762928614435,70.33960013625719,71.53087513435403,68.88263805177749,68.41796182658022,79.06607051026171,73.84795419009754,81.90278669702508,78.79730967163104,41.11243756558659
296,1221.491847660703,948.5333826830313,0.4633641974866566,0.28306111488183333,0.44959071798115724,49,0.0,0.010473348855796,1.295463305636766,-0.2810627899561616,1221.491847660703,948.5333826830313,883.4708055892453,0.0,0.0,173.15264728255755,64.19465760975034,71.73459204360243,73.80006357222703,73.87631204554313,78.58302531056361,86.99394965940573,62.87963978824744,61.70438870470798,74.30261997901283,74.93233407024464,88.77075107714397,86.13254852359145,49.760580814955034
297,1833.965201540771,952.655449928559,0.39723228263376736,0.2262880544451025,0.6727633972276978,49,0.0,0.008758797616529748,1.1725791532989769,-0.1728554220300574,1833.965201540771,952.655449928559,840.5484459891135,0.0,0.0,172.56640071824881,64.19665438374643,63.52254056138027,71.87736131662268,85.42635719643009,81.37127390659165,67.74519791632594,68.98050211019215,70.844460129769,60.29714159833608,64.39079999427202,89.32204457736434,73.85826570946028,42.91250097236897
298,463.46239072314444,956.3441564110075,0.7559333497536886,0.5753296721311587,0.354273945558542,49,0.0,0.012637884838055108,1.251874660465563,-0.24390212211993514,463.46239072314444,956.3441564110075,918.3168958749518,0.0,0.0,173.8782093838599,64.19431116579003,92.40223507011375,81.32882255636505,79.32961888721519,63.424692818702106,90.56802046895855,82.20447752931646,65.182557995222,82.13851123526524,76.36600419492748,83.45257083835239,73.06417183820653,48.855212442307064
299,2494.3710592548737,956.9039148236266,0.4033039730280252,-0.2577144262005333,0.6763879286804975,49,0.0,0.013911450578722005,1.2192275970227682,-0.2152119607332813,2494.3710592548737,956.9039148236266,3082.1511416732174,0.0,0.0,171.93425109032424,64.19609163999274,263.53526979166674,263.8310464914064,283.53278036926895,283.0768590556808,246.63475405725353,264.3628726981614,277.8754597010321,247.26860750241565,279.2888965114717,269.95723890144166,268.68665035760694,134.10070623581166
300,2708.736914630443,955.8785848157211,0.419120548912262,0.07700188638050323,-0.3594942523451583,49,0.0,0.014555498211514207,2.0634967399373463,-0.786509467709696,2708.736914630443,955.8785848157211,979.2729012991791,0.0,0.0,171.72911549449168,64.19431980950777,85.85823889168358,86.71072505992802,91.63980310288336,86.53702323821898,82.90687602203745,69.1704741444911,92.16569921600507,72.29220945898774,98.18085444194534,87.79304120973549,84.88263039418237,41.13532611908065
301,1327.55738866901,956.5316865790154,0.2472623487273098,0.163357855154983,0.29192577027989597,49,0.0,0.010718667220139758,1.8013148533120156,-0.6389740753649836,1327.55738866901,956.5316865790154,962.7434628278057,0.0,0.0,173.05115949358287,64.19820678667108,56.23093325072827,92.40480431488152,77.85681624432033,88.69544040321861,88.05614598127883,85.20700089984547,89.26443933133575,112.04501402245297,67.6797341005691,77.72212627832604,86.76230883115224,40.818699169696565
302,2914.737940634382,959.59265051915,0.22868309563315586,-0.3358297682130985,-0.3281889097193574,49,0.0,0.009844863106503366,1.593641480956912,-0.5059765637373258,2914.737940634382,959.59265051915,2442.68575274149,0.0,1555.348189921157,171.53192699225502,64.19430355987254,201.19033323434536,196.77202453203085,185.75064040976255,258.44691945842146,454.42852490489184,212.9662553580732,168.69395193604288,189.76994389543745,199.00428880900378,187.21653520735757,135.68810370155478,52.758231294568404
303,2714.493436799613,964.0566669688654,0.46055731188127574,-0.015129011021335802,-0.20623228038842517,49,0.0,0.00939633116772126,1.1654941942659174,-0.1662752862233089,2714.493436799613,964.0566669688654,871.8447551377749,0.0,0.0,171.72347538779042,64.19768659987807,64.24749681417154,97.62919165986233,88.36460326735389,68.18133613954768,78.4559070014677,67.48956804327486,68.93817394404064,82.64201100345069,71.51979425842288,66.91306070281856,77.99924935764584,39.46436294571833
304,1155.9535973217298,965.5306516879602,0.5042576422891797,0.11370570735628191,0.34489680919451043,49,0.0,0.008612292574550703,1.10569924461875,-0.10909253223859218,1155.9535973217298,965.5306516879602,836.0318464993185,0.0,0.0,173.21548433607913,64.20157034381695,60.41931461147264,63.85832281357473,68.82835656899968,52.033923151297515,89.13803083936696,79.56421035914627,68.79809853579077,75.2118320541944,69.11637580317696,94.15754828171472,80.89729281730655,34.008540663277266
305,1999.9098170594043,973.3840705982383,0.7523481831603767,0.09998492507477412,0.6149640108420575,49,0.0,0.023879901952819766,2.609297742898144,-1.041309096485543,1999.9098170594043,973.3840705982383,1038.005103323579,0.0,0.0,172.40743934522982,64.20496184966915,77.50225231200142,92.4729035592213,78.56736466677296,67.95468040720064,86.8911462942514,88.75618896095632,84.15982420069624,94.59480663051134,127.42885850538536,83.70989943616306,93.09735865146376,62.86981969895524
306,2509.3730114828404,975.5850171745793,0.5468478737382443,0.1544789203982797,0.13813493768457347,49,0.0,16.27532408545833,2249.7524942349987,-8.380336854944494,2509.3730114828404,975.5850171745793,428237.4468574566,0.0,0.0,171.91964812491744,64.20378962820544,33367.38312235054,37023.01499259243,36953.838745382534,37251.59410147327,37981.31707465241,38976.38238759138,38652.51908907892,37075.59992621509,38374.505921429896,38057.82690914572,36478.40925234311,18045.05533520154
307,247.54115605132728,980.2366180458627,0.7361316860341159,0.12048636177364598,0.2570796467145926,49,0.0,0.01595142144852935,1.4270278437909805,-0.38608111759181263,247.54115605132728,980.2366180458627,1014.5005595684513,1.0,948.0810872379102,174.08528300893218,64.20257927896063,83.64786243545925,87.16553128694537,93.8833364187957,100.68624304070265,104.88092912631598,103.99773102679303,77.68460882975415,76.81787143240896,89.24306325674061,87.44707368991307,92.5582421668841,16.488066857738552
308,173.09966069904542,980.4373622715777,0.5600322268727047,0.28173883343932554,0.4906446358287319,49,0.0,0.008946384793449152,1.531692927944448,-0.4629292678983165,173.09966069904542,980.4373622715777,386.60975995061443,23.8920375026167,80.62072781999996,174.15653560602667,64.20201425097275,64.8606046179369,6.818325351320121,41.603081835713795,12.277192786045738,51.52262633336077,40.71631386784756,9.089884497626203,21.37351629258889,14.164644278219594,116.45788164320753,7.725688446747276,0.0
309,1118.533575361216,981.5722592675219,0.5762225456812257,-0.046171035107731906,0.40659132982854584,49,0.0,0.01042667454239078,1.0533233966841684,-0.056404327375992845,1118.533575361216,981.5722592675219,885.1954069560971,0.0,0.0,173.25142017045488,64.20814532990578,61.748554819332156,75.73412467617592,71.25118584021746,74.13669521886791,88.07920508161612,84.20681958536076,75.62501328931367,66.90240446620737,86.03887272799153,79.37910764481593,78.48231806188114,43.61110554431713
310,573.0083053023993,983.0475324413445,0.34773121165646104,0.41959698056946115,0.2973776248662771,49,0.0,0.008238366299156157,1.1241437319672032,-0.12705460817479886,573.0083053023993,983.0475324413445,842.8478750611282,0.0,0.0,173.77377373596354,64.20617857761455,65.81116816465948,76.08258484131237,70.26218535888893,67.04136990358205,82.2811192140864,72.7390830722353,79.73662836030408,72.6230510440818,75.66097876618684,66.35040407199912,75.837398102679,38.421904161112906
311,1574.7532163702388,989.0782108501229,0.6019454471548387,0.29763678154361245,0.1161801843459474,49,0.0,0.014623513014529058,1.8210559164986462,-0.6508082031116486,1574.7532163702388,989.0782108501229,985.9725004316056,0.0,0.0,172.81453743497002,64.21199893113402,88.45302636690263,87.6506273380694,84.84027841043797,72.27845473390185,82.58495912608512,73.18503759835743,109.06992687820879,67.52295817738036,92.48557279822666,88.63276541094183,88.4024423049049,50.86645128818863
312,2070.326185334386,990.114784442919,0.39535326195063103,-0.15935236654125864,-0.12235076991138046,49,0.0,0.019741051203146422,3.132649571706629,-1.2397795400402212,2070.326185334386,990.114784442919,1080.5593812998923,0.0,0.0,172.33990397795378,64.2117407596763,73.38257555096416,92.63787693984868,86.44648896946907,100.41453889436309,99.66656148955582,85.60861686709076,91.59366762645044,101.128468625153,98.14166917873538,101.33540723323756,91.70120040285624,58.50230952216814
313,482.19996267930304,990.7954093145372,0.3144224203266317,-0.20164196451758,0.6006071679935423,49,0.0,0.008219789092958688,1.0872576167149903,-0.0908311469269103,482.19996267930304,990.7954093145372,876.5387464304932,0.0,0.0,173.86083477892834,64.20879543806468,65.03041826132065,78.89922746196099,75.23063734981453,83.4079793332334,92.58957476464187,75.61638100852838,76.42953835753767,68.8294853467883,75.3217122281921,65.20984964264586,72.64069932611119,47.333243349718316
314,1567.0265684828444,990.8663622036688,0.5996009022715206,-0.3239358792306891,0.09574272808571142,49,0.0,0.012838385979990994,1.5995059078388763,-0.5099646212677038,1567.0265684828444,990.8663622036688,963.5747996735697,0.0,0.0,172.82193850520753,64.21274254461218,91.01744759515975,89.9123905538457,83.59458877803729,70.1145044316743,86.15034160464305,74.17164483543846,99.33466632170793,53.655921842358346,101.13754239576463,84.13484587574418,83.54115395594675,46.80975148324943
315,797.7372596980547,993.9991090557334,0.5395324529230333,-0.22320686497637582,0.33337237801114405,49,0.0,0.010342105418014483,1.2832169274057637,-0.27075019980663395,797.7372596980547,993.9991090557334,812.8619701108049,0.0,0.0,173.5587364267305,64.21203059582093,69.23769488825491,73.72873201158471,79.72201693793818,61.043933714070725,68.80258557185567,75.03145567209702,74.4277138358172,58.926509740762754,75.88765629452482,66.91645603993662,78.91369301919555,30.223522384766742
316,2443.5060463498753,995.0560618899215,0.4530329751170175,0.3040358609912233,0.3180797089138943,49,0.0,0.022744399601342825,3.53547153281324,-1.371118361769346,2443.5060463498753,995.0560618899215,1058.9191515380344,0.0,0.0,171.9824688950469,64.21226327197373,90.39339898338449,96.34192332114553,81.39209911699663,100.93257260667247,76.57354485899639,100.99253936503968,95.1483120121932,79.40150854988836,95.94100715908979,93.5701776623271,96.23682166892632,51.99524623337426
317,551.7389564582559,995.8265955489926,0.45925264990779474,0.3386049465643353,0.08409509221793307,49,0.0,0.023028657938465393,3.5128131660410475,-1.3641376295930974,551.7389564582559,995.8265955489926,1213.4171605695333,0.0,0.0,173.7943300514589,64.21136383436193,93.43916462506846,118.22655523521938,110.40857975019543,91.48279163947885,110.05796418750879,98.86667018864729,103.22108488722927,116.22911643592352,121.41841064307565,105.99703341586122,88.3190492398454,55.750740321480016
318,2856.6734890235507,996.0986458509551,0.5574331237624,-0.19573104901891777,0.28104832807163904,49,0.0,0.010586530046938982,1.0470068601730744,-0.049873818154962904,2856.6734890235507,996.0986458509551,978.7309866881437,0.0,218.73383914157233,171.58682600038065,64.20997830202273,100.21373685779061,77.54646595275646,74.95952349618832,94.12201162072515,94.06579513644235,78.95876484269698,82.71047986811926,91.5076726968193,90.7992702267127,72.93161911137628,85.89471381214771,35.02093306636863
319,767.9930418694471,998.1966564792228,0.5086074554044596,0.05472215997177729,0.15283358585843648,49,0.0,0.03889416393151,5.78641081245845,-1.906023159025814,767.9930418694471,998.1966564792228,1447.1082841876432,0.0,0.0,173.5872712661608,64.21362685935075,98.34572486030152,138.34660235513175,118.71924431940435,112.07218973948918,129.66358968985293,119.84219292028862,125.05070813609646,122.49558401243443,136.73796473495491,145.74059474667445,138.67354661126484,61.42034206174989
320,2004.0043455123548,999.060842831966,0.865751316759761,0.14925270021385706,0.18108975347959283,49,0.0,0.029799555541907132,3.1381550468601254,-1.2416859924328447,2004.0043455123548,999.060842831966,1000.266008554871,0.0,0.0,172.40336925773434,64.21564974183791,80.52474495068077,78.4484072503974,75.00116332591207,77.45787781436,85.89710271223204,92.27262471639663,88.08532422560107,102.35778305539122,90.7930621506363,93.82498948641503,92.62545937025317,42.97746949659506
321,983.0402241698067,999.7215027862322,0.47768506797030125,0.46563894747110174,0.2047477556649416,49,0.0,0.009595120238844816,1.2402217373555044,-0.23374834738302888,983.0402241698067,999.7215027862322,774.4049338145533,0.0,0.0,173.3813252904391,64.21523995566655,53.09827621435164,66.34944456363068,69.82314493613312,56.28307811953176,58.08173556308387,64.86812912856377,75.25436985232977,71.7069754672105,65.28018090160964,81.36131470969386,68.69716914434879,43.601115214065885
322,1478.3779912374018,1001.3071925531083,0.4566982193076381,0.030197256908327395,0.3578038025795491,49,0.0,0.009732020456782372,1.293161245839202,-0.27913170240219287,1478.3779912374018,1001.3071925531083,909.051988191966,0.0,0.0,172.90686235302107,64.2170495453353,86.18195655579386,85.22931409255048,67.92265870731592,76.08444152093318,62.792736952799245,83.0664563811538,80.84225148840927,84.76159375229217,86.12396177310433,73.90658570206502,91.37987486294361,30.76015640260512
323,2690.499663769422,1003.0369837957594,0.6185367457177255,-0.4724466419349486,-0.4005513938294201,49,0.0,0.010207374414573223,1.1000418654308755,-0.10352303466743339,2690.499663769422,1003.0369837957594,734.7557767599967,0.0,0.0,171.7458255118038,64.21409106997731,57.68318462922183,53.984844382600365,72.14983145693176,62.728699299102956,53.734305400584574,64.04914296583239,61.805848236478305,69.40842571052809,57.54654255465291,84.50257427865021,65.02217344884569,32.14020439656761
324,1347.2789527032116,1006.8844458374546,0.6217312881375051,-0.2279043038430164,-0.07576212117319733,49,0.0,0.013586283533818841,1.6736838309454696,-0.5591835513409725,1347.2789527032116,1006.8844458374546,835.836401249056,0.0,0.0,173.03246492122923,64.21921900695352,79.21552392688781,69.0117590706289,61.213809430643906,74.15544523653864,63.604772018525836,92.23258209355113,70.07235557080799,66.59823278494088,73.77300425493495,87.95096940626101,67.6203810218353,30.387566433499714
325,2572.4212354666374,1007.6996517323712,0.3141667537696218,0.393097547067522,0.17156652766573577,49,0.0,0.017073637704523355,2.749517834230561,-1.0981413524913735,2572.4212354666374,1007.6996517323712,1110.4596430896754,0.0,0.0,171.85883998448335,64.21679702313156,81.9023495790193,94.11096768210805,96.41615238030374,74.40345977204309,84.58068443385848,103.63123455035645,77.45609199775787,93.85186189846104,133.19436563956916,120.65474195527634,94.34000911451349,55.91772408640831
326,2369.321233583103,1008.2890887255707,0.7377529453197518,0.03706760481197971,-0.06451962473160502,49,0.0,0.014995717216252626,1.43442923496188,-0.391697819894167,2369.321233583103,1008.2890887255707,913.5458539122169,0.0,0.0,172.05336599710384,64.21815140341495,85.93214890578568,94.17345111949167,71.94321058182945,66.42386125323988,83.10930540049799,76.83547570809534,72.56434847814884,70.83949597411524,94.8361645948194,78.14751913796536,83.99093418511268,34.749938573115415
327,628.3660846228105,1010.0816460790879,0.6432892893183384,0.3390652192837249,0.21450539698915683,49,0.0,0.11399981922972179,15.382995696682432,-2.967602296376488,628.3660846228105,1010.0816460790879,2500.1177191092843,0.0,0.0,173.7211540162371,64.21778807419504,236.3083545199624,239.44923416304974,194.39131334895575,234.0410934997753,240.55929587049772,199.83595703640657,199.4251611877462,192.57533369608993,227.9132383460917,199.97601439800232,217.3834840126796,118.25923903002692
328,1783.3588244920873,1010.4647324958944,0.4641881182675857,0.41705784782331834,0.2612569274458754,49,0.0,0.03824716531419418,6.008383331018535,-1.946894081476368,1783.3588244920873,1010.4647324958944,1498.4568769284451,0.0,0.0,172.61468916917883,64.22080700172083,105.49155419411997,105.78243447962406,135.9450837476142,143.5198197856463,159.05333559813778,120.70719709587098,135.44767996206718,137.04270600613788,138.75521047426668,141.35451188894393,107.58211049477137,67.77523320124482
329,2976.122150619349,1012.6943509752319,0.21376136114704253,-0.6911403272130318,-0.35057598440539806,49,0.0,0.07184815336329362,20.27147119370485,-3.2672131714515866,2976.122150619349,1012.6943509752319,13444.297616259239,41.97424978806784,207.83126801410168,171.47213737642136,64.21590568442319,0.0,19.405045380168403,461.6953455152665,1036.2347978519372,827.3736018814438,1930.0926095263842,107.92987027723738,2147.87436444803,2607.4343832929953,1294.3731890746521,2954.407558731392,57.47685027973391
330,1565.9756147075186,1015.300617192749,0.5233255653468856,0.6028350314113715,0.07164146252512171,49,0.0,0.008861425951943827,1.0606248800139366,-0.06390452632753446,1565.9756147075186,1015.300617192749,818.0730394181401,0.0,0.0,172.82295727597727,64.22292306621328,61.09821090990188,76.66873616972165,62.254944031613036,60.85734935228583,74.638125443115,73.78111831432403,74.88983458074242,76.95984709269139,55.90511106817387,91.10534671332073,69.78202182873159,40.132393913518655
331,1878.4390504885164,1017.2758247706543,0.4543798855088823,-0.06505305398206566,0.15767206245717244,49,0.0,0.047409808937184925,7.601987350031439,-2.202317856466807,1878.4390504885164,1017.2758247706543,1603.1743023291438,0.0,0.0,172.5235705745845,64.22350744050608,136.98260383932603,137.4143783400816,135.47749934796616,131.53066874240272,134.38104720539286,145.4472731731617,151.10163054368678,140.24583717385883,146.3152363470116,143.4059039296787,142.05337019225175,58.81885349432524
332,2736.082274016187,1017.713566228868,0.5638473437196394,-0.33507087166494776,-0.25748855843995566,49,0.0,0.14769430755085605,20.012289357870163,-3.2532419343113834,2736.082274016187,1017.713566228868,3866.171912307211,0.0,0.0,171.70193379070776,64.2198869844582,306.0070843618953,329.3910569501836,364.95413773042065,301.8405460492979,356.43089368901826,306.34616149274535,352.7537992477723,346.986970560307,362.258392666335,340.139870907101,332.95834653649433,166.10465211564053
333,548.2376929843707,1019.3487120653369,0.7055440585358643,0.4423375208811854,-0.2003152031135914,49,0.0,0.009953608257344902,1.0249115556343225,-0.02671597431541139,548.2376929843707,1019.3487120653369,790.2438572886904,0.0,0.0,173.7980403495355,64.22113994783155,58.57631692282821,69.37710170381217,66.26065701008744,69.64861989273821,65.6892338671931,65.81109225112489,59.23751300893419,51.071970693262244,74.33847377002131,68.61412147936984,90.53055521834096,51.088201470977815
334,397.65008011533024,1020.324775820281,0.6485934074698784,0.09433175556962853,0.1413007777728369,49,0.0,0.06533494220073092,8.358843468969429,-2.3053654813395994,397.65008011533024,1020.324775820281,1850.8604669622487,0.0,0.0,173.94229732297984,64.220481377819,154.324065867677,161.42331009953023,158.96448594233976,146.80417881342674,157.4859435728498,160.9867889051706,180.4380641469866,160.0683334623696,168.25302220653538,160.90126388894902,159.34461361059277,81.86639644582088
335,1420.54391610023,1020.5870490334496,0.20744254161127865,0.3094998527226035,0.2710281716189104,49,0.0,0.007759879144027022,1.206143382379446,-0.2034973459506536,1420.54391610023,1020.5870490334496,831.1886540890283,0.0,0.0,172.96231303103636,64.22502784173196,68.81744314944987,70.4360544301214,69.65856391028865,62.492937794321705,65.56720883064118,74.14608900080003,80.24218901953535,70.23725115383039,76.29389986091877,83.54339144639034,69.86697971372084,39.886645779009825
336,1681.1975753589124,1023.5937930596822,0.4004018731963488,0.14527375714969806,0.005527332288792177,49,0.0,0.008950522574331115,1.2505712579469115,-0.24277110752223222,1681.1975753589124,1023.5937930596822,813.0200190524549,0.0,0.0,172.71254999807766,64.22636180109014,75.62610959400314,68.72794009278877,72.1246682615883,62.885865745943136,62.704967620283696,62.49019536416762,57.81688213219028,63.49915182968104,91.89371879851575,88.93198343291249,67.11274609619514,39.20579008418555
337,376.17190308824263,1025.0171376928106,0.8500681126512226,0.648125265105883,0.463868133109377,49,0.0,0.013448780737517605,1.1720602341919883,-0.17237482849059602,376.17190308824263,1025.0171376928106,1002.6532587524905,0.0,0.0,173.9629523432883,64.22227256954324,90.39467599329659,87.00169666287087,86.55745397810102,67.23216763263397,96.1192064018918,105.16015505656074,82.30502939574822,84.9739737069622,82.81212001990806,92.51429027903139,81.45559617857249,46.12689344691306
338,1169.7301131289255,1025.9346904003514,0.5526330832987475,0.0630979334294392,0.11587207070348333,49,0.0,0.010517009448415049,1.333457664318106,-0.31244807978933375,1169.7301131289255,1025.9346904003514,795.7459610348765,0.0,0.0,173.20267119706418,64.22677534522794,72.24618689815932,73.10215159345742,72.26636903113703,64.71496509127144,62.09870917598534,53.906632338009196,80.4351782180427,72.94188414715882,73.5772315191771,64.51622571438551,71.61551668230248,34.32491062579007
339,1406.7821651692443,1025.8133821834772,0.5190655321237219,0.8225144538258653,-0.09479977594511863,49,0.0,0.008725913804222697,1.1029242593593913,-0.10636422336771315,1406.7821651692443,1025.8133821834772,800.3832883221535,0.0,0.0,172.97551414530832,64.22718929664818,57.4218500757358,84.9793947002197,71.09506940508183,64.25803636642699,77.78684383815684,72.99250204774941,79.98741060877421,66.54515169477614,49.60998090072361,65.4250377699235,75.0591424643943,35.22286845019122
340,2876.5955901323414,1029.2699944155875,0.9091630808611258,-0.7067618111222116,0.8351953522616008,49,0.0,0.01934421997636494,1.2607619491017057,-0.2515827323899294,2876.5955901323414,1029.2699944155875,1655.9822654011884,0.0,508.3511166938743,171.56714044836798,64.22363813000291,128.10209446733782,146.80279691554387,155.75631104756192,156.20400352536677,130.86372457371127,164.44344320884304,132.1773315007477,137.13667475509828,148.94386010994634,124.35312416410468,147.8128783930105,83.38602273991619
341,1973.864565954736,1030.4028304081367,0.27903521175780416,-0.2866390643656838,-0.30183971680461946,49,0.0,0.006648752440888644,1.0155354801157406,-0.01673775275755051,1973.864565954736,1030.4028304081367,797.2018554417031,0.0,0.0,172.43206962846753,64.228781842162,58.04535326878137,74.5423158678359,71.4556887423544,81.67147208776296,67.08870577064776,70.18608368999865,54.42359485454682,75.9120210076166,62.55097831003594,73.8787687582608,67.45091360856125,39.995959475300594
342,1860.3354902664082,1033.0436709338514,0.35334448417956993,0.2693821313216486,-0.08684319080416819,49,0.0,0.02042176631567809,3.037151223148943,-1.2061660411589075,1860.3354902664082,1033.0436709338514,1278.8765722231774,0.0,0.0,172.54085706058558,64.2301077421158,119.25949660692405,101.79739840500648,115.38245056471082,105.11642108539525,111.18312905599763,112.18908511623678,118.09366451297478,89.76757547496584,96.6051031006356,125.28878746814081,125.39162250355358,58.801838328635725
343,2381.038732085951,1033.419532223987,0.6326258690804403,-0.015430147677175024,0.06097814058009589,49,0.0,0.009917880215666886,1.0905824545582106,-0.09414626604286379,2381.038732085951,1033.419532223987,771.5056106651391,0.0,0.0,172.0418585896117,64.22856440053651,63.35710094503481,68.8076427237153,56.87097890962804,74.74925225847365,60.95459252534086,59.17258403441937,63.37868629452794,65.71416225502928,72.78273672105053,79.62858553655455,70.24669635843043,35.84259210293433
344,2875.532438867837,1032.1107416755663,0.6690373413126598,-0.21983719546514402,-0.08561537468021162,49,0.0,0.01487627214082349,1.0750442165624459,-0.07856581787130155,2875.532438867837,1032.1107416755663,1585.6031067273657,0.0,442.90989816762715,171.5681064706298,64.22482999268504,121.12212007625045,138.12603416883556,150.26782457524334,143.82339714722295,126.95235024411352,164.1178360605884,124.82737777389241,138.0739180274843,133.65005580066205,116.57113986914125,150.64566789061712,77.4253850933144
345,2963.4298300933397,1034.1793952122432,0.7845915291925907,0.4179094408024563,0.7767401943995135,49,0.0,0.37472489453620156,50.12808818196078,-4.250202853799852,2963.4298300933397,1034.1793952122432,24111.02510178145,289.53896846403677,706.2463174614008,171.48386818443566,64.22496429477717,2122.3087546020133,611.3838652393301,1098.4987098287725,6173.80290687096,1578.6965601991408,1503.4258508490657,4197.587166375773,1221.4352483704374,2557.0039630769397,1589.8006152308722,1421.6241285351855,35.45733260296032
346,505.1695593016623,1035.8881246968324,0.8119187672803609,-0.04941291862222046,0.1598084203759503,49,0.0,0.024287299504850774,2.379307472282671,-0.9411264212840232,505.1695593016623,1035.8881246968324,1126.0067256372122,0.0,0.0,173.83955637289125,64.22773996782196,90.09718506933498,96.71820515864897,114.08135229369113,108.47881177513403,89.43893434321079,84.51938367433311,94.78527712279569,103.89395586193362,95.39247207535503,103.42610026112581,87.75735179863793,57.41769620301092
347,1991.544998338711,1038.2546462309892,0.547816454725086,0.033065711445846205,0.07269083518657227,49,0.0,0.1599729301522366,24.211872219032266,-3.460070933017483,1991.544998338711,1038.2546462309892,3501.2831446027817,0.0,0.0,172.41508188758255,64.23201089663593,266.29638192799155,311.9711668675717,311.3020390294265,339.2562892365539,320.5420256501577,306.1197669052666,307.21605590548313,291.4191762251465,313.2809228004169,294.1185709345694,296.8023456417229,142.9584034784751
348,2207.3902303707814,1037.7968354205602,0.26411144362899097,0.0626165005077831,0.6927192734159844,49,0.0,0.006440023588051259,1.004385579517708,-0.004751171738899893,2207.3902303707814,1037.7968354205602,880.0914132738978,0.0,0.0,172.20822103194536,64.2311441565953,69.48951878643014,80.86251146230092,93.81197064850839,64.80729026704147,82.13653996582342,82.37197995043078,58.9657677532617,75.1198737097902,61.2318490741297,71.79928821250945,82.08549874425763,57.409324699414
349,2655.9693355725453,1038.2079341838191,0.598292418377677,-0.3858635411956667,0.05438589990585032,49,0.0,0.012691717590171946,1.622428958159342,-0.5254142232266886,2655.9693355725453,1038.2079341838191,760.005396940145,0.0,0.0,171.77835669617934,64.2289753901491,68.98588696694213,63.84018031842953,74.29523269909043,53.304029799461034,61.944116103946314,71.64574421313532,62.36002869690757,77.01686518691653,53.39705376099933,61.843983908339865,74.02661642180699,37.34565886416988
350,2637.9308401956646,1040.6943280249357,0.672692080756808,-0.402579062798098,-0.2098787838811425,49,0.0,0.01528013166857452,1.7019248509774845,-0.5773509494091247,2637.9308401956646,1040.6943280249357,865.455869815069,0.0,0.0,171.7956032960941,64.23012967599585,89.54359545504681,73.71220038081816,74.9534793834207,66.79308219635482,67.42052836226823,77.5421776508008,86.88176056193197,69.88598595213324,77.52253871359869,76.5466154452559,82.55756722247301,22.096338490966694
351,1586.1398323072349,1047.451745910984,0.25800487259033705,0.7197539012839239,-0.005157428481579727,49,0.0,0.006944112350956365,1.2579861368563647,-0.24918963790834625,1586.1398323072349,1047.451745910984,776.2725898912701,0.0,0.0,172.8036440097472,64.23632223228827,60.13320227660333,75.64283373294772,56.62484621087365,68.37690335505421,59.544123080395806,74.7351408506891,74.26560734706825,66.57224386402498,69.7855963101988,76.73090612862755,62.50504539823867,31.356141336547953
352,2395.644968055628,1047.2926814727102,0.5435076771745825,0.06677251472383568,0.19049633374201147,49,0.0,0.03621867799502612,5.279290843953117,-1.806438971465985,2395.644968055628,1047.2926814727102,1259.7656542056013,0.0,0.0,172.02770293990378,64.23427205358242,80.67429928174445,106.64495651933296,92.42524719784645,114.65935495870715,115.82226157356197,121.63813510112581,99.71236064544563,107.17874036495762,116.86473579920025,129.73397845566103,127.4060442643654,47.00554004365263
353,2284.591868693018,1050.314092229726,0.5229940249342507,-0.3087399802160513,-0.25774745516680947,49,0.0,0.009134518810380247,1.1136640626837857,-0.11688551361751688,2284.591868693018,1050.314092229726,759.6165708854389,0.0,0.0,172.1341114315281,64.23604647812401,68.41681489289394,57.73097432321297,76.57976051936154,58.05272043614222,59.927390180770374,64.40460981931088,65.91351654486742,73.10942577658669,68.98325754836327,73.70045784974087,68.07706775951812,24.7205752346708
354,484.953754078161,1051.2040926170203,0.48089215128265184,-0.2531784381680847,-0.015818458345157473,49,0.0,0.009006417161870752,1.0437824891093934,-0.04652501672935107,484.953754078161,1051.2040926170203,870.0952588052402,0.0,0.0,173.85917228582207,64.2339801667033,81.52181722777465,77.43382370669138,87.4658955194185,60.52687517702418,79.23019902432216,74.15593571287647,61.20890061142551,61.75335283135021,82.53375696789382,89.5883336769065,75.99067390712241,38.685694442434404
355,708.2437379890636,1054.1729085064694,0.7809151627456021,0.3200013722969429,0.18240238110330925,49,0.0,0.049228357091739366,5.774253505342625,-1.9037396166633842,708.2437379890636,1054.1729085064694,1227.8584350058568,0.0,0.0,173.64521437551005,64.23662413949444,78.8741087682759,110.68596466840123,104.178292682523,86.29005323367802,100.16539798075229,122.91046838270245,105.99098608094187,111.42677360502773,119.05831862915514,108.49711030704741,101.39681022075848,78.38415044659351
356,2971.256665103715,1053.5562695886076,0.47822529360584665,-0.8478122112092266,-0.3329354217506571,49,0.0,0.3747247815975845,64.65051132834088,-4.526429910287695,2971.256665103715,1053.5562695886076,24165.98850412918,79.75220323129591,570.5125302959909,171.47598670321213,64.23296860878628,1646.5366670725923,1382.7335354918948,4364.198302872832,2738.164492591024,1537.1359530278546,3443.354020329059,684.8469182848772,2479.6280326628957,3063.2252566241978,646.2301409274262,2138.017806092177,41.91737815234763
357,381.91792678722476,1055.9200738239608,0.39482992619571217,0.22135682463786308,0.24294412964526832,49,0.0,0.023194225705445503,3.728444245585502,-1.4288191328045718,381.91792678722476,1055.9200738239608,1191.8245535830204,0.0,0.0,173.95799301977573,64.235189927902,97.93818627924526,101.36766010080935,104.6439029820693,115.22395172084035,102.97994226431715,86.81578352735005,128.24752590839154,72.66142542551398,106.69192916618138,102.3042938854035,124.22853377685786,48.72141854604079
358,1837.065644693926,1055.8427973473165,0.42644003572539424,0.15513401919578318,0.16507440887809524,49,0.0,0.02543791917469213,4.040965379451673,-1.5162128242150672,1837.065644693926,1055.8427973473165,1209.0688994308903,0.0,0.0,172.56308014682645,64.23964339760718,120.28306270144512,110.21953540379751,101.54551529149958,102.60354632368416,94.29636166220673,107.72880563346871,102.32488025789608,103.13330478558879,110.87968718371596,99.58179765201815,110.06423909799867,46.408163437570906
359,1249.6930913362355,1059.5280766182834,0.6293995587062793,0.16300049247198478,0.11781071706301416,49,0.0,0.08378538796952245,11.29354676969066,-2.6320758868331224,1249.6930913362355,1059.5280766182834,2127.647852874494,0.0,0.0,173.1262177482201,64.24096821424806,175.19812544702285,186.2415131314204,177.1320864586624,189.01586776230084,189.73767564642907,170.20336046624584,205.79812759915416,156.6029975600789,177.647097889259,210.7888387935889,195.4746878132121,93.80747430711989
360,2002.0364889391512,1060.8240882262833,0.551465248335559,0.21815851322238222,0.19507359999807283,49,0.0,0.2782033783867903,42.372134877483845,-4.067700865109462,2002.0364889391512,1060.8240882262833,5441.010079058675,0.0,0.0,172.40489548117347,64.2413883699307,421.0564103486232,473.3213283725137,456.8009858812816,450.2312106851151,461.80483658899743,481.1129801209191,484.4304895764176,457.57709454107317,540.0580922170795,467.42118000488625,506.48433032860396,240.71114039316402
361,1190.875202271207,1061.9640232500992,0.5116488997450455,-0.329758302600387,-0.3136480422977771,49,0.0,0.012407627839952843,1.4921101214361978,-0.43450219082961045,1190.875202271207,1061.9640232500992,888.6443645389991,0.0,0.0,173.1826227423595,64.24184272486727,74.55171082970297,69.35860952603335,86.62885998603215,90.96979649162573,55.091830926643084,67.40308081978642,80.66414204262631,73.385444932898,89.30907220941718,86.04074984630245,70.51257502235521,44.72849190557627
362,1277.355680487237,1062.580909410974,0.4171630376321752,0.036087710322189284,0.23649915786470374,49,0.0,0.014558658675861154,2.046722065266857,-0.7776471790595756,1277.355680487237,1062.580909410974,1041.6761713425715,0.0,0.0,173.09971080903475,64.24229872348477,84.925741352777,85.31259867798762,82.99086075554541,100.35817052983421,84.20151956503932,75.68031010251781,87.75274444176638,92.05808803529048,96.11884663074025,98.74510349397337,92.77579209957455,60.75639565752508
363,1366.9633000492893,1064.7659336723011,0.5132088439827757,0.12275231503143065,0.14644540073326331,49,0.0,0.1219979612674768,19.41387406047094,-3.2202805199757014,1366.9633000492893,1064.7659336723011,2795.079741437662,0.7397403533940523,0.0,173.01380300617353,64.24336575559897,230.29500300918806,262.40621920499655,285.3171417199847,248.23524195692033,231.6275282168608,246.52987480615673,245.48333602892075,223.05825435129879,230.3517823607242,252.96620546105947,231.8513385606256,106.95781576092642
364,1297.4800421901782,1065.7431919259193,0.6653709631373725,0.3864351302479551,0.1894634257142729,49,0.0,0.06870600825834017,8.850602482001236,-2.367432087960001,1297.4800421901782,1065.7431919259193,1770.201438200611,0.0,0.0,173.0804296859876,64.24365587013668,126.70837013971894,153.5255225727414,158.04673211069598,140.0119467816186,158.27828280780943,186.27926580027253,153.76755905032172,152.89917656022374,133.95656489808331,181.29523615068308,165.7931263025887,59.639655025853514
365,1410.9908329944033,1065.685151365871,0.7557470465509476,-0.08853927709968923,0.06854340524497175,49,0.0,0.019586909536156084,2.177100940020927,-0.8446964132984427,1410.9908329944033,1065.685151365871,886.7229515054237,0.0,0.0,172.9715904363013,64.2438072403559,75.20571807309658,57.11080883073508,83.08845616309509,77.27437255199719,71.84367672580436,81.77843560190045,60.17261702183599,89.65671476536991,58.32973918182079,88.42828224371479,94.94601824320682,48.88811210284668
366,2387.826292150789,1065.855165397874,0.653913344357148,-0.03241149019250607,0.04193696281253681,49,0.0,0.02842147060361561,3.4757900235577788,-1.352633830859419,2387.826292150789,1065.855165397874,1159.7621696017586,0.0,0.0,172.03498503526097,64.2420444617226,96.94426486934836,73.67690270165767,93.04026849155525,99.38670091521074,92.11198218435007,129.14047019444735,103.46155270454125,116.90501239928412,127.07883092248181,77.29176922058696,101.23741600092401,49.48699899737116
367,2158.267384536156,1071.4243991589321,0.6091485731602925,0.3534182275571969,0.18185297454387286,49,0.0,0.19873644660155165,27.967521473107468,-3.6166349504972946,2158.267384536156,1071.4243991589321,3996.382425024387,0.0,0.0,172.2550271619123,64.24533435318634,319.1203336434662,362.29507290048315,338.27398445495413,361.6996964731899,337.3470846867677,373.29640063586476,363.1103856774206,339.66844349869626,335.5213334584107,357.8522681012522,331.33547156251376,176.86194993136803
368,294.6566651313748,1074.184326167927,0.626865759148707,0.7308899605418436,0.6095865659707491,49,0.0,0.015011495370500583,1.696988311973596,-0.5741971277994161,294.6566651313748,1074.184326167927,1067.9521198954153,0.0,205.92998434542403,174.04195980859055,64.24210671656415,76.18168460012679,98.44931225032249,72.0814276799584,90.96568794399329,89.25478485658721,112.80511047109911,90.85401997128014,86.42934970253543,102.95003001007615,99.28224389473945,91.67323387638795,57.025234638308845
369,1571.2538359433897,1074.8783838094473,0.5253667340816419,-0.12810543243544792,0.3308644091250223,49,0.0,0.03841690345892525,5.113038611592763,-1.7716976808865352,1571.2538359433897,1074.8783838094473,1527.5773065255853,0.0,0.0,172.81792526750996,64.24774778324783,125.54947931882842,123.50912300860914,117.4916835581405,143.26132593317226,119.68861185844702,161.75863099966233,140.1909850727008,153.31084663051365,138.3418461301722,126.23516066794004,124.15480935159562,54.08480399580336
370,1348.0914750761335,1076.037453395338,0.8796649689381342,0.2472327528032986,-0.08005877337991715,49,0.0,0.011713651010554564,1.065313400617548,-0.06869347515586822,1348.0914750761335,1076.037453395338,768.8997531730129,9.531305943052237,0.0,173.03193908024585,64.24803331422638,52.35759001247766,59.4767209708358,71.89840305861064,74.08743452365368,57.35042593278695,68.33271676715083,61.34365364518572,75.85965522370549,73.51585291958743,76.64120199341302,66.66944242223357,31.36665570337209
371,1255.1447604482896,1077.5029188822714,0.5839652366282949,0.588711096143582,0.39684530413988656,49,0.0,0.020355823074611916,2.603973393033554,-1.039091355925349,1255.1447604482896,1077.5029188822714,1083.1881027428637,0.0,0.0,173.12108091743036,64.24846941012224,98.56598101574022,89.26947980052674,96.30973072521041,87.98840546638769,81.65576415766617,89.54462808225112,111.73851068168892,98.08999246776551,92.99795960756803,94.2897937308797,94.93538176942926,47.80247523775
372,1422.3104854633432,1080.2936995101709,0.4300692496152994,0.3428349335487312,0.12280345497780523,49,0.0,0.012680082157707585,1.7852934359378358,-0.6292740204973022,1422.3104854633432,1080.2936995101709,925.7440287982813,0.0,0.0,172.96077428469772,64.24990708843083,80.77552816455062,81.59012931952375,95.93183423385071,77.30122270489382,68.96863126435349,80.88468740976296,74.99631425725198,76.1246492933368,84.39086659384054,82.91874857483,78.85183330782971,43.009583674256845
373,1457.8947221911496,1080.5700042454423,0.5294877905063068,0.23975387666676198,-0.3568145548412699,49,0.0,0.010753903026656648,1.4517677639430564,-0.40474287199716846,1457.8947221911496,1080.5700042454423,807.3006948162283,0.0,0.0,172.9266472978722,64.25005806810725,51.51023059622209,65.56390303131903,81.04140755713541,64.6366987496354,72.58000611988818,77.18787317070793,69.38341715965004,72.62829952219052,73.65832856577175,73.0463837409455,69.57794372756291,36.486202875199474
374,1547.4005803950192,1080.913716391421,0.9315845645775782,0.1814996359050117,-0.10406291347515516,49,0.0,0.012812205235040846,1.1661113482940246,-0.16685005453265267,1547.4005803950192,1080.913716391421,833.8150908482912,0.0,0.0,172.84080498969715,64.25025629894884,71.40823773282892,71.00634333471724,65.15444922087497,67.91696310833345,71.5966399140952,69.568464935114,78.41864787712066,68.46157766572037,83.85988496822122,78.23723510518803,68.16860943724456,40.01803754883272
375,1051.7413378383908,1081.521899281563,0.6501717861167701,0.3757706997262772,0.21739930440296087,49,0.0,0.3757140863865984,51.989216336941496,-4.289783177787303,1051.7413378383908,1081.521899281563,6241.692245131614,0.0,0.0,173.31617182480585,64.24957270913492,544.6754589481579,523.3041698384233,529.5276815512734,550.5413102189788,506.3163654225048,569.0357109124323,514.5008313386699,568.3365949422217,540.9597886779802,563.5498870262686,565.5670197894776,265.3774264652263
376,635.9723272753554,1084.031419592486,0.5314522007660242,0.10687259417493489,0.03461026747194857,49,0.0,0.014605537239451868,1.6531269183527968,-0.5457654942194669,635.9723272753554,1084.031419592486,1004.2472727224202,0.0,0.0,173.7149006565493,64.24864215614427,74.8327232022811,90.53375382432061,104.51800966248285,77.3934189443816,78.24576411967297,78.25764231728667,98.77961894115205,81.75857511302314,82.86427335381364,95.80526291372036,97.72298190671935,43.53524842356584
377,860.5959027417937,1083.8992336531487,0.6396141667096767,0.3439655193824433,0.1693998025349056,49,0.0,0.4053136402378585,57.538705921719085,-4.399900225334479,860.5959027417937,1083.8992336531487,6617.661329642007,0.0,0.0,173.49950124175896,64.24978953179811,519.4265838192372,567.5276126650765,579.2539712796175,585.2425677569429,549.4019096048157,592.3593178945014,572.5432703963467,583.9582257127663,628.5732978938036,622.6650606436579,524.769182992185,291.940328983056
378,2059.392416212665,1083.818705519268,0.32809950001286114,-0.38786567506137815,0.18146407034666573,49,0.0,0.008530276474824718,1.1285246115679097,-0.1312775872043253,2059.392416212665,1083.818705519268,895.6671851260376,0.0,0.0,172.34975329776935,64.25081408866653,81.00474669251273,73.57812114978023,67.81911173826816,68.17158933512408,75.3987302285255,78.37298579384762,87.82320938989523,75.34238031235813,73.06952927538298,85.52656480030852,77.49266612934632,52.06755028068818
379,1104.421712768999,1085.0031636814779,0.3880946242017891,0.28059593603727107,0.3802168603216254,49,0.0,0.0191862371847189,2.7785761322252593,-1.109555752085798,1104.421712768999,1085.0031636814779,1180.3488659765887,0.0,0.0,173.26567555911373,64.25119604636039,71.32016873322078,92.18741169103264,110.65644434540772,97.29323737945234,92.6753829162144,110.02522109391015,99.00842719669953,112.55481688854277,115.96327680993365,108.20481213478739,114.05182169661519,56.40784509077217
380,813.6907907466734,1085.9357686955327,0.6939758261730383,0.34599088873064526,0.20410998889514223,49,0.0,0.3321740727021946,43.9497332203404,-4.107390608007656,813.6907907466734,1085.9357686955327,5410.637151567573,0.0,0.0,173.54450488179745,64.25041308597558,423.95691653224844,451.61291853140835,512.1113587307235,476.15757453395406,482.9989595900619,463.85725182557735,451.4534205612043,493.80042088412154,485.9336572338166,492.1846233849825,455.2706454929364,221.29940426653792
381,660.0167761382958,1088.3142844872011,0.631203129108492,0.016399891751212297,-0.05803929739606061,49,0.0,0.011940749081719678,1.345974178289655,-0.32259182071936665,660.0167761382958,1088.3142844872011,848.6556354311379,0.0,0.0,173.69190323097496,64.2505702929669,63.46048998284857,72.49763273987432,66.9412507123975,70.17679255062707,66.54309989752346,83.71393586723437,74.82900955054399,64.39231349379966,75.14789089102997,87.4278246245851,91.64852348583045,31.876871634843358
382,1754.5607112463506,1087.4706139366142,0.42897133719425445,0.29082107464220097,0.11124713795367996,49,0.0,0.009959347771097969,1.376417427082876,-0.34687540667188155,1754.5607112463506,1087.4706139366142,842.2062954939051,0.0,0.0,172.6421075897961,64.25292259761217,71.43728327604529,65.36136129647291,74.36721076277564,69.2117411246036,71.53222548767837,83.55073857226813,67.58978783680374,78.64262035743081,66.31410683776123,76.04833525830205,80.51124980994015,37.639634873823205
383,2127.5447283791746,1091.744400377682,0.33912554938592404,0.007659026430622881,-0.39170923936144897,49,0.0,0.012091727162773522,1.4702185546315503,-0.4184547484609188,2127.5447283791746,1091.744400377682,1090.6439877114103,0.0,0.0,172.28433085925226,64.25390522912673,80.05539215253387,81.4073533420692,100.03802439993723,82.45738916443088,115.0804017427278,91.60427074558979,108.15182938404004,96.26741124335311,101.78798582724663,100.43573943062356,82.94001247993998,50.41817779891819
384,315.3527216701509,1096.1109317097432,0.5541206865111856,0.47722814673824304,0.30198006993945864,49,0.0,0.814341700037859,118.7643481814307,-5.186715223838995,315.3527216701509,1096.1109317097432,16871.235183075158,0.0,0.983832184975486,174.0225300515741,64.25140890934057,1334.9796062336432,1436.723900762261,1464.4719975263474,1478.8162184618332,1526.6723402954692,1579.2143467836477,1472.3900086415897,1457.5206854521307,1460.1655462103909,1487.5075841668277,1528.3871701466473,644.3857783943726
385,1392.7265464331065,1098.3934603909013,0.6339965403756843,0.12180126060720979,0.09978025097374238,49,0.0,0.054714114541008385,7.089914356362743,-2.1266024727306854,1392.7265464331065,1098.3934603909013,1723.7801998197006,0.0,0.0,172.98920157278062,64.25741264125833,134.10420766764838,169.38499063294563,146.70471306136847,159.46971941441308,141.6332584520417,154.9449477242357,141.81938464745565,137.40601665187376,165.61489901194864,143.84264611322345,154.15460148862695,74.70081495391905
386,2421.251556535314,1097.99191037772,0.8833509064528667,0.9179293451312448,0.013851609891755991,49,0.0,0.019390870510025603,1.7394529536149264,-0.601031717572864,2421.251556535314,1097.99191037772,937.5640756049377,0.0,0.0,172.0025585984033,64.25526455264182,77.00337651267161,92.59157053400554,76.82148896379834,88.54975443741932,77.09136197911128,76.25049813541486,75.54326135730636,77.9232306550433,86.45324473580052,102.25510008822923,77.83355546870143,29.247632737435893
387,1610.4066302793876,1100.1732676330053,0.6570289505878366,0.2311187083864142,0.1717077418381906,49,0.0,0.048729608897823656,6.319623888211928,-2.0017280801463415,1610.4066302793876,1100.1732676330053,1427.5499903466043,0.0,0.0,172.78037440592834,64.25828954941825,113.29808506510483,110.98226215671966,120.90768444863002,130.77222668995975,140.05589375200196,125.18434717107186,137.64615401884,112.40984748498896,115.55151931354011,118.9617067221554,141.40695694999437,60.373306573597375
388,850.460295286123,1102.1414404996083,0.47100461010171485,0.2781283690224626,0.0072677049168897575,49,0.0,0.009262401160702994,1.1158553201043244,-0.11901972092681191,850.460295286123,1102.1414404996083,832.8270947842557,0.0,0.0,173.50941927243943,64.25734231551594,63.207490000386485,77.00226037779589,69.50858703870955,81.94368250030413,86.07111951428215,69.82889750231985,67.8037227565185,65.79173780558276,73.1323449089929,66.35399927069258,70.30021816715099,41.88303494151987
389,1792.877570942869,1103.7289566552402,0.712538445340139,0.07994479104030705,0.4467096605981295,49,0.0,0.059265463038476206,6.932749417327317,-2.1022637575145477,1792.877570942869,1103.7289566552402,1739.140194486567,0.0,0.0,172.60531000363386,64.25965508066184,121.40260094984107,150.1621992374263,150.0953115682934,159.00933802353433,143.39929779460596,158.2828092649002,156.70495372021486,146.93741824048698,159.46766984942715,156.69612082022385,163.45334779852772,73.52912721908535
390,571.4080032536826,1114.6433390669663,0.6021868497555249,0.22290579591759435,0.162164608070473,49,0.0,0.09538679600383841,13.10986204239588,-2.7939953038740573,571.4080032536826,1114.6433390669663,2486.729024636463,0.0,0.0,173.7772651411353,64.26099080947476,188.6139170965949,212.26577733807295,227.13745589824742,210.33684221532693,221.85802390366567,214.14710433775346,210.95456746492107,227.98914498580285,219.97114758403353,224.20991281758762,229.82406694392435,99.42106405053192
391,694.21946435909,1114.9271679361902,0.44258783195546114,0.3226978428416194,0.02814864283056856,49,0.0,0.010040748733017019,1.2998405916372324,-0.28472523765703234,694.21946435909,1114.9271679361902,845.4844867880615,0.0,0.0,173.65945382079323,64.26185596206038,64.15508256184377,97.09072155851433,72.15669072637903,58.70263975289227,63.969784385446935,72.35876968813152,67.58924231906464,88.1118128116049,74.5510129963295,77.34269827107788,74.88248423506957,34.57354748170717
392,1949.1400292516757,1115.3851024272494,0.5469115020003352,0.2215847092861159,0.1334082045570058,49,0.0,0.3390240143332113,51.69041144031914,-4.283524972591267,1949.1400292516757,1115.3851024272494,6690.755800180934,0.0,0.0,172.45533440928276,64.2642460117117,537.7148667135243,567.6797116714824,561.7984022086018,597.8894198812477,575.5607766743169,587.8416152362884,625.8206480447018,574.9044429893522,611.165724773835,572.5481222246353,601.7950230552805,276.0370467076659
393,2402.8017744188182,1114.9571362701442,0.34945194718958406,0.29552914830089083,0.2983175692418303,49,0.0,0.013257280450372442,1.7789022421541538,-0.6253802062700318,2402.8017744188182,1114.9571362701442,995.6743438412673,0.0,0.0,172.02005741895903,64.2624267410572,69.18587878423276,108.90570170527593,87.17778159274272,93.49134311295066,84.99548255100814,78.44002185786931,80.00594732924085,90.13110670755694,97.93182133000823,79.42107742194,79.73529292739644,46.252888521045335
394,204.6528113403481,1116.3739428646024,0.8370184334503754,0.38031625613094394,0.45710342847425384,49,0.0,0.01408428569774115,1.2770250586046086,-0.2654985483796232,204.6528113403481,1116.3739428646024,941.1980936629566,0.0,885.4056546891463,174.12908080296612,64.25891726479145,89.86367783628486,86.28559035816116,97.61382556218913,74.91193882916558,69.03775526397148,81.69028881363607,95.52504996891176,72.19571328223108,73.50642458501747,73.85811256740911,87.24334078253993,39.46637581343896
395,2652.664348974378,1117.7272896770294,0.7408366654918476,0.0050087981952579765,0.08806661300757655,49,0.0,0.0154898703175576,1.6260069777066932,-0.5278060123902203,2652.664348974378,1117.7272896770294,871.9613006170107,0.0,0.0,171.7803118737636,64.26212468040848,85.39698948064253,72.76662492630376,72.55879992154789,72.92852034239371,63.5836824921025,77.58885846335505,58.79632224043226,86.87198979237695,76.17914112649683,85.98159231082303,81.05579012557911,38.25298939495711
396,252.57735860201547,1120.7459188869996,0.8358668562119299,-0.06970785295726341,0.568786620782513,49,0.0,0.024702897185276882,2.082448608657429,-0.7964357313772654,252.57735860201547,1120.7459188869996,1568.6622908411862,0.0,815.8552724886083,174.08320239397509,64.26115157923195,146.95438688160306,132.16605689113536,137.94432004150173,148.2113823651166,139.1549303967862,137.58114377004097,108.71273515449982,113.54818560047947,165.49742006257725,134.07311214325358,145.98376662316724,58.834850911024844
397,576.3463414303106,1119.7773759208178,0.7763164310839473,-0.41373470399476175,0.1562922530339552,49,0.0,0.01268767929066325,1.0589459481691286,-0.062184482395773816,576.3463414303106,1119.7773759208178,2246.595037342039,0.0,0.0,173.77260409705403,64.26316151169499,160.85559791668297,183.94282730396333,202.2385937159199,190.7928257971756,207.09337972720456,191.5716551326796,209.53958045065696,192.254127856788,200.91936693625388,209.66458212087176,209.50059815368547,88.22190223015669
398,1885.9893987618234,1122.4847334237732,0.20930567323254246,0.2803857546487252,0.06226293812802558,49,0.0,0.009834371271123183,1.6510302919232713,-0.5443876036512865,1885.9893987618234,1122.4847334237732,1131.2275227242462,0.0,0.0,172.51590134841427,64.26732998299028,103.06185991372371,92.45569390258129,102.4196283559228,108.62211517926296,100.8946883944993,98.32250901244146,104.11134883716119,81.68087758286441,85.7758501989556,103.21494689529877,105.1568544044815,45.51115004705328
399,1809.9881426404838,1123.4948612957978,0.770206913237552,0.3640991179243819,0.42958276629514025,49,0.0,0.019694313721934063,2.102125517128128,-0.8066466100686537,1809.9881426404838,1123.4948612957978,893.8407714126527,0.0,0.0,172.58883408608654,64.26786911315311,67.63453115924217,83.34083615817777,70.90229152272488,88.64863293524735,65.2479328833754,79.63835975394565,69.1296342523148,73.40262632275687,95.05358670800484,91.25183743977412,79.93456789737019,29.655934379718524
400,1894.091209042579,1124.198595131146,0.2539787708068599,-0.4502320592139704,-0.13981250302681983,49,0.0,0.013586356443260096,2.2374263333875297,-0.8743718630090127,1894.091209042579,1124.198595131146,1132.9067724382498,0.0,0.0,172.50811906804412,64.2680293272691,93.76353955118987,94.0685719934979,103.12132482479484,93.39068933983663,102.4615034330859,121.98021290834592,84.37198410665425,88.73563083349731,90.18685687019256,101.55081597102523,106.59670783080608,52.678934775323214
401,585.8398640791793,1124.7351884269813,0.8450675811960954,-0.09346289681149857,0.3091558188169728,49,0.0,0.012815314480810362,1.2233170296056086,-0.21884755380483736,585.8398640791793,1124.7351884269813,973.4424110215884,0.0,0.0,173.76356930091615,64.26528777042141,65.64459269448587,86.29018257742433,79.49015964903674,75.08438014713627,95.07209467227872,81.67985694285227,116.58507868749953,71.6647761219728,76.82890967894036,95.87150666140904,94.94695953309923,34.28391365545333
402,2137.0532193287313,1125.5040316042005,0.5528333853089434,-0.03338809744537212,-0.8007251288163783,49,0.0,0.010180231140739562,1.0296229085618724,-0.031695492062426424,2137.0532193287313,1125.5040316042005,895.8329034602639,0.0,0.0,172.27494808856807,64.26793922243426,67.20583423840486,84.31148969828065,67.78215974702094,75.52809694827627,78.86965795093093,88.38555664404011,82.47839583318653,72.06705311730565,80.81694094380849,64.17281643293144,95.08959877589501,39.125303130183
403,1632.6286445020892,1125.714684108685,0.5156694761030064,0.293897469987417,0.2501998111846954,49,0.0,0.02587422882896667,3.719176114799563,-1.426116860171889,1632.6286445020892,1125.714684108685,1072.7691910083324,0.0,0.0,172.75904362211108,64.2689287358332,94.50449693982215,81.05190799018845,109.85047817432294,84.96938040677833,87.6609564752985,98.14373428825085,97.5494087332836,88.36026871560009,90.77579968984386,80.07698269751876,103.93798297880586,55.887793918618954
404,2836.5940094095017,1130.4883856455035,0.5147948875091454,-0.12338425155249357,0.09109336073994097,49,0.0,0.009412008062919239,1.0134191888141824,-0.014472808198294428,2836.5940094095017,1130.4883856455035,1098.671618769226,0.0,0.0,171.60364672264114,64.26611804646772,95.50490450802938,94.65885830354661,94.8281956479371,115.39911817204536,88.17957153664355,92.14360523978254,115.40387909588871,84.66470493968558,93.24877455111235,96.19798279537787,85.98859009525836,42.45343388391842
405,1675.1346389612615,1132.6565108260374,0.27425983615180166,0.29583632556817363,-0.14350774037332345,49,0.0,0.007845497746250103,1.0492801620115033,-0.05222865511359921,1675.1346389612615,1132.6565108260374,881.4923947224991,0.0,0.0,172.71824189271106,64.27180686137291,80.54549697125063,80.85084783715612,84.99476802457391,65.62845429958244,68.98965190542276,75.18273358361243,78.99352994619296,70.06697947117473,82.91041956114245,78.20747210312129,66.48483987083429,48.637201148434926
406,1349.7937251219923,1138.1753653468486,0.6472917546171426,0.15745506867825818,0.13604409415855373,49,0.0,0.12065410524304976,16.788302472418167,-3.0625169630770626,1349.7937251219923,1138.1753653468486,2555.8836458097926,0.0,0.0,173.03053248195803,64.27392623807334,196.69611961802445,237.3721821782126,218.17381100339273,242.2919274727504,255.88948393214162,225.12786995011282,181.6741251006482,203.45989332579728,199.62165334889798,241.56757487110292,233.58431888052374,120.42468612818794
407,609.5085654088779,1140.3380435298586,0.7793157922722435,0.08581188371824573,0.5190604171661376,49,0.0,0.04019385649919927,3.8014054024762447,-1.4498604689760812,609.5085654088779,1140.3380435298586,1657.507147509836,0.0,0.0,173.7410847772627,64.27193718654847,128.04753440506903,148.93661930401657,132.49732183754602,143.42365655293185,141.92046328682468,150.42940878975793,143.69440481199732,129.62780849157755,138.09180992249438,160.86199806505869,157.15180145181188,82.82432059074992
408,1956.462190729932,1144.0518752000555,0.4618720451433339,0.09690177504922828,-0.005048275747680366,49,0.0,0.013489439649784395,1.714684251802528,-0.5854603979372721,1956.462190729932,1144.0518752000555,1164.6753943440453,0.0,0.0,172.44816042369507,64.27617393229703,104.66884962883026,100.8066550167164,92.63493887799653,97.0005689954242,94.41095986186659,105.75813720807824,89.13256288682463,111.40245402931096,103.10665856218347,117.79254247842196,103.01067936115916,44.95038743723288
409,2477.8039775214424,1143.8869638931528,0.6665765342173491,0.03424833830569238,0.30678583448055413,49,0.0,0.012129814868790913,1.3883429420269593,-0.3562418919423366,2477.8039775214424,1143.8869638931528,748.8624873157189,0.0,0.0,171.94773343052233,64.27408350741209,46.89338927061905,72.25992966943349,73.25619019520042,67.74941137116042,64.63283873593087,83.58613487997712,59.412430142355745,56.90384086230764,72.36188321809908,58.69955801091071,58.49753053150599,34.60935042821825
410,497.23398648008975,1144.6443985124854,0.6484292241542198,0.33236152231236477,0.4282349881743854,49,0.0,0.019745579250359337,2.2028223008690455,-0.8574486613237103,497.23398648008975,1144.6443985124854,1065.7423041459188,0.0,0.0,173.84889753553796,64.27299196293127,88.01729105826354,86.3231758750357,86.77731917696079,94.99277077143395,82.67162576691004,94.98486918171173,87.16217898484281,99.36207527912356,87.09613707542442,108.264986254107,106.38347350934782,43.70640121275734
411,2079.6211512044965,1149.8067180405965,0.8314638958095744,-0.5155089101785286,-0.05238921547320306,49,0.0,0.011416016878817036,1.1265266482286487,-0.1293536737753909,2079.6211512044965,1149.8067180405965,768.0530570451931,0.0,0.0,172.32989420302906,64.27824826492618,72.15304631684327,56.16048774123652,58.80625911210244,55.06637414086025,69.89344876094314,70.15337649589027,64.60055965411311,74.55309440753095,69.1181420163389,66.15329736915936,72.78947924131788,38.60549178885704
412,309.3286781330989,1150.7432062455957,0.6737154754920458,0.23348005225490373,0.39660674267996354,49,0.0,0.02217487834722501,2.4996642089410663,-0.9947041796814196,309.3286781330989,1150.7432062455957,1051.5230158801364,0.0,0.0,174.02932891745562,64.2741180006755,88.12376960804366,88.48510620662181,89.6048021568956,110.94947866195503,83.02334267315197,104.07438131623331,97.65813039425893,86.22846399887159,82.49469259729089,68.94129070923894,97.58144523152598,54.35811232604876
413,1624.1086613515793,1151.6735114754383,0.8323784639134691,-0.05853325953811249,0.03715659981398064,49,0.0,0.01384812486816124,1.2739418206594204,-0.262873986906647,1624.1086613515793,1151.6735114754383,863.1180266944524,0.0,0.0,172.76721160417694,64.27974628388085,82.75368588274952,70.54755490524687,86.3089662395011,73.72921554714299,81.69991551420019,70.95888433500494,69.5430388207333,71.09705818569421,61.98245749878815,73.14685629167911,84.27613519045374,37.074258283258345
414,2626.137718024569,1152.5504329933021,0.6033688686523264,-0.3027845194237659,-0.031991741953178714,49,0.0,0.0331400769612668,4.185067493057899,-1.5542561657552478,2626.137718024569,1152.5504329933021,1263.5083354044882,0.0,0.0,171.80524139600053,64.2768052157452,111.26389116662257,112.67692533863476,101.80095949641088,114.63458820675757,107.63376384834395,111.3889127452984,118.10447317245445,83.76518747038843,136.0789116166804,115.25711796605783,99.49140465652339,51.412199720315584
415,374.9120193930856,1156.5998625656769,0.35628880496767856,0.5589013608741348,0.22453527356812275,49,0.0,0.009723484521469773,1.2106602693182564,-0.20755572561162214,374.9120193930856,1156.5998625656769,985.7760702463493,0.0,0.0,173.96649500050455,64.27707669474458,69.56615524837098,73.66236710347836,98.37759057950177,105.26150421251023,82.9255722398328,82.41504895400865,79.57458703664268,88.02246477878047,85.13717704137596,80.92187898615869,91.39778568769533,48.513938377993256
416,1057.4951986183596,1157.645109085107,0.5480115490488329,-0.016059516652399262,0.33656143708327774,49,0.0,0.016042156024825862,2.170217414550335,-0.841258110208531,1057.4951986183596,1157.645109085107,932.9548384423792,0.0,0.0,173.3112532651731,64.28130873961186,71.52830949771294,87.50169223724625,89.14562567967388,75.0381083996576,80.69698498591404,80.25084906232445,80.03749088513838,82.63703099536284,72.6325743051248,84.07198918397394,90.25420911356997,39.15997409668007
417,1266.6444492681273,1158.3892066195058,0.28210932782765713,-0.140630856721968,-0.10233473889753295,49,0.0,0.01241203307242755,2.2290996231145326,-0.8703236961019832,1266.6444492681273,1158.3892066195058,963.354590264816,0.0,0.0,173.11044433867303,64.28219561706452,75.62674320781699,83.46685993505811,88.1688670017793,76.67424328292361,100.7484593870371,69.31138561699188,78.12588073473177,71.02622464329667,71.51544629011602,93.35074737407375,101.5150506252623,53.824682165728504
418,1765.4142007629564,1159.9907217427594,0.26555157748646413,-0.07469521316921618,0.07473459101038303,49,0.0,0.011871538992393632,2.0387206036314587,-0.7733942799734528,1765.4142007629564,1159.9907217427594,1007.961078821694,0.0,0.0,172.63152379769446,64.28312795427553,85.89974286574363,93.23522505739288,81.0333782094312,80.96049552636387,79.59617330005601,88.6284932713179,107.0794118422164,98.14173421309101,88.72145352933114,87.57667854653405,73.68772819585973,43.40056426435616
419,755.1997153524741,1161.4316272630217,0.51299357876432,0.2292897204189145,0.021495013558815796,49,0.0,0.013817424752229709,1.7531056507166736,-0.6095202239775706,755.1997153524741,1161.4316272630217,885.1862092930801,0.0,0.0,173.60152174862097,64.28156631212566,84.5130388282071,85.89186799317459,73.91005300470968,67.59862831625078,67.0383075670136,78.15255716028486,66.509165202505,72.67849766597104,76.22290417856416,92.20991900995853,82.30941531452717,38.15185505191354
420,362.1705923172164,1162.9997631499425,0.4615639597356294,-0.22454007047233043,-0.9580303371669546,49,0.0,0.015957092419151272,1.3801464181084149,-0.3498129065889561,362.1705923172164,1162.9997631499425,1851.3234369631996,0.0,0.0,173.9788388502112,64.27964399878731,138.9371857797401,152.48705811773314,160.7147843822632,164.17019994372367,183.83975814376345,142.75726410680977,173.28208929801195,163.8463659107666,160.96813852739518,159.88206074095967,177.6309866801194,72.80754533191336
421,2127.541269652579,1163.3122795123797,0.7951662944424492,0.6900710956761844,-0.18511415993113578,49,0.0,0.011230113940474134,1.0678562054980727,-0.07128193940189637,2127.541269652579,1163.3122795123797,794.321695749989,0.0,0.0,172.28378704022293,64.2837236716247,62.56571768190361,73.0482305514123,60.7048891149788,77.96453745526789,65.06665152082007,69.1637925731263,68.97462383492902,66.38956950387953,77.57693985289418,78.6302710444549,64.74836854091211,29.488104075410227
422,2266.8889113079695,1162.8826397547232,0.4517808245075491,0.15096031305792018,0.044128712599810806,49,0.0,0.009956505246644914,1.2927636598101733,-0.2787978384537999,2266.8889113079695,1162.8826397547232,855.2058466762286,0.0,0.0,172.14999258750976,64.28302154774079,70.41621969682464,78.1526103485758,81.9695446572739,81.22759124107088,73.0977576887459,72.20606446579981,81.14144467748537,61.366428684784196,72.04050296628643,78.13176529774123,73.46047506538622,31.9954418862542
423,2515.816009168924,1163.9984986594598,0.5839771637293574,0.22236088629142026,0.05173001878136437,49,0.0,0.011212145511299593,1.1525212726226564,-0.15412237527867062,2515.816009168924,1163.9984986594598,942.9415874353787,0.0,0.0,171.91098318260632,64.28224798760938,84.48193617161265,97.69929611683924,71.23011415752953,73.37455284562708,89.94361740699125,72.70097563909395,89.41904410963312,69.84856407463275,89.53779335828686,81.75156686396,85.09140477496922,37.86272191620296
424,2999.460733606128,1163.0992518786577,0.4078987965575842,-0.7729586732589381,-0.8102058817168989,49,0.0,0.049346566387242115,6.3602889709453585,-2.0086921191666445,2999.460733606128,1163.0992518786577,11889.180002511457,0.0,4491.322804651063,171.44674185158698,64.27835322543416,799.9927720786275,420.2674529190528,333.5306270009917,417.9842548170759,538.3674126917919,3507.63976213757,653.5232813236682,549.1938869015225,575.1064880322067,3093.5995206201737,601.5162088721557,398.45833511661897
425,2035.4425376302659,1164.5508711287775,0.5692705194241715,0.13983420954115244,-0.21225027336317728,49,0.0,0.008635771411333834,1.0525846587168544,-0.05564258985589059,2035.4425376302659,1164.5508711287775,812.3280810879087,0.0,0.0,172.372213560111,64.28451843257913,65.38062484758946,77.82471862080595,73.68421165988191,65.34167457023895,61.71429534489945,72.41579746002068,72.5611285957192,71.0944229596418,67.46374111356184,75.24077314390448,65.23683253212863,44.369860239516306
426,560.6960188005872,1167.2551233151376,0.42763107710815024,0.526250523961831,0.2825681477830643,49,0.0,0.011682530012322273,1.649143351055044,-0.5431460203518816,560.6960188005872,1167.2551233151376,850.2780189062543,0.0,0.0,173.78833462239774,64.28283916647845,66.15748873390791,75.73789998497571,71.3675100019178,66.9057798525448,86.48808898096706,70.02921450134961,75.80388612729882,78.07680965977815,60.67662792391914,67.87104757133585,85.74526065815907,45.41840491010039
427,1540.5232990608692,1166.7995922626837,0.7099960943716593,-0.5847352192807782,-0.029504358496307097,49,0.0,0.012844421250512692,1.3787456029203642,-0.34871035100870923,1540.5232990608692,1166.7995922626837,836.445482928719,0.0,0.0,172.8474755632259,64.28603918871745,84.87159113008661,78.60499375014803,78.4430572883427,59.060383239161766,79.14017388600138,64.72817802245191,74.83777915721288,56.909743388888685,75.90324295522478,64.26654588037228,74.30405514606923,45.37573908475878
428,616.2783071471174,1173.2598369440373,0.95336295696516,0.7267710586389183,0.3902680168050981,49,0.0,0.014444427573284744,1.272428448913104,-0.261583426213781,616.2783071471174,1173.2598369440373,799.9144918317295,0.0,0.0,173.73505833748578,64.28569462648164,63.980964432790635,63.37278976409068,73.96532207778807,70.49027287306899,57.493493914209225,69.14771018793888,63.72089231704347,64.10393429693237,82.57032817237051,72.57604250942495,73.22036659402394,45.27237469204775
429,1355.9114297211622,1173.3395839096904,0.4644236585520371,0.14734374230356737,0.11869701034592232,49,0.0,0.008743628885542944,1.1756675843500624,-0.1757113598561274,1355.9114297211622,1173.3395839096904,793.6322947882863,0.0,0.0,173.02478500943022,64.28858724657765,61.28550611807373,87.88685548558416,53.9753978991763,83.73309353595454,69.21273653432114,72.87942419954597,74.39941221832875,73.37604413972531,63.498824080436385,74.22692862068183,44.636155002591714,34.521916953866594
430,2204.457609578538,1177.8458417357788,0.5036450975894797,0.4867828516373959,-0.27014661150787594,49,0.0,0.010148760212147867,1.0037265988072774,-0.004038582821849092,2204.457609578538,1177.8458417357788,933.0018982088653,0.0,0.0,172.2098053611389,64.28950530634368,87.1964725266105,87.5305179145389,69.98857955462827,75.28908950148325,72.11365899096896,71.28168259487953,99.56230287960163,73.13211234403462,73.61459496672369,78.82740204253449,101.08695704518857,43.378527847672885
431,2576.277515040577,1177.9741600655889,0.5180234204672102,0.10755094948979109,-0.21245535071212887,49,0.0,0.00936570343132904,1.088461694826964,-0.09203287485758106,2576.277515040577,1177.9741600655889,805.2664784172503,0.0,0.0,171.8527394556342,64.28771071098011,63.68141906559351,69.75863929749102,79.28741755321724,72.12096923613018,77.87909008135847,71.42518026372514,63.62853274414022,66.6277719514976,57.027842909727084,74.37968973127481,78.25551238157617,31.194413201518852
432,2344.04801644689,1183.5608121199107,0.688521834801852,0.20546617742475567,0.14201714116445557,49,0.0,0.016907579159573794,1.6252917758006324,-0.5273283444338017,2344.04801644689,1183.5608121199107,966.2341924207217,0.0,0.0,172.07568614702183,64.29129450146735,75.1833164091186,85.22294136981944,57.59429585145064,90.36558910930148,70.22656667287106,92.02286421859202,78.51220287454895,97.80071796443437,96.3325123110201,84.73458667922424,77.02633656836613,61.212262391974775
433,2358.302172015609,1183.8031815517693,0.734465677984265,-0.7434418302615892,-0.7530167923795453,49,0.0,0.0116168859303637,1.1277259454210349,-0.13050893074043335,2358.302172015609,1183.8031815517693,783.3474221004112,0.0,0.0,172.06199354518336,64.29132813927718,64.85433634904949,58.23726381459788,69.16709136876591,65.04658580789231,66.25462689669692,74.03312561129081,69.18403421622583,71.46512837049042,63.234390161282334,67.38507193314277,81.75011111919606,32.73565645178036
434,3042.721645112929,1185.6761030349728,0.21924506431472066,-0.32868307435842603,-0.4058241717063275,49,0.0,0.005157039500549421,1.0076776133980236,-0.008304025916806825,3042.721645112929,1185.6761030349728,458.9912424993272,0.0,227.44751159577703,171.40475041063476,64.2873708936217,0.0,0.0,0.0,0.0,0.0,0.0,0.0,3.3127194174404595,53.28982016180831,103.39961920880874,139.70741399847753,159.28166971279214
435,1048.3928749070162,1186.4669175450395,0.28979698037208346,0.21344381678594715,0.10205710547249337,49,0.0,0.010293599901734323,1.6540974365559187,-0.5464027214938667,1048.3928749070162,1186.4669175450395,998.0015785103171,0.0,0.0,173.32022364523698,64.2932858416637,76.0893659900407,90.76719344998408,76.86148192074526,88.62175952503867,87.36907212309615,91.80591691401278,89.57173677409139,88.81174632944388,70.80815191821404,95.82300515879216,87.92231156143781,53.54983684542025
436,2118.050828489942,1185.1012097823623,0.8302428039602769,0.5042729573066529,0.1593094818718634,49,0.0,0.016932340526219874,1.5819575912879065,-0.4979870921574386,2118.050828489942,1185.1012097823623,947.9041930155963,0.0,0.0,172.29273596676848,64.29283314781988,78.94101463570391,90.21100490670275,73.44698159638256,70.05852792081124,93.36661935667318,85.45015371085373,92.82067968829763,72.68451109821792,95.2835452523144,93.89210141280634,65.42513559940014,36.32391783743256
437,2709.6393700766384,1190.1461640597624,0.3759805269610466,-0.42929933947787385,-0.14860637702537177,49,0.0,0.025422002731466636,4.0514796782648865,-1.5190341621991812,2709.6393700766384,1190.1461640597624,1218.0927339912687,0.0,0.0,171.72449004745522,64.29190670656469,101.03778332361173,106.67048225231116,108.28809571853232,107.77922685763866,115.87182194494068,99.79138362475325,108.24718115655779,106.5229110037929,100.25648066970953,107.41990619435491,91.27941930091455,64.92804194415118
438,1801.5923806165335,1190.525308964917,0.4626108826399559,0.4518249274014841,0.2664280433250793,49,0.0,0.038497652773337374,6.13414078681116,-1.9693843485136031,1801.5923806165335,1190.525308964917,1353.8830675322815,0.0,0.0,172.5966956674528,64.29580885226717,83.3515310908297,118.59327829351913,134.67290248118368,140.42242835266154,107.66802737680169,115.29612376659784,115.66075525101796,115.6178553802944,111.40201194055328,133.73392488317768,126.45478676678913,51.00944194885549
439,854.7360150009107,1195.3130896111793,0.467181475534972,-0.18014607752255898,0.07473614216680792,49,0.0,0.014128422810215296,1.9459314899978746,-0.7228188652167077,854.7360150009107,1195.3130896111793,935.9508909707408,0.0,0.0,173.50632631292493,64.29618047145631,80.73576752406123,70.45082148750296,83.18695571850122,86.99059901443647,74.91144544499278,77.25675567010703,76.49211669665526,73.27081284925868,90.70172497424768,83.5470078269367,92.7274333067227,45.679450457318005
440,2274.068835595468,1195.379302231103,0.7296517036590712,-0.10547255291487453,0.22354504309694812,49,0.0,0.018121532217728595,1.9943729096726353,-0.7495159158707699,2274.068835595468,1195.379302231103,880.9800871548885,0.0,0.0,172.14278081259422,64.29653056886777,68.54523793970108,76.95223901032873,65.67065881993432,91.06610690616203,71.35793659061511,68.53645777125853,74.09615262949615,70.74320519544355,82.25082512923937,71.34885956649424,100.7583980253454,39.6540095708699
441,2317.609660944519,1195.888929231254,0.32367881294973877,-0.129268292685239,-0.10098330198733475,49,0.0,0.008967110781878576,1.3106274258139805,-0.2936981290927434,2317.609660944519,1195.888929231254,856.8088397660246,0.0,0.0,172.10094973741917,64.29655231605005,73.94999429817948,78.33036368767671,70.09216160693211,74.73438902394467,70.47782428555419,86.16961532353807,68.98699786153045,73.78574340246905,76.47779798795315,55.63178378225346,79.27556056857799,48.896607937415176
442,484.7420124986803,1197.2942965609539,0.5343994176560156,0.6197102376929455,0.557565533316529,49,0.0,0.011650229199271025,1.3155639154574377,-0.29777988182618015,484.7420124986803,1197.2942965609539,922.4913444707475,0.0,0.0,173.86173874439547,64.29483820995529,61.8223523000249,84.97627496760596,74.56866419594145,98.03724109502903,68.39979254436426,86.20048182263211,94.21555224625658,77.96492342684687,83.85418582014475,85.9357731132921,62.5283304853495,43.987772453260106
443,2003.9216289121114,1196.6997930255643,0.5275406896216096,0.1471220171541008,0.09943743558428994,49,0.0,0.027777568374201787,4.141693596141663,-1.5429449162420568,2003.9216289121114,1196.6997930255643,1104.1952364354527,0.0,0.0,172.40229293367895,64.29799651548376,67.82356888340573,102.22130142946122,95.11103749629825,79.37436031589576,96.45777571381596,105.7714733423687,103.56121550531435,114.80117758800729,100.04490142410991,77.98894123391787,118.34813700365936,42.6913464991983
444,2546.260922278056,1197.319668356207,0.6402537108492163,0.12262099207017405,0.05875536433076621,49,0.0,0.21098645955178025,29.631255567108852,-3.6793751356452975,2546.260922278056,1197.319668356207,3690.8158581510565,0.0,0.0,171.88129672093294,64.29595171373504,307.30619332675985,297.36754497631483,280.26275787840405,339.2381516089109,308.9342695454063,334.8584271872047,323.58107526899005,356.1800328085416,292.0403500712299,348.825466110752,328.104950416359,174.11663895218283
445,2605.635755893857,1197.843413753135,0.4470439878899213,-0.07867809906377358,-0.3010393979188149,49,0.0,0.024738749743208593,2.524255338477578,-1.0053332085251827,2605.635755893857,1197.843413753135,1650.8218660076946,0.0,0.0,171.82425882789835,64.29580534943503,119.17066719420157,119.76565881510915,131.51175497138425,124.6577528747027,159.00395747158024,159.1888729294981,157.80745811452394,142.25652313180922,147.95875809628325,162.82722573432036,155.85902814096127,70.8142085333204
446,2767.7512110122784,1197.9195404832064,0.359758335545533,0.24686229001637452,-0.13184392093256841,49,0.0,0.011841940415267354,1.6085768275066592,-0.5161045203616701,2767.7512110122784,1197.9195404832064,991.7290489943141,0.0,0.0,171.6685525342536,64.29472871265871,70.4219400704315,88.30117295450495,87.91920048360022,90.06357432410132,85.50163192798581,102.67614566794597,82.5614994558517,76.83389442543475,93.78144918678684,92.46843093440667,79.33235908918408,41.867750474080225
447,1690.070530979711,1199.4461966884803,0.5857760962629206,0.1264817360152191,-0.12654246914522682,49,0.0,0.02076493020997587,2.2883976842362115,-0.8988287490145084,1690.070530979711,1199.4461966884803,1102.3351762767084,0.0,0.0,172.70381911756314,64.29962787649474,81.68898337731375,104.6838254008504,88.91020161867279,90.41679329150922,91.12884148461177,103.65802563555035,90.57150898246982,103.0834262854315,103.09961026712065,84.59135377333591,112.98969543394396,47.51291072589827
448,2576.7405201451775,1200.3749733541515,0.6010216758311074,-0.30170825575557236,-0.057986413273423215,49,0.0,0.015411604512675073,1.8591129056484341,-0.6732644141972441,2576.7405201451775,1200.3749733541515,949.5681944820124,0.0,0.0,171.85197711742495,64.29704020323082,64.84516256094666,74.1594879274073,92.9628992057154,91.27126960333055,82.48840254348437,90.46705694539735,84.77571150540284,77.43009465551728,90.12008806817009,75.01273083949582,89.2828820020315,36.75240862511322
449,1827.8750310429486,1204.0670796313632,0.5907521920819981,0.47586106541885265,0.08740359255921737,49,0.0,0.012786443224533135,1.5100088119022648,-0.4474487042418014,1827.8750310429486,1204.0670796313632,824.3644383546402,0.0,0.0,172.5714022705451,64.30141572341483,68.53625531506043,67.5700922443998,69.67110088704868,87.98105339067092,71.3891638856602,71.70776532759518,60.15524438347827,67.80401328455613,66.60240884152844,76.2408961186938,73.36504410845714,43.34140056749119
450,2812.0413171819105,1205.4622395500946,0.6943124869299903,-0.2046990503096864,-0.2919986419075506,49,0.0,0.04337684081767823,4.9425844251628375,-1.7348852407757103,2812.0413171819105,1205.4622395500946,1447.2437133252556,0.0,0.0,171.62588369637203,64.29753926924293,120.84787982976871,133.67822336682454,128.63656158544086,145.0105677664227,113.6135298997761,136.7276036186506,111.98235067545853,110.6791555875975,115.75714598381848,131.62109965568845,126.57149652014144,72.11809883566765
451,2058.9464424616267,1206.7466889302368,0.5808311568416571,-0.1340557623151374,0.30137747329909237,49,0.0,0.00953544255685783,1.1158899602129488,-0.11905342550806948,2058.9464424616267,1206.7466889302368,766.6963503159948,0.0,0.0,172.34936309000756,64.30203328712193,56.81503863097298,60.78079532124324,71.19494546228266,61.3135260958059,69.13752777558912,67.637576489316,66.07142794356322,61.38969187407121,59.76772448304001,77.94532412427914,60.90685419776614,53.73591791806523
452,1255.271297423396,1208.0764259846933,0.9070983636905184,0.3903362613159933,-0.29693831033582757,49,0.0,0.014502827274706196,1.3390390292556489,-0.316983089175529,1255.271297423396,1208.0764259846933,759.4744511773149,0.0,0.0,173.12161377522153,64.30287379320505,68.30358284100902,60.615408871997175,67.34345085744799,68.23213792968292,64.58925706270058,73.81157229237476,71.81910211032732,59.13137896469943,67.39848916413843,74.37082304888973,58.372467336401606,25.48678069764599
453,2722.2408113108663,1212.6678782258023,0.7695872991019498,-0.033898313738082664,-0.07397721691616856,49,0.0,0.01534563213585232,1.5683475922477628,-0.48860580382003865,2722.2408113108663,1212.6678782258023,840.1785349425751,0.0,0.0,171.7120213403421,64.30120055192621,64.54379347357774,81.31768546957338,72.61104075637533,74.17164967988157,83.57396145828537,67.3607380004182,66.07373830069224,73.8084097839635,78.12675148190027,64.4563562112802,81.2871973106534,32.8472130159739
454,1017.2727055084557,1218.1779850140001,0.6177663465725562,0.2540682429363242,0.12667403093943783,49,0.0,0.03286821190134399,4.450259261903662,-1.6209632817974253,1017.2727055084557,1218.1779850140001,1109.0965133703723,0.0,0.0,173.35038420360942,64.30638685333132,89.53884592814354,89.57522629075913,94.95444128672148,102.4808530869631,104.3586255079335,102.90908550700263,104.57391270395894,81.26028220547812,101.32765140545203,85.32488777901565,99.5327577806532,53.25994388829093
455,282.1738211507547,1220.8032321759968,0.5922862398871852,-0.3863668568835604,-0.12194828144027035,49,0.0,0.010601383869108494,1.0385026791292127,-0.04101905316366994,282.1738211507547,1220.8032321759968,938.7902175067331,0.0,0.0,174.05672920312068,64.30307947779036,86.78592464229098,74.95473053720323,82.88760148864904,92.91507487632953,61.13658960182648,86.5873372628204,79.60643871399711,70.02163521844267,84.10627909138327,87.95568800846178,79.89866253631322,51.93425552901531
456,834.6623368623561,1223.0828653545038,0.8987308984952644,-0.9289217964165005,-0.14720902311460793,49,0.0,0.01931794256694853,1.4782545237468412,-0.4243730417472553,834.6623368623561,1223.0828653545038,1154.3282506973064,0.0,0.0,173.52591802649044,64.30765465954323,89.61279141462124,98.89932058594503,107.26142731294587,97.24494406393401,109.04394990467995,80.52136924968819,105.38670507750817,106.93821870752689,97.67927930722729,111.82884953002356,98.46668103339417,51.44471450981203
457,1108.51910111281,1223.7853879375216,0.28694350392589874,0.488398374783544,0.3703580947807805,49,0.0,0.008503717837181363,1.2087372435716863,-0.20582975945327334,1108.51910111281,1223.7853879375216,892.4135699895462,0.0,0.0,173.26273708808375,64.30903210611204,69.91244730230311,85.50224912281038,60.400975798778205,72.70673084920102,80.40222024197479,87.38998489074461,77.00864815237885,84.47024776059692,78.72651629377967,76.38677667686659,81.36976927314876,38.13700362696327
458,552.2555965200007,1228.5866329796859,0.49810397371870296,0.6715567479637581,0.82529078468977,49,0.0,0.01609753168987161,1.029966840794645,-0.03205810765681082,552.2555965200007,1228.5866329796859,9331.514191600589,0.0,0.0,173.79737208749518,64.30833435218207,567.8265915913694,744.8769517212687,792.7234092940965,862.0552604025368,811.734278697623,815.1787417756415,862.0507525021894,825.9439519792991,868.9964267230849,883.6584794500242,837.0200426922854,459.4493047711697
459,1674.3725706182497,1226.8633029115833,0.4588270523560136,0.44336010873500536,0.5253261093202193,49,0.0,0.017902274618201024,1.8535094371127567,-0.6699870039360247,1674.3725706182497,1226.8633029115833,1346.0896694903167,0.0,0.0,172.7188722321525,64.31105964804524,90.21769832196526,123.74290035636139,112.70502284311263,121.7301624280858,108.03534341473889,100.86088449288115,115.82877378902015,133.94430807180322,129.97367926682026,135.2391202459413,115.57653305068234,58.23524320890425
460,2592.232298757839,1225.9798007087625,0.7025244130171243,-0.05492897530733515,0.017611464475497805,49,0.0,0.11427492673961247,14.996618019460326,-2.939983324124173,2592.232298757839,1225.9798007087625,2154.8595353797227,0.0,0.0,171.83672723655116,64.30761136122877,185.86916039574112,172.333145021053,197.64300059027846,178.47788226479807,169.1753990652105,227.17802559560835,213.90762080328386,156.05522712820922,208.77070809511252,166.1434363472479,196.70709095053633,82.59883912264374
461,443.50824002441357,1227.484453556658,0.9828121797257586,0.4936096406544422,-0.0846892930342626,49,0.0,0.03866183364098565,2.8275123435413994,-1.128511273799405,443.50824002441357,1227.484453556658,2744.8667146603293,0.0,0.0,173.9018483066813,64.3071200470795,220.71084678256113,233.80931022565065,222.8054559614657,252.56834479433638,237.66649723683287,239.16277033279925,229.9840238905017,231.35531687449551,237.03139019239046,260.55440902159324,253.9512083431759,125.26714100452662
462,2441.366032978881,1227.3444775342227,0.7306856897322498,0.19605199491054986,0.2273338382060276,49,0.0,0.056857851559413065,6.86504420212974,-2.091608344710971,2441.366032978881,1227.3444775342227,1475.0920307264305,61.02568911254713,0.0,171.98168673981164,64.30905054092085,109.13263922559653,128.4095977536041,145.61604602953773,102.61776011103353,128.66122776105902,125.41109200797675,143.1409296320646,114.40985896066877,138.28412286498974,136.21547665369565,147.6930123884363,55.500267337767795
463,791.5096807201855,1231.0829318167785,0.6337733471924136,0.6232951890982014,0.21846507197107926,49,0.0,0.016478248961225277,1.86404932485911,-0.6761435002363103,791.5096807201855,1231.0829318167785,907.3566768285317,0.0,0.0,173.56748084837668,64.31077369128027,61.21059805842131,74.00028537154719,76.7985287004289,91.69585865508432,83.50997715632498,72.04938021694333,63.902975004636694,72.67922504719411,89.61572568077688,98.98222614932689,86.41364803671723,36.498248751129864
464,716.533436540668,1232.0167108422636,0.43881904945204814,0.381896622187844,-0.02490975610481287,49,0.0,0.010994713856983944,1.4116165497013617,-0.3742918533956682,716.533436540668,1232.0167108422636,845.1191663565598,0.0,0.0,173.63954999299023,64.31076296562318,67.67057508844243,78.76817573756877,83.51598288268633,72.04126242471528,65.62429227080683,59.47635737694349,79.20074787394105,60.516322035204325,53.61368005302711,74.67629188817013,96.92970426559882,53.085774459455266
465,2113.208598239536,1232.7528926533068,0.5939028138136612,0.17804823534039232,0.059620772618474656,49,0.0,0.02912414871655575,3.9147910853232637,-1.4817714767050907,2113.208598239536,1232.7528926533068,1100.7164487591954,0.0,0.0,172.29703175983818,64.31270281819553,95.81815234290752,92.60980293850125,88.01129542622584,103.69817750296576,114.11905895511777,92.71616585263173,89.61233560793869,86.79899788688991,118.50063909694924,92.2791750386445,79.7953279072162,46.757320203206916
466,542.1396277453067,1235.141900293733,0.550728001731099,0.4067091896964616,0.2570620796696224,49,0.0,8.38974814651257,1238.4247665266985,-7.73217407156234,542.1396277453067,1235.141900293733,172328.71684224898,0.0,0.0,173.80719369357442,64.31099815655892,13633.67614276196,14949.609838542241,14858.505771346263,15168.129672504703,15230.480044203712,15449.684787596705,15352.459480910542,14896.826393369618,15479.850713603655,15288.550857315857,14677.520208970058,7343.4229311236195
467,687.8096454266229,1234.906425741282,0.396776597722703,0.7511897779267143,0.5140690868459259,49,0.0,0.012638437782572043,1.955529517263618,-0.7281609392245436,687.8096454266229,1234.906425741282,904.2717608175159,0.0,0.0,173.66719352242538,64.31180433449329,69.41882079730178,75.43544501079926,75.75188897285416,71.23543263014433,65.30788235007986,83.2334792757855,79.59333181996291,84.05398714505039,92.00621430599968,86.2646047278503,73.80369029776983,48.166983483917875
468,1997.2698830777122,1234.660675560405,0.9501497721286004,-0.32857832330113745,-0.02501905034941578,49,0.0,0.014442296064108342,1.3468425437002371,-0.3232920657751928,1997.2698830777122,1234.660675560405,747.5587949295439,0.0,0.0,172.40846430912666,64.31382982900526,68.22978296042547,59.29354447463304,64.54791919400267,57.81102984785572,83.70558027953209,67.96183527836891,59.03239251730298,59.83737137166922,76.95311070720668,65.3923931109628,61.67645452815462,23.117380659429656
469,490.3164784961388,1238.1484714055873,0.44777452194442574,0.4459504143767149,-0.5687944221561376,49,0.0,0.019770823275806607,1.2927540268815134,-0.27878974814410473,490.3164784961388,1238.1484714055873,4247.242429911792,0.0,0.0,173.8570443630915,64.31189674384947,333.02098643838144,338.2331990051607,340.3718678356041,362.3854251909936,371.08671697449836,399.9230939289695,394.5043602976563,334.3811105988423,402.58654977601867,395.1920045150996,396.8975774335464,178.65953791702148
470,3007.1581638010457,1237.5223575906446,0.981782766998295,-0.5464003491096194,-0.3514432660019756,49,0.0,0.019114142050299623,1.3992497543944349,-0.3647380983713406,3007.1581638010457,1237.5223575906446,1712.1295563089016,0.0,1174.8495105456634,171.43783313986359,64.30928603474382,172.30672818938928,217.98393368699732,147.64982582809859,126.41957455775984,147.6417994946097,120.80321676298365,140.69264770319856,162.19283143423283,135.3898107087586,130.22237474416477,180.95870469080603,29.86810850790246
471,597.3015969403647,1239.6643533784393,0.9580427244409078,-0.3338710016270393,-0.09121033836803344,49,0.0,0.0206499504588032,1.8161609850234302,-0.6478858546925867,597.3015969403647,1239.6643533784393,995.7740342347255,0.0,0.0,173.7542473068926,64.31324037998357,88.15572391593633,93.40855143758088,74.95187175556347,94.88892213780508,75.51865334390553,90.89479918571178,90.15926375175044,98.04205423040952,76.05013669371652,90.99367004587441,80.53662075249159,42.1737669839799
472,909.271383788674,1243.3572581917747,0.5948100928371118,0.41724317095602104,0.24865810534288302,49,0.0,0.49013678157518376,73.00420681760055,-4.65836971691174,909.271383788674,1243.3572581917747,8278.811115006076,0.0,0.0,173.4544226473092,64.31644402414531,664.6362780861801,752.1116367669838,729.1893306858258,676.228046410293,731.3656163219127,740.1129989853487,709.7619549997164,723.2724681357399,719.9688486093428,745.4398674491447,719.7922132778909,366.93185527769595
473,2245.5468607564508,1242.989764671471,0.5798280518984973,-0.03770716853954409,0.08123405613272003,49,0.0,0.015536954135101609,1.9628126701077353,-0.7321971318060683,2245.5468607564508,1242.989764671471,875.0692988215342,0.0,0.0,172.1697329931769,64.31648531915005,50.5596771339475,90.86730746027503,65.86895814229945,89.20774746403151,85.80832197799563,79.17138557730695,59.01654245365776,81.78939511618357,75.31883112014583,81.49992835626767,74.60412642898218,41.35707759044097
474,2045.3222285827765,1245.404062565285,0.7076781810597472,0.2873306309012839,0.3884863304785851,49,0.0,0.01529925956497499,1.5098556290072784,-0.4473385561087091,2045.3222285827765,1245.404062565285,894.7662869303924,0.0,0.0,172.36220374793564,64.31817870065962,79.39071478880618,65.99834790737158,71.94032964026314,79.77911149361664,75.27784219381624,77.72874411931657,92.95429881811647,67.96540003969216,89.81498535953091,82.6390036392736,85.06612690545076,26.211382025138192
475,1246.773231044245,1246.92728362281,0.8319541421357229,0.34578382246972694,0.08222412433583026,49,0.0,0.02017344061154559,2.120624466425968,-0.8161594192890308,1246.773231044245,1246.92728362281,929.8924634041316,0.0,0.0,173.12997945887082,64.31904254504879,74.1688224668082,90.90290157290931,74.64096198287642,94.14010097047526,81.20810542145999,77.76676783231615,95.04433697989602,72.0281500000498,86.31453286249675,77.58921065689283,67.82173053301597,38.26684212493489
476,466.1853621838539,1248.1564650816292,0.49790128713176257,0.2325341390704176,0.46166900463555377,49,0.0,11.428749440340475,1468.1635894918945,-7.916936123376805,466.1853621838539,1248.1564650816292,434911.8758699837,0.0,0.0,173.88040010212006,64.31589537472604,40188.43247910166,40550.78122507747,38730.47129813077,37692.70358126383,38103.58844421973,38541.14432994104,38524.62364959556,36999.63491522988,37264.78949487579,36367.87184186299,35201.541187796705,16746.29342288846
477,2763.8659127329056,1250.0736182016003,0.6223007013145171,-0.3303454942589665,-0.24277423086600428,49,0.0,0.06171692442204545,8.11486506096629,-2.2732032562574513,2763.8659127329056,1250.0736182016003,1754.5370918153772,0.0,0.0,171.67140160184292,64.31648376610094,122.25918537133852,156.36324034752192,167.9889323835897,175.78234653060798,138.440413772046,171.52495100540932,167.61283164510849,130.65154190429672,150.68814270345032,147.47493962456818,150.66049331725822,75.09007321018171
478,821.0163174138268,1250.8558332412917,0.6537282768526956,0.28596429935951423,0.19590788888073385,49,0.0,0.3488147716828154,48.5098697097763,-4.21457527044471,821.0163174138268,1250.8558332412917,5695.021788503373,0.0,0.0,173.53934664557326,64.31915925299225,468.4287889752416,513.8123932684721,475.02419958154553,487.80771315239656,495.68738714180284,490.0549593623946,543.9597857551861,454.26747807523003,499.4764716975328,511.1358490093416,520.016341396238,235.35042108799132
479,1076.3437656419496,1251.0012564242238,0.956190465061808,0.14131924138606403,-0.020117002490663265,49,0.0,0.01793779005779291,1.6955397737817401,-0.5732699546620429,1076.3437656419496,1251.0012564242238,809.002718092537,0.0,0.0,173.29386790851157,64.32026857034727,71.66428936494097,65.33500097805877,87.77018453048515,67.49393058299387,71.06900349004366,86.87347042942977,60.98184484544805,68.30141673316788,58.71455306717414,66.73533299499128,61.82789195690128,42.23579911890216
480,1461.429294553522,1251.7805213346685,0.330269285754976,0.7042438482922646,0.19083947995661843,49,0.0,0.01073473771073846,1.648899568710258,-0.5429855110287853,1461.429294553522,1251.7805213346685,849.3264372741867,0.0,0.0,172.92360320806986,64.32139799556974,84.63913614573991,56.89453406339162,62.065491883444494,80.55743279452744,71.01324674595756,75.3534902667188,82.86694933945135,75.36950376689674,75.8369991518997,71.0945451156967,81.4119484651898,32.22315953527263
481,286.8447331777327,1252.6091579809593,0.6361411794461979,0.4524707987219284,0.4022810709429797,49,0.0,0.18856995251916006,24.426477425840726,-3.4696521032887,286.8447331777327,1252.6091579809593,4436.695144248034,0.0,0.0,174.0528499532833,64.3163673320413,310.0053157909433,369.38030845014646,421.5272011022446,403.9039753466342,364.68508498851213,439.1811599248899,421.01855061393985,372.2420411095628,400.75853957377285,393.6070325873525,348.933823744169,191.45211101586642
482,116.19819707889098,1255.1097712864293,0.5627620572877058,0.17598026915883694,0.6707143494671942,49,0.0,0.008816376941225113,1.3791500407707442,-0.3490287914985693,116.19819707889098,1255.1097712864293,648.1600041332512,0.0,322.80624925371046,174.21690264685483,64.3159049788702,51.36512586617831,41.499039931935755,43.19947985863608,51.4132801998899,79.5064250349031,32.84222666540994,96.0666527198628,44.569130863087665,77.87219328542965,41.73354826096695,88.09290144695107,0.0
483,479.2560231208706,1256.863355568011,0.6203301830503634,-0.31843395478827713,0.9301326848103866,49,0.0,0.04573642594675187,1.1301521248605422,-0.13284226477226474,479.2560231208706,1256.863355568011,13657.566258159168,0.0,0.0,173.86797915594659,64.31961544737878,1074.2218864205797,1168.334617871314,1229.9409177796738,1134.6527183984738,1197.6647580221102,1224.0825209078096,1236.4528904309304,1201.4631607600672,1214.1172061517082,1217.6497607335289,1175.8639279518225,583.1218927311495
484,1668.0499579222535,1258.1417018345653,0.860744282786589,0.14902028768211845,-0.23422343283695338,49,0.0,0.023897612418948357,2.355799920988192,-0.930346007201279,1668.0499579222535,1258.1417018345653,1019.9158611694821,0.0,0.0,172.72491875398006,64.32409503369334,94.2829883659004,87.66416974557163,93.2274499665152,75.43134382497328,105.36973693439822,96.73127588868715,62.891376410690285,89.88294977999595,74.43117460226381,98.80247347915807,92.68145770354282,48.519464467785326
485,2645.762103949626,1260.6717050518605,0.6748990701797815,0.11724434280881624,0.014075395265293611,49,0.0,0.1819628336362368,24.212937103676424,-3.460118684731053,2645.762103949626,1260.6717050518605,3424.7397142160844,0.0,0.0,171.78476243603632,64.32172064308544,268.16554461123036,283.8559503864856,291.8884656759724,297.7517683585074,327.2154767280168,279.49168505362763,321.08134555629056,283.5633490848728,344.06872240720213,307.07256480578496,296.74220381310363,123.84263773498934
486,427.7168267370638,1261.93588771995,0.26464135117500565,0.7072807425834212,0.5625916128455727,49,0.0,0.010617601337429575,1.7397530201757025,-0.6012189977351389,427.7168267370638,1261.93588771995,1068.10922938583,0.0,0.0,173.91760932276375,64.32135608588112,86.13036347272794,93.66328297768581,104.59255353322055,103.7354518822981,86.16471735273234,97.68389410216429,82.77836633297447,87.41897065849271,100.97360405857908,81.07900466306185,92.96214346530351,50.92687688658936
487,471.5528666911113,1261.7126819545992,0.4184726293542549,-0.2276690986784399,0.8588798038350389,49,0.0,0.04825282442140682,1.3296516577165793,-0.3093446983832063,471.5528666911113,1261.7126819545992,18232.97931210315,0.0,0.0,173.87546385117085,64.32158101393132,1406.0202821898965,1587.3610868312353,1535.207197230011,1517.932783461113,1578.3580839518004,1631.962125095229,1630.1150999745585,1569.2665220951453,1678.155348921715,1716.5784926035892,1540.7214522480976,841.3008375007623
488,2291.202653845914,1260.9378025179149,0.2122984710716034,-0.11545096662000301,0.07949273332085591,49,0.0,0.007269905533263602,1.0802580995574353,-0.08381882811985158,2291.202653845914,1260.9378025179149,952.8995677915867,0.0,0.0,172.1256630106138,64.32377100060104,52.83238342183474,75.28520094508087,71.16764895948518,78.36621128321312,80.40788280366215,93.59080848079907,91.24966676761493,94.97636354054023,87.63086096022528,87.56187246671178,92.7432346992062,47.08743346321321
489,459.77100574054987,1262.765536373071,0.5571980798492452,-0.15850360614065162,-0.3201211899970448,49,0.0,0.03640742054810723,1.2136582400498623,-0.2102410221275382,459.77100574054987,1262.765536373071,9822.774647528997,0.0,0.0,173.88680791665976,64.32193536387352,806.3506579733844,875.3696792865127,803.1424853582995,872.689546436294,835.0551910476466,894.3213629479113,851.0797537931091,834.008757411535,890.8085992515832,893.2018565095004,831.4235387380706,435.32321877514994
490,776.2813117383977,1262.5886836516825,0.7503827369419851,0.27519471479089497,0.30594272721779064,49,0.0,0.16611217996434488,20.542132217351984,-3.28161380046204,776.2813117383977,1262.5886836516825,2910.7447468921464,0.0,0.0,173.58249451872868,64.32382141384494,218.91985677226234,246.64299426642557,247.59312954849668,253.74686516562025,281.7547095634019,260.660451169983,245.49921770289637,251.33741432246916,272.78956756957405,237.95452837537275,264.4539215555716,129.39209088007277
491,1772.938781939838,1263.4331697661835,0.5503768546963762,0.1292838942389881,0.16400898387175183,49,0.0,5.957999171613441,876.11197831799,-7.356399045264937,1772.938781939838,1263.4331697661835,118911.34542761763,0.0,0.0,172.62403913169285,64.32622046208901,9264.694349892276,10347.599618729319,10290.435622809506,10258.147544829742,10442.643341560703,10783.928396754578,10684.33099551278,10267.088849319964,10643.03685008567,10593.890694002574,10232.179338120794,5103.3698259996945
492,1681.6687280538647,1265.474653724058,0.5375331895023084,0.48370412882426583,0.20780668416549736,49,0.0,0.017050530471504316,2.3139940743115983,-0.9109056061838067,1681.6687280538647,1265.474653724058,958.4585451509242,0.0,0.0,172.71181355874822,64.32714402620692,53.730223542878974,86.2124478184507,88.82540676645033,64.00984220994067,80.11883281481056,73.41655425786811,100.3401763232104,79.63587808085273,117.66573734759558,93.95586187468896,78.42413550762527,42.12344860655196
493,477.0136829989383,1269.2179267283457,0.49953759967247635,0.1958737045180103,-0.5237939632353386,49,0.0,0.02136302731630304,1.2404448990542336,-0.2339436938539516,477.0136829989383,1269.2179267283457,5262.515516889971,0.0,0.0,173.87033681524835,64.32474637935931,389.20703005477685,415.069400259394,457.53272755943124,462.7969562451021,471.84633293130054,509.78181624406636,493.6887201515275,444.3155004659549,465.61491944389593,488.6769440688912,434.7134930944622,229.271676371168
494,100.08056223675963,1272.3736607259218,0.9432535399037255,0.01635507027254947,-0.17484854235397615,49,0.0,0.01112484673707732,1.2368666541813718,-0.23080720284241302,100.08056223675963,1272.3736607259218,358.795732017459,1.0,123.44991234602827,174.23276888711118,64.32294440906958,15.87019384232968,24.15182000642615,65.95874145142034,54.52480518183671,50.03896355628892,49.92359522871956,17.725523119071653,39.70022860398592,22.0229746336659,4.811707480700339,14.067178913013825,0.0
495,464.64668696586233,1271.7278904532166,0.40927883041512503,-0.4425338958629712,0.576593873871334,49,0.0,0.01960799623367555,1.0986723596871686,-0.10217049676699104,464.64668696586233,1271.7278904532166,4558.422241578544,0.0,0.0,173.88226882880028,64.32570395067751,374.0649029985829,361.0136891469738,406.4377208438875,429.8426803141281,393.5656310075288,403.09393728982286,424.49625143089065,387.0719839547436,404.2907588242742,394.88737978264055,383.43914249308636,196.21816349198528
496,1056.5668460330403,1271.8427858136936,0.2863336234850977,0.5392183789052751,0.01758392801691988,49,0.0,0.01128799064039584,2.1316326474813345,-0.8217809078774458,1056.5668460330403,1271.8427858136936,903.5574720754896,0.0,0.0,173.3130479871682,64.32888556941239,73.79681325451794,76.37050969743458,71.40130127733367,98.32148303307825,73.85559900699255,81.52657864933713,78.16215635933952,61.75042742305541,80.8096978103021,79.10871249382026,83.23888472685083,45.21530834342733
497,1238.3736368309262,1276.0620365819614,0.4122695134126995,0.6385101040842649,0.3139946149313262,49,0.0,0.01044179259142293,1.4424363179225241,-0.39774162149257,1238.3736368309262,1276.0620365819614,855.0768977722706,0.0,0.0,173.13820896778043,64.33116278241062,80.90400592015058,68.58824861086359,68.97367119529592,62.13421233323091,60.99238865231806,74.26256870519192,74.1753979633381,61.70728283742181,85.41024246438337,81.77665629602627,96.27000818199173,39.88221461205839
498,1279.4986721548173,1278.8743197211568,0.5315174407903164,0.22171522397774943,0.06534311176492451,49,0.0,0.3442898217775885,51.2786963480089,-4.274842439089753,1279.4986721548173,1278.8743197211568,7623.63114605563,0.0,0.0,173.09866463009615,64.33242310545963,610.9923460749308,692.9379098745851,619.9600480480335,652.3823873632305,682.6637102019743,668.6032395052025,649.1256652656347,714.2778817384728,649.9820443157679,648.3351096443785,671.6691097025662,362.70169432085504
499,650.5941851193091,1279.6392363090515,0.5191876792623376,0.12407199538715079,0.13768007621024447,49,0.0,0.025986926802095967,3.6837697441217574,-1.4157311914460395,650.5941851193091,1279.6392363090515,1115.6349184180312,0.0,0.0,173.70357928206982,64.3302222009434,90.35556179664857,111.43359787061621,85.04783196076436,104.25661336327184,100.92882027385842,102.52979182877138,108.13745213223066,79.37348015264148,95.17150868948198,92.88974867683726,95.28560814706913,50.22490352583985
500,959.7859653355036,1280.6306387562943,0.6967051334707535,0.16001215519764717,0.015017453956337273,49,0.0,0.013194981916633713,1.472835450896695,-0.4203855725386474,959.7859653355036,1280.6306387562943,806.5895646445,0.0,0.0,173.4062098484457,64.33218556283593,71.58245239251036,58.50234025522287,70.00596761006781,71.80820469269284,81.89296547512527,67.18161715752275,69.88043768168446,71.90279221352498,74.01065660374704,64.56896561058528,65.46674620840352,39.78641874341285
501,397.87296711106984,1282.3550212840928,0.5624439292497622,0.08709150500475069,0.3833289304084512,49,0.0,0.038740994443867416,5.5673307778052425,-1.8641175631954512,397.87296711106984,1282.3550212840928,1342.2820600684295,0.0,0.0,173.94665668952425,64.32963891111385,117.30964453905455,107.22825212256606,112.08489948563586,114.86832695348419,115.20024497329237,117.97549623157053,115.85426023597743,126.2732750432092,111.38267097128323,131.36001980931383,102.60126436562388,70.14370533741837
502,2956.782360538548,1284.8049720761862,0.6376330376379653,-0.37827114735006473,-0.07054384711853573,49,0.0,0.03913428988715906,2.18675545591804,-0.8495005468904554,2956.782360538548,1284.8049720761862,7678.838402267594,0.0,2913.1571372373883,171.48530252960404,64.32942018907904,628.5587742560645,676.1311311962384,678.7195655743496,638.0191795577839,697.4326208078846,681.544557904248,668.0277303544764,676.0526610265736,661.0119977637635,704.629724845076,650.357968623322,318.3524903578134
503,728.0399627501228,1284.605817937665,0.5034512074173402,0.4252118376605224,0.3486025052034796,49,0.0,0.12876278096695085,20.58918375921247,-3.2840978243041192,728.0399627501228,1284.605817937665,2991.7765268990674,0.0,0.0,173.6291595599869,64.33273625454679,221.6910328813059,278.23763684214975,251.3639969533093,261.9292233936438,289.7609555499222,256.0607523854866,281.531502926425,256.21901781086547,270.29638684258964,262.23324452459076,256.8502523044698,105.60252448430974
504,2964.5155513801037,1286.7990758113176,0.310113010472443,0.3848627533048853,-0.9251579149141395,49,0.0,0.02289627875358321,1.1354828875487333,-0.13795148377565095,2964.5155513801037,1286.7990758113176,4352.271464596994,0.0,1912.8303973869426,171.47782712249122,64.33018453916286,369.7860806150721,375.81461940591066,351.47803787189844,346.58856899620605,395.03212371228915,423.8248712625809,366.7909146036217,342.8308788651292,406.03445583889555,407.05018873237793,379.1881624485652,187.85256224444635
505,2953.828155460551,1288.9110372325658,0.4271130394216939,0.1292396131768916,-0.1654307853565388,49,0.0,0.0512731241385331,2.579094715998152,-1.0286682292106943,2953.828155460551,1288.9110372325658,7861.947921865411,0.0,2749.0059844348157,171.48806217161007,64.33115582804182,652.2679663975126,683.8239769766528,727.7370080715635,650.8866446711263,720.5921040890588,661.1019256958389,685.9189577264796,678.4091215038835,671.3154777352668,722.1449113327313,681.6330510292382,326.1167766360591
506,2955.313097488133,1288.024047748093,0.3546782418540668,-0.7277762389857564,-0.12879948336297933,49,0.0,0.04456591417580569,1.7988490587415722,-0.6374868081612366,2955.313097488133,1288.024047748093,8310.989363331284,0.0,3002.605285102529,171.4866517522475,64.33077367084702,677.2748492506587,726.1618853065695,764.837955975216,696.6166522929921,755.1907556366152,719.4821884011014,720.7680477300551,711.7997331403111,720.2472468262786,769.2250050258635,701.8205154278618,347.5645283177614
507,819.4991806634229,1289.876574233071,0.6640485917301222,0.29712758522024224,-0.13876716375209325,49,0.0,0.011848244064249747,1.1259682550037344,-0.12881536600623208,819.4991806634229,1289.876574233071,1029.2085799982544,0.0,0.0,173.5412491271806,64.3354089425073,88.26925553667189,75.17626337207975,79.53859803426282,84.16471278269172,104.77913107346134,99.34846192970849,104.82891869124236,79.6347731997626,88.35445857636698,95.00614183460269,81.84188278009482,48.26598218730906
508,2311.2658181999586,1291.3209207831408,0.7728172853158208,0.15413710276538517,-0.0071073421241048046,49,0.0,0.016322926205773112,1.6666175207250338,-0.5545898578519602,2311.2658181999586,1291.3209207831408,805.6503347254329,0.0,0.0,172.10605639619158,64.33634105294183,61.65107883838895,76.05711249120563,75.09287269288134,70.82692120194284,75.60931559568411,67.77083107356512,56.35951574273551,62.16127243818707,72.05919439092423,79.28587299860293,69.64062414746135,39.13572311385386
509,2649.5331358696767,1290.4640027657413,0.6297036645781467,-0.0034617663411674452,0.12804346974968217,49,0.0,0.01779190898835474,2.2023864568961513,-0.857233819481445,2649.5331358696767,1290.4640027657413,919.1326644316697,0.0,0.0,171.7806817167585,64.33410721831669,84.8899511962362,74.30229655736007,69.2686787521771,76.69806919303039,81.7607889426389,95.37829796215485,83.6008021723844,68.44748496464925,65.30664743563804,82.41680808931255,89.96065386220683,47.10218530388118
510,830.0192872507288,1292.145193837812,0.7432965342121803,0.11831096452705217,0.04710438992006013,49,0.0,0.031887807272684324,2.973902575022134,-1.1833168423551084,830.0192872507288,1292.145193837812,1455.8856478553425,0.0,0.0,173.53115475422388,64.33640557746905,115.99708327398531,118.79366250979643,111.67347021986853,111.80480987213187,134.34322073568043,129.87257054176575,145.49686929370847,126.2852935575226,120.40802898795275,142.9831969929338,122.1428848282705,76.08455704172613
511,2954.2112823255097,1291.568738555639,0.5095004970636918,0.04609778045364276,-0.3936031343185688,49,0.0,0.04442836784647612,2.165095577554533,-0.8386926823104313,2954.2112823255097,1291.568738555639,7072.99609988673,0.0,2447.5051020760184,171.48764133266425,64.33225964229761,574.931852220162,605.6992023949406,656.565451008513,604.5737182637099,641.379624512241,597.8656776362708,606.4095469731452,606.0449228497433,617.6588183856317,652.0382232513863,611.8082060605916,298.0208563303945
512,2717.51373483261,1297.4817905685736,0.6403328163139819,0.2606774098118362,0.07469974580354836,49,0.0,0.02633544384447339,3.0582680496325922,-1.2136888689550838,2717.51373483261,1297.4817905685736,1171.150543187976,0.0,0.0,171.7151832594628,64.33656655155646,107.58894397629962,91.75558161870049,120.97079655593477,98.92237037829551,84.34679186714675,79.06018911452333,100.52831429079762,91.37658059322246,124.9063158652827,108.98114892413292,114.57959928369002,48.133910719949796
513,1329.7457512943065,1299.9428388310457,0.4579978396102326,0.45608685241479396,0.3602494861632563,49,0.0,0.008681981587552024,1.212312340621026,-0.20903631511302012,1329.7457512943065,1299.9428388310457,814.2322211091424,0.0,0.0,173.05041349542415,64.34129525759593,88.74928890101823,63.959895140801066,65.81104348507486,81.31895959902634,69.59471627519522,70.08962124515585,58.15606371927635,72.40095614101796,65.26120017451038,68.81719839902156,72.29510518259157,37.77817284645299
514,2472.189171386076,1300.1199216312298,0.5572463022381113,-0.30684006225108557,0.07217659303891898,49,0.0,0.007820642080885239,1.003740111122267,-0.004053199063824056,2472.189171386076,1300.1199216312298,739.9520976055301,0.0,0.0,171.95114160549792,64.33920397684707,63.739010909180806,70.43553655667509,51.01977690558513,55.25076209668877,65.01399202115832,68.81896204003513,58.47367599728011,55.45375176319848,78.25764323041116,79.31588499884705,57.0605827947161,37.11251829175393
515,740.7305231482761,1301.3341439370895,0.4462519783076481,-0.4010254235721594,-0.07286679757460238,49,0.0,0.009100196186992192,1.1352008665858933,-0.1376817849495832,740.7305231482761,1301.3341439370895,827.5480474285853,0.0,0.0,173.61716296432255,64.33977492912013,59.74272839610301,64.27354568856043,67.87883147695648,61.13738145538895,68.59661491566351,68.12203699172954,79.23999662142216,88.7317352367272,81.63830300961976,75.52732772018287,76.5324662225558,36.12707969367562
516,2951.9287475725205,1301.8689151969184,0.39239343342287275,-0.0564240914727805,0.17767535407660812,49,0.0,0.01565585401082203,1.2707105150253655,-0.2601165592203038,2951.9287475725205,1301.8689151969184,1909.578195835063,0.0,470.3046667061179,171.48963345701438,64.33656971861501,155.37714557750041,186.9110475328264,173.97786497183665,158.00120936110497,160.4467168858073,176.06631193520445,153.04830644846282,149.07049865327917,168.28878564550885,168.5772503336268,184.0401110129224,75.77294747698282
517,254.322631521102,1302.7955536410122,0.5512207425311946,0.6259035873412856,0.3253719326080859,49,0.0,0.012241098496347295,1.396841089287383,-0.36286750424192415,254.322631521102,1302.7955536410122,908.56786661052,0.0,6.226782577516974,174.08509080072534,64.33700038123393,68.22004427962207,85.27925202936976,77.67437609354602,77.24012367048972,96.38716854984843,77.10702419330848,86.2509285218275,76.37632870898545,80.48103622102539,70.09767306432968,74.58958805767136,38.86432322049616
518,1647.2477007424245,1303.7468732382547,0.215772814230717,-0.02850777129046501,-0.5684271868564595,49,0.0,0.028039148938853512,3.622305054879137,-1.3974625548070054,1647.2477007424245,1303.7468732382547,2165.0627332172717,0.0,0.0,172.7448922400918,64.3431045727068,165.5324987322739,176.99401926936497,191.84306675947226,179.4527566569086,179.33271224365774,171.42749249712517,183.63714475146125,207.53821157685815,188.65246007797583,217.07561956478642,196.03619779562436,107.54055329176288
519,2699.0995995379426,1303.63298892319,0.521565690091078,0.029230514573770586,0.007203596228640212,49,0.0,0.5833268780566145,92.15451744119869,-4.911291573296241,2699.0995995379426,1303.63298892319,11384.167550382586,0.0,0.0,171.732797201117,64.33925773830283,889.921781186809,963.856932503204,980.8875644987675,980.067816137058,1035.5447692106031,1040.6756154177597,1044.9765872410892,990.2170754661847,1004.2494252782685,1042.0121696506817,914.4637167215493,497.2940970706157
520,2340.870173943933,1304.6011128593589,0.5885414377348692,0.0365832657485223,-0.17460110334676746,49,0.0,0.008973221154958869,1.0290634569809745,-0.031105390664458187,2340.870173943933,1304.6011128593589,739.5436403523847,0.0,0.0,172.07743381327344,64.34173855711818,55.7288773619844,81.66587012509558,58.66628567251549,65.19982667776057,71.50183744903953,58.512910183485765,61.963346372771866,45.224857507851496,68.50314967546308,72.94543637117201,62.56228688807405,37.068956067170916
521,2788.244418532466,1305.719062452279,0.3153420619109884,-0.18964954028944056,-0.19941572238733127,49,0.0,0.008416885004366749,1.2202462261650393,-0.21611868298850745,2788.244418532466,1305.719062452279,814.4015987726655,0.0,0.0,171.6470071248941,64.339484071197,65.60664974757853,76.92780090362007,74.78365248146002,65.40918758260545,73.86159497553426,75.32543313564764,64.13307813823452,75.68587386845044,66.56205373454668,72.68993132633061,69.14886769337988,34.26747518527729
522,1513.6455285785096,1308.4978675792922,0.42004398640120705,-0.23958187061522726,0.2227037033528975,49,0.0,0.009781975098389325,1.4991322556320985,-0.4395998715762011,1513.6455285785096,1308.4978675792922,725.8875238400503,0.0,0.0,172.87346606600985,64.34506724183056,62.490318673232494,60.19461108604196,60.14976792972069,47.468958009924826,66.74106172929757,72.70378393211851,87.24024325320846,51.7457688565371,58.543970329069865,60.5046812978245,63.7713281702576,34.33303057281675
523,2131.136255427166,1312.5147543908272,0.4960788619235848,0.033277253974378224,0.052697839356329886,49,0.0,0.013095527157136492,1.876783219463873,-0.6835352792788811,2131.136255427166,1312.5147543908272,820.7707979446338,0.0,0.0,172.27918286152644,64.34587650130891,74.92581674949506,66.04193762393791,77.80298032740015,72.71382209245355,70.8288516464283,62.00392754579295,73.49740688837636,63.17481994741779,79.5169605799455,82.63109808842037,66.40451354542063,31.2286629095452
524,2368.3382254087296,1314.3213058556516,0.6101817739934389,-0.4941047775386738,0.1161104831470549,49,0.0,0.009757399359693093,1.1914607706202942,-0.1901993689436846,2368.3382254087296,1314.3213058556516,755.4518892989807,0.0,0.0,172.05089583968606,64.3456576284403,46.82405088203033,54.29827960430655,61.45190372608408,64.59824426825149,69.61255573446799,63.08608220942518,67.93433765200038,69.4012924819591,61.73409626848557,82.62375276400257,77.04659380711473,36.84069990085277
525,2999.676999363264,1316.3202722658743,0.48029330493138656,-0.5680472007044967,-0.5157117431120577,49,0.0,0.04544083937607187,5.30706461003953,-1.8121359372818857,2999.676999363264,1316.3202722658743,2394.053993826635,6.883965941811087,2035.766536733789,171.44341545269972,64.34217534523117,188.01256483799858,199.20388551261811,224.78859087791818,204.29587509054826,214.83703177806015,220.04612209706826,223.3487366323876,201.32505250208317,198.73378215405359,220.7787709401684,208.54599726854804,90.13758413518285
526,1880.9976125342043,1316.8127074165616,0.3022182119159017,0.5435574598294726,-0.4776241771516389,49,0.0,0.008731638254836681,1.0151525731531779,-0.016328299462578667,1880.9976125342043,1316.8127074165616,1046.4027980813835,0.0,0.0,172.5198988442013,64.34830732035589,108.72775052744714,92.54336303223589,99.50193465548942,85.70112210081486,97.71404426813793,81.55171865231364,81.164231828901,77.72282817940878,94.18674261608925,75.82937078585843,106.4489742184457,45.31071721624143
527,2397.4162583041866,1317.5748729395502,0.6782627458068607,-0.0491582879737045,0.36014346371091654,49,0.0,0.019587233659693448,2.2463060904160366,-0.8786723365380262,2397.4162583041866,1317.5748729395502,924.1318004160099,0.0,0.0,172.02287603052355,64.34686963193421,76.51306886621306,93.9523031352461,92.5551996152881,77.97168792417776,68.54337106304772,69.56501731570035,67.59444453730634,89.3287618356506,81.07766597078066,72.07464375508943,88.16252072405673,46.79311567345307
528,2547.089228658218,1317.9191682154467,0.6328203601773115,0.061437326696482095,0.08053856935701938,49,0.0,0.2608487560581926,37.701887415149585,-3.940907730518899,2547.089228658218,1317.9191682154467,4316.159240766623,0.0,0.0,171.87883894529256,64.34618990358345,347.393939767414,376.0856167187078,367.67817898796903,368.6237189399485,358.4745473428478,370.84817994706157,403.23036527029797,395.76584360958,378.81661206094793,373.0984664195584,359.8520813557658,216.29169034652398
529,208.19503785663545,1319.4545549244158,0.6879992379759606,0.18798609420320506,0.47754137183389644,49,0.0,0.0139027902879847,1.1450442465183626,-0.14705567225197916,208.19503785663545,1319.4545549244158,1093.3368962118566,0.0,500.8981385453453,174.12979430711758,64.34354142981194,96.37494021288404,113.00836137994098,80.76534532604738,87.58155795092148,105.51584377763604,81.88251291605377,98.23347748146038,84.97781552731652,105.56093605593321,98.5120477219422,97.98089385708664,42.9431640046339
530,1081.085927528875,1321.6573110429563,0.3146816759562472,0.28560239640336865,0.16062359163426948,49,0.0,0.0263866523622161,5.386360168632429,-1.828238474814553,1081.085927528875,1321.6573110429563,1319.5455635950934,0.0,0.0,173.28984334609038,64.34972290984466,98.99028248502293,131.76201238473527,96.63552588176788,127.66767682896982,132.4933162221565,110.66993805971568,128.6600572874218,112.94948231503508,102.63129377738306,109.9220937518249,122.22899197817422,44.934892622886075
531,466.19638223936965,1326.2732421164671,0.6638973183238299,0.30291499102211666,0.09292692409052669,49,0.0,0.05285172218158616,6.851562503216954,-2.089474059805206,466.19638223936965,1326.2732421164671,1536.7675498480326,0.0,0.0,173.88168067557848,64.34843802802293,122.80892259236438,121.73990291290366,142.7168838486478,122.64456729106332,144.90336446062773,165.998772342227,117.39332317219429,139.23884439941943,140.06270067661166,130.4222200464169,121.4903979816126,67.34765012394394
532,1333.1651516469992,1325.7706071105104,0.5686762450935434,0.17139166986347326,0.17104884137733142,49,0.0,0.16728707511542837,25.478652681355697,-3.5154411466265594,1333.1651516469992,1325.7706071105104,3297.3360199896797,0.0,0.0,173.0472239241174,64.35206247474358,256.5156896175211,292.7334738341343,275.9785240655764,292.33950465745784,280.0072673207341,295.30123676760127,284.01468804362145,296.56774667414754,297.89553103635353,295.27467289851575,267.24596429457915,163.46172077943748
533,1345.0849683907784,1325.5568780833878,0.4105895379216805,0.2577092985181341,0.3168248058314507,49,0.0,0.009517758369844751,1.31633191062288,-0.29841352406353916,1345.0849683907784,1325.5568780833878,953.8851863817497,0.0,0.0,173.035748855656,64.35199308333073,75.79990098372961,85.83952964335111,76.28364983963354,99.8267606527218,73.59278358469625,91.22129813853488,86.3653256193628,78.63515602430209,75.66477275170664,98.70985071927969,76.63129446829062,35.314863956140734
534,1743.9711215092088,1326.3183286706626,0.6118097327811477,0.23898472684044475,0.1867739287934903,49,0.0,0.02480212667752806,3.085686982912998,-1.2233796710640477,1743.9711215092088,1326.3183286706626,1054.1146183486467,0.0,0.0,172.65176649153807,64.35245124726397,81.45050287873613,94.41254019345006,96.85092595089745,80.57072581187973,95.35472784314754,104.73203794624335,78.14598509564814,81.81949158479614,87.46192254584042,100.55131873077677,86.99174588098717,65.77269388624366
535,527.106050209341,1327.3586296961519,0.5486127315129965,0.14862914193145887,0.47514321586619956,49,0.0,0.013443989485257343,1.6862367620031662,-0.5672963830356412,527.106050209341,1327.3586296961519,858.321721746818,0.0,0.0,173.8230833061079,64.34931440533819,73.81291945616215,78.28456659038122,89.99619845965566,66.97980497580781,69.26599482810755,66.48866463037518,98.55720030533769,68.11514863047651,81.29539624465016,69.63010722214372,61.814571864691466,34.08114853902877
536,753.2796081727012,1326.3028331119488,0.2882054850008218,-0.24832692525200534,0.5615649331006969,49,0.0,0.01359919542072895,1.8133243569034432,-0.6461887377813798,753.2796081727012,1326.3028331119488,1098.4562669447691,0.0,0.0,173.60539821292005,64.35024500075276,85.55175121087703,88.84886033437974,100.79799465923601,107.7328642468488,81.29425711829813,98.44182059110673,100.73153450060181,85.21737873144829,113.63987780331533,101.01736389040215,86.2341161955805,48.94844766267465
537,1779.147474477309,1326.7698248045783,0.9843888721687759,-0.03833583721689761,0.12280490859040878,49,0.0,0.02457847374091829,2.288117128909149,-0.8986956306531141,1779.147474477309,1326.7698248045783,863.1738156315322,0.0,0.0,172.6179031155926,64.35260361540095,68.5394664047866,75.11245490923469,72.24733947594702,69.59072686314218,65.3264734362747,77.7842232324266,62.24853846420352,78.89823820604539,83.32351315649342,99.5739372683563,78.71622194288084,31.812682271740922
538,881.5985629296415,1327.9940675368516,0.491743367754884,-0.42099798360602264,0.014083362885502779,49,0.0,0.010969210948320448,1.3868198756026888,-0.355050143109003,881.5985629296415,1327.9940675368516,874.0681501846756,0.0,0.0,173.48191141738909,64.35158367280026,79.05910643558364,77.22690936580253,85.84461462606438,87.83618386944465,70.85397433894182,80.98492568656694,55.823483556483325,64.7620347575924,75.75248042662693,75.27971173965474,81.06311549069203,39.581609891222286
539,1536.9639915075431,1328.2422698595049,0.6465011305257565,-0.06276922684338977,0.20941941242744827,49,0.0,0.07329614148047443,9.47705346058686,-2.441683326277758,1536.9639915075431,1328.2422698595049,1832.7470225407424,0.0,0.0,172.8510429957637,64.35330509871766,139.35751027628396,145.36516653460865,165.4617119049559,166.15632872736444,163.6711204972654,151.54618073925903,158.06752768941723,152.2349388534012,175.70028779691813,162.09094057230556,161.49628369589976,91.59902525306335
540,1826.5595848814698,1334.341968331859,0.6937444308484907,0.4103219661924541,0.21127185314301872,49,0.0,0.05279338107312894,6.559663501839276,-2.0422039036820463,1826.5595848814698,1334.341968331859,1470.8779698129654,0.0,0.0,172.57223717276338,64.35569809413258,128.4586926724108,118.65380157815383,120.58856073182417,137.2284114811166,126.72464577157538,135.1405480414188,121.32690635683275,113.8036169101907,122.2359251623486,145.1149248222074,141.79029209025072,59.811644194635576
541,1871.0958028865696,1339.5252940420883,0.6692635731790099,0.24839900424036807,0.28647504627242043,49,0.0,0.012638736338024493,1.4550451553682826,-0.40719117818965034,1871.0958028865696,1339.5252940420883,860.0864520992427,0.0,0.0,172.52933952616755,64.35778797823183,73.48783942888602,65.25646464823217,84.4465726022717,70.29913671161427,73.83367955084577,83.69291595791881,72.8921995431717,66.17388736633028,78.72954694576453,57.93463195704699,83.59944250560316,49.740134881557225
542,2280.853988601033,1341.3173054362264,0.5134440413726195,-0.6186328692474542,-0.1683295382563733,49,0.0,0.022457456413507097,2.9185616968081645,-1.1629221962313654,2280.853988601033,1341.3173054362264,1166.3467598513148,0.0,0.0,172.13481655778628,64.35730482278298,89.25249807467698,95.51507655758355,117.26491856930144,97.53845045155293,97.80562477316536,105.67186209492056,103.09529760262636,101.42362640471711,109.15031730913074,91.03159367426085,95.33437409425952,63.263120245119595
543,1880.1929473845655,1342.296072664138,0.3922212072437343,0.19087315031750296,0.3840307438820354,49,0.0,0.011575032935368646,1.6643423951039997,-0.5531066898141085,1880.1929473845655,1342.296072664138,978.9713593910842,0.0,0.0,172.5205692964221,64.35892665260607,81.78466997193107,88.98458519488365,88.24125274291404,94.06757735679777,85.57071075122377,72.83366696261356,80.20484239017904,62.790461077644636,93.53193719240814,82.15308322305421,91.55734906718905,57.25122346024523
544,166.8734024534206,1343.8971474040852,0.33379488671957047,0.23847358710857128,0.3921948850772333,49,0.0,0.04764312255667305,8.082639542543145,-2.26888302803835,166.8734024534206,1343.8971474040852,2067.4667896691653,0.0,1972.3999447812248,174.1700571502068,64.35335457205805,151.22223994576714,187.37339735787927,175.6688752550964,194.75144120656148,198.89620083974438,168.28080157669683,189.47562985557857,178.33502531145038,188.87459125651708,166.84199473158523,185.0738852837747,82.67270704851393
545,414.60706055962703,1344.6469314223984,0.23368568029225673,-0.20375730056244984,0.20456378380156598,49,0.0,0.010576069647075376,1.3893457697633136,-0.3570258577072402,414.60706055962703,1344.6469314223984,1174.1739146152154,0.0,0.0,173.93164209705978,64.3557145860375,81.67070574252881,109.46105388164281,104.84300935936531,109.98632396921103,96.01622384146503,117.12745437233497,84.0142643805599,100.17387885010194,107.03865079693504,95.82502658223575,105.74861037308442,62.26871246575046
546,1891.4874527630352,1346.8087341583307,0.49956710451903585,-0.417423155412706,-0.02445737083727949,49,0.0,0.01062897916002159,1.3381259597360435,-0.31624249031261886,1891.4874527630352,1346.8087341583307,848.5179721437214,0.0,0.0,172.5096751043786,64.3607865550782,71.4651038800246,76.74684945368847,70.97424503026548,64.1655430606237,60.33036037854754,61.622815141037755,81.9680285802487,79.51713936540023,77.99174379650808,68.83826449772373,89.13733789358828,45.76054106606502
547,658.7584650746224,1347.6945182578763,0.2964994932289315,0.018579552319145296,-0.22476304963320343,49,0.0,0.007167907583257213,1.1250655803587228,-0.12794459580247677,658.7584650746224,1347.6945182578763,904.9172107604875,0.0,0.0,173.69666224905455,64.35862357228622,79.36985689202692,81.0051470154339,71.08648411679874,77.22974735759726,87.44939444677891,73.6907600480854,75.58227607514061,80.43212239154367,65.54873206880299,95.23237242076807,82.76554383230042,35.52477409521066
548,2432.9865089752634,1347.4290450276476,0.40967142886113106,-0.03422872989492804,-0.5017303139547219,49,0.0,0.018472424110946857,2.166680550751066,-0.8394872122255845,2432.9865089752634,1347.4290450276476,1350.9229958768965,0.0,0.0,171.98828263947115,64.35912477553615,96.79807294116512,113.60571151916736,107.6147036244947,121.82507374491249,132.71658157991288,136.1924126151387,125.65693315127575,99.77530300036534,133.38913076378984,113.20717011222875,122.86535160058237,47.27655122386312
549,2391.2573239895096,1349.5738424230437,0.6057009734558081,-0.02533486699385248,-0.05990507658885964,49,0.0,0.015062665340548056,1.4847544339279894,-0.429136577215776,2391.2573239895096,1349.5738424230437,1054.5510217353024,0.0,0.0,172.02843377741723,64.36023215299431,96.74698771188241,81.04314465496697,97.59064193695275,84.96157652009555,87.40158459505821,96.78656198051033,96.32064491425527,83.41901700300338,99.31302626177265,77.5337088814704,104.69802517969913,48.736102095635346
550,2451.4067634048038,1349.148655999757,0.6092350068537962,0.4281298741749351,0.1922856664237092,49,0.0,0.05967478926697752,6.165808166970824,-1.9749750216533146,2451.4067634048038,1349.148655999757,2614.3907208790692,0.0,0.0,171.97052692492167,64.35974333453211,192.3659274536026,230.68682024442808,218.33388953858253,213.35532853600898,215.93575714353074,235.62453722234883,230.95083846206313,238.68618094647974,235.831001340091,246.14479953442049,239.8740470166251,116.60159344088817
551,115.92414971589231,1351.0061142807785,0.4663029635663247,-0.29407415154596606,0.22859084315496755,49,0.0,0.08197550130832473,11.433079751798777,-2.645408082342215,115.92414971589231,1351.0061142807785,3234.8261836588645,0.0,2789.4439433694556,174.21924096618943,64.35584660119119,350.9371912610595,391.4171932781768,400.75021017857733,339.78630943999383,307.8181577842819,257.7056579212074,255.00728469776632,311.4789500823681,206.90807218839086,209.18940154683514,186.37124166443527,17.456513615772216
552,1594.6718162369277,1353.2715795035258,0.8243270816056627,-0.18733275532575486,0.04821739206110423,49,0.0,0.01793849354814041,1.7312547292724605,-0.5959024319334071,1594.6718162369277,1353.2715795035258,976.5804146389271,0.0,0.0,172.79549120326467,64.36374657155787,94.07977229712489,95.53680340902382,83.51508665437363,65.10816584910492,91.63627431350838,85.40482216007499,78.26037809677192,73.16710411718101,96.3779444645572,100.28816979203827,76.10426898954145,37.10162449562656
553,2092.19171264576,1354.8311004670675,0.46654207857608243,0.18351999400213106,0.13342246753336884,49,0.0,0.049015540193268654,7.722849499216725,-2.219443928771259,2092.19171264576,1354.8311004670675,1632.1939112028028,0.0,0.0,172.31635843870777,64.3636332341208,131.20196368368295,150.98988162661863,140.06015780251357,138.7167971967728,139.6478897050942,139.5482758787872,151.2200200133069,145.8702744904362,137.7317257381522,145.29379445919182,134.61187080216592,77.30125980608062
554,2366.835862923341,1354.500547841164,0.4564517581812128,-0.29034895073786987,-0.2104923350004935,49,0.0,0.010674720188689483,1.409055748076437,-0.37232043984049834,2366.835862923341,1354.500547841164,785.2001110032897,0.0,0.0,172.0518921800144,64.36240479693102,59.518837319910446,75.96007435211314,64.29988352759912,69.529111782032,75.8446105745736,66.86014842214598,75.4320242287548,72.97577804629057,74.13510527153299,63.429649970872354,54.67618120606184,32.53870630140296
555,2609.4420977610184,1355.8559782724458,0.37545728573197684,0.34322535802036364,-0.29289000687946093,49,0.0,0.006862906630565005,1.0260078427720813,-0.0278767013050389,2609.4420977610184,1355.8559782724458,679.7158995577693,0.0,0.0,171.818280286155,64.36160995773038,51.68051666006396,59.20814814440851,63.03762061106519,41.14329014120926,55.79603462402575,64.73088482780665,66.32878011422915,59.05786561688916,53.66628868656035,64.32463287518915,68.65129625982004,32.09054099650213
556,458.0257390013489,1356.5471638242686,0.6720195608582047,0.29827268413115454,0.3104226651313736,49,0.0,0.22376199798996813,29.537014697050743,-3.6759164977416163,458.0257390013489,1356.5471638242686,4214.296755818875,0.0,0.0,173.89004806501623,64.36099110504294,312.70545843849214,354.10401181691736,379.9772011681046,338.0763604123925,360.0363579242237,378.0586676074515,378.9880775496091,374.29915852252793,378.6446707900305,390.01909070300184,381.16923284280324,188.21846804332012
557,92.73475295938124,1358.2267251844405,0.5886318686571865,-0.49829925794632485,0.18282229924725182,49,0.0,0.020947018413493237,3.5903587238126087,-1.3878446061179883,92.73475295938124,1358.2267251844405,864.4280049629398,0.0,256.98048881787554,174.24171735996228,64.35863525071899,66.22374543651011,56.163039077378755,148.08802756618957,33.19706801722767,37.341105076479494,52.30179575492642,21.701803442177326,132.3656827878463,173.8073968042474,43.36595426860262,85.43489298904991,14.437493742304158
558,231.12454996281218,1359.8052949336366,0.5714438060915933,0.36399019633707314,0.40872064845419526,49,0.0,0.011386622281840886,1.2375550588420474,-0.23141132450766475,231.12454996281218,1359.8052949336366,946.8479533163086,0.0,89.87217845079573,174.1085417303289,64.36054943485435,89.3778304055047,82.45439518681636,82.3606896206072,79.71852538127615,84.15038327301424,83.5793922262868,83.3612647357358,87.3603020797179,74.00706819848209,70.04085130137679,90.84710811662242,39.59014279086814
559,451.17445366741873,1364.3156882078745,0.4256059599253613,0.6630293763077145,0.23143404571601603,49,0.0,0.017708920364209138,1.8386598467997814,-0.6612534798083867,451.17445366741873,1364.3156882078745,1795.5472251952976,0.0,0.0,173.89677440979648,64.36417781466606,118.88845975829457,155.32058355454114,159.47027924572996,155.4615350004375,168.1570130260721,147.76515712008273,167.65443832703977,145.1598828270495,155.5984817761617,184.96982607182932,148.68669161254536,88.41487687551412
560,1294.1473410305116,1363.9354890627487,0.5782318519774281,0.18814362711007013,0.10593019592488426,49,0.0,1.8769193599885725,282.9860460920722,-6.129412552992509,1294.1473410305116,1363.9354890627487,31309.87273628994,0.0,0.0,173.0849538835989,64.36789361377626,2498.7307058789384,2602.385346441224,2626.6294127017204,2677.471399426092,2650.294562335376,2789.666745988674,2957.8728572183536,2573.6367461351188,2991.4225579896606,2831.2083146227205,2811.218475605395,1299.3356119466762
561,727.4280822084793,1364.5537636135728,0.6528782607047606,0.1588518233510818,0.12308948353371933,49,0.0,0.13885855225834384,18.775374105986245,-3.1839714980848965,727.4280822084793,1364.5537636135728,2766.264943499322,0.0,0.0,173.6307664944371,64.36604080774943,207.89044811161904,254.58186707180766,258.6006067195489,227.2209694214173,238.49385462678916,258.22733679519934,257.8531011217236,219.19657477388495,238.5462186491353,247.32378911573227,247.2730663298336,111.05711076263117
562,896.3107263950179,1369.1798352805524,0.6883830745446455,-0.08589170245492854,-0.004957948984588989,49,0.0,0.011953541107394841,1.3553293257207142,-0.3301120885157446,896.3107263950179,1369.1798352805524,755.618418689001,0.0,0.0,173.46817394228776,64.36880920777952,68.95548807642461,70.77331818659044,71.30341880741483,54.53927650044412,57.3701057058578,74.65150322639295,66.6758816025386,64.63537965678384,58.805139251503114,57.48833947263023,64.70039844211402,45.720169760306504
563,959.491114712232,1369.0623181458798,0.43047670868222304,0.22627839562669874,0.12981222128963024,49,0.0,0.05283532023746557,9.315908163059214,-2.423062996438164,959.491114712232,1369.0623181458798,1682.986229726506,0.0,0.0,173.40732060369356,64.36902861525239,127.92438560447188,131.70897004078287,143.3891360574671,134.7036270534316,146.17161196164773,165.40142250277208,149.51420124881875,127.73776478423378,157.60582405672125,142.8111759734067,172.38981221943357,83.62829822331875
564,2002.9809468834057,1369.3170231582935,0.5563355617486698,0.7246629791498103,0.26866971672745515,49,0.0,0.010548811346830129,1.1864423735698166,-0.18561662261091838,2002.9809468834057,1369.3170231582935,859.3349960054662,0.0,0.0,172.40218410238938,64.36992070957224,58.05005040979817,69.29240112732649,56.192736516159,69.52742317025474,71.60801483393368,80.4600514513198,71.73466406325979,89.57528939843802,75.35899541295348,98.99873308340052,73.42683695493488,45.109799583687646
565,569.3171980518,1371.9773525060423,0.6649350608939624,-0.12038489278950368,-0.013978702128466282,49,0.0,0.012533055404793504,1.3591822974659449,-0.33319427368182447,569.3171980518,1371.9773525060423,882.5498656181671,0.0,0.0,173.7831326398485,64.36818294357644,74.19596313660435,64.05841069914612,78.31594993606708,69.18251474748195,80.65945429780106,85.97192217341136,93.94986640316725,63.163195275885116,65.3654654512978,101.40297951254948,73.42750662907895,32.85663735567668
566,1885.2219738740446,1371.8029120264132,0.5632902404671766,0.07235579388895154,0.2488252749237791,49,0.0,0.016593603737222223,1.8079869824495587,-0.6429882480493057,1885.2219738740446,1371.8029120264132,969.1915172798238,0.0,0.0,172.51560432879353,64.3712120303911,78.54682447370536,105.17850763288794,82.32628600126074,86.57680534986429,68.71105946560337,81.9286996902903,80.69961126269101,83.13670557763695,98.85796869684069,82.45317552444541,80.89388170689871,39.88199189769897
567,2402.758489702142,1375.392728661112,0.6089666696050209,-0.3701465358500961,0.11309020527755118,49,0.0,0.009794083881520036,1.0385068986755215,-0.04102346461583085,2402.758489702142,1375.392728661112,802.0586893864584,0.0,0.0,172.01705770975124,64.37093118048624,67.8420293572178,83.71312312968307,73.78027761842489,63.583995659258406,55.742898410878425,64.96249206404508,84.73181502858064,66.42896750270864,64.44227027679582,66.71169155220468,76.79971710193954,33.319411684721445
568,3041.5393847320693,1374.6179736168765,0.6068521191357266,-0.9479834916162919,-0.25391429136596555,49,0.0,0.00905381350805841,1.0661861245799549,-0.06958256571816333,3041.5393847320693,1374.6179736168765,957.9115654755087,0.9621190589881572,610.8893996391773,171.4019196940474,64.36608388320784,91.24685623317922,90.86135413463066,79.29651988305747,99.65887754049346,91.2297078890704,67.1402070942838,48.80997711194429,60.3473174145922,107.0890259132301,122.61183782019475,70.13793431378296,29.481950127049345
569,1451.1977956459816,1375.9083902777782,0.2505467249197815,0.32059205972312627,-0.6839043662551232,49,0.0,0.0279403500517371,3.903793359873319,-1.4787170525571418,1451.1977956459816,1375.9083902777782,1977.586735040493,0.0,0.0,172.93371172979084,64.37310825274756,128.60679862462553,174.52212641536613,166.6537625847539,165.64424253901677,181.56131900550903,194.6978948628185,152.35728218689155,169.36441671888258,202.04677517079097,176.32715264495693,179.68315959527013,86.12180469161088
570,1121.1501067673926,1378.031039986397,0.4248309152888034,-0.1833542586012018,0.25103984634283133,49,0.0,0.016820438093046487,2.7080632030750773,-1.0816469901605656,1121.1501067673926,1378.031039986397,981.301939946387,0.0,0.0,173.25167571410032,64.37333736745616,86.33071125536948,80.91235649806285,97.01219933672533,71.63805886799292,73.76166822508627,96.23282921789709,83.28236306761504,69.04459343792942,104.3768598108486,96.33405977324225,79.60072975954063,42.77551069607712
571,1321.1288726806886,1377.6921377991082,0.6295730923420793,0.018630967935486492,-0.12928588161304672,49,0.0,0.011469498400711141,1.2800019576542312,-0.2680265846622098,1321.1288726806886,1377.6921377991082,870.197822427434,0.0,0.0,173.05902213701182,64.37367537290604,60.62300723370579,64.13666812192949,67.05653628929413,78.46870670055515,84.1020976373533,64.8643075773217,80.17500245119429,96.43765112672007,76.95133903725872,78.78892135278329,77.00378607400243,41.58979882531555
572,1998.5473405711768,1380.5365816276897,0.3490932624372003,-0.4130925863452503,0.055839400470811464,49,0.0,0.007685567468661061,1.1060078263190989,-0.109395500322179,1998.5473405711768,1380.5365816276897,766.7287582757831,0.0,0.0,172.40638942580375,64.37460661611101,66.0751033740916,60.85048546222903,52.92233946832813,89.9016460270459,63.11476327950707,53.9831103338676,63.27325834194084,67.96354789620892,68.00541281898049,69.98151905535272,66.34383678239683,44.31373543583393
573,952.0792853814476,1383.364402445215,0.750009589352203,0.3631876572590193,0.17236155009388962,49,0.0,0.021286771138032286,2.2174017027479014,-0.8646109417212139,952.0792853814476,1383.364402445215,970.4846625397308,0.0,0.0,173.41459490680361,64.37495726857946,66.8775216586827,90.13888199138518,81.96860618770727,68.60484304783634,83.09898333958202,98.11486012135447,92.28623238616424,80.70640409462854,89.6431423832947,84.8850468556648,72.19923608866901,61.96090438476152
574,3007.0459197684845,1385.1329309223943,0.588504431734744,-0.40780149844661423,-0.5477383727356908,49,0.0,0.011476401342861603,1.1506672535007214,-0.15237438452848734,3007.0459197684845,1385.1329309223943,1027.601053433928,0.0,859.2027758382159,171.43491398474967,64.37077396952981,106.78665482483837,91.08744034661943,90.80113268781788,95.4364749337793,71.97708613066763,89.12023359026223,92.86078351344322,74.51138911062185,91.96456676327105,91.89363297818917,89.00416814690848,42.15749040750918
575,1480.0907315440766,1387.795313092845,0.746022596447517,-0.07683101194509272,-0.3959252858091012,49,0.0,0.021195451547151415,2.0322417192777356,-0.7699384065507731,1480.0907315440766,1387.795313092845,1211.4276997360494,0.0,0.0,172.90589814233027,64.37808572660805,102.20238163522126,97.20394731243363,112.09070161603393,104.09579096770591,114.06919153739557,95.3184383550954,108.02882897472631,111.87523290055181,101.48427326059007,109.22745910602339,99.8871910422305,55.944263028041554
576,1579.772176589877,1388.3277476073326,0.6496384041346637,-0.23835914421834212,-0.5500686848430031,49,0.0,0.009026157426624283,1.0348456991264323,-0.0371889976378604,1579.772176589877,1388.3277476073326,783.8239799030889,0.0,0.0,172.8098507939486,64.3783520173973,49.31067305278516,79.86495733405819,61.470467895215975,67.08101598806455,62.22001536405757,78.77736236823432,67.09686131951591,64.52071376957183,63.84937043927318,73.18302104894407,79.7348864318125,36.714634891555704
577,398.9592326004271,1390.109408830366,0.5757896823764685,-0.16887578544393625,0.2849357346567259,49,0.0,0.029140250399987876,3.790899502739105,-1.446855678433291,398.9592326004271,1390.109408830366,1350.4780212098042,0.0,0.0,173.94750144979147,64.37453547360073,111.30184743095495,121.88421399923416,118.87507889318167,110.96927594722439,101.97689646317046,107.71913094945603,128.4552719706577,113.38725018019275,128.444396687996,127.3772840412152,127.92476493750814,52.16260970901267
578,868.7327802651539,1394.2381824126799,0.4572124714566809,-0.6006807446282849,0.4009080271589868,49,0.0,0.020149889829833824,2.0272172250045686,-0.7672507192487871,868.7327802651539,1394.2381824126799,1663.224144214882,0.0,0.0,173.49500321148088,64.3791243238218,133.5910046646831,133.73119051513882,149.0759219640952,145.1305146659815,134.3003310185111,149.30137392924013,136.3894378143599,140.82840204099392,143.29927318069707,149.40601593658675,169.27645541858172,78.89422306601293
579,2349.822269980068,1393.6077462429855,0.5714001942362588,-0.33123780845137607,0.2829685207028135,49,0.0,0.013272253437067867,1.5937549041213603,-0.5060538353542031,2349.822269980068,1393.6077462429855,833.3041252035041,0.0,0.0,172.067846405745,64.37877952560376,57.38057306693505,53.80833081023714,74.63943972010233,79.64027438523205,76.69935831205697,86.9398997705739,79.52625645021492,68.95380637891708,70.00142269237409,64.79411056137856,77.16878144476563,43.75187161071642
580,867.6040523378817,1395.6352792503026,0.5701896298724708,-0.7426493458784389,0.2793027525940886,49,0.0,0.022755730784255104,2.005204891454965,-0.7553968883780102,867.6040523378817,1395.6352792503026,1709.4980392305815,0.0,0.0,173.49610570648892,64.37970117931054,146.56224139776705,134.3765588494519,147.9108343392058,153.62298461336843,137.41460831562895,151.76578887578,140.66998246909165,150.23436607357257,148.46878025296277,149.12863855835423,170.52253172696186,78.82072375843612
581,1940.984281927997,1395.8654777985441,0.578320176372074,-0.018276044536669554,0.2095172953759076,49,0.0,0.01550176521322505,2.091235550463146,-0.8010073829825508,1940.984281927997,1395.8654777985441,849.1286604190038,0.0,0.0,172.46176952387182,64.38112781171141,68.23164016531068,69.41892808011417,70.83985935936056,80.35670504935675,65.06206103466761,71.48974567968479,76.15126024186256,72.78204866108871,65.73119601494824,85.2596145251089,86.27571650560208,37.52988510189883
582,2656.5236306148586,1400.4588633022854,0.5269931496877143,-0.16268844868660692,-0.09613856854452872,49,0.0,0.01597889019210275,1.6002576149852867,-0.5104747562657599,2656.5236306148586,1400.4588633022854,1440.8280008813952,0.0,0.0,171.77226241388018,64.37988463124957,108.80340786324108,141.94628788903537,135.84362742224604,125.15576411298876,115.30677392272585,124.12651644188719,123.92265717669278,124.72897188852463,132.79711827739698,124.1153840097007,128.3168197134665,55.76467216348933
583,1370.094214663641,1404.7757973921168,0.7540194012027065,0.15021366086842114,0.4250065700866167,49,0.0,0.01155183719462126,1.1000445182427403,-0.10352565297724836,1370.094214663641,1404.7757973921168,835.237395889329,0.0,0.0,173.01194112346758,64.38503895815595,79.07986731055115,85.12634802986142,68.22907536070869,58.21252837660374,62.46880167740269,83.29216954025695,76.02435909219444,82.43890499190175,76.59435292845035,59.09760377800019,59.88495680079817,44.788428002599474
584,3043.152094451724,1405.8702708053631,0.7011277250306227,-0.7839554308468035,-0.3228628439591076,49,0.0,0.020171550173122676,1.6223063178081554,-0.5253321486916736,3043.152094451724,1405.8702708053631,2265.9307191563403,0.0,1319.0439661224104,171.39970811056165,64.37908712597974,156.69814476319164,214.41708326014205,203.96658525437755,341.61897517846586,147.25403945228695,217.00514130282784,189.4198453433583,202.38238947212827,173.416539961819,162.96949590254758,192.5573023244449,64.22517694075034
585,1751.8849127383241,1408.191003729906,0.5446475615746568,0.1516491582052162,-0.2038479979422814,49,0.0,0.008927982990750831,1.1235430802541677,-0.12647432330301822,1751.8849127383241,1408.191003729906,968.7465132608295,2.9652367378465803,0.0,172.64396723416942,64.38655728918899,76.94254235552964,96.41330347988531,75.43753963739552,82.2136625652089,87.24474502004841,76.09611016249443,91.2050583259269,96.51820481794911,81.57019746489922,79.28260185165988,80.03619136189309,45.786356217939115
586,2705.205518136548,1409.0319341425566,0.6228711171226846,-0.18411065225982154,0.30731357117272357,49,0.0,0.01104791898095947,1.2955503042751646,-0.2811357016314598,2705.205518136548,1409.0319341425566,731.4813373093368,0.0,0.0,171.72522314671258,64.3831238225713,59.686401852776214,61.32302282860877,67.72169275658703,66.52433539987061,59.088295349835526,62.646764620958045,73.2906762744579,67.20546210809977,57.14478084314169,67.24340469849658,60.85450154024587,28.751999036258844
587,657.9131354982406,1409.8890370461868,0.2169480167331758,0.021822678951549917,0.17671220853095782,49,0.0,0.006178774727377513,1.1926437029854815,-0.19127679874282388,657.9131354982406,1409.8890370461868,749.9777030940298,0.0,0.0,173.69833277830696,64.38452960163087,56.023513740418,68.05606966751037,52.753468404011095,68.25458748292306,61.111109225949846,60.0400001443757,74.29707079219469,79.32228746824768,73.12583614592843,63.36977278731308,66.34278874228818,27.281198492869738
588,1470.6845553154938,1410.1122166775847,0.4356369107937077,0.272618965596205,0.08103753323787123,49,0.0,0.014508314132655926,2.109535731972759,-0.8104672149882431,1470.6845553154938,1410.1122166775847,969.4946032161138,0.0,0.0,172.91500376023043,64.38737695898097,66.03987495265963,94.31564886610441,76.75194433933643,77.94890084619638,86.40023168658695,89.04949071081865,88.84895622944322,88.86070209123218,90.18256561091559,102.9943607335434,70.70095843486422,37.40096871441263
589,626.9763410676187,1414.2577005541357,0.6070557564135858,0.5022673072655405,0.7642751765492118,49,0.0,0.0088463647357039,1.009332601586944,-0.01008575313371018,626.9763410676187,1414.2577005541357,783.1754367982796,0.0,0.0,173.72820627281834,64.38616232415642,66.86590462608333,80.77912238848555,65.02035152757868,73.16674182386976,73.65816313119907,62.12194833193696,74.71290594586773,74.15521998155182,54.13789466411863,69.94031006513667,68.54797245685282,20.068901855598654
590,864.688886459579,1419.1237253016964,0.7189507176059193,0.26282731346616234,0.16557310554235719,49,0.0,0.15968503007171053,20.71679281773592,-3.2908063070544706,864.688886459579,1419.1237253016964,2788.549531986725,0.0,0.0,173.49916732379506,64.38947373599122,221.0902841026801,223.2071987856955,239.83481593436272,254.15276557405303,239.28452583601353,265.89497443463085,256.3241242562103,231.76057041986164,246.01622580962874,239.46472497189177,231.89405909358013,139.62526276811678
591,1219.0278383458083,1419.9987731559459,0.5449031974312646,0.34472918326555746,-0.02807522392811688,49,0.0,0.012407741784072801,1.4602649408816437,-0.41107914618064295,1219.0278383458083,1419.9987731559459,872.0997933833967,0.0,0.0,173.1576190917736,64.39108963222598,62.815624800798034,81.92247247404237,81.68369315188099,82.03340480730307,69.8867717693455,81.75821497259932,56.80870392726261,75.90119598697757,83.94660785583571,91.16856889756534,64.4668211578113,39.70771358197487
592,2129.9656167640264,1420.2689516675575,0.5927556590856329,0.3786398223070218,-0.2747882886615812,49,0.0,0.012137373215224978,1.3697810299301127,-0.34162786844998927,2129.9656167640264,1420.2689516675575,877.6315697547944,0.0,0.0,172.2794758717116,64.39077608482546,63.06576232485672,62.623802227620686,87.71324058277636,75.39476112793656,73.60582306582903,82.57624093549454,84.8574166140069,62.18934996842051,76.17085062605346,72.28188827425484,88.88893895276419,48.26349505478062
593,2874.5721526905604,1420.8151363186953,0.4000934175978291,-0.345875995203314,-0.12621828346461117,49,0.0,0.011087888080320981,1.3999902706127385,-0.36531254377794786,2874.5721526905604,1420.8151363186953,1032.2098970093316,0.0,0.0,171.56182383043057,64.38675946952338,84.15346369330283,106.7142934010786,69.32801651499213,76.7552800084241,100.14427669178764,75.98593229410027,91.90710002544485,90.41288763847643,90.42193144837525,109.26846521640223,86.31765016769512,50.80059990925227
594,2290.794500397474,1422.1150063703885,0.6084737537907814,0.04012446007309203,0.1750811075709229,49,0.0,0.08949123882529256,12.912658236606477,-2.7775391414235404,2290.794500397474,1422.1150063703885,1887.71837181295,55.932371004805205,0.0,172.12443119677766,64.39092517427763,143.54434267493798,190.065767725113,138.51285546459326,154.23816137141785,165.97094194897772,149.03000394648396,159.66310067364407,175.5826894388474,173.8312288849877,184.6159147315173,179.6173649607589,73.04599999167093
595,1012.5675712587419,1422.73160987137,0.8539508893790855,0.6108518280503508,-0.01411913280941657,49,0.0,0.029399911539474546,2.952552479583638,-1.1754940640974822,1012.5675712587419,1422.73160987137,1063.5863900804102,0.0,0.0,173.35666041627033,64.39159564576103,97.1517382657358,98.92743674106501,75.39180738749758,93.46830458015653,91.64159530183548,77.9627807400793,73.9779138794988,100.57045627750026,110.39882280814598,107.6484946800091,90.35097365235764,46.096065766528724
596,520.4022842644903,1423.533032340397,0.4179042195340284,0.08598025069705555,0.4345893949859577,49,0.0,0.026474778973084548,3.5792276288476828,-1.3844732979510233,520.4022842644903,1423.533032340397,1466.6095459308367,0.0,0.0,173.83105243780818,64.38933480542202,105.6013443196874,140.22171519203468,135.44133594103735,128.57958966267856,117.96656037400633,124.1549071609239,129.6809549031754,113.10233694635696,141.13045099223368,121.79815679934788,142.3085211352696,66.62367250408508
597,836.251382267187,1425.2031895762227,0.6641012987842103,0.2642551967479761,0.12730558185247995,49,0.0,0.04981701586665711,6.635700056357771,-2.054716867577342,836.251382267187,1425.2031895762227,1363.5139001188459,0.0,0.0,173.52664483126182,64.39187181010536,109.72432973321943,141.5808290978529,103.43202781254077,109.54548638283902,118.7531493433987,108.96941839785194,122.52877189775256,107.04076709247492,145.10970862477,114.95609565077055,125.86557761885803,56.00773846651702
598,169.16529762176376,1425.8379411121548,0.6119644904052027,-0.27545754817766366,-0.04647603188253781,49,0.0,0.01119552299899457,1.06962517398731,-0.07307903910134986,169.16529762176376,1425.8379411121548,1065.4693325475414,0.0,971.005702314377,174.16956527935127,64.38750730414327,96.18528002268971,108.7060620129607,95.08225378632334,90.31118384720506,77.2765905577864,81.36002490846018,100.83061729126825,100.89971148108367,96.66865414240323,84.94003517200744,81.46852312786595,51.7403961974874
599,1667.7121010736053,1426.1322619516127,0.5446447756583762,0.6699329520603335,0.515717154267696,49,0.0,0.010659298251854028,1.2660268512057247,-0.2561072918629281,1667.7121010736053,1426.1322619516127,789.0617449243787,0.0,0.0,172.72507879272794,64.39409094337495,44.237427384662055,75.46900546976687,78.32433278012518,67.70246321067793,81.12266248553729,55.595365019275235,55.6613715184607,71.26592997063938,79.6494248533213,74.76899448117307,76.76633513431857,28.49843261642105
600,2218.3249018066117,1425.8402250750848,0.9195770559993711,0.7899275859286954,0.08801007291037351,49,0.0,0.011929226496283703,1.005475607906509,-0.005928848495259421,2218.3249018066117,1425.8402250750848,811.729584671433,0.0,0.0,172.19425322614833,64.39277690231437,71.49100404085021,76.03062670395195,64.5823616735376,50.84164235626794,73.77847445327114,68.195626344934,69.49871549082508,62.60277093427186,78.47835129004079,70.68705211765874,81.03942408357517,44.50353518224853
601,1476.543406142016,1428.199840892386,0.4121323914953168,0.6507354128987566,0.10909317666374539,49,0.0,0.00966099456183934,1.2585523816573938,-0.24967823960236832,1476.543406142016,1428.199840892386,840.6168580128832,0.0,0.0,172.90938941422368,64.39491813838231,58.82316867256377,61.01624985989098,74.71348363689945,66.23154444517269,53.870351667335854,70.57627919545214,93.93570783397612,87.11860923027845,74.28689049818226,76.832086310741,77.64126786278078,45.57121879960962
602,1625.5629455901822,1428.1642940276909,0.5703528095405237,0.704572253802588,0.12355535312643287,49,0.0,0.00880684969499959,1.108590828135635,-0.11192820290035152,1625.5629455901822,1428.1642940276909,700.1155814717198,21.636460073864434,0.0,172.76571431544102,64.3949499172656,60.57462112821361,49.4441159521602,42.29702467116398,51.95186651047539,67.11874152693827,77.03669028241309,51.34842597104658,59.636136890511736,70.37229707820181,59.52434542951919,68.9437198501757,41.86759618090028
603,1747.341284895121,1427.88719697137,0.6058684487086494,0.12043771291671662,0.062152018421352456,49,0.0,0.4866191784127672,70.9703523902887,-4.627692404109906,1747.341284895121,1427.88719697137,8239.33107206399,0.0,0.0,172.64830422994874,64.39476827903499,596.1907318086623,680.6767540172208,730.7679550915296,709.6595972127764,709.6145269892022,742.5043904284478,675.5114487831531,756.4485624156987,793.3214307141177,768.7909660212471,738.8783933484144,336.9663152335197
604,1191.1176034320608,1428.7919482299296,0.4692725711875968,0.98895499530904,0.10286003931448488,49,0.0,0.01985672792707239,1.998362927679461,-0.7516859108948293,1191.1176034320608,1428.7919482299296,1433.837419606622,0.0,0.0,173.18457653646547,64.39468359313354,105.63732706136183,149.6813703619825,111.56332503284418,134.62456617623923,132.47729212562024,136.71042282213983,142.4474208268274,105.60534870387907,128.12496275076575,100.86236287773747,129.2612058046737,56.84181506255081
605,2629.764626272346,1428.2876633117542,0.22892939911700183,0.38855112934099195,0.2872847579977928,49,0.0,0.005961677095388329,1.0346667582109128,-0.037001240728944534,2629.764626272346,1428.2876633117542,717.1266017503265,0.0,0.0,171.79762395668672,64.39165448282132,52.447646081432055,61.14072995031688,55.89051018756447,62.755752461049624,62.136280232073254,59.425386426079925,75.0862710144517,69.04738574375656,60.9115908065597,58.873005917140006,65.31163175047824,34.10041117942407
606,1596.2473395998227,1431.9395688049076,0.6169724415163267,0.5397665103560392,0.2745356965213214,49,0.0,0.012665115157398514,1.4569040300403415,-0.40857736158586067,1596.2473395998227,1431.9395688049076,785.92169358202,20.282116456013796,0.0,172.7939788010678,64.3965248746759,58.3182330260862,78.42571713093164,62.46116149115142,78.55237188432145,56.90765769810064,51.43183160685675,72.08162524804193,73.0670637360535,69.00259489714767,66.55303861690305,81.7995610545227,37.32083719190314
607,2182.526561512482,1436.1697378277727,0.7108948676339041,0.359037389682257,-0.15458613590613474,49,0.0,0.013986695300240898,1.5289707090699047,-0.4609979139703715,2182.526561512482,1436.1697378277727,900.4728476643522,0.0,0.0,172.22867497279938,64.39721642881739,77.00535166085714,89.75116614780075,75.93841911425142,78.81447157265535,87.25558461726746,73.49391581797941,68.81347688701368,75.70142900018523,84.84219383749928,66.4576397826824,87.13616086032079,35.26303836583935
608,317.4140019028362,1437.780674779871,0.8248567393989682,0.21788664750712966,0.17342668523240481,49,0.0,0.0521223589649055,5.503227237162544,-1.8515436147592457,317.4140019028362,1437.780674779871,1430.2336628646192,0.0,0.0,174.026937135537,64.39375394717335,117.20879334677755,126.55132068631096,119.45814367997127,120.5516668919009,105.0698763926465,129.68507716252896,125.26779307261856,133.23759610944452,129.39790116976354,121.13373111466521,136.78612023832682,65.88564299966454
609,361.58208201489373,1439.6078656453958,0.3355738449553131,0.08989479430039289,0.42551200546483037,49,0.0,0.010451105814954753,1.7097453251287837,-0.5823285623424708,361.58208201489373,1439.6078656453958,989.8894541195652,0.0,0.0,173.98439916069364,64.39486722131106,61.96888038173934,91.84676508409797,87.82292534566722,95.98159581190296,89.02602356449738,82.22399578218955,88.90490171342364,80.72275636413636,93.48362753766406,88.75669870679431,96.9145124548567,32.23677137259568
610,2032.7464985964941,1438.4283154902696,0.5094978017452897,0.34715001729859424,0.36921559282561267,49,0.0,0.01799141098692766,2.6556279063378123,-1.060418059321944,2032.7464985964941,1438.4283154902696,909.3332206798907,0.0,0.0,172.3730760948283,64.39863779984762,63.92382336028835,75.68178734250188,77.74253130162471,68.93305197411797,84.21065593263344,77.14496525182807,83.65817401555566,101.72207947556231,84.45840902652816,83.08650805846042,80.38595091744696,28.385284023342855
611,2272.210817067963,1442.1702941464737,0.3343893561147806,0.15092693944993116,0.15285934012402502,49,0.0,0.0253958260880948,5.050002903299026,-1.7582290694978338,2272.210817067963,1442.1702941464737,1163.8593730802854,34.05859330609182,0.0,172.14214719964565,64.39936099995701,82.86845054500711,97.10726378334218,86.72019181201708,94.80713144117553,88.81560055969359,113.27898671186473,91.52011121806888,99.5486364591653,116.01978394976672,115.8773168336873,109.1269623005459,68.16893746595102
612,2700.032948902618,1441.6772896383347,0.8754718035638195,0.300617238522342,-0.1497722651914548,49,0.0,0.026172151276008762,2.7143222736069266,-1.0841535262716615,2700.032948902618,1441.6772896383347,921.8471242457292,0.0,0.0,171.72968179845682,64.39675972590993,86.60672157851003,82.11627444474712,66.53697841795326,72.24653422270384,66.01088072477218,72.71795472909227,73.47486610882848,71.33386025477355,108.68289141248368,80.82289577636485,81.04921451982614,60.24805205567392
613,2919.793410829343,1443.5272335017196,0.21448490679310642,-0.6430672771538339,0.30916136418406825,49,0.0,0.0076956942636595286,1.0272797028669343,-0.029221768372644133,2919.793410829343,1443.5272335017196,889.1600639223359,0.0,0.0,171.51781147257887,64.39584991142682,75.58005868734162,82.30360219351552,76.45067605506173,70.11842129253404,72.22872662096663,82.06299720409311,82.89293778775767,69.58123226181004,81.6997332057827,84.80211846343448,69.10593875495047,42.33362139508792
614,1473.2348285908822,1443.8669134722259,0.5961818671050441,0.31823468126897114,0.15382286630785869,49,0.0,0.2811212270819712,41.28617890386132,-4.039511725365541,1473.2348285908822,1443.8669134722259,5048.008060505955,0.0,0.0,172.91260851867614,64.40144343323611,392.99924884594,421.56801195490965,462.25160727175665,446.5509890035883,452.00642679203327,453.5009243764306,419.8971179162074,444.4793042955398,447.7219901102676,471.62659756903327,416.54064245908046,218.8651999111682
615,143.44180741419072,1449.1247797181234,0.47213226386247353,-0.36741592240427695,-0.13183889809260171,49,0.0,0.018082481470150333,2.2112951850822613,-0.8616168006976674,143.44180741419072,1449.1247797181234,1174.6402849596618,0.0,1122.488211900722,174.1948472874374,64.39697243473397,93.14476952382347,97.70179420770525,108.33967803050538,86.32762951844296,105.98933343282482,115.74005791716124,125.40776364582862,95.65013019538458,88.78331450530214,115.28534482766707,101.65767005507504,40.61279909994124
616,1227.7559968819853,1449.658220451996,0.20009399494265026,-0.09249366599497663,0.1005212959147265,49,0.0,0.00571064274035984,1.088963336398473,-0.09253314505547483,1227.7559968819853,1449.658220451996,713.225582964593,0.0,0.0,173.14936720592962,64.40346828152482,54.24297783490844,67.4380995048114,55.43822486421442,65.37666013333401,56.45239649409531,63.10002119685772,57.24564133450133,55.15873743941381,69.85511462672868,70.05550611659251,69.18385921512717,29.678344204008106
617,621.6500805329324,1450.2880771889904,0.7811257976352786,0.5598170005258302,0.34514639297633176,49,0.0,0.026454394385779997,2.4885079831447436,-0.9898475957522943,621.6500805329324,1450.2880771889904,1223.616590383168,0.0,0.0,173.73385527839,64.40114005972897,108.00256318593298,78.74174468881796,111.94575694441393,96.991536531997,106.10667777255804,108.17030404927004,121.37392725198643,112.87326844487077,125.79948958126016,110.35800712392219,96.82124779976047,46.43206700837813
618,1080.5171440806625,1450.1457415770565,0.5467134458960314,-0.11114755064490188,-0.11605900379984915,49,0.0,0.019393020750405887,2.3475648008388483,-0.92654397280151,1080.5171440806625,1450.1457415770565,1105.9717177365533,0.0,0.0,173.29136755892884,64.403255707253,89.15255959565587,96.577421367901,86.26435578698499,107.98394137406437,112.41552669923455,104.92693818226701,96.16582719661115,77.07277445135009,92.78427351349016,104.22035232238873,97.90437719538531,40.503370051219974
619,1532.8334573438026,1450.3485485572292,0.8187613283193806,0.17636790267125885,0.14162168787860152,49,0.0,0.02142265462718412,2.3403105198799734,-0.9231837120332251,1532.8334573438026,1450.3485485572292,916.6125174200527,0.0,0.0,172.8551401728805,64.40418084839983,65.58322079897233,85.18725578720091,80.01048079225504,71.3136618535072,80.09380914689757,79.99241665139456,77.9316150126097,95.04865496374255,75.15341946155323,92.00583574293692,73.71567695079487,40.57647025818769
620,2113.0003333046416,1449.1628493559774,0.3605470162826385,0.29604786159910756,0.5620230005381653,49,0.0,0.0234569188821083,2.8886436591862092,-1.1517349273051485,2113.0003333046416,1449.1628493559774,1717.224896644344,0.0,0.0,172.29561269815798,64.40287061712208,130.4528091497062,167.52254480291893,141.00018292024146,131.72514275424436,152.39846504108348,135.94896649710694,159.72239521882955,144.19102033141615,139.29928679756182,170.98687941610868,164.69692040757332,79.28028330755299
621,2330.456197618204,1450.184654773595,0.39785894205396316,-0.5012975656129914,-0.20860862691080345,49,0.0,0.009993769828271722,1.6282864585908967,-0.5293270278593167,2330.456197618204,1450.184654773595,757.8782425851572,0.0,0.0,172.08590088709775,64.4024419174272,67.17402222794112,72.13124725910546,58.95479195878514,83.71033011687253,46.00807306219179,52.387576723216284,81.52377277422251,70.0463697362209,55.905851838454005,73.99496039933527,63.08030301934194,32.96094346947027
622,1432.916876115719,1450.5858543041743,0.9027964208585635,0.07078567715030498,0.1175325403552935,49,0.0,0.011692080908750544,1.005481402192555,-0.005935105283554125,1432.916876115719,1450.5858543041743,790.1738635138443,0.0,0.0,172.95150605942908,64.40420538449874,62.19040343322886,65.6377873152891,56.557291191452656,68.7828574193768,77.17092079619317,67.44670192262942,71.89283717501738,63.32717359666168,78.744696783179,75.0912371027023,64.32184517681583,39.01011160129795
623,203.70700155987385,1453.8848097054438,0.6140762539358005,-0.15439730868682142,-0.0177691861659943,49,0.0,0.010440075057937209,1.0125584346085021,-0.013550239212407587,203.70700155987385,1453.8848097054438,903.1525273634531,0.0,299.07594176948055,174.13685576944388,64.39949895289267,61.24946189527929,93.08624933145703,81.2830677125931,76.98111898379936,76.73504176000628,76.82996655529693,78.91437815473643,53.08637425992244,79.62040073422354,86.81885271009753,91.9076083328606,46.64000693318063
624,585.6844595411633,1454.4586197871938,0.4906924009721059,0.18704366449586435,0.2922840817142327,49,0.0,0.09103795543055981,14.133728142447897,-2.8756418338734226,585.6844595411633,1454.4586197871938,2519.9316346415444,0.0,0.0,173.76859492775728,64.40265079573392,198.45655174303948,200.62086241639534,202.42676562255528,206.27703082655512,209.82946049766713,227.00373676827118,243.76408933817171,248.70606246325403,206.5435297518945,217.72325627932506,239.43051314678206,119.14977578763308
625,2768.9684857618226,1457.7927037651205,0.6612759004436677,0.02674015648572952,0.24911097378623318,49,0.0,0.011820835391902625,1.2701000081598655,-0.25959479703942917,2768.9684857618226,1457.7927037651205,794.4083872057226,0.0,0.0,171.66295335302843,64.40297889835426,62.04216332600383,57.454173561652766,65.51336665518369,71.86217285847815,68.36971684349896,69.56930625303369,62.990200489954915,79.88607224785557,68.33290605740021,72.9422471213874,68.67968255727453,46.76637923399899
626,2252.3640197523814,1465.2767726944946,0.27066290453549496,0.42229242258844774,0.25273559884240065,49,0.0,0.008169115709071402,1.567250817819266,-0.487846262834042,2252.3640197523814,1465.2767726944946,801.7643119575009,0.0,0.0,172.16106327431544,64.40907116933761,82.46306810559705,77.50006865298185,58.71642345532902,73.11847876269636,74.44397106862053,58.59595888272018,53.89484586583825,61.030068612160406,62.022286708363744,87.49221563504932,73.29011830951248,39.1968078986318
627,924.8651091137128,1470.846278064125,0.7523227093431609,-0.09115912993840737,0.07621988909911219,49,0.0,0.036581267638124235,3.839698840237347,-1.4607429065228803,924.8651091137128,1470.846278064125,1352.1019881364787,0.0,0.0,173.4416771404384,64.41129182243694,106.43027592369546,115.60957734762262,127.33923685897125,103.44334141006773,106.4173393957958,119.54023464812127,137.034054938235,115.96629305296479,111.40249823146642,119.2589076065616,130.87540032986087,58.7848283931161
628,1096.1522399254543,1471.4524757287038,0.4514080590556299,-0.28210309881665746,-0.14296445117649453,49,0.0,0.009299682526242364,1.3777878788523743,-0.3479558992717714,1096.1522399254543,1471.4524757287038,774.9638033928779,0.0,0.0,173.27644673630147,64.41218383362437,83.20627175973965,55.903009281715384,67.18742940895714,73.7764059899437,59.262986341487206,66.77063938537995,61.87704170521978,63.341094027844065,66.5985775230846,71.18232278520182,75.5749958306165,30.283029353688207
629,2158.1071759321876,1470.7692584562799,0.6337666424593672,0.09962709787628955,0.13640766388566808,49,0.0,0.14318897835675443,20.18789734471287,-3.2627277192087463,2158.1071759321876,1470.7692584562799,2728.7480468005906,0.0,0.0,172.25193666670432,64.41172023078892,238.00117700249587,239.39169186332919,225.51948338917887,230.26581564162078,257.0966979584341,232.1282170401871,256.0644677522291,218.85045233038474,239.9862599908428,259.184274647795,231.37669655851477,100.88281262557872
630,245.97764079147467,1475.9969310463364,0.7951866882296493,-0.051292054982090725,-0.3144194665938206,49,0.0,0.014744695383276508,1.393366734077207,-0.3601635944055858,245.97764079147467,1475.9969310463364,976.0859889256808,0.0,0.0,174.09654575745637,64.40907764472186,77.08041992727347,90.62696776239176,95.49759183271703,111.75822812655957,70.95102557047554,75.15182315507856,83.80282798870863,77.03652182607345,83.95147883574688,84.5136851713043,71.0807970484353,54.63462168091634
631,1450.3071988355423,1476.3025833639933,0.2673705935129741,0.35909193009861823,0.4581507739869639,49,0.0,0.013378751549719974,1.9814916638477864,-0.7424806239837194,1450.3071988355423,1476.3025833639933,1167.3003369236037,0.0,0.0,172.93479042521386,64.41493812125718,92.65221493733902,101.79665407754452,121.12810144471736,93.11867747727885,106.82709435930028,92.62836056348686,111.15575635772504,113.41194018726895,92.68963010396345,86.52721427744981,102.77193267157526,52.59276046595425
632,930.0152166187906,1479.2039146026202,0.6148479453307127,0.24466717534440072,-0.039915144146465034,49,0.0,0.019260746843214847,2.4508274307702522,-0.973281831268983,930.0152166187906,1479.2039146026202,1066.8249518347648,0.0,0.0,173.43679129134284,64.41479587858969,82.56618105252937,108.65790888565729,93.32742598436622,93.43383249855769,73.02280342866233,90.86155776002283,96.62576886838976,102.44567334990808,103.05329814906986,97.57045792823223,82.29243549982928,42.96760842953992
633,1231.849476339295,1480.2775453682668,0.41981793259085115,-0.3543082345602354,0.4420959661577243,49,0.0,0.007559716139761691,1.03896111228434,-0.04149823117304815,1231.849476339295,1480.2775453682668,782.8281550517886,0.0,0.0,173.14558482262342,64.41623567332284,71.88502943409864,67.29598471532992,75.08556938596941,65.57766485858345,53.157538967243106,72.46002878200356,70.93134212036234,56.35331982644038,69.25133926469971,61.30737040400699,76.34624166173775,43.176725631313374
634,2986.254088941109,1484.10984853453,0.4653171677076105,-0.138602340787918,-0.5374538628101324,49,0.0,0.019572825611076126,2.115251465033722,-0.8134050112927156,2986.254088941109,1484.10984853453,1374.7265823013045,0.0,607.0832826625037,171.45292881998992,64.41218639525042,118.5721551057018,105.86023018857807,120.945905685133,116.33044381215595,112.95115727624923,142.80371966028022,121.7416924827269,101.03186374631083,130.91037650937045,113.50116974659693,123.87839523080017,66.19947285740093
635,268.3969667275406,1488.661988160952,0.41057572198390263,-0.0471101866771679,0.17666567183149912,49,0.0,0.024407815201312667,3.5762532133718508,-1.383570652600607,268.3969667275406,1488.661988160952,1256.8668752506537,0.0,0.0,174.07517308073108,64.41454394248552,97.34538933756414,115.8280083638328,96.40327922888467,106.68776199645363,111.71589342553054,113.50933209105554,100.28879368584072,96.20062412445051,117.61720870973208,124.18252051243726,116.04227505502976,61.04578871984197
636,1736.8797084975236,1490.3795755090073,0.48872874001374955,0.2805419028017648,0.13004084563615587,49,0.0,0.07569280897505609,12.403260964776928,-2.733839703393808,1736.8797084975236,1490.3795755090073,2034.8320511745978,0.0,0.0,172.65826563640425,64.42081604043985,158.12312802596716,178.69683867327643,160.13794375638759,186.0903771923659,212.80778596542652,178.72994699449782,166.32963871372024,141.67113467746498,180.24513149891837,199.2817318029797,191.2616785038743,81.456715369719
637,2717.9659737536585,1493.840356226874,0.5384150392463662,0.09716592850369361,0.07424280487163935,49,0.0,0.07825130517256568,11.83143059255157,-2.6825931508528904,2717.9659737536585,1493.840356226874,1956.6698325577452,0.0,0.0,171.71154031945932,64.41836477564162,163.2242025543693,181.28372525786324,153.06494252698587,160.13885858210114,173.98792865579958,173.14865675345732,159.98687064597928,175.69769481887414,189.63824862000638,151.84443538814253,174.7059992523542,99.9482695018122
638,927.1156917084303,1495.2703167191598,0.9234262145158105,0.39472839992388026,0.1835157183129798,49,0.0,0.011781605565558028,1.0265572236739053,-0.028457908458281285,927.1156917084303,1495.2703167191598,833.1645123072246,0.0,0.0,173.43974728526132,64.42147744808705,64.93261408343476,60.59139718702737,78.10445408360246,67.46765908448366,69.68722181371817,75.25345507073888,71.06798220411224,76.46790263249505,84.71828045426241,78.17023751824979,76.53369073759157,30.169617437508226
639,2227.6276981802393,1496.0238043220747,0.5648338561134058,-0.5449953524130686,0.139361678582599,49,0.0,0.011876366121162196,1.4279740636913014,-0.3868007985407914,2227.6276981802393,1496.0238043220747,853.0886312638454,0.0,0.0,172.18464045056461,64.42198178874018,70.49734572028501,89.49048881726581,70.04679785234126,71.57261892868567,72.90531784851862,71.60526740237813,66.25856533045524,72.58587031509042,68.16162912479442,75.41905271137975,88.54895139539988,35.99672581725123
640,1100.629100467964,1497.5559064861245,0.5218976366507285,0.05072822047675693,-0.031387596980338626,49,0.0,0.015014501150427526,1.9601176267042841,-0.7307053354011002,1100.629100467964,1497.5559064861245,915.6027549982259,0.0,0.0,173.27231923383746,64.42307409340707,80.74752915402624,70.68104349009036,78.46059159301382,82.71496712924082,84.7683334453713,84.48920743175962,73.68113250562237,90.69491822920563,69.1498670868004,86.1796977573269,79.22459116535363,34.81087601041487
641,666.0871553188174,1499.4207894035117,0.30001731683950694,0.6548212275664834,0.00628197286587968,49,0.0,0.006188921563439717,1.0391062544319425,-0.04164989717509269,666.0871553188174,1499.4207894035117,729.3412054569899,0.0,0.0,173.69168146323437,64.42187831659179,62.499193404689,61.30670441552325,68.89756204103618,67.68424276367651,69.95541498489888,52.00354547338997,69.87059270189869,64.9585244034452,70.77287409337592,59.11935594305717,52.52375124045842,29.749443991540723
642,2243.9225996347454,1505.9541721532885,0.2318001461072847,0.06280156174758596,-0.07226979354961896,49,0.0,0.008217253259621478,1.5097351234043568,-0.4472518971494226,2243.9225996347454,1505.9541721532885,827.1699702666456,0.0,0.0,172.16882180086168,64.42605366638392,64.43904135726231,67.27903651084063,79.509389688749,57.58539746579291,68.2533703007673,64.87425915194768,85.0832379379092,66.28057044744992,86.55935882296214,78.24128110562036,73.31783588060271,35.747191596741416
643,233.232702160112,1506.1987402426607,0.4996421564012059,0.19036645809781783,0.1906988155483583,49,0.0,0.7740150167725467,113.08868335578744,-5.133547869474696,233.232702160112,1506.1987402426607,19260.68366261966,0.0,169.04345017720783,174.10944145055402,64.42154866104524,1479.7441690177047,1741.3563560427988,1676.5796959805639,1705.2670156146405,1709.3290131422505,1659.6033413423966,1759.909406671566,1681.4455307318367,1735.93398638967,1696.96374209333,1616.7134544709047,797.8379511219987
644,1805.3167233735949,1506.5153754895075,0.7450485325412854,0.45274399690396905,0.16382471194351522,49,0.0,0.037757631727643216,4.342260943675137,-1.5942897959495124,1805.3167233735949,1506.5153754895075,1193.7118641355373,0.0,0.0,172.59217267525673,64.42746534067784,102.27783363244689,83.58170896311609,91.15206692507863,108.74670411792378,121.09517233550022,127.8854312460396,102.69048899119994,100.3270748677453,92.6978602221756,105.29960182647653,100.25728582405114,57.7006351837838
645,182.45220120259546,1509.1233156480853,0.33471760784343424,-0.08886011456270969,0.42296391548390705,49,0.0,0.010255498317197314,1.2296424762548153,-0.22444714209384908,182.45220120259546,1509.1233156480853,1012.8147651944287,0.0,628.5042852928359,174.15849272765206,64.42231925253706,65.88262642450255,82.45249875088759,84.13290911446086,89.24249603190297,91.95438587546981,85.25206130661037,75.88346908784588,101.57856438507852,80.47750950804692,88.95187945696475,106.40467129119776,60.60169396146067
646,613.0746157653706,1510.2641050091497,0.785204237472853,0.4998726800164297,0.008255303873525303,49,0.0,0.01656047835788726,1.7007478458610585,-0.5765998239069601,613.0746157653706,1510.2641050091497,951.6705614642086,0.0,0.0,173.74299181738513,64.42607327608425,105.1444890404022,71.6462587090464,84.15987932662955,77.10376479729743,84.18308983853476,79.66058307096752,87.9597859371851,76.75048229048988,72.80928804426236,85.92828874450905,72.06028375131507,54.26436791356926
647,396.35991840800347,1510.446640401422,0.6460407586956115,0.13095228925178679,0.26698131123496566,49,0.0,0.06190896270686802,7.927377484804853,-2.2478238471564085,396.35991840800347,1510.446640401422,1747.4394158887258,0.0,0.0,173.95212691547025,64.42464586901346,130.53174313657254,144.90566825322037,162.824598147879,152.0305204432079,158.36151577030293,159.99571440795043,155.75539498284147,139.6457648256716,172.46412907897954,147.19666004405988,143.03555317820758,80.69215361983268
648,2222.2508105012253,1510.4154075884235,0.261271724543444,-0.20881915903271586,-0.28913749319403287,49,0.0,0.007282030947132919,1.1926284190282697,-0.19126288473649816,2222.2508105012253,1510.4154075884235,881.4054301259947,0.0,0.0,172.18969800062473,64.42799921248736,76.51009973397473,79.7789158977501,84.0701569503606,70.46912835761421,72.52181549657527,95.02497072335112,87.37478279257714,72.41079077336546,73.35969680587925,68.61580113131438,65.7746408596673,35.49463060356522
649,1508.5557292967228,1512.3077087784193,0.6118106787909544,-0.0784288270842908,0.04725114701961681,49,0.0,0.04976582594435495,6.984164638641932,-2.1102861712494154,1508.5557292967228,1512.3077087784193,1441.6345474068703,0.0,0.0,172.8786385984902,64.42998485884236,123.75400492614786,128.33108394278383,119.42829986292762,127.97294970485763,119.67567749528112,116.70533384784653,119.03644094890066,127.44420228185447,118.02413435752115,125.05115035579495,136.5083363240879,79.70293335886659
650,575.9404925754808,1513.922876448889,0.9773632633717946,-0.16873279273015707,-0.08295978516962065,49,0.0,0.049186874280772404,5.008683113554072,-1.749308889670851,575.9404925754808,1513.922876448889,1125.1363286517599,0.0,0.0,173.77888358072133,64.42736102043649,72.88625784593835,97.91860004029763,103.76194143574831,86.4604533306753,97.63164627590285,106.74934082854398,103.14422184431925,107.98170360945645,106.65541698698269,87.57176479714275,105.08815136516151,49.28683029159064
651,1039.7570329317732,1513.4828218256744,0.277288149959072,0.178034603960625,0.42505817755368824,49,0.0,0.009170324987975934,1.5409154157474814,-0.4694469999720305,1039.7570329317732,1513.4828218256744,852.4486566749598,0.0,0.0,173.33119647688085,64.42950564842754,61.65157650656259,90.17470539119573,66.57015297912798,69.12346278609299,71.59959095850805,70.1544521131024,78.44361731331975,73.19449812484979,76.38421023381855,77.16441926132424,76.61588352775235,41.37208747930538
652,359.0477542153587,1520.2366970445967,0.9362242187612702,-0.18041037690842215,-0.2233865494443602,49,0.0,0.012162295952758287,1.0851281815482814,-0.08870260640843947,359.0477542153587,1520.2366970445967,825.3912639995845,0.0,0.0,173.98830898021953,64.42843532496265,60.27081977098459,56.20329654489977,69.2090546705825,81.32937905089452,82.34479476942425,78.17099723856577,73.20509834920665,71.75934894949728,67.93667975781375,69.37857415486184,83.44145757611801,32.14176316673559
653,1714.5822644325676,1520.0382844018857,0.8822518856545446,0.32565909431331236,0.1209063455655542,49,0.0,0.02326797836356847,2.316032640075131,-0.9118616891331317,1714.5822644325676,1520.0382844018857,946.3304137276263,0.0,0.0,172.67973400369277,64.43319148292359,64.7916973803974,77.82853255262826,90.3513841826231,83.33319258626278,76.5791098014555,81.49006800441002,78.97490308901658,87.96617257799554,71.75580329390817,99.89578372000537,84.82621840540868,48.53754813351501
654,631.1662492872081,1522.2540599852643,0.35895569589693715,-0.10242536410647696,-0.0812194677269055,49,0.0,0.024568311881200098,3.048617036918502,-1.2102571807896436,631.1662492872081,1522.2540599852643,1566.880876545718,0.0,0.0,173.7257025357686,64.43118049039057,127.40953501288833,160.0964752515764,147.0955507640631,141.7359320431381,118.54577807317065,121.05337427104058,139.79624673922712,121.33641888612291,149.73989942936217,136.30971556083193,135.52766636397757,68.23428415031898
655,3018.470551457795,1523.5433261715004,0.773415598276032,-0.34652901681657416,-0.847262624101704,49,0.0,0.015221802226236947,1.2064450527525137,-0.2037688671457981,3018.470551457795,1523.5433261715004,1155.0109172221805,0.0,969.0740230743966,171.42103867310166,64.4283265663189,93.738945231883,122.88201055663481,98.73951391357652,109.17623053111518,97.17193928037409,85.95291440098484,101.25026841893147,102.2120444368673,93.04579188344246,86.43519045035151,112.06422322307913,52.341844894940216
656,2487.5632051619364,1525.2189482299748,0.8803176552284883,0.3999144615594929,0.05433940886623192,49,0.0,0.019092363947400992,1.853376443005708,-0.6699090967536759,2487.5632051619364,1525.2189482299748,959.6716517748649,0.0,0.0,171.9334297931309,64.43289932349525,65.57683477080474,85.3504753292142,101.30872886679062,81.10932719876529,72.68594606632914,78.81044591907778,95.42292236439059,83.75344903144514,85.43194235746836,85.89395602426981,82.27810100679366,42.049522839515646
657,2442.819900533774,1527.9199802914566,0.6307872830110796,0.6537445279828479,0.4494491241700967,49,0.0,0.013945655526013229,1.6148219093834995,-0.5203115828647134,2442.819900533774,1527.9199802914566,895.8309359395344,0.0,0.0,171.9765895484927,64.43426967326066,59.22602779374233,84.58964089398248,76.90465920544455,69.98771027381453,81.9118076869657,76.14783434907143,87.02611060495647,81.29209970268536,75.1021216357536,86.91474435631565,79.48617046959194,37.24200896721031
658,1631.6420964429485,1528.6013335232747,0.5640332653890506,0.207774286463723,0.060594735071248594,49,0.0,4.058778689465725,598.7503889044141,-6.943114521271523,1631.6420964429485,1528.6013335232747,76331.4137518491,7577.002796139333,0.0,172.759807324973,64.43679756290871,5392.350620259618,5839.6928137057985,5750.451630678104,6088.575031608618,6682.572523029126,7425.6594424175,7452.976299972045,7118.096304391393,7195.193397984935,7089.125383851651,6881.434515895329,3415.285788054988
659,2479.876714056977,1529.8524039955803,0.2104405465538098,0.334418184079774,-0.16408861302167171,49,0.0,0.006998467092669889,1.136208363348609,-0.1386449542180516,2479.876714056977,1529.8524039955803,898.8791430378075,0.0,0.0,171.9407900985904,64.43487271369646,66.56896184235796,86.59151173917316,71.16032630127408,74.62922252550746,65.77255576003235,82.0901897616122,86.13618354947518,75.68999854279159,84.10779155181683,79.41365505152835,85.60391491749681,41.11483149474145
660,2932.6296465396786,1531.0314677650647,0.28479571026036904,-0.8372470052995561,-0.35969424726329613,49,0.0,0.008594194363865906,1.2103178105719548,-0.2072485606149092,2932.6296465396786,1531.0314677650647,927.1413151226036,0.0,0.0,171.50373018291359,64.43219321311005,86.29651554943302,75.73435178197444,89.77161039578081,80.74299980081372,77.93695072961117,84.32083271448,74.14169184521921,86.88718352947417,86.90202424696943,72.71729760711584,76.08636451483608,35.60349240689567
661,1775.0164719198187,1531.783919201281,0.6288275018831823,0.5561115798538578,-0.002397127075803313,49,0.0,0.015453487492083319,1.504571578639694,-0.4435321343424258,1775.0164719198187,1531.783919201281,969.2529867737578,0.0,0.0,172.62135602238877,64.43803024126893,74.71218027518341,68.09601954889692,95.58606710434347,105.66800109953678,73.47732649485846,85.69572064391159,106.05985302001449,66.92821966353107,72.56501074799634,93.34796409237995,80.3853722306674,46.73125185243796
662,1673.0736005096849,1533.2208595987258,0.5113547065239613,0.4358402846213407,0.12335372258987375,49,0.0,0.02309637110136566,3.476559667376828,-1.3528742186994074,1673.0736005096849,1533.2208595987258,1078.8223578887964,0.0,0.0,172.71979578844585,64.43870875307601,90.10230082710032,107.39691794396089,81.34073245887436,90.38451685638645,91.91848176565469,86.23477780478329,101.45681128985635,109.64361653215592,95.1107974757642,108.78263838170726,83.42606365565874,33.02470289689407
663,1050.1278427739298,1536.8850750307765,0.8391694441062414,-0.04582169071227128,-0.6340684700221433,49,0.0,0.015702428417345322,1.0854905447964982,-0.08906511217395463,1050.1278427739298,1536.8850750307765,1156.2492647378556,0.0,0.0,173.32137460044797,64.43929265021143,84.479086571706,96.84262796649078,107.97634152589039,110.87308196259077,93.45281865118474,103.72561714417893,96.3715005731613,94.02592604121064,116.0156918945734,109.28150378306204,101.05696778356219,42.148100840244346
664,1387.6224347965892,1537.61362717229,0.6994684443622765,-0.08772093859702429,0.17760415641522065,49,0.0,0.03162619119682066,3.701857184300716,-1.4210491497195898,1387.6224347965892,1537.61362717229,1504.5745808728984,0.0,0.0,172.99546226898426,64.44041219797023,132.8245018595947,130.49813658781306,134.72831241399933,123.07070582111189,123.68514381574842,154.16788548587147,134.3457611234693,126.95751835089096,116.9422272709447,143.49955749468373,117.13870257026778,66.7161280785032
665,2043.499584950189,1539.1848140406323,0.5925185706464235,0.047475784188246065,0.17000965662763268,49,0.0,0.11087020954930746,15.961347426819705,-3.007673877206572,2043.499584950189,1539.1848140406323,2443.6443889463153,0.0,0.0,172.3620529971712,64.44058871677353,198.55920132917345,177.2351102622381,203.66252160255627,207.08673754825202,217.8607874581918,223.57900901324314,201.8016472429044,209.37114036271893,248.69045862872326,241.03441228570296,188.7750479688031,125.98831524380793
666,234.1563109093787,1539.3557049858168,0.9210555212251491,-0.3110166658017859,0.22359807197523163,49,0.0,0.01992554805066159,1.6771093702131417,-0.5614034635087052,234.1563109093787,1539.3557049858168,1174.2136568273274,0.0,7.3912585865262015,174.10921515838626,64.43536838689867,103.4347302502955,102.19783540571387,126.48377970148942,103.31552091432728,110.85064387624803,121.29690257686173,104.67591799718834,93.98682463837466,95.97764164897836,82.63342698812758,89.68078978603376,39.67964304368898
667,359.3206739962172,1539.9859592958696,0.21176351753604303,0.4170208650083777,-0.1323011612965765,49,0.0,0.007852237910381175,1.0896222680648004,-0.09318992529577719,359.3206739962172,1539.9859592958696,998.1566924238737,0.0,0.0,173.98840539711605,64.43666452668256,86.49660741922438,79.01585090780966,96.15092787129039,87.46102605657315,94.5829914941048,98.6262370762288,84.36273355580965,82.12624636402471,74.22931801196779,97.46266809277964,75.69760818857765,41.944477385483
668,1849.39721008276,1540.888145099603,0.684573597357762,0.27775434008577854,0.35285115701926056,49,0.0,0.023293036512287403,2.6256908688597433,-1.0481089846472031,1849.39721008276,1540.888145099603,986.4244752295715,0.0,0.0,172.54949745611117,64.4417238773103,68.96565728600198,92.09765582572516,92.58601787279974,92.98760659817626,87.79019483861344,94.32945297735458,86.6524075309595,76.07705534756661,88.64496219502558,79.67009227274139,88.40404226912497,38.21933021548216
669,626.7824361601486,1542.4004949056953,0.48278202943709725,-0.011226604775204164,0.34669411342359513,49,0.0,0.01141083439681013,1.4745857884840765,-0.421675110041586,626.7824361601486,1542.4004949056953,993.3118840904558,0.0,0.0,173.73022205649588,64.43954673429592,95.31984776891076,89.53403983412157,78.25473130351752,96.54249132579007,71.60223777929707,109.31284471763408,83.15610468878839,65.03030633468555,82.09732500221749,94.81403799112886,82.05751755511378,45.5903997892506
670,2169.187357946724,1545.6383922395833,0.8177395772248333,-0.07334668155989071,0.20301684577162127,49,0.0,0.016577316622670295,1.5861502886279883,-0.5008608364413026,2169.187357946724,1545.6383922395833,830.4386253529402,0.0,0.0,172.240623138983,64.44287477382824,71.4996970808079,76.89632851831252,69.67245499888128,77.56154356451057,70.45075601290877,63.76471718929652,76.45878466129167,71.42961084743385,69.7096617500991,90.5377501070008,55.95102841173868,36.506292210658444
671,1304.4514296205773,1547.7687922894295,0.5841953411271865,-0.03731210142968167,0.2782365319897176,49,0.0,0.013278262830285773,1.5240605796534095,-0.45750557513083756,1304.4514296205773,1547.7687922894295,888.5414043758377,0.0,0.0,173.0758266466119,64.44450937492665,85.94912829264041,72.87356085603776,78.1413874381021,79.64763118971894,56.16698658802534,78.56283893308714,83.72813107497457,81.86365431046079,89.01087648453024,74.96135508220551,67.56631711591737,40.06953701013759
672,623.0608814669496,1549.4580744846942,0.4812348841891146,0.09426454510818726,-0.18867815404428107,49,0.0,0.014094498655331852,1.857978549801876,-0.6726017394879011,623.0608814669496,1549.4580744846942,1250.7311495830186,0.0,0.0,173.73391672900934,64.44246399185228,99.74069458553858,119.84829365298916,104.82398013621436,105.49337606482923,103.46361752702009,123.97391229208074,91.88723937478596,103.99597534722707,103.7666727469403,126.66010376304587,109.53497778595849,57.54230630638874
673,3095.957437224524,1551.1037601251544,0.7025973339612839,0.29135602396961535,0.9563802061863215,49,0.0,0.013649509056110329,1.988903810914502,-0.7465344497678519,3095.957437224524,1551.1037601251544,381.5186157540593,0.0,113.6992672402603,171.34566245013417,64.4390917551599,0.0,0.0,0.0,11.738051051105373,6.2693159300729455,93.7398182340808,59.19150896361509,9.65684546130004,34.109274803213516,45.07309340415952,47.23529915113275,74.50540875537929
674,1988.8410385306013,1552.57402642164,0.8462410009345781,-0.26875185201250684,0.390933317739665,49,0.0,0.011477338953346244,1.0946811334775082,-0.09821908301287341,1988.8410385306013,1552.57402642164,707.1694072626743,0.0,0.0,172.414761310324,64.44631138267216,63.299402279135556,54.622747585680585,65.57441033974132,59.04600903163531,61.69984656686265,59.744285088479884,61.68673877644355,57.22539477393314,69.07578213361133,64.63412934655057,45.31760179140812,45.24305954919234
675,1081.4234007067682,1552.6056117777232,0.7770253172234255,-0.022906187113299274,0.13812416877638561,49,0.0,0.1041354691468412,12.284304159739298,-2.723376402621376,1081.4234007067682,1552.6056117777232,1994.7670792093581,0.0,0.0,173.2912738417104,64.44594864068462,140.60118318157646,151.51046893246803,158.2270138644564,192.94364733191458,155.38262469539004,193.23726863560012,174.34961626567747,180.39602711879206,200.23639265265234,178.02305726370287,176.56693436393797,93.29284490318969
676,1195.3014812195177,1556.0775610885296,0.33387249546284714,0.18139865845192069,0.3597407645395824,49,0.0,0.021607342517020598,2.7778023411811557,-1.1092533490148215,1195.3014812195177,1556.0775610885296,1373.5142857052197,0.0,0.0,173.18129933823963,64.44772876688725,86.55785823847718,100.7366445362834,119.60091990181786,114.89743879452945,113.22753767756504,139.00624335687752,138.0417535479301,118.9960419775085,141.93336214846153,145.47823145496324,96.20958557629406,58.828668494511824
677,2398.8111998110985,1555.5500852775613,0.7311724309182867,0.5018342587921414,-0.19527954178894,49,0.0,0.013204872315435432,1.4365107973352025,-0.39327223663696176,2398.8111998110985,1555.5500852775613,775.6235028480828,0.0,0.0,172.01875223176722,64.44600982898623,55.377737868978464,62.16975088669701,75.97299223329816,62.341323670680595,67.97429023980379,66.67322640636627,70.9248644042604,64.1537398925737,69.1618140829586,80.15413001774809,57.929595702944674,42.79003744177294
678,2901.4330191369468,1556.297434066483,0.5543482786000076,-0.2872980119096528,-0.27951018336620387,49,0.0,0.014502355374718634,1.4486290664725021,-0.4023929874751001,2901.4330191369468,1556.297434066483,1312.9410243417728,0.0,0.0,171.53335757834043,64.44297826500724,112.34914621835551,111.08358262881191,116.19222574142017,97.01079047667352,117.29348735585022,97.97237684211834,133.1868212113054,115.99598595531414,117.28752584087911,113.40562921622855,131.19998937180873,49.96346348300733
679,1844.8150372679315,1558.3565090189002,0.4398846806908269,0.045554716600670425,0.027412882929820404,49,0.0,0.024166136979949415,3.8957419396923827,-1.4764754519592693,1844.8150372679315,1558.3565090189002,1089.6659201653329,0.0,0.0,172.5538600874611,64.44900945924955,87.59140124094299,95.46410869559132,92.33150207005383,105.92792919774682,86.36229669494743,90.60644272345597,82.35235131991905,104.7850298782172,98.54742281522519,91.95871282876641,107.51759733541239,46.22112536505426
680,2896.5426632025424,1558.9198859313806,0.7947289365450408,-0.2980103350554621,-0.25941719793701845,49,0.0,0.020485706920719635,1.9140890573764378,-0.7049053511404302,2896.5426632025424,1558.9198859313806,1294.7755946089667,0.0,0.0,171.5380295492528,64.44411092578095,118.376219439042,122.6491917204899,116.19309590507811,92.37079071318149,116.91214547368807,94.35112233872249,137.83399795053174,109.62364725881403,110.29863919076266,106.05117799097388,126.14338932622826,43.972177301454046
681,1265.5268619152378,1560.8862641661663,0.5617702266313475,0.19784120229414384,0.07892499132039205,49,0.0,0.8755203688794149,132.75111714873606,-5.3075954612856515,1265.5268619152378,1560.8862641661663,15842.347949230636,0.0,0.0,173.11348703538042,64.44989707665403,1251.5086860970719,1312.5223244965796,1400.7541516699455,1360.6046167792897,1389.1800169693097,1461.4054850375564,1441.2382539274386,1375.2284176097985,1419.015581502134,1410.0291453978286,1400.5494430217689,620.3118267219146
682,1719.582883945245,1561.3024742127814,0.6362573654915448,0.5033050861113996,0.1817828867615959,49,0.0,0.015494931750837874,1.8391376489426834,-0.6615355872864513,1719.582883945245,1561.3024742127814,914.3591384982863,0.0,0.0,172.67483382439673,64.45038116486928,75.053796300378,84.27305592253413,74.52086537072778,89.76370581676966,88.94413824673737,67.6445594339547,72.04635265261753,90.62899308403048,75.59673714764612,78.70706616718886,87.52714756436598,29.652720791335607
683,2447.0034659757607,1560.2859913181421,0.36733285649656544,-0.38289315383886413,0.0232148068315936,49,0.0,0.011305834860169412,1.2169450273091005,-0.21317740104858274,2447.0034659757607,1560.2859913181421,996.1786282758353,0.0,0.0,171.97214829584775,64.447731760699,72.39437893709247,77.75121217318642,89.0128278526061,85.71516746433205,80.76302389426505,96.64772218184513,92.28598300152564,79.17163391952326,94.84616982765868,85.8699637814876,91.819974151011,49.900571091302
684,1777.6332117924183,1562.2747606317616,0.7264159357340632,0.1551575645776098,-0.005605800766431321,49,0.0,0.024249939196687303,2.5418691276517853,-1.0128829660545962,1777.6332117924183,1562.2747606317616,1193.2571697833446,0.0,0.0,172.61874982205896,64.45073178522067,92.11962594862044,101.4097208571465,86.92802994956782,111.66723162003527,111.05135415321743,83.89781704282566,96.87534663437322,117.16925255488682,109.24722372596489,104.5604434959451,121.99468729150416,56.33643650925732
685,1452.0632064953995,1563.2681953236772,0.5336897683037698,-0.4360804613574157,0.32938695391128525,49,0.0,0.0228921197717356,3.015242489716069,-1.1983056110169856,1452.0632064953995,1563.2681953236772,1200.1107752535386,0.0,0.0,172.93328567007885,64.4511753251301,82.02747380614673,100.82180955080186,127.0622717677619,108.26797426259361,95.05074807070258,95.09763160912192,92.73972747450827,95.8676360070522,98.55733099917188,125.07365605293558,122.18557024831082,57.35894540443134
686,2084.475416946501,1564.3470092897462,0.6250757578826933,-0.26759279047184686,0.048420299206435306,49,0.0,0.02560569869787703,2.814848596586408,-1.1236376006012792,2084.475416946501,1564.3470092897462,1215.4626568786389,0.0,0.0,172.32230346483405,64.45095228811289,94.91556593836421,110.12245171883524,97.3314868359378,93.40068294983972,121.83613380684332,109.24942589065495,104.55964237951653,117.98022361131875,110.06794987013981,111.4679847373439,97.48557740032211,47.04553173952236
687,2777.007251354529,1563.5980412881117,0.612269234841986,0.11152251854483392,0.04143376515506878,49,0.0,0.043726941040256345,5.777269154095521,-1.9043065028138533,2777.007251354529,1563.5980412881117,1346.3289668404077,0.0,0.0,171.65337623555646,64.44699615962605,112.81055530701794,120.7931030283057,122.77120232936551,134.4298599131784,107.80720981978364,118.3726922305375,119.43156654103205,108.48886591665877,114.59621851297833,120.12038564284066,119.61266101575883,47.094646582950304
688,2724.7528636968177,1565.3991321488502,0.42029841303556764,-0.07035909565619555,0.068019537734434,49,0.0,0.011756923737811951,1.6759340962878175,-0.5606423415511536,2724.7528636968177,1565.3991321488502,831.198372979728,0.0,0.0,171.70381167826076,64.44812742488217,77.86135941526317,61.75482388935399,65.9779955014104,62.44228996071358,77.7946689762796,75.17440674306445,66.22506813311773,59.02639298280378,70.33982555741105,81.99344574687682,88.09677856647998,44.51131750695343
689,3052.102120514785,1564.6252082205756,0.8953649487155928,0.9310378819942795,-0.6702659508790891,49,0.0,0.011590412572522848,1.0622363213696713,-0.06555286825085477,3052.102120514785,1564.6252082205756,989.479079456507,0.0,615.217883644221,171.3877096188066,64.44513336565954,80.65307718577506,107.23136038389688,87.84047710604344,70.23508360649136,105.29565778833637,114.58099378790614,78.71372710341112,87.5046641722054,77.93856656858779,70.52777375440502,80.00524549629174,28.952452503156582
690,751.3345350644579,1565.7688369532138,0.7057491377994126,0.10552828840474836,0.09710796520927215,49,0.0,0.08595500295425242,11.209662663264393,-2.6239813584974265,751.3345350644579,1565.7688369532138,2227.56282955536,0.0,0.0,173.61024813339316,64.45000174184733,164.09385781415295,201.02338238403016,208.95745724742284,221.35548626076474,203.148477982408,204.03330053739495,193.78052359664798,166.56308993620058,188.50778935500986,194.7739798670292,182.51380598813108,98.81167858616786
691,572.8834201221076,1566.7836284341477,0.6209231636037289,0.27540846402357705,0.2052311640562376,49,0.0,0.11147871734102803,15.626352846127885,-2.984644066348236,572.8834201221076,1566.7836284341477,2342.8049518690227,0.0,0.0,173.7826316741335,64.44936316332658,172.27696479644345,198.66847767571355,199.3694171064975,219.85366917287496,212.92873594984576,209.88747372376338,243.8135473584918,165.23279977720006,184.99436695315873,219.28463464046143,220.27256624238828,96.22229847218351
692,1264.2255014072002,1566.2430570097176,0.9284368317024513,0.6608639188396489,0.4804153593982509,49,0.0,0.015208257598493716,1.0329762316927964,-0.03522582179658498,1264.2255014072002,1566.2430570097176,15156.700253036377,0.0,0.0,173.1147706967668,64.45212626921615,1187.2403551126147,1242.8965560298616,1348.9557649506041,1322.3974086048167,1318.752163814096,1395.1545498766552,1376.19666943153,1319.4385323617612,1349.0457333362122,1359.9893359852845,1334.3310114937856,602.3021720391548
693,1763.8256397548053,1569.3736626607588,0.7299036291663394,0.5087257462975132,0.3898094560979089,49,0.0,0.01541245616634908,1.4930116344492714,-0.43515798005842987,1763.8256397548053,1569.3736626607588,925.3294784057668,0.0,0.0,172.6320722184337,64.45370454840543,86.35492879164232,85.78659533888616,90.65512694882538,78.33418433768786,81.02685272617836,73.98502211730255,79.41964193480766,79.91105132228522,73.26381657625312,83.97737680691088,68.76048019514172,43.85440130984565
694,759.0972641263455,1570.5371676636487,0.3674566278710815,-0.4158363442997084,-0.0997849714498084,49,0.0,0.05064442291139803,7.479694576907853,-2.184709661014199,759.0972641263455,1570.5371676636487,2569.9434547447454,0.0,0.0,173.6028086274948,64.45202993585005,204.18071799286255,227.17724686675598,243.40574196391526,265.46642325211644,203.49572171503692,236.22829681355122,211.05832971257433,205.98324593785946,230.67956591747196,223.13887987683074,210.4736143657869,108.65567032998361
695,2855.851994043954,1570.6243973190255,0.9864035214165887,0.2712882504199547,0.11477561311104705,49,0.0,0.01532388595133793,1.4087936817727542,-0.37211848804579867,2855.851994043954,1570.6243973190255,765.1210078526594,0.0,0.0,171.57710488298412,64.44931562314703,66.50824225630001,66.3213179501826,73.6776382597593,62.79969180428957,69.63930369382511,57.44275267512289,54.34083607350952,74.97410229135576,73.07458146362544,66.6399666930442,61.64214493309512,38.060429758549986
696,2242.4369604013777,1572.236208753581,0.657475816300257,0.23434487328322803,0.04025198918310408,49,0.0,0.03174266262118638,3.9742481979665034,-1.4981374649625132,2242.4369604013777,1572.236208753581,1114.419301197986,0.0,0.0,172.16963076606223,64.453675603726,80.76994315564721,105.7961321665406,77.98859300502596,104.46585338212728,118.66448763304271,115.66584985643334,89.19372370302507,102.71767571866843,86.63088753687688,89.5792772008961,88.23022043353838,54.71665740616406
697,2503.6003360550217,1574.3929810623702,0.2980138100927024,0.4111590240912389,0.3905300567087287,49,0.0,0.01732580668761523,2.869619534837359,-1.14456080030721,2503.6003360550217,1574.3929810623702,1066.2138634901266,0.0,0.0,171.9172961310857,64.45329521392632,79.03227717939771,71.87484958708409,104.37885765172771,85.85569116527348,107.38458275940351,100.74508990515835,89.20729889972293,82.61029674173878,89.78832969386895,88.0919890698954,120.66217676054465,46.58242407631124
698,3053.1555719691873,1576.544725058479,0.5453709482910777,0.7210988132664892,0.4966309120018538,49,0.0,0.010118303895841802,1.3169640645484744,-0.29893481177570985,3053.1555719691873,1576.544725058479,853.9184883056801,0.0,521.9361193250754,171.38643802130304,64.45008864790265,74.47523179012194,63.892898430027245,81.88639054161612,104.77960272408448,57.07529811813863,71.93450514190002,50.284511071019516,84.7980125617386,105.40688290962603,56.28219239772697,71.37798308448308,31.72497953519737
699,1590.1564612224645,1577.3909263540916,0.7179332930064346,-0.3778955229448931,-0.035853415799827475,49,0.0,0.012701534861832214,1.2228068239507417,-0.21839463417152524,1590.1564612224645,1577.3909263540916,869.1061567067136,3.1759345737700713,0.0,172.79987365304189,64.45712928989892,81.04609700843598,79.73017670039536,71.7091639187829,82.7733012887351,69.67998291808053,77.52924323262032,52.804121230784574,67.33165078847688,83.84023497724993,84.29252694441641,87.6504577537747,30.71919994496095
700,1799.228458444507,1577.4807923721905,0.568259810966408,0.37030948957802584,0.32006793769960884,49,0.0,0.0568406999413026,8.327132366600576,-2.3012386704506325,1799.228458444507,1577.4807923721905,1602.6930833388246,0.0,0.0,172.59784234851546,64.4570418709853,139.4583626566057,147.1840972081939,148.77898329226065,125.96147690947407,152.44122998481714,142.00936057673414,140.20213059748656,115.52334612400733,129.14530611477264,126.3277235131545,159.0789075982366,76.5821587630814
701,318.3297086978659,1577.967310769596,0.4747002796258285,0.3327245710391678,0.18451374659191114,49,0.0,0.027504706262985693,3.9389069660363747,-1.4884393080686875,318.3297086978659,1577.967310769596,1275.7200274269255,0.0,0.0,174.02869103258746,64.4521588084894,115.58558055876358,101.66446655590698,108.36423209725513,108.63114434653255,114.2153020479563,104.68502335488333,110.58976386778284,104.23411679802463,123.60844698001567,122.61452165823461,93.38130160965471,68.14612755191526
702,1496.1504737105763,1578.0572418580323,0.7474535458899605,0.3403578537282537,0.126279873360119,49,0.0,0.13251985608327488,16.55507323532277,-3.0473277657444116,1496.1504737105763,1578.0572418580323,2418.0047046492773,0.0,0.0,172.89071502584733,64.4573727398854,189.8006433731658,237.3188585551447,187.72346811474716,191.35028425162983,229.9646924351001,227.03477226279745,206.18299728685182,209.91309753397508,215.9285598302579,221.75443165194474,195.29314821168106,105.73975114198171
703,478.400452973297,1583.0183623602377,0.6834722608639793,0.17677313082495769,-0.01566769319139224,49,0.0,0.04437380534338663,5.65068027964543,-1.8802518380935012,478.400452973297,1583.0183623602377,1316.3326709999433,0.0,0.0,173.87415609305393,64.45548278377342,100.15370218312744,107.71902147069349,103.69671995729371,123.58201283059473,113.54707844638813,118.73402660859492,109.45529918140211,131.85865892969525,118.42879076474958,117.99763451391206,125.40170297518114,45.758023138310875
704,726.1961893206694,1585.1123343136974,0.24790525150954895,0.4292208063404006,0.025133853336288838,49,0.0,0.006171335204231632,1.0649479710583245,-0.06832097616404978,726.1961893206694,1585.1123343136974,755.5253141302469,0.0,0.0,173.63477919311077,64.45792335424811,62.94509738303911,62.32929516447919,69.51981994617182,65.33788828042982,71.5763962626898,67.27299690569387,71.27529777289045,71.51274967076805,50.44897239273939,57.96021237034674,74.63245866647704,30.714129314521582
705,1414.8250612530223,1585.7590221250778,0.6089139466417177,-0.291272080695958,-0.24578383818132254,49,0.0,0.009504274624790428,1.0659132614936757,-0.06930466372610065,1414.8250612530223,1585.7590221250778,806.2647978879938,0.0,0.0,172.96932325457647,64.46050702402898,66.92701756114405,85.53729168306378,84.29429638746028,67.51810167047718,65.39439899301243,71.38956587208327,67.46628913100592,69.83739659020964,70.83657760981487,58.60566228847918,66.76666875852021,31.69153134272312
706,1273.6837361154062,1588.552988467864,0.5004930046939867,0.2856570709246936,0.008039204859508806,49,0.0,0.027431347328797536,4.264413044889464,-1.5746481579805047,1273.6837361154062,1588.552988467864,1149.560544207976,0.0,0.0,173.10574001361576,64.46144181064525,104.5320804033758,102.81850534481376,99.85998573432013,97.47697941056988,99.48866804473778,107.97341375104475,91.56987310794213,95.01792603495755,102.7915321396439,107.98325474216477,89.20480400329734,50.843521491108106
707,784.5650132310835,1590.0115233307238,0.5106654755869199,0.11165376397282868,-0.0070812597928891705,49,0.0,0.02842434424766306,4.370732330691717,-1.6013855263688024,784.5650132310835,1590.0115233307238,1068.7329694350606,0.0,0.0,173.5784394952893,64.46027725895378,81.38714557743154,78.65151549044981,91.99181122551201,81.34242771204998,97.56113290533841,84.90429055074385,102.1271827906705,98.69072393359335,106.70529634375887,103.5993072495051,108.46921191565369,33.302923740353386
708,1924.16877969273,1590.8917646656294,0.9538954562645878,0.8413178333870192,0.3917241430019743,49,0.0,0.012547650349478417,1.143932810079946,-0.14600129132506337,1924.16877969273,1590.8917646656294,753.5799626855463,0.0,0.0,172.47704761211727,64.46242277815186,73.17119125004564,66.13941931431089,63.18906241356811,65.23038390322176,53.84187346603156,62.29594959259589,74.81582290859706,48.225892804014265,63.548638936067505,67.6422568414358,73.81640342649848,41.663067829159345
709,3021.9054063747103,1595.132271142683,0.42435680402146997,-0.7020388782351813,-0.5957036963048947,49,0.0,0.019743744282163758,2.308162126171156,-0.9081657764048772,3021.9054063747103,1595.132271142683,1358.579519327705,0.0,1157.464319275709,171.41622934608938,64.45811584952996,106.16878285071175,116.48221123195485,103.69913967772729,123.57140275427528,142.1088419209804,95.22527895366468,124.07777943599719,109.32428292824274,132.18258824273641,116.62740735854882,129.6606567474564,59.451147225409166
710,2047.931243546291,1597.1685748215448,0.5418825381978134,0.2103940435995335,0.21143971996370955,49,0.0,0.023675972390915432,3.238287389841923,-1.2757884716702952,2047.931243546291,1597.1685748215448,1101.5516831985901,0.0,0.0,172.35739189996542,64.46473542696206,68.69961567222265,97.88208079492347,105.31274626897552,81.07547910882224,89.5639585559029,97.45142498702381,112.10206003696433,73.59984082572005,101.13930255402656,119.27691254742612,105.03942281113589,50.408839035446874
711,1069.9378886319819,1598.1978605841389,0.5917147732191945,0.23985409855821588,0.1784553316954473,49,0.0,0.36551085329140504,54.29893946471934,-4.3369783682116125,1069.9378886319819,1598.1978605841389,6398.689766183937,0.0,0.0,173.30272322005703,64.46490645006631,451.7521445282914,545.0501069476161,565.9799613649135,551.2930024311418,548.396387935242,590.5504605083107,569.4850264007216,559.7100162982172,594.4496460876733,569.0675883372701,558.307975322464,294.6474500220756
712,2785.0630459252325,1598.3840823736484,0.7403113958117562,0.2862557242301049,-0.0426379325542325,49,0.0,0.01692289214705416,1.7909402969855184,-0.6327027709850598,2785.0630459252325,1598.3840823736484,943.8952970663361,0.0,0.0,171.6449906246557,64.46142718361217,77.97828036559494,89.36140327564497,85.84508765151926,71.75826724690714,72.29421613595231,75.32495872958714,77.03928099145759,78.29654269451483,87.65495946358595,91.98156868732605,90.22503165616895,46.1357001680769
713,2984.7434019386806,1598.4819678243855,0.5641499260275366,-0.5272911098486014,-0.33508716139428857,49,0.0,0.022313398269125942,2.299818768694397,-0.9042340347645571,2984.7434019386806,1598.4819678243855,1403.5617275407324,0.0,583.1811028861912,171.45206136570508,64.45984169981138,95.17350573301971,132.35734228717445,121.93401973235481,126.48951278752318,124.04458148882267,130.3251855354447,132.85786905452196,118.78490660311326,111.79787974846846,112.4377574536914,131.4413589577944,65.91780815880333
714,998.1752077471118,1601.8259049334956,0.4785219712546575,0.5335354226531595,-0.04143852909477892,49,0.0,0.01359314190642929,1.936496706189397,-0.717541906565019,998.1752077471118,1601.8259049334956,870.8123924383473,0.0,0.0,173.37211716056362,64.46616023523207,75.21668851118717,68.58118066771047,74.0850982892467,77.31424768769622,52.94707822463402,75.71873053055218,67.90304874886844,77.8897853041736,101.06935635872054,81.42322464429714,79.37306342573534,39.290890045525416
715,595.1256014507259,1607.500179434427,0.7936300207068525,0.26298448147856285,-0.05639157974381033,49,0.0,0.011348366336959449,1.0519442983339204,-0.054981860079783985,595.1256014507259,1607.500179434427,778.7551650404453,0.0,0.0,173.7617502506409,64.46646924875853,59.31267793675393,62.61222542339542,69.09670734362781,63.03466154178229,60.89740706779372,68.62811281188021,80.90900912325665,72.93992655980321,66.26027061169987,74.60743100017999,66.54918224034898,33.907553379923144
716,2107.8815893058204,1608.8027892988769,0.8600901235504425,-0.2997953160033839,-0.318098685578487,49,0.0,0.013194262268666284,1.2401039365679194,-0.23364521529721374,2107.8815893058204,1608.8027892988769,841.9408689323385,0.0,0.0,172.29935975836347,64.4694013104932,68.01860437583268,63.36663160629833,67.94687361151495,93.75162759442675,74.2960914195092,73.70035486433417,54.957185292055115,66.44235954817789,86.07054850553567,68.12261983904361,80.79176882158711,44.47620345402302
717,2552.7297515777645,1608.1037372743074,0.47394923631691005,-0.034090046933536906,0.30445040562967773,49,0.0,0.008591317445775222,1.1332503649126564,-0.1358146689397135,2552.7297515777645,1608.1037372743074,730.7698055400963,0.0,0.0,171.86936272825793,64.46705064302354,68.56796227860639,59.0269780642256,68.3902159491722,68.9770429324625,57.96028783885866,74.02203536988918,54.717043374935876,59.308205286103544,58.46743518296401,58.308373614941466,74.4319719832156,28.592253664721298
718,3049.209244589828,1608.7191056396657,0.6544307310249649,-0.779719294440258,-0.5273461633283933,49,0.0,0.011462834125963,1.3618364555151152,-0.33531238947791997,3049.209244589828,1608.7191056396657,1062.4560213712107,0.0,653.9336974442373,171.38956375836383,64.46352692087365,90.34961680296274,120.19544110655863,116.5257022767328,123.7332282520992,76.99971620514305,112.16493992029659,89.04999095303832,71.81443910144344,61.788073158367034,85.26101632675282,73.82901129141351,40.74484597640267
719,1086.738063137948,1609.960444666206,0.6357292289785476,0.23477499679738686,0.14321809266853155,49,0.0,0.07974547895802822,11.32922233520075,-2.635500249697702,1086.738063137948,1609.960444666206,1736.1901222240153,0.0,0.0,173.28657382434523,64.46986298273902,123.1528461451677,155.42065141350133,131.46779289723787,160.01391406634463,150.90442177945474,180.00073345525192,154.2536044199367,144.49473121774358,150.92824062510624,156.18827568445957,145.43890967470202,83.92600084510931
720,2132.1102344721976,1610.162865514415,0.4676430569849502,0.11896084231922417,0.24527101934055429,49,0.0,0.028845061655075974,3.8535430032255866,-1.464650524536656,2132.1102344721976,1610.162865514415,1481.6150709836802,0.0,0.0,172.2759269424232,64.46988813767634,109.87202628755576,115.48802876847799,138.03472460309723,141.31005832966054,135.78961102669518,126.65710254629175,118.11310345367173,135.72517077587517,119.65922998480355,163.4919303190038,120.73072921995663,56.743355668591065
721,1444.7361969318815,1616.0450633213413,0.633167806899599,0.084549948814158,0.18372995215064614,49,0.0,0.07723269407312895,10.820536099430825,-2.5856219456548537,1444.7361969318815,1616.0450633213413,1750.1021908470984,0.0,0.0,172.94048532171027,64.47315854627102,144.83687338009,146.935194900677,169.41135886062082,148.20241589674933,138.51664137905874,154.19022610962477,159.82261962117116,134.83615330559343,170.1079202786104,149.813851376892,157.48998368592245,75.93895205208813
722,1069.0147073790613,1618.6669859112678,0.6789490267606237,0.17636755578578028,0.1696983709181096,49,0.0,0.1566441153942231,21.37776954697079,-3.324905977629241,1069.0147073790613,1618.6669859112678,2781.4556514614474,0.0,0.0,173.30377565022437,64.47343179996503,230.09386675299697,252.20215458956602,225.55590462229617,226.4948380419953,232.20276721906728,247.3861351969312,248.80598585223967,236.26641968085113,263.3208455985681,254.11960972394877,245.24178943089336,119.76533475209338
723,2979.773718080152,1621.520096029856,0.8406087957649059,-0.3707475393809047,0.040238591895644896,49,0.0,0.015156934443850517,1.3759414256625067,-0.3464998655390469,2979.773718080152,1621.520096029856,1024.993514459305,0.0,349.9678575070956,171.45639512914335,64.46948186171663,81.48722900616089,78.56054291769198,105.10590692536765,78.35171079662312,83.59350463951642,94.56155912426772,84.54581640982171,94.50971289372552,80.58849970129367,86.54796467243847,111.72817385374555,45.41289351865224
724,689.4580494393068,1622.420082053732,0.26218228062151583,-0.6605071208031847,-0.9076711809400001,49,0.0,0.016603179791268508,2.4398490994760818,-0.9684074169826487,689.4580494393068,1622.420082053732,1243.1638390804374,0.0,0.0,173.67077646807942,64.47325847789337,95.0908180601038,103.97081789393661,92.50225958781562,102.66086606894356,109.37830820108017,120.17888691197824,116.57242672537589,107.42116106598803,111.12128288563537,101.36166452763742,113.1604672428623,69.74487990908045
725,1669.7419360677754,1621.5701136435605,0.6648486289821381,0.4946053799245606,0.2002207441669563,49,0.0,0.023815305638912623,2.968982574611174,-1.181519121665743,1669.7419360677754,1621.5701136435605,1026.7676600133163,0.0,0.0,172.72292313286636,64.47552241149684,75.27831290517392,102.04551989507456,80.20741266422883,83.12502018052713,91.05385701023445,93.10176167268136,105.2129881251009,97.3228814828505,74.44037319074003,105.33263973476156,78.6879643344277,40.95892881751534
726,554.6709040953489,1623.6705696895294,0.5514541642412694,0.17323504750707996,-0.13927513670965067,49,0.0,0.02175446547630466,2.7436694944011846,-1.09582948642538,554.6709040953489,1623.6705696895294,1154.7307422973772,0.0,0.0,173.801097808351,64.47294269858935,99.6884236705649,102.33528488902843,83.50534803459998,104.75590567581486,115.04223836362735,112.71052813846106,103.59507809569207,104.11060748989634,73.37093213233187,97.55090641814822,109.63171746755593,48.433771921656216
727,2258.1437325379316,1624.0084492217727,0.5633436773910301,0.13906637458150442,0.1352825781467781,49,0.0,0.2004873482375286,30.281666383666646,-3.702949426188181,2258.1437325379316,1624.0084492217727,3952.2836308560763,0.0,0.0,172.15395495466035,64.47518134249658,294.7510754475469,312.28501046144015,350.1942698475791,363.09304181071343,364.8213702730533,350.38134958941157,335.8657588946028,327.8621311558929,359.4612976964048,376.8741844592287,352.7956475861062,163.89849363409712
728,1989.2948939229366,1624.3418599820177,0.21548244479878265,-0.016173411193097835,0.8848097638683632,49,0.0,0.006632031486438127,1.0814687869984365,-0.0850349737235826,1989.2948939229366,1624.3418599820177,762.0200322701379,0.0,0.0,172.4139124621318,64.47621288500702,58.30166204568451,67.41376593203756,61.24294570120646,65.15380911090591,60.2499881072222,62.00487677625493,67.01236154641023,58.85280235182098,80.80376911178423,71.31356683530107,65.10077774631245,44.569707005197344
729,1885.3549338647135,1626.1575693643579,0.4547381636885967,0.24724352745573544,0.108160249852097,49,0.0,0.007729706120079974,1.1419729160692353,-0.1441395099033791,1885.3549338647135,1626.1575693643579,811.8596507162601,0.0,0.0,172.51441330150004,64.47719158964075,61.04231003545669,60.16658454247945,85.4147041247266,69.39053567429968,54.71713557200141,72.73345327559953,71.98261535500487,85.11249826193631,60.640058984181465,87.40602163256779,68.15475322468521,35.09898003332108
730,1682.358117863122,1626.9799198320823,0.5600832060366921,0.29871420869002074,0.3414182772162879,49,0.0,0.015294128366490153,1.9547357715192015,-0.7277201514823949,1682.358117863122,1626.9799198320823,888.8188370998618,0.0,0.0,172.71071708115392,64.47777044674386,76.97369848053324,85.27153873730992,67.53154450601683,56.08024839503632,80.28817374702763,68.94576719616754,82.91485407760669,88.05359602925171,97.65141514663281,73.31931868642906,79.61552226780617,32.1731598300439
731,1773.8515630244847,1626.218266318169,0.24987702571186712,-0.12304930671234238,-0.19392672168796146,49,0.0,0.008632260925204287,1.187654728757529,-0.18672550567509774,1773.8515630244847,1626.218266318169,892.7221617651496,0.0,0.0,172.62224016282934,64.47737899878692,62.53876904010087,73.20154905688064,74.99290399725474,67.88394753547519,67.38072569002642,78.39546245344609,64.63890762599294,85.34866818418996,89.55904338717717,96.35862066353566,84.74253678201089,47.68102734905898
732,766.0298317817978,1627.8821757473127,0.5222428127745559,0.004060601116449822,-0.004585820536957027,49,0.0,0.009682629457151154,1.1314930863195627,-0.13412976165166574,766.0298317817978,1627.8821757473127,838.5874027651719,0.0,0.0,173.59681558853055,64.47595814376926,79.58617492031848,75.2500526927611,65.16946590222777,75.90122089925202,67.08551309104601,82.56566648920344,67.84970640178032,74.13161301683098,90.44736702611075,59.62579604454785,66.58457415867572,34.390252122417344
733,425.94368505017906,1631.757066260582,0.5636119823644845,-0.1261462834921041,0.6379619836492372,49,0.0,0.01123758116205238,1.324148429152187,-0.30484167414272323,425.94368505017906,1631.757066260582,850.1772601749565,0.0,0.0,173.92567407256584,64.47540471215285,69.64540341573408,80.65548756990043,85.47624947630051,72.33445843586281,76.3767072948434,90.3776427577823,64.09554711842219,65.19865139984478,65.75906657564765,76.68196030601925,67.8793522046523,35.69673361994684
734,2990.7714638473494,1630.6242483256028,0.6558623738258076,-0.17805442284483775,-0.24142754637974798,49,0.0,0.13013693918985966,14.639479594569487,-2.913814096651582,2990.7714638473494,1630.6242483256028,4117.630537570958,0.0,2146.142315682483,171.44558007180683,64.47317760933167,323.01880235454155,372.7158814370705,351.12188000272073,377.3061362123835,382.6880156251541,381.0760376389195,370.4211102312504,338.01692315509075,346.6368994161604,338.28805357169847,367.7659369199379,168.57486100603035
735,3059.1728069702285,1631.1832157439403,0.8753627745364165,-0.6120083735846423,0.3162023298252001,49,0.0,0.013660946113293597,1.4182491259998566,-0.3793813115039657,3059.1728069702285,1631.1832157439403,950.0776728796001,0.0,487.7420075302705,171.37945469227566,64.47279228076127,76.66090095896706,60.23028848951863,66.666814785289,74.84800702671798,112.15282651566682,164.48321674426168,75.5734462822938,72.00663003109696,70.01189368868936,71.22027291303287,76.04382582149168,30.179549622574196
736,860.7738031738331,1632.928909140111,0.9522823812121354,0.17949933831549703,-0.043055098814547166,49,0.0,0.01525147671233284,1.3817421399635403,-0.35106750694460787,860.7738031738331,1632.928909140111,817.9327295126011,0.0,0.0,173.50526276551477,64.47853400285226,66.77767169919281,61.200942473210546,77.78483567768497,68.16807387500836,69.53560046006936,65.29665490020116,71.14412894119835,79.28931259992302,68.81286897193152,71.69938056453186,79.95435178655907,38.26890756309005
737,1251.26493728353,1633.1943788962724,0.830414469463736,-0.2548569822022486,-0.05819409259819666,49,0.0,0.01690015264180333,1.7273709467443734,-0.5934640269312188,1251.26493728353,1633.1943788962724,825.7285578861784,0.0,0.0,173.12763636011528,64.47999400873849,73.60357453831236,54.68945436516069,76.02742763269978,82.12922091835819,63.1858808443275,67.42880998354454,78.79823226688458,83.97230228230474,56.34176340628147,70.50302656270397,76.04126040683855,43.007604678762036
738,1595.6904508874702,1633.2998350019589,0.5513965458263098,0.2483152756594665,0.23944725179727305,49,0.0,0.01548005222173862,1.984421642741498,-0.7440848873636425,1595.6904508874702,1633.2998350019589,940.3886012599392,0.0,0.0,172.79452997134516,64.48042493392312,68.27617135950396,100.26252439521596,78.611315354045,72.72636329612622,93.28366261642617,95.79880909205363,80.21333486903075,92.02582653689615,79.32025094307554,78.90548104516131,71.33834498682018,29.626516765584267
739,2144.3993669543174,1633.6058787090985,0.42056785636646354,0.30682270994409483,0.01848584035521055,49,0.0,0.009467836162563682,1.2332464437375938,-0.2276246794468072,2144.3993669543174,1633.6058787090985,860.3999755831342,0.0,0.0,172.26385893506065,64.47961372341395,70.95097337226379,72.85292581924466,66.30676055007957,81.09150043785436,80.56045849818442,75.00276082033918,69.28903077250949,76.08995874432796,69.68085240322569,97.85953883422681,69.47680400653701,31.238411324341143
740,459.0493939171787,1636.0102580229925,0.33876310257771414,0.3552599771146693,0.3190372037982143,49,0.0,0.010391107027174919,1.569621121153626,-0.48948708508387817,459.0493939171787,1636.0102580229925,909.2255459293842,0.0,0.0,173.8937403865414,64.4774198024259,75.93787803625266,74.96549168035588,84.0433853747253,75.65980607948043,73.46483589192238,82.86539092310142,91.74222657383564,71.12866476611116,80.92038269344768,78.01274062331689,83.69212969556133,36.792613591273394
741,1889.2088315150404,1634.4972150439617,0.2831619233710921,0.10681799759976664,0.3269540006769683,49,0.0,0.014434402757581191,2.9851702971291516,-1.1874227791943204,1889.2088315150404,1634.4972150439617,902.4470748287696,0.0,0.0,172.51065103619217,64.48065938662018,64.08711815944527,61.907093159219244,95.65703862759324,60.735394578300046,69.38128800576357,81.8989774170243,84.63459484796292,96.592897092892,70.34019801991624,92.80313807399119,76.49950161976824,47.90983522689335
742,2798.7236975160054,1635.3643682050124,0.39115380983495746,0.12103350458971893,0.32028194524927744,49,0.0,0.009297269343548036,1.3717523190709984,-0.3431892577068084,2798.7236975160054,1635.3643682050124,794.4541215843777,0.0,0.0,171.6311389451485,64.47672928208898,53.952080831918366,65.46870061364525,76.922108075778,63.414591014074034,65.39578947324827,91.28770072134219,60.322191488445455,67.10007842840793,80.6478298250904,65.8368410172815,77.83172345536985,26.274486639776534
743,2583.970702511491,1636.02448299499,0.25994142188494807,-0.31452899282799635,-0.01881968111695486,49,0.0,0.005959387097194426,1.0717724367547226,-0.07525645977035372,2583.970702511491,1636.02448299499,702.4221820509347,0.0,0.0,171.8387634615624,64.47849089502918,56.50863917626811,74.79059592569115,58.560776517554785,47.218735159901264,55.23698515984932,65.08532775556965,66.38103902111123,61.15831664218241,58.70026670228884,51.687528096254354,73.82251928804675,33.27145260621684
744,2054.455428941941,1638.1052235190668,0.3236904875433456,0.37678315957460007,0.04963049645634633,49,0.0,0.0254696865448529,4.894541353931918,-1.724280005522194,2054.455428941941,1638.1052235190668,1147.5263203652776,22.248073790102666,0.0,172.35081226906163,64.48177321328299,97.9293479580216,127.6064441335615,108.81602251963658,98.16579036820698,106.2214453162643,75.87511949635655,101.30348448638605,96.16990270872188,110.56018296976643,79.53153357926209,99.3410329852107,46.00601384388308
745,1169.1508584411317,1639.476673266869,0.6388768133454038,0.4813974294430233,0.05068223045216152,49,0.0,0.012892718419803875,1.425639985907382,-0.38502466955080217,1169.1508584411317,1639.476673266869,836.2173846902922,0.0,0.0,173.20708925545264,64.48240815269025,46.095630272419065,69.33606313120053,78.3259150250562,55.40106680742375,88.82045819621766,75.46988932763952,83.24150675157134,86.55076755455707,66.56341048212336,78.21975391395635,67.28358115201908,40.90934207610824
746,2861.964359503745,1639.285317795267,0.5123808635194701,0.03861173920777562,0.010987656696121985,49,0.0,0.18921590747032122,27.427816402874736,-3.595478084274682,2861.964359503745,1639.285317795267,4887.6419668379485,0.0,0.0,171.56992738770057,64.47786911270559,380.39934712553134,409.88856630647626,458.0020200655956,444.0906767452358,412.5727923004523,421.3070112718723,423.7881165426471,404.9982710784425,432.370270693328,457.40911050790237,408.44869468664604,234.36708951381843
747,838.0370236160626,1639.4075189256064,0.6517700104933142,0.19492535630862018,-0.15950296054240512,49,0.0,0.009752114866925524,1.0478214055351946,-0.05071816558822966,838.0370236160626,1639.4075189256064,682.8244032044117,0.0,0.0,173.52732172505785,64.48112481975211,62.74319539077064,64.74450860126413,61.80225393695861,52.06777775479853,59.663631411481056,49.58359019682533,71.31337499488404,57.85953014155688,67.43168231545134,45.26764770163396,61.034439701824745,29.31277105696245
748,1702.5667644040032,1639.2107925110367,0.6759828828469274,-0.6514388635583067,0.17431014665235797,49,0.0,0.01343664460656917,1.5417328044902372,-0.47002278320045365,1702.5667644040032,1639.2107925110367,883.7606752441943,0.0,0.0,172.69115584474974,64.48285484152778,79.78751830452796,69.35676519084498,78.11519587216813,69.398092712608,75.10727373311205,80.28456279722685,78.29101508201276,76.9386250159032,79.21090140830361,77.35392127025338,83.92115929175709,35.9956445654764
749,3048.827675059585,1640.0935965892568,0.8167189879422145,0.0025765149028644536,-0.20894726885800655,49,0.0,0.015637578376806967,1.5601627661205326,-0.4829247727139205,3048.827675059585,1640.0935965892568,1039.7069025737244,0.0,719.9748692806809,171.38926363086603,64.47659922668767,88.49728269878773,62.23600104289518,64.00974617128858,110.04204966975452,70.76012217418882,126.77693041660103,85.33953136558657,79.73292217116004,113.09948647446076,122.68044499346311,83.74091363660196,32.79147175893606
750,1608.9921168418089,1640.5989883137286,0.6865055299621774,0.273019182257546,0.2546128145826121,49,0.0,0.047036257302114595,5.95768302551311,-1.9376934828754087,1608.9921168418089,1640.5989883137286,1325.1969386103647,0.0,0.0,172.78166436324202,64.4834660921027,97.28463022424225,97.92089004604415,108.36033005905037,131.8900013489651,111.84450037477599,115.16279198404462,107.05931795148436,104.46160984284361,128.8840660652565,114.59457154118843,128.1177590508695,79.6164701215999
751,345.6426776643821,1642.0310956275353,0.5784722847273938,-0.23628685552656034,-0.25509677348519516,49,0.0,0.016072910027531487,2.0857239660648124,-0.7981420786020642,345.6426776643821,1642.0310956275353,1401.4300388914444,0.0,0.0,174.0034925060703,64.47906568156557,126.0637056685305,112.62917308149595,104.3080242509493,133.34670856059847,122.52835410943288,104.55293815215636,126.8972762459382,133.2808197137784,120.42133421819636,129.45922899692363,119.68626952187513,68.25620637156918
752,3076.562299546051,1641.9659891425124,0.2601798726346448,-0.31947355693781204,-0.5549998578148481,49,0.0,0.004314366551725066,1.0694094474920615,-0.07286004118083096,3076.562299546051,1641.9659891425124,608.4750204661004,0.0,219.28751127154013,171.36241297516295,64.47712182526304,0.0,40.69278616899943,57.602964003004516,78.81256481894029,71.55236716792903,81.0204826050647,44.27159411888027,34.89920891961444,42.72609536453346,71.61939652396708,53.20900582476011,32.068554950407076
753,351.1268213581728,1643.9952982739965,0.7489402630356891,0.17812542059435946,0.34667720213084,49,0.0,0.03426838144595352,3.608384120740305,-1.3932819074285838,351.1268213581728,1643.9952982739965,1424.065606619954,0.0,0.0,173.99822632975471,64.479927495383,120.36909766531468,126.58973793547031,120.29697140619022,133.32748573549443,126.41085585616841,106.69626654504464,132.7757443158315,121.92437265375636,123.39350624273324,127.44554017281149,120.63256718297886,64.20346090815997
754,1119.0064575003314,1645.154957738556,0.5240099439871017,0.1771426637847192,0.2264298883456017,49,0.0,0.13229789082622562,21.412533805843104,-3.32667015408214,1119.0064575003314,1645.154957738556,2799.9606310377003,0.0,0.0,173.2556283350886,64.48462874886208,214.21430918908823,235.60915048202423,262.3607677171175,236.54131046777155,239.74104822167487,253.72091626489382,274.42867488415794,226.15341143508212,227.24125785048193,281.4070803684384,242.85074500263258,105.6919591543372
755,572.1204002432836,1645.7498374794177,0.8558428400911245,0.5145734803995631,-0.24419511175774497,49,0.0,0.02957277155886752,1.9763014495552722,-0.7396329729636957,572.1204002432836,1645.7498374794177,2129.7834920426485,0.0,0.0,173.78456357985206,64.48225582612245,166.15984056071375,193.99820729846067,196.57342850395466,185.76682145208048,197.77321401015325,160.72635105570396,174.63650433318213,184.0738303858284,191.14757512363244,192.497757161702,200.6781929555426,85.75176920169426
756,1671.3801699304436,1645.6322095432902,0.9443747772048702,-0.021531783722994174,-0.16225739087957025,49,0.0,0.026725443025774096,2.452344604100732,-0.9739537432698888,1671.3801699304436,1645.6322095432902,1137.4523591351003,0.0,0.0,172.72131387731667,64.48554754866755,98.98496363429696,80.16926504596324,94.46779564932694,110.5069434861376,101.83105977389216,106.49960137702234,90.1168417764552,107.01290141820407,102.23627484966455,91.6731000738883,98.88530248747261,55.06830956277624
757,1751.6864349805942,1645.8919768314063,0.6233632475670962,0.2441663022890233,0.12645303360081123,49,0.0,0.08647491176996484,12.290512273889078,-2.7239249621157895,1751.6864349805942,1645.8919768314063,1979.664343818694,0.0,0.0,172.64363085537514,64.48559917655973,168.49985729663922,167.0321205264229,163.91966154815555,159.93966912358349,176.2152332397402,159.67762629190364,202.14480182344366,179.626072108497,153.46521516756997,186.01015524869854,189.72315411487637,73.41077732916332
758,2348.9197820117215,1648.3880019837097,0.5900898633430537,0.036450964697104536,0.4620501052300596,49,0.0,0.018765480489065876,2.281620204989201,-0.8956083852572507,2348.9197820117215,1648.3880019837097,999.6115725920993,0.0,0.0,172.06591700752247,64.48493372435262,95.65064402863639,87.95716649999505,96.84609846112681,97.50312319519318,75.24836928135672,76.63744730138305,100.4887336642602,79.48952429677641,80.98497611671274,71.51964930226114,92.31776557746838,44.96807486692913
759,3068.755010912591,1648.3964390610995,0.8774575453972862,-0.7955681753204916,0.370455928428975,49,0.0,0.0168268405595231,1.8701882883558572,-0.6797133324875482,3068.755010912591,1648.3964390610995,765.756508909482,0.0,326.3073873724072,171.36982107456603,64.47987328855123,14.884717604364717,74.8957739191199,56.92058451207765,81.7204893098989,55.24712043991077,105.89552210469803,49.09963467565064,49.81199902294121,50.184486899621916,146.01494726252682,55.89330763216705,25.18792552650438
760,1807.1792248349343,1650.1354314550556,0.46937594233775276,-0.35060823709079114,0.058369268384937396,49,0.0,0.028128637040658246,4.091763034502223,-1.529776186385733,1807.1792248349343,1650.1354314550556,1291.9795796187852,0.0,0.0,172.5899383236529,64.48730423358221,91.2895638444762,106.18810165567332,112.63966715130846,124.43710799593386,109.40913622777771,116.42532271400998,118.99683165879408,97.52018004596692,113.12141869222589,110.85790229369911,134.121207181201,56.97314015771872
761,1916.6869306340782,1649.2347292079226,0.3375049650906618,0.590282768202735,0.06781964192491988,49,0.0,0.006750910308548007,1.0553411629579168,-0.05848219467336281,1916.6869306340782,1649.2347292079226,787.8085345840902,0.0,0.0,172.48400716475913,64.48674718026055,78.77350964851702,64.37674125572417,66.7250045599905,65.04515233221137,62.29962142662692,71.86815860739951,57.354195185177815,58.71360020330527,87.0654785761682,71.11937034642769,81.37123861589012,23.09646382665168
762,1559.3173237180395,1651.1213678623285,0.9470861578229259,-0.2101163748225106,-0.0328729295977398,49,0.0,0.017305048507999448,1.5355624701455965,-0.4656687230445038,1559.3173237180395,1651.1213678623285,902.4688856491423,0.0,0.0,172.82971901865648,64.48784526113579,67.4087667359905,75.83173438696049,89.44232230294503,79.99312093595388,72.77590747109076,73.07540351199296,83.87298924154118,70.55333856079551,82.0963790723753,77.43486960697092,91.00790724149485,38.97614658103099
763,2274.66485083595,1655.2313792062532,0.6059494464804545,-0.09025682373709218,-0.3191244420552314,49,0.0,0.011679519720931888,1.3118561291555058,-0.29471552178364424,2274.66485083595,1655.2313792062532,794.2232034885328,0.0,0.0,172.1376707495349,64.48812024367062,58.49649460882508,73.28308586848385,73.12884133057581,70.07669689542902,80.2732272395732,60.27708039867482,79.98475053947351,66.39532598294736,59.800343114929476,68.19522612267059,72.03367823062068,32.27845315632934
764,1053.4979400846066,1657.6426509494115,0.6932951293332766,0.31839016906973366,0.14290197407048028,49,0.0,0.018199277984617818,2.222189085682467,-0.8669525255475217,1053.4979400846066,1657.6426509494115,842.8066986923952,0.0,0.0,173.3190921732762,64.48961787602948,58.93864542234168,73.1718129892217,70.12474393143889,71.02151406778059,66.0023941919766,77.04757188500194,87.13275712714119,69.46792454753442,85.99039866080648,84.90494850730823,65.80216490538953,33.2018224564539
765,2361.033034673186,1661.9169688283337,0.3594266779684383,-0.039946628305168805,0.2816376980452024,49,0.0,0.025683768479538936,3.8542556433758093,-1.4648512924211694,2361.033034673186,1661.9169688283337,1384.4786521450324,0.0,0.0,172.05404924715998,64.49051231102715,112.28151759285737,122.45554744897234,126.25119938135983,113.1088908549747,105.75705325396822,132.77905048517917,123.42968133126394,114.08596911648365,119.04459556853864,120.95047997839663,131.51324054345082,62.82142658958723
766,1570.8390531007667,1662.8668988192082,0.6149628752044305,0.14859473133366244,0.25996085338738484,49,0.0,0.024944360892374295,3.2422218610009383,-1.2771068243316155,1570.8390531007667,1662.8668988192082,1008.4400976008275,0.0,0.0,172.81857790199751,64.49274182217981,72.65126841603123,77.52719034042931,78.15090816472711,86.17062974956204,88.33877400170407,108.13443738498485,104.75824980427063,78.32467783094509,87.82028538129825,91.73332635543409,90.02385452460226,44.806495646838506
767,2813.478771059256,1663.1956266376678,0.4502185453168311,-0.03429914294494279,0.3005789883511575,49,0.0,0.011868280229481522,1.583657937701957,-0.49915345479560497,2813.478771059256,1663.1956266376678,894.2501124321952,0.0,0.0,171.6163767142291,64.48821032815471,73.94471476066704,79.07398136862396,84.52141018285286,72.28308952706456,84.67805007000484,62.270566885621676,75.57214503139946,71.98110743502463,83.2129371246823,78.74834493968807,87.6575681836367,40.30619692292926
768,551.1274660429964,1665.3998686999505,0.8514271208058523,0.1570937978894036,0.19820556848834486,49,0.0,0.016404398535078673,1.7074927405303184,-0.5808971648453803,551.1274660429964,1665.3998686999505,780.8401868182059,0.0,0.0,173.80516835083844,64.49030362532991,67.46449752599788,68.33873125245049,62.733266440571526,68.06408239723967,60.15701080344482,60.781629768803924,72.04623226079838,86.82638929224854,65.66420729078695,71.75994735067786,67.63330281006353,29.370889625122423
769,845.9744359992263,1669.3219402360685,0.6398473949022518,0.12300428530347317,0.128840605487934,49,0.0,0.11251979131581846,16.022211293975595,-3.011806136813933,845.9744359992263,1669.3219402360685,2235.1591030132986,0.0,0.0,173.5199782635235,64.49362636165424,192.29459248074232,222.87829324019268,190.7958387155686,213.16660196530796,171.7395960968583,179.16256473500488,183.22558382358534,192.3701067627258,204.47957955698348,188.32511145910004,203.5839237080117,93.13731046921741
770,2605.9845534892042,1669.1217821939738,0.9242112614291441,0.3117775219273275,0.2848974269255272,49,0.0,0.016892814401564246,1.5782676840651395,-0.49545166044894723,2605.9845534892042,1669.1217821939738,764.0098950405679,7.0,0.0,171.81698752250543,64.49214051459593,61.53331212666874,75.19964591923974,63.90468604381486,76.02626435893715,55.35840423368522,57.597312611401605,49.351191181361415,71.71337200579696,77.3399922453241,63.65402941656332,79.6080745397722,32.72361035800262
771,564.3535193823592,1679.447748696206,0.6353414888875555,0.2778349704426187,0.10441732809203413,49,0.0,0.16549312424198007,22.127440599731013,-3.362327958937572,564.3535193823592,1679.447748696206,3471.3637943096783,0.0,0.0,173.79258910459018,64.49624358220082,278.7612022397559,271.7730013589169,280.85185871656824,295.46193275706366,302.13376664222346,340.4710029749788,307.9387842105499,311.8766980330741,312.97512142018525,317.17900845659466,296.50923375881376,155.43218374095392
772,930.7082969481537,1679.0316807899694,0.7917760532216346,0.16776706486188506,-0.23452490719856478,49,0.0,0.01347949772231956,1.4199717695683773,-0.38069927567146467,930.7082969481537,1679.0316807899694,834.5355220644788,0.0,0.0,173.43809077825517,64.4980550575237,67.47075035018906,61.20455427130202,82.37470692217984,62.725693673067106,58.05219512485385,63.383556781435104,77.9936677754156,84.92372692651209,75.28328533421382,94.94708619468793,79.59705331603334,26.57924539458904
773,2466.9645536595303,1678.962465826766,0.8572198464665434,0.358277514373966,-0.023708948669248827,49,0.0,0.01896551495875566,1.8133345449132028,-0.6461948378814166,2466.9645536595303,1678.962465826766,847.3352332008654,0.0,0.0,171.9513545933104,64.49706665328374,81.26117753329703,82.12367931935057,69.93583257076487,63.97335698517771,62.580868307913526,80.2814453977975,68.74970093145171,71.5335782391084,91.57046865530833,72.73376392051023,70.5104233813728,32.08093795881286
774,1803.0045698042554,1684.6561124271163,0.9869625861074284,-0.283080901976477,-0.08807991365274856,49,0.0,0.012442382066778258,1.0487223421456553,-0.051651300952051685,1803.0045698042554,1684.6561124271163,757.0543649018034,0.0,0.0,172.59387374082525,64.50169318583217,60.84642031902242,58.091995312806915,82.13041119927192,75.02402477877396,63.757011969236345,49.704615987459235,78.56084277290915,59.49396675089416,75.82286564108584,73.7441354990961,62.55183963527048,17.32623503597688
775,3046.0639982975795,1686.494067226558,0.365780568971051,0.0278722213436959,0.3435715095944833,49,0.0,0.009848045870269538,1.9294535577951846,-0.7135858237676068,3046.0639982975795,1686.494067226558,850.0304919996149,0.0,532.8873450364682,171.3909468068817,64.49595236987201,111.41496588685962,97.68933488035103,63.78532106171305,91.12201348656552,39.73032753215934,62.66878481308029,51.70964439456877,67.51363387246317,74.91412290872486,83.1465652707875,76.41436502462382,29.92141286771797
776,521.0573519976014,1689.0203796403985,0.930761161308986,-0.39706916540578885,-0.08409387295140812,49,0.0,0.018896188215548507,1.763825765125429,-0.6161392057000301,521.0573519976014,1689.0203796403985,827.967666589499,0.0,0.0,173.83463143666833,64.49994063847647,63.523328417693456,63.47229772650938,58.09095983568631,68.2337558485986,62.661627113580344,89.2047638089862,80.39240520794759,84.26482476276784,75.60271816753499,68.32355801345429,69.91463103407256,44.282796652667315
777,1033.4827293941912,1690.8947713030136,0.856704442264345,-0.07735258689137414,-0.15557129383553112,49,0.0,0.033431108843780824,3.597642901344416,-1.3900451337160182,1033.4827293941912,1690.8947713030136,1062.5647437849962,0.0,0.0,173.33873340164513,64.50340149712106,74.92577382368113,75.5192073018377,102.49188747472789,87.17018227678632,95.36564770029082,104.81053469664283,93.42826110366244,78.58552001646493,105.24341395042927,95.02489437550389,99.05539171607563,50.94402934889324
778,1063.0261858938863,1693.753649074137,0.592350797845404,0.18558052393085028,0.21125926926626998,49,0.0,0.10822931884133,16.21243963909789,-3.024620930408752,1063.0261858938863,1693.753649074137,2256.6597876611986,0.0,0.0,173.3101605490752,64.50469630688082,164.77726065597074,184.67912314385327,197.43769906131507,203.3344785082441,215.86575549374282,203.34605068285902,205.55537142132624,193.49705509519092,211.70442956880154,202.06109897581052,178.824292992193,95.57717206189137
779,2634.0907056404208,1694.5982973796279,0.4131276294647476,0.2621095416818567,0.10801603623752758,49,0.0,0.04822057553910476,8.649643235330666,-2.3424954871237276,2634.0907056404208,1694.5982973796279,1574.6691705442881,0.0,0.0,171.7894095468669,64.50257214507769,129.39101786142749,129.13685743214955,131.148213091263,161.51570699419062,148.17451101960674,146.75272474832383,120.07791739116459,135.08254102021385,151.65024695754846,129.77627358782922,150.7499823905417,41.213178050028944
780,2650.33590234298,1695.9113642710502,0.3796376009516128,0.31613732060103483,0.21289459984995268,49,0.0,0.007604096620245764,1.0124405703052235,-0.01342384947971912,2650.33590234298,1695.9113642710502,794.4352235636545,0.0,0.0,171.7736678671874,64.50301165826042,67.46698254253769,61.91035284663381,69.12725222085305,78.91558138005448,67.63479985130903,71.54063143166532,72.82301163856519,55.71943104066481,67.12513157011787,71.00563978535891,73.42023580727232,37.746173448621974
781,1857.3180872899356,1696.778117459286,0.567486082832417,0.21559726708915256,0.13684619621769956,49,0.0,0.3222597606680944,47.879212530890776,-4.200367497386205,1857.3180872899356,1696.778117459286,6342.589618347152,0.0,0.0,172.54125820214614,64.50666472408878,551.8228159948029,574.8944835602209,532.5995503836491,559.3688185482764,529.1127737222109,566.3720422686208,526.5145816220049,558.3629573091509,551.6973049586452,573.4721112547011,543.5116427818025,274.8605359430663
782,1904.0252868968819,1698.7358083946626,0.4050993661098206,0.11340779125786343,0.31249239130837414,49,0.0,0.01338375840252353,2.1660434409390694,-0.8391679058513019,1904.0252868968819,1698.7358083946626,912.240251900659,0.0,0.0,172.4960339008212,64.5073972614303,62.15699530878145,78.66174118472121,90.92162035670995,96.15206726278137,87.62496599624858,74.3019634812444,81.14578506663804,69.098882505212,75.88771331380073,75.74085967351667,77.07954784305558,43.468109907948985
783,969.9472240552475,1710.35562668545,0.517186959606711,0.8569224783398425,0.333879783042046,49,0.0,0.009742651056999355,1.057254028830113,-0.060448371921080844,969.9472240552475,1710.35562668545,853.6124781615422,0.0,0.0,173.4004104815305,64.5112680086275,70.90644438478338,73.61881756595048,77.84258145468775,86.33880940594088,77.12525255113866,71.57736061680649,69.85812476959076,60.5348246575781,77.37979369747544,80.86723963873553,73.37291298382384,34.19031643503094
784,2763.851414515716,1715.6514288412525,0.4133688218669135,0.20613356038738426,0.14890548897382697,49,0.0,0.013503649504251435,1.9339587784200944,-0.7161180325687533,2763.851414515716,1715.6514288412525,910.1335200468234,0.0,0.0,171.6634761637164,64.5104370522145,76.08798770512492,94.68149082016157,63.29755296466868,84.4487575066125,65.97731907082004,80.00894530873578,86.12256197191408,76.05372148912313,81.15010655692538,86.81418897767328,74.97426689034955,40.516620784714526
785,772.5104963305471,1716.7730445839286,0.6208683480238746,0.2705698960888581,0.04390929137101168,49,0.0,0.6660863528283257,97.18783305861874,-4.96902974754604,772.5104963305471,1716.7730445839286,10458.94597796918,0.0,0.0,173.59163486034848,64.51302655798186,813.9168491467492,955.0075729666385,821.248479008096,936.9049515076492,941.1730924707352,918.7570300622228,951.8305188370225,891.3477548913643,949.5339655470749,930.8939000097678,868.5890724205367,479.742791101323
786,2363.5946774923395,1723.17516953568,0.3404394038408407,0.22139796106352413,0.5103581066623939,49,0.0,0.008837339779660395,1.3972022423103247,-0.363148184867178,2363.5946774923395,1723.17516953568,870.7721322569712,0.0,0.0,172.0508813437583,64.51602203790686,74.16995850278788,81.03852601284531,66.52734620333007,80.68018040461313,80.74734908579319,75.60390892098143,76.3879891383481,74.12528665843064,78.32118209239454,72.53210998194143,80.08365847582326,30.554636779682355
787,2919.3666559793905,1723.7805338189983,0.46967229565561164,0.06292224508007672,-0.3403869260703798,49,0.0,0.0156439787162991,1.8227092622966325,-0.6517935012452934,2919.3666559793905,1723.7805338189983,1089.6266183968328,0.0,0.0,171.51278888093256,64.51259675142983,85.69120148408118,99.45334879593453,102.0653414805696,109.9380223118315,95.35611200507698,97.0510937254497,98.52266516850221,88.83415646069957,92.18116551434474,86.07870625706025,84.12232519025336,50.332480003029104
788,1165.3325099623855,1726.1291364396097,0.49184852939276424,0.1587319269561332,-0.3577347000402735,49,0.0,0.009026231509161431,1.1555989774750548,-0.15701787222354097,1165.3325099623855,1726.1291364396097,796.5968846785672,0.0,0.0,173.21133860816514,64.5185018554197,70.51259128540626,64.20828407114641,70.64421508115667,54.43860728258652,66.59062326358146,74.41661926893082,70.44099270429442,68.10603183035695,68.96699692441213,65.2218177232177,85.82770933615467,37.22239590732318
789,1692.483155769617,1725.6641694342063,0.42939514044466787,0.5958956020455951,0.26655056488375173,49,0.0,0.014474510675408798,2.046797439407808,-0.7776871624692792,1692.483155769617,1725.6641694342063,993.2291361123725,0.0,0.0,172.70079173023225,64.5188832349289,70.06350902378304,105.92295670940528,81.64878595723209,87.7516439973596,95.31033887000731,75.16330100850865,91.35268963011302,87.5027091344684,95.151068697961,93.90274529760183,73.85798803494995,35.60139975098236
790,1796.8249936681204,1726.5679956514336,0.7271745819727342,0.18291392120696529,0.11423180909667545,49,0.0,0.011452445591068193,1.002935658452743,-0.003182681316663209,1796.8249936681204,1726.5679956514336,1009.5466703484151,0.0,0.0,172.59973344549996,64.51916419313287,76.02843105110009,71.13395252634241,98.94785910213804,69.06148454424448,82.89564333342727,94.40133396069419,95.99942011141516,102.13883519820396,90.81513863738365,92.93855954841504,93.6409479018638,41.54506443318684
791,2884.2379647217267,1726.0592110539662,0.6962053471808277,-0.6506374041101796,-0.410000348685535,49,0.0,0.012726645791943075,1.2803193939628725,-0.2682958103158919,2884.2379647217267,1726.0592110539662,906.0861701256061,0.0,0.0,171.54675080609485,64.51383651778958,70.95459561629595,84.83820219979333,92.86296800230889,75.95258239862468,78.34616091473802,69.24177314145702,66.08074722731051,78.69146429079879,90.1301589200292,79.74711372233952,77.09983844937477,42.14056524253551
792,2349.9660261941617,1726.6691093664085,0.6132985614507425,0.10969140340982196,0.21253476050933995,49,0.0,0.31332541601615205,45.37357351809689,-4.142007461614154,2349.9660261941617,1726.6691093664085,5453.555585710068,0.0,0.0,172.0640395179869,64.51754325132133,422.91055912031476,510.54509594611727,465.0402322154377,496.69629485470807,509.4140477762413,463.4976240969735,447.6531314945133,455.7006128377986,495.24810064095493,474.2367883180526,482.4599485713825,230.1531498375738
793,1790.1560436694103,1727.5266428161476,0.4657267071206879,0.41106792586625235,0.4566221318383598,49,0.0,0.009475387982536183,1.1929848426847556,-0.1915873145819967,1790.1560436694103,1727.5266428161476,924.9823523556169,0.0,0.0,172.60618973589592,64.51957181029677,73.11877287537533,70.8679865614884,91.32756477044296,64.44342050354386,74.11133680144545,83.919736094334,92.61332378475754,84.31996010108878,75.99600062184902,84.61379689954242,90.8915870066736,38.75886633507551
794,894.3304820397879,1728.5129109511793,0.8612398111507674,-0.12052742517213433,0.4484737167639056,49,0.0,0.013339587934281171,1.27808545773794,-0.266399733505892,894.3304820397879,1728.5129109511793,708.0407520670697,5.7548662051268265,0.0,173.47380908588966,64.51851178587448,62.695420369406634,57.992781496129055,55.457801647763496,55.34933172394389,50.05996884271508,66.58802899784561,66.81009172148828,66.25913807021888,58.49631661128787,68.73961263294612,69.86772583942604,29.72453411389875
795,697.0325852484691,1730.6609252909477,0.6208912404439925,0.14567676803501556,0.16777226374037485,49,0.0,0.08398374156541588,11.977199053386178,-2.695888168279489,697.0325852484691,1730.6609252909477,1801.5668718892725,0.0,0.0,173.66489583252704,64.51839716649543,149.33515329680108,175.24095604571158,149.62971645802662,145.31527486765927,161.57366317038793,156.437813424917,169.07439734689126,151.86165695748437,138.91496456305123,151.05778423884146,168.89795694240092,84.22753457709962
796,736.7210075283456,1730.5691021121747,0.3269703059716836,0.3232180837706094,0.08641214451791748,49,0.0,0.006963125776095787,1.1014689854038413,-0.10493068254674007,736.7210075283456,1730.5691021121747,733.8980467585841,0.0,0.0,173.62646160734693,64.51858187381404,64.70045062595163,64.35761229355246,63.26564867694913,73.96199050193964,65.72040183484064,57.66110968876913,68.98003191488544,49.61521168441692,59.721649090700666,46.523348900390516,85.57686619025773,33.81372535593012
797,2953.1441231842086,1731.4828996030567,0.7938928631766216,-0.32211287890741386,0.3051107200086138,49,0.0,0.015096557334395813,1.1873028016643867,-0.18640373150914988,2953.1441231842086,1731.4828996030567,1200.1567708206821,0.0,55.42215649965547,171.47993878081184,64.51551847246704,98.03142915461282,110.80140579047548,119.68283837929059,96.54270172600269,98.70548139886726,92.30235846931367,114.92391288587153,102.85743994923993,93.51025135614404,100.31368321838677,116.82985053831284,55.65541795416456
798,824.9855847021945,1734.6779797632962,0.923248716611267,0.2410507070768988,0.10359915422067771,49,0.0,0.057033520548439354,6.035655572064847,-1.9518111214055047,824.9855847021945,1734.6779797632962,1273.0798976361198,0.0,0.0,173.54103343754065,64.5207537208168,109.26042779981762,124.0353623569066,116.49194493425054,98.65407170019921,97.80351067536944,117.28954793957405,113.71419292690936,111.3637752539097,96.76358193980222,119.39381207831963,101.80302626276028,66.50664376830139
799,3098.398321024803,1735.4238317805136,0.4958728722824727,-0.9123415433066621,0.7861936842395287,49,0.0,0.0073599677343536805,1.2689596421508869,-0.25861952515424663,3098.398321024803,1735.4238317805136,498.0060841591216,0.0,25.85580816120467,171.33924043844607,64.5158440853809,0.0,0.0,0.0,0.0,0.0,0.0,0.0,41.000187608680044,95.3130492357519,243.94048459440035,54.51975957640631,63.232603143883026
800,862.5506067228508,1736.5382789036503,0.654322081718348,0.27117771175240696,0.010550559722697679,49,0.0,0.03950482909639612,5.206417259336692,-1.7913474273766339,862.5506067228508,1736.5382789036503,1174.946184291126,0.0,0.0,173.50467251043665,64.52170953415609,97.80293598816705,106.94241342828911,120.05767689038464,108.4454287642676,86.82567684295185,109.62597936627529,99.30512280415168,75.29764177459218,110.5838383330501,99.18449471081843,103.4561047309586,57.41887065721952
801,744.4001360322476,1740.4292861541253,0.48204033095899806,-0.37929992647528327,-0.10101708015942734,49,0.0,0.00875416835623565,1.2854756013819113,-0.2726595951236661,744.4001360322476,1740.4292861541253,723.6521294440513,0.0,0.0,173.61915000745532,64.52273183398626,74.21738869788635,56.01484410085061,55.21307512546431,63.39955744547122,71.60931813105478,54.07164333919095,54.88132680697663,58.24749692174147,67.44049729820406,55.89762721765987,79.75824192728123,32.90111243226987
802,1053.162118070143,1739.6952450141973,0.23138706073950135,0.5975696173204529,-0.07799355742813406,49,0.0,0.0062721430298490755,1.083126370864503,-0.08669782431350287,1053.162118070143,1739.6952450141973,785.7980681172644,0.0,0.0,173.32007989544806,64.52380381052521,48.1169907865527,71.07517538603301,64.18441255945255,83.97861727647958,76.41271379975646,66.25367220054245,60.4133735326321,58.44982176270996,79.45089592447783,65.02126190678467,69.54977195093306,42.89136103091005
803,2174.9927101073213,1747.2189366409752,0.25533558808079637,0.4548601852965895,0.46548700068265536,49,0.0,0.007300413019598544,1.2036293645189329,-0.20123193631453173,2174.9927101073213,1747.2189366409752,742.4483220139067,0.0,0.0,172.23331003238945,64.52684166763875,69.76623669434527,66.02150999976077,50.442502945389066,61.854092429058305,60.7307269596553,59.631296065045575,60.560819953428734,68.32039517537707,72.15298926307517,76.71198689118056,58.159541479241945,38.09622415834897
804,1758.8982602100548,1748.1910203396922,0.8066278938395126,-0.2998282047015037,-0.1761070246653624,49,0.0,0.03142283231181321,3.2740612179390913,-1.2877169888234221,1758.8982602100548,1748.1910203396922,1189.2682787961508,0.0,0.0,172.63641549074978,64.52821651531801,97.21928849598578,71.98327683412461,110.1978838448874,124.19081556841572,101.48563222068053,86.04822690034402,120.39462135081219,88.30149992413463,104.49626791437754,97.75223611705454,114.04545438991849,73.15307523541543
805,616.6862563441417,1749.8271097104694,0.618583225029248,0.13473472199156478,0.08728967743995467,49,0.0,0.35134672319539045,51.200707874389074,-4.273189913368087,616.6862563441417,1749.8271097104694,5768.362834750421,0.0,0.0,173.74297690891666,64.5258999449982,464.1627850699285,499.268339054027,502.1127963542856,501.7582101926441,509.0716136835964,520.20915884687,467.4376746426824,488.77952821217735,483.4553175515656,547.3252265433068,527.7928556179558,256.98932898138185
806,2336.3461349559857,1749.7311582472512,0.6441804211773113,0.015177256891795115,0.10734895313207866,49,0.0,0.01778471920967185,2.140922601149753,-0.8265024173005902,2336.3461349559857,1749.7311582472512,944.76883662333,0.0,0.0,172.07697791659112,64.52721599151144,69.31845689839759,92.35018533909191,75.70286500020876,71.03284525468813,88.48174352256709,78.05848781487008,71.00943402651332,89.15964141702163,96.8585461539706,94.73551842194063,77.78208753911255,40.27902523494773
807,1433.2962647344352,1752.5558817069823,0.2487209393827987,0.8163635193755445,0.46009394623432603,49,0.0,0.009373388977755203,1.6546030686795037,-0.5467345636211731,1433.2962647344352,1752.5558817069823,841.6155496350484,0.0,0.0,172.95188321074673,64.53002607974224,74.15079979948632,70.46127305252483,71.66572253374284,68.79339137925507,83.19889485520791,64.71257706764133,62.74059501800716,76.91062313683426,63.00822078216604,88.41685826573732,80.48248271123634,37.07411103320892
808,1805.3457609444456,1752.1464849233716,0.4127282154185846,0.298974257159984,0.05146162512331846,49,0.0,0.008590374190086172,1.2100265972185082,-0.2069872912834422,1805.3457609444456,1752.1464849233716,771.2787396937272,0.0,0.0,172.59140352964835,64.5298109552384,51.0999325893286,71.55455602077177,67.06398810335898,64.76594587615293,69.16757967012252,53.016226043919886,61.11500090647347,81.4936749685578,69.50932377206362,71.96039286302685,71.92489351496337,38.607225364987265
809,2229.9146060959138,1752.3783175390138,0.6549176013301977,0.24115263321291797,0.35197460197004077,49,0.0,0.034061215641235675,4.399344535813854,-1.6084699379857272,2229.9146060959138,1752.3783175390138,1096.6793028191378,0.0,0.0,172.18005755416328,64.52878101406337,93.88992908296851,84.07887380085414,89.7998372176955,91.94397352799419,104.39277181258109,89.53407474670419,100.94713443901834,104.53372023214425,92.67463972807175,114.3347533042446,97.07359423845628,33.47600068840488
810,1945.0678512068846,1754.2685775130847,0.40334987303287145,-0.5670665469482402,-0.02317501430643578,49,0.0,0.013160446873843564,1.5361667966033878,-0.46609593460268717,1945.0678512068846,1754.2685775130847,973.700293629422,0.0,0.0,172.4560185430019,64.5304509867751,78.30567007939271,94.92548841587941,84.99948936425906,79.13605941971986,93.61478699763246,89.94257447231348,90.60677365614802,79.70031999945509,74.50953518648471,92.9756210052411,70.57010526546254,44.41386976743354
811,521.1544982471243,1756.2397336319302,0.7362068451326594,0.4997453307975581,-0.11729509841370966,49,0.0,0.012786843893213476,1.3607283878896859,-0.33442861313180977,521.1544982471243,1756.2397336319302,824.0404228975144,0.0,0.0,173.8356087681894,64.52794468925899,75.59121073359054,69.0412171062571,52.13259293179106,85.84090581849873,77.35669590119537,75.9002296712628,70.5643801819932,77.10351034339926,65.83167721526448,79.23276746085469,65.59169089268521,29.853544640722
812,2761.9827764900983,1755.5008931468303,0.6678874978589621,0.20046024657347788,0.19193567750764057,49,0.0,0.049954461301050634,5.967078384734432,-1.9394043571517385,2761.9827764900983,1755.5008931468303,1620.5704429734678,0.0,0.0,171.66460130476264,64.52705158620931,153.96661136048493,134.85019231814584,142.3298381601993,130.5079084388862,146.89472521509103,146.4837009307811,126.91072965627149,130.21634865331941,150.26507420164683,135.65822497628602,143.82600745706702,78.6610816052889
813,506.95691892255223,1757.8264376637521,0.6120774914917568,-0.10899567116700122,-0.0028433739934703053,49,0.0,0.01369026127972991,1.630037827294304,-0.5304942073205703,506.95691892255223,1757.8264376637521,932.2819281842961,0.0,0.0,173.8493867108418,64.52850759577115,81.31094902897313,92.43805396496019,74.28461466530612,79.01344483696087,88.33195846234096,80.3167776370083,93.94071126489146,75.40989845584846,79.59874053244172,77.05426334367942,72.0319339456619,38.55058204622367
814,2656.6304804303154,1759.4343893459159,0.39532991771048004,0.10723261337745288,0.15280632828548188,49,0.0,0.010883600297261929,1.4512317475300238,-0.4043419264025945,2656.6304804303154,1759.4343893459159,834.2263488682128,0.0,0.0,171.76658537428492,64.52943323876866,56.57970353752594,73.73756424699512,65.82097281439033,85.06844845704944,77.53239451532531,78.24238952804384,71.96970763978885,69.86024860266089,64.48162027643554,82.40635402942539,77.36590974935719,31.161035471214973
815,1545.0099770500026,1762.1046013812622,0.35737178057356567,0.053506863620435545,-0.08782729867263803,49,0.0,0.00970203607611439,1.261601760921331,-0.252305716254485,1545.0099770500026,1762.1046013812622,835.8899238017524,0.0,0.0,172.8436510279414,64.53408383382633,73.78170062944636,64.32714386865612,69.12224299805823,79.50690745944465,59.223250166712894,76.2450688123121,55.2659302305944,75.42242745662776,85.19507301821784,76.4180722022924,82.66469999363669,38.71740696575284
816,2416.169670340823,1761.7907395559723,0.4586170737676403,0.43752153533315646,0.24618848508189942,49,0.0,0.024363943929504396,4.051176550907854,-1.518952925543688,2416.169670340823,1761.7907395559723,1011.6546426977151,0.0,0.0,171.99950739950052,64.53184648489707,89.36927022115032,74.12932256210416,79.73810759308657,89.39378047939876,92.06857211401933,87.2219503002487,90.07115593727795,82.4496155940964,89.03894235641565,114.72628250728448,80.23754377621009,43.21009925642271
817,1913.5182538323536,1762.6963523543036,0.6553960547972004,0.40996785243193884,0.2446806941219367,49,0.0,0.07003331910792449,9.065732427723917,-2.393507242112795,1913.5182538323536,1762.6963523543036,1752.4875652783467,0.0,0.0,172.48654807985494,64.53402849415514,147.3426082847826,142.69050304664077,153.89767660760205,154.838021430735,159.77186302326442,147.22977704153595,170.4636267942157,166.20811270028673,140.6860620806894,135.00713637523955,148.11000644158196,86.24217145177231
818,1484.7749372952533,1763.8926075240356,0.9488325534198894,-0.06186678541393684,0.0018005131852819995,49,0.0,0.018318626919410223,1.6818471595620896,-0.5644663151963579,1484.7749372952533,1763.8926075240356,828.7335179704353,0.0,0.0,172.90202474440076,64.5347960255917,68.46245235882307,69.66664200497732,53.32092599707234,68.57844525435843,59.27732522602271,75.91066387163809,73.88204897803192,74.35173907654347,82.56561351235068,76.5445560760358,83.04715438331192,43.12595123126953
819,1524.8487890906315,1764.1363091981304,0.9645190696006717,0.15658237603630154,0.006871528814903834,49,0.0,0.01151932448813286,1.011430312296464,-0.012339912953145547,1524.8487890906315,1764.1363091981304,836.8629099377367,0.0,0.0,172.86319048223564,64.5349219658554,71.18969112230806,88.73052507088796,53.62745076203761,74.36117112258111,67.40632586753863,71.69883706647819,70.87018755263645,55.4592580507956,80.97155106936205,84.02040675201752,78.71761447643323,39.80989102466032
820,1602.7693691818636,1763.8986961009116,0.543318085121209,-0.5638055760719873,0.5050825315418193,49,0.0,0.008935626511585163,1.043532506315534,-0.04626495500244139,1602.7693691818636,1763.8986961009116,890.1997353054755,0.0,0.0,172.78767922689053,64.53484115128916,67.92760619010146,95.07254259613958,89.61567150168446,74.27489726597051,73.38315166215142,74.89343246653925,63.88164990772966,72.51023025629748,79.65643570852745,75.92195428936893,88.44670665027587,34.61545681068945
821,3089.4668797882314,1763.5653030378717,0.9089605366862984,-0.3351784434984934,0.030725989046472463,49,0.0,0.012958530277505273,1.6164560548185147,-0.521409755806536,3089.4668797882314,1763.5653030378717,277.8119773452338,0.0,39.06114827391667,171.34726736743698,64.52765075883397,0.0,0.0,0.0,0.0,0.0,45.602502744642926,26.39659053877718,65.69854270088882,23.834246559337423,6.554443288318082,33.918516232994406,75.80713528027498
822,955.676339812163,1765.121790832209,0.5224886315524246,0.3511283929399621,0.15856223503585962,49,0.0,0.007922513510205776,1.0200885127606434,-0.021594642482582246,955.676339812163,1765.121790832209,800.9827592294102,0.0,0.0,173.41474898376217,64.53402802585086,70.88117113987077,72.44034374602008,67.17219736055542,59.492346935573735,66.18574017851029,56.84385622625559,73.78685899469292,65.34272836969085,73.52502063229456,69.13613079465132,79.58807381270516,46.58829103858962
823,2472.6815047955392,1766.0938852790052,0.3491111436922018,-0.6721188808370014,-0.6442908407749307,49,0.0,0.010338276320067678,1.293155604642569,-0.2791269660517945,2472.6815047955392,1766.0938852790052,989.6159017324226,0.0,0.0,171.94470051402539,64.53333587301954,92.37085448822336,101.72966851774399,78.20641467178072,102.92601253568829,77.7119722757218,105.06634002706448,55.21622221507251,70.34060837539539,97.4587018169671,86.12633119824567,80.10771301594036,42.355062594578854
824,542.0990664942354,1767.6369310684217,0.6302028449171141,0.3345716467726958,-0.03353518659854178,49,0.0,0.017858949565492877,1.8033251198991789,-0.6401850808786529,542.0990664942354,1767.6369310684217,1078.2276264064785,0.0,0.0,173.81549921219786,64.53283514395528,81.73746372319712,103.15916805046987,106.30160627442041,80.94037953102531,78.95069506912162,89.72889717762011,95.98593489084395,78.83469863860829,101.75814476859114,107.26791456740997,103.55924851764098,50.00347519752976
825,2331.1336112711638,1767.6380057572987,0.8303190166843972,0.49216042635241397,0.05169656739876569,49,0.0,0.011458738698475373,1.0436217138517072,-0.046357766401698385,2331.1336112711638,1767.6380057572987,811.0016695145523,0.0,0.0,172.08183394482182,64.53470090829244,67.51291132627429,77.12298480757448,67.15822495751695,64.27516013231114,76.85967611309593,69.71540549968528,59.79719194598974,66.48709494607567,72.88574967764185,71.1568832280692,78.27106596187157,39.759320918446136
826,1606.3025682906473,1770.1752856061673,0.6016698935386415,-0.21680515230539538,0.05249101326236456,49,0.0,0.013694231187220208,1.7219380991185502,-0.5900438380402618,1606.3025682906473,1770.1752856061673,957.3473233322702,0.0,0.0,172.78425474678087,64.53745630233674,77.06263337805609,89.6379291409748,79.51035763667387,91.67952778811477,85.37144497496459,70.05849775349186,92.28025741977598,65.2292150699376,92.956043122703,95.86402329863706,78.80777458513501,38.889619163805506
827,2751.8692272420376,1771.1780790788814,0.7270012739289616,0.23751232816696152,0.002596880182593102,49,0.0,0.01866751616146022,1.9583106692409145,-0.729703975095727,2751.8692272420376,1771.1780790788814,1043.5084325974685,0.0,0.0,171.67413025532798,64.5336568844374,75.96312967697803,97.37625802231892,90.79433994431221,93.58492248520125,78.59402760893136,93.24997466660147,98.30378120513659,85.1946466285003,89.8599183449943,86.58347301555332,97.43460362263869,56.56935737630201
828,2269.1409310855583,1773.235565143051,0.5020473347403119,-0.4216209890738854,-0.3906573318180102,49,0.0,0.010818215352198396,1.2392401030526317,-0.23288864795892245,2269.1409310855583,1773.235565143051,838.5093336391496,0.0,0.0,172.14184926741714,64.53730902832534,71.875354452789,70.32800096048999,84.75039547862272,61.21531017354597,56.3738312476562,78.55637337737198,76.08094542887207,66.04319436097998,79.96577466021479,77.69231852739004,85.42658704660816,30.20124792460878
829,2675.578900474062,1774.3221583476645,0.5652247647304555,0.08524078969847115,0.08276300216782102,49,0.0,0.024364334828583252,3.575958059345254,-1.3834810413179928,2675.578900474062,1774.3221583476645,1004.0471344433671,0.0,0.0,171.74799345054,64.53550701004325,91.05518062933263,89.4106435208834,78.0667563633086,84.36942226760316,97.89995018924245,90.38335829937563,90.32859793778374,82.10936443967259,77.21086949110949,71.82733233087438,100.10945589746777,51.27620307671317
830,879.1740243385907,1776.8338055705667,0.5541863506569147,-0.050918250851873986,0.1559992688527087,49,0.0,0.00871934881904943,1.074764619626974,-0.07828340344246248,879.1740243385907,1776.8338055705667,706.0939262887088,1.28690846269348,0.0,173.4890020397815,64.5385751926457,57.581862676564825,60.36359395483038,44.14025161037176,71.7005246404295,52.658421011356296,53.82843469896321,62.97606042081697,71.44945497492856,64.99000764714566,60.82738010607681,69.16806280496618,36.409871742258595
831,2224.8445849963264,1778.1286729806366,0.46624528162921036,-0.35757785118217184,-0.15473981415844784,49,0.0,0.008094608558723002,1.0960254206062332,-0.09955156762677135,2224.8445849963264,1778.1286729806366,701.1214067669986,0.0,0.0,172.18473161843997,64.53952993221284,58.67827094899365,51.12750672945893,52.16927064600401,67.76398132736858,70.18973731510667,55.8911720441595,70.97985675723697,58.984907293743426,61.285331784247134,66.79813228409975,66.90649784869436,20.346741787885545
832,344.62962133590787,1781.547590313124,0.434868047514487,-0.01898403822449163,0.10669358987572475,49,0.0,0.02213414992574905,3.618598053252589,-1.3963508630280752,344.62962133590787,1781.547590313124,1073.4758819722874,0.0,0.0,174.00705808036585,64.5371763596554,77.60985787146441,102.35640922417022,88.62064181616542,83.05999587770094,81.17277508903442,101.56981413352065,89.37398234993361,121.78165429215372,102.04340732645124,99.0196331992657,77.535650185165,49.33206060726209
833,804.9500292440566,1782.2897188242891,0.7225097953077354,0.5135033870894269,0.25874565414707446,49,0.0,0.014021461521887648,1.60141432729091,-0.5112592741713973,804.9500292440566,1782.2897188242891,785.6032367509016,0.0,0.0,173.5609973594351,64.54049005307517,60.677441784469224,66.841514275861,72.30716836994995,75.5388510371103,60.27659165680694,57.52463430992855,68.92421946640161,58.974363875684226,81.33609306627831,74.55630754554335,73.84766582968038,34.79838553318774
834,423.1852850489483,1786.5792419527543,0.3715777863015691,-0.38120625919004836,-0.20386428710057927,49,0.0,0.009458641346956941,1.3745945240391901,-0.34543652370290007,423.1852850489483,1786.5792419527543,783.9020368873146,0.0,0.0,173.93103098341982,64.53988056652219,67.59219692758637,64.52488187614344,74.12852563776427,78.1706655200338,73.02077410838908,58.1251937784577,67.57036201771163,70.78320880337706,54.345216022370835,73.31158497370018,65.09764126121718,37.23178596056298
835,2432.164303167691,1790.246056261828,0.8292491854477251,0.23686198351736493,0.0945027731980262,49,0.0,0.026764434617397373,2.79204891124784,-1.1148075550237442,2432.164303167691,1790.246056261828,938.9558457961541,0.0,0.0,171.98366081288611,64.54361786670317,83.33484517007048,78.35881737824647,81.70953299438608,88.82497879988262,65.5956746566886,83.14231304859831,75.51666877515692,92.28760739986441,69.74991963786499,88.86646942046956,91.32614140550893,40.24287710941669
836,1800.6844099777916,1792.6795171065196,0.7418293005673959,0.19718103477012178,0.1942115848293157,49,0.0,0.06670700896315496,8.362653019557253,-2.3058601938877805,1800.6844099777916,1792.6795171065196,1495.7431215896863,0.0,0.0,172.59579983856423,64.54670560032875,112.52662084544386,133.73119493861924,117.02450901812568,116.326717289703,134.18215973361583,143.54982176579324,130.2470544963177,122.16004862174476,136.75918300259292,126.3686886339664,147.98288078012456,74.88424246363923
837,1933.6958145767246,1793.3062071485795,0.4151761971515436,0.41370976202965903,0.23559945997575968,49,0.0,0.043115353323285886,7.228035491303564,-2.1475506909478344,1933.6958145767246,1793.3062071485795,1635.4340451694334,0.0,0.0,172.46684451369725,64.54674089700595,107.53775967985874,148.07753510737447,160.56614414113136,139.16781167114823,143.46107495795968,159.02625774204813,133.35781445602595,164.87517234269038,136.69557418377423,147.4462080431461,134.19083213843805,61.03186070583809
838,1140.7430419502248,1793.9208834536632,0.8440041365435625,0.32925965069299706,0.2578027232890102,49,0.0,0.02166501300957186,2.1797101237485377,-0.8459968532464417,1140.7430419502248,1793.9208834536632,942.7631331682094,0.0,0.0,173.23561348313947,64.54667756984354,70.42085222305926,99.45407957600906,81.36270742571436,106.96047562483348,60.77220533215423,89.5131667688543,83.02255087741656,77.08364363177287,64.17264873821055,79.56470578181256,93.57714736816564,36.85894982020632
839,1649.229491764741,1797.2240673514468,0.6048346839574421,0.3364361498616203,0.19907737779189008,49,0.0,0.5203301283187343,75.47107291415155,-4.694451310164114,1649.229491764741,1797.2240673514468,9109.319027379735,0.0,0.0,172.74263177906792,64.54871915617898,703.4955005381883,811.8712180586342,746.2244927751328,814.8960150220646,825.6186102333282,808.7010947462235,790.2339517653212,777.5105120780787,816.3396916088207,804.7754975985802,831.0278160680109,378.62462688735104
840,2013.198485704142,1798.9189810017344,0.5461743790687597,0.26048544994434747,0.7503571167023662,49,0.0,0.011100721707109849,1.2720238366576562,-0.261238124255617,2013.198485704142,1798.9189810017344,803.034480912346,0.0,0.0,172.38973451306128,64.54889073791583,63.23392528269374,70.90672347651767,67.66187248508986,65.17724224786271,77.12222892762381,59.63120674886143,70.16198213202165,58.368442359725385,87.83758648170831,66.65569642220025,86.41199533378517,29.865579014256028
841,2440.119493960487,1798.932427917261,0.6301619765201308,0.1438973105294088,-0.2953947926352226,49,0.0,0.012896237843128034,1.4951483248196775,-0.4367106964595027,2440.119493960487,1798.932427917261,797.1189839406354,0.0,0.0,171.9758421172741,64.54719450416563,70.07316069275726,65.9663421759413,57.360639109630476,57.48321295664355,54.38051071257938,66.29495175454267,84.78926419470488,72.48652187873509,78.01097322239528,67.87242553419054,78.13085478669854,44.270126921816455
842,216.17421842865005,1801.173805231766,0.29388738756275196,-0.15798313799186364,-0.12329113380279974,49,0.0,0.011798777001863213,1.7855960273457732,-0.6294580275638948,216.17421842865005,1801.173805231766,954.4774971033005,0.0,383.03559284469094,174.131914590796,64.54427276769431,75.84468984839467,90.18472568708535,91.23269630957753,67.45442640614148,79.97686308577421,72.50983335146216,80.4625960591028,79.87320994838663,95.80683982963137,97.57122538936662,83.41298001207014,40.14741117630757
843,2086.841430701219,1805.979149568231,0.8951536161722189,-0.222063186279291,-0.11768893442354682,49,0.0,0.011994472620873673,1.0115848790987187,-0.012505822506669371,2086.841430701219,1805.979149568231,811.423951951718,0.0,0.0,172.31828397907503,64.55162161018693,69.13233104174843,86.38644372369612,76.23302914621758,58.8150008679647,62.912967858828104,77.85734369237396,65.48208314715166,65.27012998393405,79.08045145161095,80.0462096834276,62.18883475668563,28.019126598079232
844,800.3168369745349,1807.235859399411,0.7255606186224224,-0.3478950384272844,0.004235147398137375,49,0.0,0.013052698946283104,1.2405410827936003,-0.23402787826205051,800.3168369745349,1807.235859399411,833.7392105010117,0.0,0.0,173.56578317126608,64.55085978009511,50.653006218148654,77.99024361369192,71.12332681417496,71.04033687081134,60.96781228149871,85.16195873472878,65.32510899027363,63.42480830855207,80.03972819321955,85.80257160075354,94.88813075872369,27.322178116434834
845,551.2076754548773,1809.3440936918832,0.30071445363231214,-0.38304739511794433,0.15267405732414974,49,0.0,0.009470243710127394,1.5758988115544912,-0.49382082001207833,551.2076754548773,1809.3440936918832,830.4363689168888,0.0,0.0,173.80732209796273,64.550271427099,54.676030304744074,85.43493285001163,68.34624281321553,73.76267427344389,53.32694171769823,82.76788987479777,67.87562314420998,61.38482816971319,73.44869578137242,66.21065010462236,91.0483964387532,52.15346344430652
846,1381.7611082685935,1809.0118431410683,0.5734729292835901,-0.02461400635203167,0.03286652951483529,49,0.0,0.011138485818148934,1.3223276665633106,-0.30334771152721257,1381.7611082685935,1809.0118431410683,803.6479231995598,0.0,0.0,173.00199829090278,64.55348593389667,68.27868820365794,62.46089498512331,59.56917963047523,65.46830097410067,72.35817527675817,90.0116645783905,51.901035107942654,68.01402817269619,68.38616522845197,66.40072975123964,87.8543564429167,42.94470484780692
847,1612.7423290593724,1809.7163746666895,0.7512524934789763,0.6910331468719823,0.24300633825555354,49,0.0,0.012896623516158116,1.2025246504595113,-0.20023496926501683,1612.7423290593724,1809.7163746666895,963.8903358991055,0.0,0.0,172.77800636100247,64.55393135464573,67.99183220188637,70.9775997619971,81.41222883634697,84.64326570645883,84.56829308956738,87.27907311790233,86.68372890234443,94.76374185700479,85.42069221353054,86.21032424342356,99.74005388853186,34.199502080111344
848,1307.7207011510477,1811.5452590030577,0.5722053242341952,0.36093526687566424,0.18887438507785437,49,0.0,1.4159435838472936,210.4632806778139,-5.807940839620994,1307.7207011510477,1811.5452590030577,25550.86677716999,0.0,0.0,173.07380819997897,64.55442092182507,2001.8712220492998,2146.869640488606,2211.630285060558,2150.846482695366,2240.603723222701,2382.4468398103636,2321.3644863944987,2188.009944989082,2295.4872123342266,2295.5260683172082,2193.6933414872497,1122.517530320828
849,935.4904118750238,1814.1005389912095,0.30708256776368376,0.3857853653816098,0.006195404426693868,49,0.0,0.01663396860348817,2.3387886221767222,-0.9224774309972988,935.4904118750238,1814.1005389912095,1210.7768202822162,0.0,0.0,173.4347907042314,64.55435039861209,104.62277105098488,101.39223397285222,101.52555113194487,87.88625005034021,125.94540939640436,102.06499322375436,107.48508227632848,100.77591862687552,118.97405342911465,94.69871381355466,110.35281937284569,55.053023937216494
850,2417.761530052967,1814.6257147684046,0.765307447168925,0.1882340481588357,0.2962835937248916,49,0.0,0.010428738331314566,1.0100590537737613,-0.010866914601009822,2417.761530052967,1814.6257147684046,737.8147500396941,0.0,0.0,171.9973261341096,64.55385064629385,64.98856518208125,63.25856887763539,75.62233190416268,61.769497097108655,58.15470715831469,62.526072461460636,63.22961542909435,71.86332268267114,72.17482437896997,59.98658262398238,57.783458744951304,26.457203499261695
851,1161.4334565619245,1816.118968390803,0.7426383133522848,0.3054224538595602,0.09209295147549286,49,0.0,0.01086957949035814,1.0222311473848429,-0.02387277443611749,1161.4334565619245,1816.118968390803,846.6638875503902,0.0,0.0,173.2156991713473,64.55598569049361,74.05454394164707,67.2918207601992,79.12393755463097,75.46692697019654,82.08687623031717,71.50356727541367,67.37767008968393,64.01856447247113,63.7488379676243,89.5971655832116,74.60387993946611,37.79009676552863
852,2645.8881136836003,1819.9987429567425,0.45779222462316205,0.2786853363231738,-0.7099649904202147,49,0.0,0.008390429808876654,1.1551722816279353,-0.15661689862385803,2645.8881136836003,1819.9987429567425,751.5001279020952,0.0,0.0,171.7760547228309,64.55473619316555,58.19214289133978,68.44746435850998,68.3563079807278,66.44942960007225,58.52085817427398,61.06784880388122,59.574989933813484,66.84705875615163,71.63394421161235,77.66554634160849,64.60270977028341,30.141827079820892
853,1925.6434652195805,1822.1311770928667,0.36203657845487314,-0.053109391779638374,-0.23526957370868323,49,0.0,0.006549319971220871,1.0650825047250854,-0.06845812732185341,1925.6434652195805,1822.1311770928667,664.2832445162289,0.0,0.0,172.4745123256104,64.55876796589322,51.90724288168386,45.71911889649292,47.440243162863595,65.21864330651468,59.65337443999033,56.449833815163075,65.74291516337902,67.35575294887751,53.87485242283829,62.00753821496254,56.01549132788645,32.89823793557672
854,2102.8548614419387,1822.3410978981613,0.48210655389925594,0.53966944831213,0.05888302007400695,49,0.0,0.009080342182997707,1.113863976115065,-0.1170803962380357,2102.8548614419387,1822.3410978981613,724.764456592861,0.0,0.0,172.30263510608287,64.55838842067872,58.54263846992581,66.05811217695292,85.25949642003984,54.84615895667518,42.842738856640615,58.96121212558542,67.94653963710371,65.71608735229421,56.433071374021765,69.0441454320019,71.67582331565062,27.438432475969
855,1819.1570861513871,1823.3010864032738,0.27588042215403463,0.4388483618896204,0.5757469186472811,49,0.0,0.016983638763482575,2.8647413191732243,-1.1427135302195148,1819.1570861513871,1823.3010864032738,1163.4463177211107,0.0,0.0,172.57779159551748,64.55943984380325,98.20579835748345,114.10051120153304,99.65431770681224,110.35765584768981,96.13104651515584,91.9297039181822,123.80931218184566,86.64685819279228,102.43007378289778,93.71665638186938,99.8900657571923,46.57431787765679
856,2041.0516430747966,1825.9204060323684,0.6507537880256894,0.18282971010119467,0.044430062131706,49,0.0,0.027604894137639075,3.5445772265489808,-1.373911107171328,2041.0516430747966,1825.9204060323684,999.5529526192893,0.0,0.0,172.36255345412786,64.56006533917595,91.76218890257556,96.03670547885051,75.9862598982453,70.67061745463252,100.0593914272181,103.20831540775495,89.23984235410572,82.6708912986328,82.73515323688378,84.15888042491531,99.71688150416037,23.30782523131432
857,2420.7305726982936,1825.6259655900958,0.8059206841745672,0.2992798001913601,0.02031714890464718,49,0.0,0.035517161934707935,3.75499383965697,-1.4365230721219866,2420.7305726982936,1825.6259655900958,1116.352421781707,0.0,0.0,171.99431357941037,64.55841815165205,95.30073715301086,96.41160136977592,105.60039006257178,83.56099048453663,94.31133930978669,85.21589434888112,100.54805904760101,97.19937610241118,97.04555398188887,108.53143908162296,118.26408143489371,34.36295940472642
858,2217.055336240331,1826.983909436267,0.5808094049836757,0.20479426130918624,0.19534518724464323,49,0.0,0.1033018346507632,15.07040482099748,-2.945312296208613,2217.055336240331,1826.983909436267,2379.2869212709797,0.0,0.0,172.19183483213493,64.5599158853208,185.3046573871129,213.7599125904487,190.70539672894427,190.4199837074005,200.50308044362515,219.53547329677662,210.91118828992322,208.27068044863267,194.63993018945467,229.50837161765915,217.40771592892895,118.3205306420733
859,2744.6959193532457,1827.1849025759582,0.502885637457254,0.1351045250944276,0.06202094522534024,49,0.0,0.2870802702215682,44.335206189640736,-4.116871831444487,2744.6959193532457,1827.1849025759582,6565.362087503961,0.0,0.0,171.68013145809613,64.55704102324462,514.7533474485002,575.2340432492745,571.249179752122,557.7094921643079,606.8604255745399,553.8512418312627,565.9048288187204,652.9484592157844,564.2549023250546,550.1650878600306,582.3013229548251,270.1297563095397
860,1272.7038347446749,1827.748717296661,0.6211754469007655,0.5645486061192542,0.6288961649743193,49,0.0,0.011818582530093078,1.4603529524309915,-0.4111445825568369,1272.7038347446749,1827.748717296661,809.0206762259478,0.0,0.0,173.10784467663464,64.56110304929538,72.0404626769045,63.07864364258562,72.06212132756757,69.88463081325389,53.73631563680457,53.66888358738827,72.05074543542722,65.9392100629464,95.72118895685723,77.42690273946158,67.06921292449636,46.34235842225455
861,1079.3063336210862,1830.33731845401,0.32464495561292983,0.24262131068311094,0.21539437241771917,49,0.0,0.008854489673084118,1.3271500196152706,-0.3073000445547499,1079.3063336210862,1830.33731845401,870.2870523131152,0.0,0.0,173.2954546601973,64.56165863304066,55.315388025764705,57.29614646225948,72.2932894620906,105.50981637404294,81.65260346774832,88.49608409934336,80.6510022341889,67.37694365846932,73.3369904931223,71.48124979977473,70.0186940359969,46.858844200313605
862,1795.9593970199244,1831.1058181214357,0.23849216008536397,0.09580871803460467,0.49151125041272964,49,0.0,0.00655993486657297,1.0474539525710216,-0.050337349778703785,1795.9593970199244,1831.1058181214357,830.7454415144306,0.0,0.0,172.60026945547776,64.56272238402721,54.362464164840816,74.23247501515846,65.0297991520682,53.13002346120679,67.44677388638561,82.81152667664557,83.3719018364852,69.80601107687606,77.90366878770699,72.56239096618555,88.7513448911411,41.33706159973027
863,2387.9206377528935,1832.1535664102191,0.7032494217253542,0.15808246186895739,0.11853250513659062,49,0.0,0.01311945178935219,1.4816617647321912,-0.42687268441926834,2387.9206377528935,1832.1535664102191,785.7458435211206,0.0,0.0,172.02605685909103,64.5613057143674,70.54192406810253,78.08937282778079,54.107799442526826,59.67688750727379,66.59036189614368,68.2930475824493,75.60133684983727,82.31299290744417,59.71258272202017,74.72119333546114,62.389584138967805,33.70876024311316
864,2661.0767614295833,1832.0807331910448,0.5610603357629791,0.3428203726125094,-0.5027328334556981,49,0.0,0.010877085499260818,1.3886592895992544,-0.356489259416588,2661.0767614295833,1832.0807331910448,792.6410042996632,0.0,0.0,171.7611380091451,64.55966768689888,68.69241907170539,72.95002646413569,71.48435919161723,75.09650556075479,61.86068551246094,73.62517347554082,64.49571622432047,67.89483664777164,65.33252225209041,67.14747957746704,62.66278857941229,41.3984917423864
865,784.8893358462584,1833.4963699649916,0.5793007915854751,-0.4416621037760631,0.019401897087309456,49,0.0,0.009422734696596359,1.135559282023866,-0.1380245288724243,784.8893358462584,1833.4963699649916,747.6101751527583,0.0,0.0,173.581057962446,64.5617212328121,59.75259596145163,58.69868158443843,63.930746854409016,66.03977543507149,83.35392532114203,73.33688731217397,58.08189835314698,76.87143404681025,49.476562452380286,63.616352506378085,69.08074706650689,25.370568258849183
866,1816.1686044853463,1834.722668254891,0.3639903034892664,0.30162680230286093,0.12186218733937736,49,0.0,0.014988988017704685,2.1248619205457153,-0.8183267840911976,1816.1686044853463,1834.722668254891,1069.3437107638404,0.0,0.0,172.5806537492643,64.56420292524895,96.03125017448217,90.25202520772012,116.58957463145313,95.67837038453786,93.11678001055338,74.35951726342105,89.45382857763482,102.08199130350675,77.90685268251485,99.69449574059766,89.12053427051168,45.058490516906716
867,2104.9532167804105,1835.693106386682,0.7550635928733852,0.20059762369591447,0.016276487366463956,49,0.0,0.011801672475051447,1.3099971141071773,-0.2931758472907298,2104.9532167804105,1835.693106386682,716.5125110147895,0.0,0.0,172.30050016393326,64.56394481153163,65.42166687094645,63.476564067867,49.06378700457764,66.11222236047129,49.81229045342536,54.78034837075332,57.84338663086929,64.36723323716839,79.6278336427192,67.13252893559549,67.26974529552177,31.60490414487431
868,2120.3572339198954,1836.649162444219,0.6710058798735163,0.482409092186047,0.3085620554131591,49,0.0,0.02193060866553286,2.562208623027596,-1.0215362211533623,2120.3572339198954,1836.649162444219,985.0020261695773,0.0,0.0,172.2855498708293,64.56429289018176,87.78870836750544,94.26956217694789,82.23993051664915,79.25410887445273,88.36166207604768,86.08258188193184,88.08322824509044,75.72799933401527,83.33954418158564,98.47563604540562,89.2004936565053,32.17857081344039
869,1013.1724295515353,1837.8474845082233,0.2663524684616102,0.27606020216826366,0.3321312473999698,49,0.0,0.008814464137741467,1.2122433677070426,-0.20897454182431194,1013.1724295515353,1837.8474845082233,984.0707873184679,0.0,0.0,173.35966825949754,64.56455420356433,67.54366724997361,90.02882697641701,80.1539957351794,80.72042035054494,90.71300675052439,80.0764264673591,88.83855786382824,94.17909186282056,85.92408897630929,96.73588569224628,79.61361853754067,49.543200855724365
870,1023.549772370828,1837.2321496615614,0.6092014113623554,0.28568333440605037,-0.003302057754731809,49,0.0,0.03350982138625804,4.768322652077839,-1.6959140864592293,1023.549772370828,1837.2321496615614,1188.478780833529,0.0,0.0,173.34959617073773,64.5643363148405,94.17682746719348,101.4213366771001,85.94294940752098,109.92785347879857,97.46907506844741,108.59388267831093,103.76967260842986,109.9136406078544,95.10569121742067,126.56897889445737,93.05956146191838,62.52931126607706
871,2244.5893222158184,1839.6965734433002,0.8448626008444123,0.6013290761656542,0.15731860759851482,49,0.0,0.025949485185985464,2.7771556663206454,-1.1090005592327976,2244.5893222158184,1839.6965734433002,966.2293649372314,0.0,0.0,172.1650082684301,64.5651019514274,74.10383483362634,78.53212986843451,90.39248665761576,72.712291253663,88.78380208921766,80.80572046248489,93.145459463386,89.67018720237962,88.81308469917435,85.4421697710246,84.70653994548084,39.12165869074384
872,366.85662287513645,1842.0681504284942,0.7052673288008277,-0.1996908568250454,0.0345571252307785,49,0.0,0.060397876632416594,7.188638293520049,-2.141616580053919,366.85662287513645,1842.0681504284942,1592.4644038009628,50.52041064391739,0.0,173.9866275072534,64.56256375237479,127.8411432326344,137.21155035477494,123.35418173341179,122.01451633963369,145.59350214750836,138.55013758545556,144.31014967143398,146.21791514733266,151.01068869356254,145.97154829533355,143.41140086569686,66.97766973418445
873,732.6837315305002,1842.936361232953,0.6510839580058295,0.05817289244743784,-0.0028917329691447178,49,0.0,0.0992996282931113,13.57099114360877,-2.831528917690427,732.6837315305002,1842.936361232953,2066.5434137484176,0.0,0.0,173.63181412075997,64.5653742125096,154.55728796301793,170.0172717643879,165.3590026348295,199.94799277754822,175.40480806002532,188.57177036965538,177.35697072777853,202.1686045841827,198.56113960004413,179.04345910352907,175.9972245586215,79.55788160479712
874,3025.879968276698,1845.1026668045524,0.24398738593119143,-0.7140906583504066,-0.7759930490368605,49,0.0,0.006442076655571782,1.305364791991386,-0.28932973705956616,3025.879968276698,1845.1026668045524,1246.6925490929775,0.0,489.1420005487537,171.40713022736338,64.56220401156867,31.488291848114347,47.635809365750504,465.78605815989954,106.57808726344453,100.3984226735354,91.27358292873902,58.505475337936765,65.49617961093708,65.17385476155026,108.33333242148326,77.10771843412104,28.915736287465858
875,137.65713989401317,1845.8128973823264,0.6110693091197537,-0.23057782422686923,-0.27713780058617415,49,0.0,0.030306962158291102,3.7434982151365173,-1.4331940759918218,137.65713989401317,1845.8128973823264,1100.0129914162153,46.77188865603726,1068.711667593151,174.2089697489879,64.56215524357404,138.99249430365558,144.24822697258512,148.10927388456489,93.2592639278335,108.15182547320711,95.55115498177938,91.69665190085976,71.12417009490329,79.0004996264461,70.4419506219705,59.43747962841018,0.0
876,718.9285165568436,1847.0025531459314,0.46217787787889425,0.19847924694714542,-0.06564643663927491,49,0.0,0.02060373219999217,2.9243024423200485,-1.1650557174298037,718.9285165568436,1847.0025531459314,1055.9734032994652,0.0,0.0,173.6452102877218,64.56699161053552,93.42703320043579,77.80007020969285,88.20532561613372,84.0619072588413,95.78658350275887,90.79993835257295,101.55705721461128,90.7751237113975,95.98318567287237,92.37406659053698,100.38709271361753,44.81601925599404
877,1105.9283158638277,1847.6196222618187,0.5197513485329912,0.3900023214516558,0.30507562521335996,49,0.0,0.010671843746243732,1.3215950357388417,-0.30274599663553725,1105.9283158638277,1847.6196222618187,861.3456754189992,0.0,0.0,173.26975833250333,64.56894545025195,67.98405203879881,63.829284025310095,67.73707014388611,73.71794692640155,74.18782056327794,88.55518577206843,62.27091220938019,73.37126675276224,81.71036536092092,80.5179374772367,80.44862115986695,47.01521298908939
878,1825.5402141563543,1848.139186046732,0.9040852217819333,0.6685233077405203,0.17144263691209877,49,0.0,0.027291013228292752,2.739720420215674,-1.0942656167657192,1825.5402141563543,1848.139186046732,1029.620778258978,0.0,0.0,172.57151747949345,64.56977992663266,80.46901279650044,86.40270421989595,104.78375950230802,93.23460416029981,86.25950559877003,97.8358559170845,86.23656170348261,85.26185654648873,79.73624070406883,74.36482016787281,107.41376361479193,47.62209332741425
879,3015.393029157651,1850.037488000087,0.7790179843916987,0.054437211523139184,-0.19741526969202514,49,0.0,0.011021292803993322,1.1317872701429235,-0.13441201217247617,3015.393029157651,1850.037488000087,1171.516335969659,0.0,803.6637484931821,171.41719613508144,64.56435445607791,79.02882234878551,103.60744743073838,135.46615580376124,95.1275131121287,129.65547312116306,142.54301679929017,90.72618308698705,91.22183782345235,90.61131186359918,83.68697878024184,83.64290154499605,46.19869425451546
880,2896.5381001057067,1852.08784620471,0.2982003778962225,-0.057501215009110956,0.1973889350987607,49,0.0,0.023474544870634943,4.210146582250361,-1.560743041699776,2896.5381001057067,1852.08784620471,1451.2382346782142,0.0,0.0,171.53242714063745,64.56623489435798,113.78939900827521,104.80162513862197,133.1409883530594,131.94663438196568,116.78218520181008,136.1894953792423,153.6843676671126,122.28085554215022,118.67326527747753,114.82042840842419,136.62841537143797,68.50057494863722
881,627.8266137861095,1853.5040124991383,0.7173238835582494,0.0365687327891649,0.2803555482803111,49,0.0,0.021291777092122193,2.5031810638370615,-0.9962306619563016,627.8266137861095,1853.5040124991383,897.2430638088613,0.0,0.0,173.73367909182565,64.56916202408627,71.48290811151931,70.04768431058727,93.38981661259575,72.29292880091178,72.5461374153716,81.07404002500704,71.67905099770587,80.0316984261433,83.12159852200934,87.65997335729926,87.70475112528007,26.212476104430607
882,1788.1568982578838,1855.2907734636156,0.35539835467915765,0.5081439777866349,-0.11823056947512972,49,0.0,0.015073339861069231,2.4471110858243357,-0.9716342111456157,1788.1568982578838,1855.2907734636156,1131.2170024671673,0.0,0.0,172.60777107504728,64.57280888825345,97.14276769740708,99.9584515654872,97.5660161182357,109.10732114923044,90.56266230434284,96.29368977522992,110.28264090003312,83.39465518230918,89.01250773560932,95.28003719258214,114.1556824726243,48.46057037407602
883,917.5592836335248,1856.1748532601323,0.43889290341580434,0.5144661295927245,-0.19225952224234605,49,0.0,0.009562969118448231,1.28413902937096,-0.27153011466690036,917.5592836335248,1856.1748532601323,813.4788106367433,0.0,0.0,173.45260424806324,64.57180318236223,67.39848426605931,61.616039853683084,62.056837996520386,74.52387001074477,69.22338615833512,75.28461833100668,73.37262757424521,67.90831142514077,68.9473441226381,76.58166529788738,71.0390073267537,45.526618273728715
884,2403.2433061552024,1859.3325390071138,0.7265623842144617,0.2331065013342005,-0.0013749098461129708,49,0.0,0.01389555968695308,1.5080603011601057,-0.4460467688501285,2403.2433061552024,1859.3325390071138,765.488287937721,0.0,0.0,172.01087179785904,64.57255160116118,63.725756730973615,77.93999944145779,50.39876682949196,72.80303362446661,62.884980532215195,72.9961561684622,64.03712255434019,69.32211161269696,70.49136075034464,53.948615570316534,82.71617802293949,24.224206100015856
885,2606.5561788429836,1860.5931226089897,0.42228518388841524,-0.32114548447952435,0.2034626922893831,49,0.0,0.008313574704354511,1.1414495244514915,-0.14364177875340067,2606.5561788429836,1860.5931226089897,776.6348368471179,0.0,0.0,171.81358629915346,64.57190492505343,50.905055325573116,59.45960235372576,57.69898779469824,58.72998047725446,77.58575575692272,81.77103159303263,47.845008779039155,88.88236034759237,60.67076562166228,94.87668102491406,64.98202736268561,33.22758041001748
886,417.60702439285,1861.0453465625546,0.8033273436036311,0.013037842380504462,-0.00731497051179045,49,0.0,0.018513217044981455,1.8797686516387042,-0.6852610068038539,417.60702439285,1861.0453465625546,891.5786148471063,0.0,0.0,173.93774109076557,64.57085992482585,79.09652144496633,77.58588383207248,63.207171756990356,82.12442836220191,79.95429255501178,82.75695736024585,77.89000366036763,73.34610778498205,75.16327698498412,78.26727612669794,91.37807441275798,30.808620565828008
887,513.905887667608,1865.1828167091621,0.7853462917118662,0.2924595236311096,-0.3903545136367079,49,0.0,0.014427836574203032,1.2080032688299338,-0.20517027369473986,513.905887667608,1865.1828167091621,1032.3842569440303,0.0,0.0,173.84438273411578,64.5732799379127,74.40040509211121,94.8960008537338,88.07557121590196,70.12133720210177,85.47096868884475,98.8336027345624,79.43281014754879,95.3342483677666,112.93649123279886,97.16282160091612,93.29223751496835,42.427762292775796
888,2624.2098252478268,1865.4356717255844,0.5691200480978068,0.2754349310631423,0.14407270618007936,49,0.0,0.4832143987933232,72.95901303608693,-4.657697375942057,2624.2098252478268,1865.4356717255844,8728.975553010807,0.0,0.0,171.79638481889228,64.57380816446367,670.8165763864861,792.3140371625234,753.8607471012203,753.2524856169058,737.0914071180558,816.1537771681817,743.480047806206,752.2798920346986,768.5264067355747,804.2630874146955,769.2892202206922,367.6478682455696
889,731.7455261250732,1866.26570413692,0.6355523233767381,0.0163234332848191,0.13576684536726058,49,0.0,0.02987369526671663,3.9329836817845267,-1.4868053612407177,731.7455261250732,1866.26570413692,1120.291641596661,0.0,0.0,173.6330247331982,64.57508849812933,94.00526130363741,100.71312660695747,86.12836177949222,100.50181549404803,100.19562285824338,82.2657707571529,112.22602956772764,95.79109944728707,92.28967838659985,91.86748643839168,111.71784494455677,52.589544012566705
890,2648.371785257697,1865.7991912106525,0.5046138285459432,-0.28054174655700087,-0.02024566844030375,49,0.0,0.010067669680296293,1.181708879816747,-0.18127624749367857,2648.371785257697,1865.7991912106525,822.3480177866279,0.0,0.0,171.77293525090036,64.57380010073955,60.72840250525313,78.99680106349616,67.3209644706828,71.2292959430488,68.29328510961554,69.30329311557219,74.34626000617762,65.27020390632069,71.6867764344158,82.69714137218591,78.0435372150534,34.43205664480579
891,1547.4577237866401,1867.082631413198,0.3944503873179236,0.20251701572142308,0.05712826053929326,49,0.0,0.015149594228863446,2.2672699517195376,-0.8887580808218241,1547.4577237866401,1867.082631413198,1008.3733217340641,0.0,0.0,172.84136152133627,64.57782539903177,73.56408036665994,88.62580439595637,82.95904023779076,91.74870214920995,82.066143031284,118.06222504831541,89.3283281408463,70.47870971087023,88.14905772193943,88.10999077014797,98.48788167558361,36.7933584854602
892,2267.7834292026328,1875.0969475181391,0.41394074985048457,-0.08482930553472583,0.16521420735040362,49,0.0,0.009680661103384528,1.2984826730380175,-0.28359039693836385,2267.7834292026328,1875.0969475181391,826.6333031441848,0.0,0.0,172.14215781906856,64.57975422226983,76.84353292949707,73.94394979629693,62.4505552099535,73.31339836192028,56.66129585350183,65.14771979890429,65.0931543895944,75.75014745337492,79.70148963308242,81.4706517508246,76.91700211529101,39.34040585194347
893,1956.435882683771,1875.9125180534468,0.5447849242682852,-0.036017780808848036,-0.16346297035337867,49,0.0,0.010128352799123469,1.1907090980323596,-0.1895141800487446,1956.435882683771,1875.9125180534468,801.6814692118885,0.0,0.0,172.44436271353675,64.58110958766586,69.30551159917309,53.40701646981286,67.86632867292096,77.39474399191599,74.65835714924185,76.15909148370717,70.54584000244427,62.937839311965554,63.2794078356738,71.4791983191818,70.44651921851815,44.201615157332895
894,740.4109664940214,1877.0157744756577,0.44998594207569353,-0.10055600822327838,0.04833973074324749,49,0.0,0.010192936466503778,1.3761805761341706,-0.346688559445752,740.4109664940214,1877.0157744756577,821.6398740102723,0.0,0.0,173.62475308713348,64.57961494645556,58.095808681541456,68.72697930780444,81.6758143402987,85.68512620684064,70.70397588375585,70.73624856532514,71.55598858356667,62.29414422996182,80.2712670810915,62.429953686736845,70.74062690084486,38.723940542504266
895,2559.008673989568,1877.141835823068,0.6320702855448814,0.19889857897106858,0.16154826241411166,49,0.0,0.2368932162520564,34.06456226848287,-3.8307570315076465,2559.008673989568,1877.141835823068,3966.894746402953,0.0,0.0,171.85948352061106,64.57909693865811,294.58906127680024,316.95619786906417,342.6851800460969,346.7472747518083,327.4256504526354,362.36913035109444,350.14964959400305,344.61447087105375,349.84283305403414,380.11646894107935,377.96471259692225,173.43411659836084
896,2781.9610852095257,1876.9789739864004,0.6835757579731911,0.4825684332359273,0.45249497106589676,49,0.0,0.010165189076595547,1.003327113671192,-0.003606371687147807,2781.9610852095257,1876.9789739864004,800.69125858186,0.0,0.0,171.64312566375844,64.57750837058627,70.58357323590383,56.71411167209826,70.4628263267418,61.913706532821124,73.70043459807243,84.33973025204187,71.03260712086086,66.41497289820524,56.45120295558937,85.94787953890696,63.62168937223431,39.50852407838392
897,1087.8720996724621,1879.0172106859845,0.5909859519640261,0.20860035209874633,0.13041117416181805,49,0.0,7.147389091900004,1044.0199245007186,-7.546771967494504,1087.8720996724621,1879.0172106859845,122877.63042189216,0.0,0.0,173.28751605680654,64.58196929430916,9396.0410041067,10612.85390576928,10706.060015347008,10849.179929131586,10710.25499938838,11023.800196797525,11084.983730798827,10518.058178871968,11197.792620841123,10947.375918447926,10687.802088919565,5143.4278334722985
898,1597.3284796957587,1879.1123250618152,0.5907836311750636,0.17864338674748992,-0.046629759117220504,49,0.0,0.01993249916197998,2.6492541526253364,-1.057809059378541,1597.3284796957587,1879.1123250618152,921.5421706405829,0.0,0.0,172.7929572806151,64.58284668752749,86.83432156712462,78.26169307302078,80.74535677240333,75.23700164323812,87.03752929784788,87.58517882703919,87.42856440597404,71.43336872745128,73.90609203410148,75.60393148332895,74.67431786996437,42.794814939088894
899,1098.314462935703,1881.2290913383524,0.2354461991051592,-0.9318394753243455,-0.8025022561720282,49,0.0,0.015095260672944222,1.089131271502702,-0.09270056957634833,1098.314462935703,1881.2290913383524,11853.782400661752,0.0,0.0,173.27739602877458,64.58292465783191,705.6323511899387,930.4458862087647,968.2890274227409,1044.00632718542,1008.5095465030699,1101.659589698841,1102.771848114783,1064.8072244894122,1187.5718837160434,1122.2598129712355,1082.9979231622062,534.830979999293
900,570.7160421599941,1885.8955054380244,0.2727303795973213,0.8882876002496346,0.04050655653132941,49,0.0,0.005952796499521423,1.0067286996342824,-0.007281123935187882,570.7160421599941,1885.8955054380244,794.2849704393747,0.0,0.0,173.78957825480018,64.5822920172702,61.43194789875833,76.8997226186309,61.14144869075497,65.1979568802324,75.29646655956944,54.801008298677225,77.44222304690912,70.14210028683166,76.58540196060439,59.4000143047796,81.19966106670259,34.74701882692405
901,1036.2540777247996,1887.376743334417,0.8348904327021992,0.030377829201587776,0.18699959494399976,49,0.0,0.027317432007919407,2.832221687672992,-1.1303181101546698,1036.2540777247996,1887.376743334417,1024.5212543735188,0.0,0.0,173.3376917606203,64.58527505032959,79.83918972216557,95.89584060704311,89.9216455415046,85.18805462111172,80.73704110396112,103.94264609844134,85.50912667053603,79.12338297800568,89.4794591679919,101.14330977779585,91.30273878469006,42.438819300271874
902,1980.6635432277005,1888.0896883757068,0.6125833848319627,0.7862366712985658,0.17861923812307928,49,0.0,0.016665584652508832,1.735467321551337,-0.5985411010491916,1980.6635432277005,1888.0896883757068,1246.3524588155578,0.0,0.0,172.42077624667846,64.58612642901552,83.58012269600245,117.36068761329491,112.96677127018222,117.46512565575094,121.35737168626753,117.93118244119417,100.65324487152654,100.09286588266292,112.77348896620228,120.75380305564667,98.66311059723326,42.75468407959398
903,974.1707090938638,1889.1746086040885,0.41889044394465214,0.0036884750635692684,0.034444404858959186,49,0.0,0.008809979873061067,1.112536952123741,-0.11578611168729754,974.1707090938638,1889.1746086040885,789.9957902526396,0.0,0.0,173.39797948393172,64.58578844019,77.0366463415822,41.74231770587871,79.97870745049784,75.09934536336937,86.2823299361134,74.51412997867578,66.06984275504567,62.75944980226879,61.42013950079452,64.30621106886696,60.86662408211912,39.9200462674273
904,1146.197030540095,1889.1711000884798,0.716943757530044,0.14638455744492324,0.8080857618513584,49,0.0,0.016879287057467707,1.3458814096308869,-0.3225169858790555,1146.197030540095,1889.1711000884798,1070.6071926151055,0.0,0.0,173.23096751463768,64.58637973186084,100.1053258276024,102.52187873262983,71.07350283880054,87.078692812652,87.82107016994522,93.90142908600131,88.97933977938101,86.75199007927452,106.46548164180027,105.82424704962625,91.4490864721758,48.63514812521636
905,2085.8915601608714,1888.8599498736305,0.4689869786443483,0.2412003562440092,0.30583533277694636,49,0.0,0.034327445358150924,5.33512095356161,-1.8178606746162718,2085.8915601608714,1888.8599498736305,1270.8247222023454,0.0,0.0,172.3186085385915,64.58615693813564,116.45730200219,110.75992384502679,104.80591185970164,136.2701362224758,102.95421786002822,97.80731033807209,116.38960789043018,103.33269794093994,111.0956862373086,110.12917353980518,114.5290076132255,46.29374685314141
906,2191.2399941109393,1889.3317211597866,0.5057093063266794,0.5174145290198918,0.15642205554367378,49,0.0,0.02696331598374291,3.6882191247556753,-1.4170417887123965,2191.2399941109393,1889.3317211597866,1229.8989311135888,0.0,0.0,172.21632713253769,64.58599201171788,98.35207651779578,120.85245933343592,109.95775585611497,108.81043249698693,101.51086835922874,100.97102823730013,115.68153864677629,90.46532382245836,125.77835110859063,101.87004627040803,97.13340365190388,58.515646812589004
907,2707.2205803973698,1889.58173311778,0.6816522023091797,0.5114226466104844,0.17464860482511174,49,0.0,0.011811362402093474,1.2270472171990836,-0.22215318712408283,2707.2205803973698,1889.58173311778,855.1109585757056,0.0,0.0,171.715445944236,64.58330365911397,64.30541341023167,63.425010183528215,78.17800285066902,89.47299280483276,75.94601203135153,76.80627563156077,76.41929506242374,59.265870358163404,80.47471733624195,62.529543227630015,82.03224761584116,46.25557806323137
908,2668.367378672756,1894.7798773598377,0.6425785494500715,0.0813423731328628,0.02316852799353906,49,0.0,0.020145346731577488,2.270294595239526,-0.8902055381212354,2668.367378672756,1894.7798773598377,1018.2728002411575,0.0,0.0,171.75307484567412,64.58573854877928,77.99271848221511,104.52044006366532,95.57328249068625,87.381973455594,73.7196888636895,96.38121512597837,80.92764576837513,62.94709189469759,107.15716176719621,91.2319487936654,95.5783464424156,44.861287092978884
909,1745.4619457407034,1896.6643183419662,0.5477872677384762,0.05516717131494248,0.10780333413136364,49,0.0,0.16030189710692258,24.22297889342,-3.460568876891847,1745.4619457407034,1896.6643183419662,3429.428020512164,0.0,0.0,172.64911421744853,64.5900929996474,290.1800209805001,310.3830453170948,291.0411250520197,297.4544394623948,284.7809692774615,320.8487356014483,296.886025868923,298.0308585273798,312.4801742214787,310.7486000104102,280.92857742933194,135.66544876372114
910,400.69507325105997,1897.9835002029936,0.8935135985958743,-0.1440545362904287,0.026445952012427894,49,0.0,0.03219313858307814,3.1822116868295947,-1.2568226659351824,400.69507325105997,1897.9835002029936,1168.1419138797837,0.0,0.0,173.95480523407136,64.58611919195612,84.17906885677466,98.10851032302537,100.48550523949933,113.32814250247941,114.78471421124257,112.31927783945088,95.0938731978566,97.63253413547667,118.27922543348245,107.08330492368275,85.44033883525235,41.407418381560504
911,1017.7326696125617,1901.1511575889972,0.35798319672894385,0.3571046260518166,0.1730097044708282,49,0.0,0.03449177185113165,6.671359667434741,-2.060535887597419,1017.7326696125617,1901.1511575889972,1320.7804285277825,0.0,0.0,173.35579180169313,64.59094634687928,97.6797160908462,122.68801307580877,104.78540121244234,134.57412111438424,109.69267377146528,127.51338742749704,120.51427095979881,99.50449594902861,119.70506671699654,108.43793733029999,116.81226729558821,58.8730775836266
912,1964.9541368259866,1900.634076976607,0.47974016328998587,0.022262927868957026,0.20996729441217626,49,0.0,0.010057058408216095,1.148471463398749,-0.1503005213734868,1964.9541368259866,1900.634076976607,842.2577054888376,0.0,0.0,172.43596028636892,64.59139043337497,67.66355695080799,85.48086248504708,65.86207911434211,81.12272560143674,74.7748192813711,68.14056908213033,71.41904745693583,64.78303672351889,70.8017148487346,54.13319743838853,88.21387444530232,49.862222060822035
913,2585.0452920623607,1901.3421553586306,0.6064682868577114,0.1707434520056409,0.06238020655131253,49,0.0,0.02432467781036233,3.1736041152069006,-1.2538818765383841,2585.0452920623607,1901.3421553586306,1025.4367242286962,0.0,0.0,171.83386156153344,64.58901770307637,76.141229072478,91.59147869057236,84.2943178449063,70.25762523025045,89.57556285882917,93.24122905990596,96.46589787136728,83.0269763824915,99.22038749944414,92.7483833377677,97.4114786250677,51.46215775561549
914,2746.396556380525,1900.7991539460456,0.5572944621478231,0.2029922159857893,0.1239363588128285,49,0.0,1.6470533322203875,236.3437637662703,-5.933860368431178,2746.396556380525,1900.7991539460456,34466.733767942584,0.0,0.0,171.67723150513964,64.58769534488681,2728.6224060886593,2871.1210158046906,3089.2315929855067,3040.9921806063603,3034.672748275495,2966.871994462645,3101.443645157815,3090.618961571603,3085.2697089607186,2958.696378577658,3036.4559052094314,1462.737230241998
915,1672.4463874699763,1901.588140555535,0.9385803803440291,0.27535644346931426,0.15696151566359318,49,0.0,0.026395517796803922,2.309952292260412,-0.9090075261134734,1672.4463874699763,1901.588140555535,1110.0800919713556,0.0,0.0,172.72001005692096,64.59219509114573,91.1929752654737,93.5681976137669,121.79642185730117,84.82109133055027,94.59954214754636,88.6778786739996,95.36100317942953,104.52264488732092,101.91345585341648,93.43977240857993,94.5377352415051,45.6493735124657
916,1772.442220039759,1901.3817072693457,0.7332099800995147,-0.16168605912239875,-0.027760511988173944,49,0.0,0.015005303180789561,1.2471502029275368,-0.2397969042942885,1772.442220039759,1901.3817072693457,1108.1108774433858,0.0,0.0,172.62290331675177,64.59203129235499,99.97074902111234,103.59227415173467,96.0108073035184,94.49384749256761,90.0379915327955,106.79864474332433,90.01470391101105,78.70972102508145,100.0188330113869,103.75903953607182,92.28292257583085,52.42134313895084
917,2892.7777111045684,1901.4490137738737,0.45056579781798134,0.2428618517835224,0.1576991263139849,49,0.0,0.247622014892336,36.87199938713698,-3.9167417197447407,2892.7777111045684,1901.4490137738737,7384.169729510578,0.0,0.0,171.53512818483128,64.58682804904718,537.6257700321789,659.6889833330297,680.3996412293068,648.9346280941145,610.1649554695888,673.7157593648682,641.7631648481733,670.1737633688092,672.8378269167836,653.7055147983524,640.6984365852495,294.46128547012347
918,360.6092774114328,1905.404173910947,0.4087460245531817,-0.11675081895125279,0.03554864327207086,49,0.0,0.015203237172510913,2.2830424680892336,-0.8962849752709998,360.6092774114328,1905.404173910947,959.815860177584,0.0,0.0,173.99385106663732,64.5888986276588,90.92125799945919,95.79622564474568,98.08914382478154,60.22577983978336,71.29710858087299,91.48360037442205,78.45892008141469,79.31738666463997,82.21203667635736,95.64152799548503,76.293377957778,40.07949453784414
919,3004.3881378500832,1906.1920318721573,0.9914499314600551,0.11505557045318453,0.27170530405132975,49,0.0,0.01447883894884154,1.3554123409517582,-0.33017858887099955,3004.3881378500832,1906.1920318721573,906.5526263964329,0.0,582.5092383428112,171.42669931610115,64.58784428783143,61.80915140482797,129.2472593867127,70.00260149832326,75.3796750212575,98.35706449831713,74.0315567753454,94.54939225110601,84.04600082772538,71.00608735170957,56.31292783068375,64.90578064213352,26.905128908290727
920,494.7187062543397,1910.366640278226,0.4726930968996762,0.15184433610579323,0.17534477803752657,49,0.0,0.04152095213938453,6.673191525258067,-2.0608339739615875,494.7187062543397,1910.366640278226,1480.4649068220615,0.0,0.0,173.86374044419549,64.59196910333482,142.11358909375554,116.28866081105083,110.93570722398428,129.1733840790798,123.334116325653,149.19375438660245,102.6947413412149,135.64691284841865,143.20233097165976,141.76537696888528,122.72587657983684,63.39045619192051
921,1700.2105037326269,1909.9105956440549,0.2654296476970249,0.654231327815933,0.4080823241541057,49,0.0,0.010340215898669902,1.7222764780280837,-0.5902571756392762,1700.2105037326269,1909.9105956440549,907.6203208187504,0.0,0.0,172.69303556824036,64.59564755772912,82.75844833009944,64.38207428283435,77.0183201686536,71.02357884737347,77.99217830842974,86.29156342137219,88.31674649549565,84.71832094791031,86.43192535596762,62.11429883443812,70.69925777401656,55.873608052159355
922,1447.6856647850627,1910.5820167527465,0.8037248388532323,0.1457279103074787,-0.3238947818012074,49,0.0,0.01100385491131426,1.0523588185677513,-0.05540961179262556,1447.6856647850627,1910.5820167527465,758.9945350903608,0.0,0.0,172.93829918246396,64.59588453581415,68.00975447538232,69.42350592454017,59.58178728508455,53.387641242493245,71.017533567719,70.16625551360197,68.03613230738236,54.077450476049734,67.33385567519616,88.8748367286649,48.41287799571242,40.672903898534074
923,1193.3736707227913,1915.3298525942698,0.684373135566488,0.37426321364942544,0.13425359397107892,49,0.0,0.25183712329083374,33.330186074223235,-3.8070943455661768,1193.3736707227913,1915.3298525942698,4328.5057218993625,0.0,0.0,173.18532276346707,64.59740848635323,343.2020353975204,358.97165060750797,387.1580579052175,371.243611750661,384.4688036957889,383.70188146593193,373.09625893697535,376.2682935576262,389.8915500600698,389.97349550964833,388.9702952784012,181.5597877340141
924,2387.952814314526,1916.2118991355799,0.4733319719275014,0.5750763367508939,0.33928034693006803,49,0.0,0.01485180582054941,2.0959685291692987,-0.8034618936433411,2387.952814314526,1916.2118991355799,949.607023850537,0.0,0.0,172.02504355635998,64.59632660678032,82.63464564398879,91.27205940243721,83.49557675155413,87.21002220283012,68.71234076397423,77.6188428687498,89.87605522534518,81.99097015558846,69.2702270742783,82.1104187991566,83.8733219315259,51.54254303110826
925,1452.2185054904353,1919.5592140683143,0.3356797884508952,0.45359662740133844,0.0940753731003381,49,0.0,0.007329416768146712,1.0559283264103112,-0.059086101126822735,1452.2185054904353,1919.5592140683143,792.4492796146666,0.0,0.0,172.93391646300583,64.5996293571804,66.25779647499871,57.421260137791435,67.57447296071939,54.32454624709616,77.8883441970579,68.05348898042371,54.317835301397906,74.52079470513843,87.57660623340035,77.85056791385588,69.72068632817818,36.94288013460847
926,3012.5597274014985,1921.1513641030806,0.4868235752487734,-0.7487205246396761,0.03351512810717767,49,0.0,0.010452863543009713,1.5417928361521505,-0.47006505854132985,3012.5597274014985,1921.1513641030806,930.7686158105869,0.0,442.1722607632402,171.41845403620474,64.59400215723046,100.17236461200976,131.4580376851372,74.39537501308993,90.84800796425613,71.27650168459483,143.73782178724136,53.85534645761577,68.88336933266864,55.12748814794988,47.24260306622983,58.45291230892225,35.318787750871266
927,219.63539776118418,1923.5947445473007,0.3129894842423697,0.06657429170100568,-0.2805833744416417,49,0.0,0.009157681334583504,1.3444955627037536,-0.3213984331025509,219.63539776118418,1923.5947445473007,931.9019865416798,0.0,777.4896441534819,174.13106669735055,64.59529783426791,81.2115554363565,90.0955817048906,103.80596411051296,79.65109606722389,76.68848062705639,88.51809876986398,83.43237479125976,66.93014970268568,72.12585174528738,74.26849922721118,77.36169901262792,37.81263534670357
928,2094.498487806054,1924.1792029111173,0.4875583689537022,0.19882408110399938,-0.08196370933593833,49,0.0,0.01986853994177924,2.9605054312610375,-1.17841465540836,2094.498487806054,1924.1792029111173,1038.7939403379373,0.0,0.0,172.30999324657122,64.60084582693702,76.71360443314978,89.26444265544566,92.7317627089626,76.16608494373074,84.82043427178021,81.10970875619148,88.27465462899345,87.03202902211828,114.8899957492856,121.1840989081312,82.24238996617657,44.364734293971566
929,2324.5238888400004,1926.3874834675164,0.5297578508328382,-0.16240413123735828,-0.5362271049711919,49,0.0,0.009634174690145879,1.0721876076942383,-0.07567695839578024,2324.5238888400004,1926.3874834675164,789.0861852283408,0.0,0.0,172.08653468875144,64.60087192639035,66.03577459072822,62.714018217842224,77.12081969089384,77.12249499917836,69.17356730885791,65.25920636068122,65.31906143793182,61.187607087670045,67.08321460304103,68.08724525183834,67.78874097356908,42.194434706108794
930,2585.3518734032577,1929.226720397126,0.7053040245480946,0.25799771815871186,0.08085620929534262,49,0.0,0.09619828466676245,12.077055648507253,-2.704902668604543,2585.3518734032577,1929.226720397126,2145.0740109798835,0.0,0.0,171.8331559899799,64.60063266936699,172.7733508089002,180.51988129277964,160.29186284289082,182.1408701675448,196.9308929826088,202.94453723067505,186.58308194465522,206.53798229103097,173.50054159092286,191.0832320835204,195.3748109249604,96.39296681939416
931,2913.6362561145797,1929.8193593755534,0.21485679838039484,-0.5448690710325099,0.592713631398732,49,0.0,0.007239214564263093,1.0088655552299692,-0.009583236424528534,2913.6362561145797,1929.8193593755534,960.6611355679302,0.0,88.11472196898356,171.5143287328568,64.59847276382565,78.56407079022932,81.29022437351027,88.77689681389113,106.26615227535358,74.98706570063212,84.37268895195183,75.84980900051117,66.09575218065852,76.35321851447316,75.89051614017978,100.75379004943507,51.460950777104244
932,2213.912789905245,1930.4575226429204,0.46121089983373587,0.4694762958239635,-0.07031481482969672,49,0.0,0.008850377587748998,1.0300344937848314,-0.032129421494912706,2213.912789905245,1930.4575226429204,842.0721019916814,0.0,0.0,172.1939408703068,64.60303969775799,54.1300066571229,82.01497600369177,73.400405044639,81.0934237217956,72.24093500958995,59.340671294283624,78.10003477895708,69.39507825140382,74.01400124413532,81.18182475061408,83.1561891751852,34.004556060263056
933,1756.50299606696,1932.285624134857,0.6897740106931164,-0.10489596989025726,-0.0975093986965885,49,0.0,0.010117384506075177,1.1071384622441958,-0.11050484629846315,1756.50299606696,1932.285624134857,755.1169847186402,0.0,0.0,172.6383103713697,64.60492448340885,52.375157573684625,85.64432110506158,46.58410149637017,74.63166910766108,67.23115550000111,71.51239663380927,62.79096625332006,65.9445845272139,71.2328904602713,52.56921791286831,76.79194327890576,27.80858086947309
934,1898.6693947138915,1937.3066579459082,0.46652912185314,0.14830816799122987,0.2954822333181714,49,0.0,0.06033180233698793,9.941973160825421,-2.4936814659771875,1898.6693947138915,1937.3066579459082,1819.5113764442367,0.0,0.0,172.50016510036428,64.60681048331992,183.06652240559063,151.10326788587207,170.7928272907268,177.32879969744786,163.7007253131044,148.69440339877104,164.65487484999883,127.83751301922285,168.7953630845181,158.78191685695137,148.74933786224125,56.00582477979133
935,1959.2990134199115,1936.9397403253242,0.231340601698615,0.25745345718182516,-0.08106793682227556,49,0.0,0.008295493381758277,1.1934643798793343,-0.19202365397339632,1959.2990134199115,1936.9397403253242,907.549222463329,0.0,0.0,172.44125822430033,64.6065304775242,68.91251098716212,84.2853380116363,86.68092352914442,83.79813548031245,101.29851639188513,76.43027937637552,66.43154015215387,68.73101236225216,90.4680962281987,68.86664028738429,84.45404654471284,27.192183112111195
936,2998.4937380710167,1937.851232884173,0.42918346991311135,-0.7770535331173235,0.3131865882754416,49,0.0,0.007958501315567102,1.0391018838345907,-0.041645330437340186,2998.4937380710167,1937.851232884173,931.8090414727612,0.0,585.3438356964859,171.43176325997396,64.60108451303896,53.50286569190333,78.25034819281258,67.31816367690736,63.902014849645255,82.85954883262366,177.03457268994896,70.81911491239084,95.15327971551885,80.4340347213225,66.91506877552641,63.44147259813758,32.178556816023985
937,1306.0864300237663,1939.609678313558,0.5496491029176755,0.23992557538762474,0.5529975465456453,49,0.0,0.01536584062923047,1.9062029693213844,-0.7004228542961098,1306.0864300237663,1939.609678313558,941.4408630615803,0.0,0.0,173.07595257248,64.60777716079187,82.87069224138713,80.880722717774,69.56788477982876,89.96090739153442,74.71149079205023,83.8910702701983,83.14500310427604,74.29034027311869,82.86514229538307,83.08450883438525,89.36703619937762,46.80606416226682
938,1828.8705878159676,1938.7005096139073,0.6119845530639907,0.547059043605385,0.22221848967836508,49,0.0,0.010182058603571607,1.1284630622867684,-0.13121836997092817,1828.8705878159676,1938.7005096139073,792.5408479906766,0.0,0.0,172.56797890058965,64.60750854531514,70.8933359946698,66.98060984737674,84.85653833286611,47.88483012597635,70.75111773409029,66.29572550076037,69.24274885527217,73.40250407357215,64.32697684442154,79.83195218875721,61.36759866746334,36.70690982545058
939,1869.3084267804657,1938.5275266958906,0.8112173676759378,0.706417445114795,0.028240234536457645,49,0.0,0.018477571118377726,1.64049582858151,-0.5374378260213577,1869.3084267804657,1938.5275266958906,1063.0802809632414,0.0,0.0,172.52868809583845,64.60737230129438,96.48932935862898,79.34128225844856,103.06394797619492,93.9685300752655,85.49987130794464,100.89934414574536,90.66504908607665,80.09993852793096,90.02797451467514,94.02407868032151,93.62826773241444,55.3726672995947
940,595.2241963630826,1942.2520562723134,0.2834817015258036,0.13709944359601198,0.017375827013199754,49,0.0,0.007580279189205063,1.3192678217239535,-0.30083242421422896,595.2241963630826,1942.2520562723134,751.9298022676938,0.0,0.0,173.76663224798,64.60592938883487,47.390283147078776,68.76506752326826,78.27074960868583,65.40183550564494,76.70482867868337,53.85640870095987,63.00156528073651,56.160195654018814,75.32906967574073,69.29509872170286,62.97054394345604,34.78415582771783
941,2418.096497543759,1943.4039116120605,0.3391947674683537,0.5991538797965746,-0.060484417294130524,49,0.0,0.006802910050732679,1.0810899861163448,-0.08465461149583582,2418.096497543759,1943.4039116120605,704.8955557981589,0.0,0.0,171.99543895234436,64.60750112105157,60.70794978321219,66.7111915420273,62.468960887431734,67.41933188948522,74.72080917406453,53.85797777314252,52.99995480744498,60.39474509187203,59.71011714998394,54.78555774879679,55.95523068106179,35.163729269635844
942,983.1015407100253,1944.5524240929012,0.8860480616754298,0.5064447032617354,0.28448352079451633,49,0.0,0.01905619780845228,1.6867374198702223,-0.5676186993933372,983.1015407100253,1944.5524240929012,971.6638842467283,0.0,0.0,173.38981718491382,64.60889656289868,91.72820632705194,87.35845358208076,95.98922211369432,71.34454152866425,78.77811495186972,77.80761338509278,88.98208640851037,87.35929503613406,73.63020447328395,88.37598432731693,92.07325205736495,38.236910055664296
943,2300.055756692989,1943.8277913961465,0.26095597492862754,-0.12385002205037297,0.06665361096095895,49,0.0,0.010527691837520869,1.794410724040318,-0.6348046402045775,2300.055756692989,1943.8277913961465,858.0910382957952,0.0,0.0,172.11012031069075,64.60824930763233,68.91884336785533,83.84208612770418,56.623078183941715,65.57948060066266,68.36854275483458,72.44164256700186,74.93219248082018,81.4378560302525,72.00164484542081,73.98372162312819,92.33913348073688,47.62281623343629
944,933.5883031384228,1946.475389806422,0.29382725849909375,-0.3628425680326354,0.08422431731507928,49,0.0,0.012076047488969066,2.1659292444664806,-0.8391106629950891,933.5883031384228,1946.475389806422,899.0567046260102,0.0,0.0,173.43794533422863,64.60949477171282,74.41681158882503,87.96420224718904,83.0181041766595,90.69034081495107,68.37752877162146,76.53922028633322,67.32928163003096,67.57813247796172,74.44714902583311,82.87886930779658,86.22909627796324,39.587968020845295
945,1197.2821411221803,1945.581273241341,0.5209750040095925,0.08513241494193402,0.15913814843612584,49,0.0,0.08229827396805386,12.789862232504634,-2.7671646661252387,1197.2821411221803,1945.581273241341,2116.5258911499313,0.0,0.0,173.18170787728621,64.61002298247003,176.8399964414897,171.49448226418878,196.15749845898807,195.0755491448241,182.8948923940344,157.61036761690147,193.27895313986528,150.44516151324657,210.84762436207518,220.52734916375533,172.62278494115782,88.73123170940448
946,1233.9863398397738,1945.7881707287006,0.8813090462198545,0.578738350604053,0.6595133257674215,49,0.0,0.015155274285832855,1.371090767291315,-0.342665515947009,1233.9863398397738,1945.7881707287006,846.7713826720335,0.0,0.0,173.14604243689737,64.61019937126208,58.121835253130115,90.20272167162732,83.71349850630959,71.99360756438253,82.10334956898907,70.729530890248,64.05144294471958,67.18520882083295,71.68269695720866,75.82414372671529,64.94990120253763,46.213445565332776
947,1659.194005240848,1946.0846475232474,0.3692721616146577,0.30368885911060134,0.18940203068025194,49,0.0,0.013884660372493505,2.249463958237043,-0.8801975978169041,1659.194005240848,1946.0846475232474,937.3955730423831,0.0,0.0,172.73284084634247,64.6107407125813,76.88841941935199,64.31958402123061,84.1866382639849,78.51001167571141,111.02127777483531,80.73367742453539,92.09072110310942,79.37470953291287,74.98856102883009,73.29964512601056,80.5949469681577,41.387380703712815
948,2478.253022850026,1947.537158608825,0.7960687512716441,0.21734555691089524,0.2817952191353923,49,0.0,0.011907572088990858,1.0887452220364287,-0.09231565529126935,2478.253022850026,1947.537158608825,722.3637904036768,0.0,0.0,171.9369406532468,64.60889760782781,70.69681008035555,58.58853088065057,62.11315831924723,53.716265713297176,50.89073566960633,66.8620745868408,76.64472694299297,67.47989316205059,71.40896451512113,56.751611279221905,55.237148352022174,31.973870902270384
949,967.6501944041319,1951.3428403079447,0.8603579545097944,0.18096252078727518,-0.009228776936217917,49,0.0,0.01302595838482714,1.14923153227109,-0.15101883381375086,967.6501944041319,1951.3428403079447,868.8044024971005,0.0,0.0,173.40489434406786,64.61166406182853,73.74677193927621,78.86703081353097,75.39689337382599,74.71317216386308,61.033651208340466,74.07856138252333,87.58751661817683,73.75465570296794,72.79964380007623,75.65078575143923,76.76992597043183,44.40579377264835
950,2921.4522460856174,1951.0036445599715,0.22897202725783863,-0.09522141610908756,0.4070781285883774,49,0.0,0.011901140676918543,1.6895655436381782,-0.5694376102658181,2921.4522460856174,1951.0036445599715,1246.9663952992596,0.0,384.73532666421534,171.5063230957488,64.60723160693948,92.75470290036867,114.23719631017468,102.68468399311254,117.11455644698788,115.46160758952936,107.69045275564162,96.62443788140425,118.36551072220317,113.7877405693607,104.316067888876,117.27266260300607,46.65677563859457
951,774.9152224777027,1951.7898833520997,0.7151044251867278,0.1110682114114923,0.42527781360939093,49,0.0,0.012569338015110672,1.3271079891398299,-0.3072656590438143,774.9152224777027,1951.7898833520997,846.3664940519338,0.0,0.0,173.59218185468401,64.61095301809432,70.59320732668374,65.02837426465238,80.35899675095814,69.66120641643859,69.5453075675119,72.28642844109753,73.35869208234928,83.63070578520995,76.49730168838661,75.57352732272759,69.52111071304358,40.31163569287466
952,1384.7602458466422,1951.9037176058273,0.6162378501782644,-0.2838702770538279,-0.2268149851636549,49,0.0,0.018165130431844426,2.324922010797281,-0.91602097279776,1384.7602458466422,1951.9037176058273,918.1483469403942,0.0,0.0,172.9995474852701,64.61302771456327,82.1509158547222,69.19924025955571,91.9385690375822,79.57845074161706,79.32391221288759,96.94316735291378,75.65091951879836,82.17942828072339,79.53475257441343,66.2834011122227,83.24706226297536,32.11852773198231
953,1476.4459747866736,1951.827899755361,0.992089964385079,-0.21971292184068236,-0.17730175676989793,49,0.0,0.018259022758877926,1.5849187156037257,-0.500017484570566,1476.4459747866736,1951.827899755361,877.5882427031531,0.0,0.0,172.91044191625346,64.61309558482033,62.36310067967416,80.4141920929529,82.05414821772455,80.66694123863553,82.4498591014617,74.02812036221086,73.04098461250584,86.46368474212086,64.61906883565614,89.07751969781057,65.6337472316981,36.776875890702044
954,1507.3340157270427,1953.6799467309268,0.4900747603822694,0.13214192479041045,0.30849872682163576,49,0.0,0.012749748867969089,1.6363334071216198,-0.5346794924103538,1507.3340157270427,1953.6799467309268,955.95536487184,0.0,0.0,172.8804256022897,64.61388868534527,67.27546593279911,81.3943988371968,86.28360127874157,76.44510542912082,91.80165998035984,99.64711823074467,81.31854419782383,84.83268607117162,79.72852793709434,79.85569232804636,85.05192493917087,42.32063970957006
955,2122.0671029484383,1956.718375136922,0.3204935835746402,0.295090345561315,0.08320886849224976,49,0.0,0.008092070564000003,1.3973143292005545,-0.3632352817168493,2122.0671029484383,1956.718375136922,764.5180324613884,0.0,0.0,172.28296127244943,64.61431386997121,64.7158071636598,69.43754729090871,72.82147009221245,56.18788364027985,70.09080191197293,58.45531104442948,58.14608115843496,67.872540955577,75.33057389375134,64.25221461742396,64.32096078613213,42.88683990660593
956,2922.6354549349608,1960.4960370459057,0.33504623530919775,0.44665136447754183,0.22706297242697454,49,0.0,0.01289558814522589,1.483937476612038,-0.42853900752192386,2922.6354549349608,1960.4960370459057,1302.1067749225426,0.0,476.67629444456605,171.50498715634083,64.61117577118792,101.60549264700136,117.7063558141084,97.30212385956244,114.02892706280319,123.08182738809249,111.5913313037621,115.05260008746858,110.67664318336858,123.16747370200284,106.82406280202301,127.34723827595342,53.722698796396315
957,441.13757517348535,1960.8103085436403,0.7108550890158732,0.21625762259844716,0.10182515943001023,49,0.0,0.012588880288005585,1.2499994970020163,-0.24227459562155565,441.13757517348535,1960.8103085436403,946.2893717389978,0.0,0.0,173.91663098630974,64.61259604316717,88.96218199568949,95.74686847303369,80.38390532395294,77.88329978117855,75.11016040744511,86.55846766166238,77.69984314361696,84.5708226512742,87.50793567016439,78.14089823200945,80.87157653657674,32.85341186239401
958,1010.138813784445,1963.4200471128386,0.3653864243581794,0.46869478407064313,0.14454033637240993,49,0.0,0.010417944069140643,1.6855110797776078,-0.5668290292983063,1010.138813784445,1963.4200471128386,795.0701669233899,0.0,0.0,173.3637119898436,64.61686185640929,68.99160704828722,84.3341669764608,63.38023725100333,62.12898063867557,72.8209673593059,51.07909429436117,67.57527717345661,78.38270105910773,87.2111182290563,64.0795008929934,63.53239534836181,31.55412065232018
959,2778.3797066509806,1964.5269493624953,0.5179210745508905,0.4515289916494648,-0.021916162966538734,49,0.0,0.01877223000284858,2.4311956460600865,-0.9645497732759524,2778.3797066509806,1964.5269493624953,1091.9013777394464,0.0,0.0,171.64506905155633,64.61400616697124,78.85511057542878,96.60871977238605,105.50589574633098,93.2854867438419,82.80264699380865,92.91699513780677,98.32900460609005,98.02895776048089,92.03263180324875,100.32770545651209,102.71890477429812,50.4893183692133
960,362.87800425155103,1967.813641286485,0.30797859730331734,-0.3838339590237063,-0.14274899220795295,49,0.0,0.00930122688952679,1.2512084765570324,-0.24332419484704615,362.87800425155103,1967.813641286485,910.7198236887812,0.0,0.0,173.99279660214728,64.61491462570831,86.14095048166946,87.43052024281096,70.73799264893785,74.55484314398979,77.98337978833203,62.0880967894311,73.26504552440778,65.2241198741268,92.0872843817303,90.35212053887568,90.57699128492168,40.278478989547736
961,2184.335271664622,1968.336111247114,0.29996993784066217,0.466188819073014,0.36725220936568315,49,0.0,0.016058688386443074,2.614162956060168,-1.0433316405060107,2184.335271664622,1968.336111247114,1193.2764686757691,0.0,0.0,172.22234494160725,64.61893456889506,100.27089048465925,112.68578244472846,100.4733630327042,103.29466010038868,91.61242034415405,96.44397504515626,112.93668532539519,120.24996910731382,102.01680649538835,104.07223147556738,102.2644499337378,46.95523488657567
962,781.9367643799346,1971.2889720375472,0.7350113377888408,0.2632342304283431,0.1738851546086445,49,0.0,0.11743578001987007,14.893420928506773,-2.93248616005092,781.9367643799346,1971.2889720375472,2155.0264457977764,0.0,0.0,173.58559664759153,64.61911365191794,166.6345344411048,195.7741499387949,184.77571549206192,182.5155883563114,157.87115729357885,185.4728143108299,196.78759968284152,205.31152963330692,181.76360020645566,185.90606074753666,203.30732361287608,108.9063720820782
963,2989.0997500420863,1970.563128237902,0.26025725076413475,-0.06141951938038273,-0.25257823181366734,49,0.0,0.006395005637519578,1.3598626277469255,-0.333737596247641,2989.0997500420863,1970.563128237902,822.8892354780744,0.0,547.2255686201711,171.44021054354243,64.61479412535549,82.9094118249649,81.68650681690075,85.20770279778444,95.26621667095188,68.85736719115972,49.90938812106856,62.08193233223629,53.06404232712867,51.601577056896474,69.88387200856342,94.54191335709302,27.879304973326338
964,2233.425659410278,1971.6969780464904,0.6396198476609378,-0.5366810185755225,-0.18805893624666142,49,0.0,0.009796856864453482,1.1490264446942748,-0.1508250600858952,2233.425659410278,1971.6969780464904,703.7634734173814,0.0,0.0,172.17459712126583,64.62014409972859,60.69315066865563,69.98124570801588,54.873363534036656,52.033043568416645,60.60302792582087,57.73371150443094,65.22914906336501,56.39050917257744,66.40934671994737,64.60752980181879,61.40677488390848,33.80262086638774
965,1590.4376497371866,1974.1666016814154,0.464576938386557,0.3938199234922842,0.18525307620579862,49,0.0,0.0696897627563011,11.335898858908754,-2.6361399059924375,1590.4376497371866,1974.1666016814154,2104.0065372304052,0.0,0.0,172.79966100330498,64.62245212043692,161.2602920617383,166.59905826685468,175.00747990252634,171.3021712747743,159.1603606067672,198.6232793644078,193.4025385744838,179.12240321142724,192.36511815831722,197.02688919623483,215.40423290076137,94.73271371211209
966,1134.1660451556054,1979.2651727323598,0.8505327085579182,0.04776710588782382,0.2598824080746069,49,0.0,0.014100884735263813,1.3690501536767268,-0.3410483958391285,1134.1660451556054,1979.2651727323598,695.3658974326474,0.0,0.0,173.24327266731726,64.62388221668448,51.213401449665916,54.34513342020202,48.89657369508663,63.528724477575366,57.7563341088192,63.67126074897719,67.33769127114512,54.99090174091625,79.81209173662674,72.29558472910774,53.823081051930856,27.695119002594332
967,2805.375545471693,1979.477462285487,0.5076710277016633,0.36184737357105484,0.13064659107876594,49,0.0,0.1145429687523493,16.799672210248758,-3.063252019988914,2805.375545471693,1979.477462285487,3204.646199193925,0.0,0.0,171.61857037250735,64.62002885316359,267.8112530747395,291.0887349595615,279.4917058144672,275.20947063193995,275.8184167646562,273.94030039995096,319.10710079230165,266.06074283577016,275.28206625605765,292.22742364307413,262.946797388595,125.66218663281123
968,2065.0940820186547,1979.5043729225881,0.5981457770522038,0.3630237144320727,0.25845775484931205,49,0.0,0.28609493475822667,40.77219786947136,-4.025910307993625,2065.0940820186547,1979.5043729225881,5627.8619449971175,0.0,0.0,172.33817404341332,64.62398705297039,446.11116868235325,479.11005341724183,493.4566464102023,481.73662019341384,500.68327083660137,540.5666279265527,505.2522642367719,503.26566931589673,499.6327442648053,448.16282599070144,489.7882547838189,240.09579893875787
969,1075.598957503502,1981.485447043174,0.3532756341863997,0.2470883051441761,0.5837409776074284,49,0.0,0.013163726699677263,2.0468609563229876,-0.7777208548821596,1075.598957503502,1981.485447043174,975.1000942113612,0.0,0.0,173.30022915723168,64.62462186196225,75.17213020365747,90.20924516861233,85.38468031157292,101.01108808045558,83.62134659098379,93.01499653067107,83.95091794209162,73.85099824443364,65.5445499570872,90.1011161397179,95.08472229033045,38.15430275174723
970,2604.839310322523,1982.6359104392138,0.23915041921097568,0.5237531909313237,0.31136049350346884,49,0.0,0.006776719052234953,1.13411519995027,-0.13664292775387946,2604.839310322523,1982.6359104392138,842.7306825054108,0.0,0.0,171.81343100189812,64.62275944713278,55.910417825030464,81.98155830343882,64.97519184133822,63.22584181042021,83.69997419668505,82.20158356581544,76.35699310303653,71.65384301260383,78.29861018594428,62.48058614255168,82.65388671082836,39.292195807717846
971,1611.8896003341652,1983.7112330584696,0.9089708454013099,0.6332370180201539,0.3908217080592371,49,0.0,0.016440136521974864,1.4239244495699173,-0.38371736790567573,1611.8896003341652,1983.7112330584696,900.8085346764979,0.0,0.0,172.77880387025382,64.62642892904425,77.6688266649355,96.01239620056666,63.89968670225314,81.05591281409997,71.42693216116734,79.81615590544021,82.35679864456893,63.000416668704744,73.9620353913858,94.09662395068861,73.20706025027219,44.30568932241474
972,2718.501699360307,1985.0768930914246,0.7204444349455459,0.4289773569621408,0.21493493423190604,49,0.0,0.021374115615840034,2.253170197562048,-0.8819849955881743,2718.501699360307,1985.0768930914246,993.2164832869148,0.0,0.0,171.70290971870602,64.62300592125602,80.80590240384934,89.20341547861665,96.44250697996293,106.14387679856202,89.91091039947449,82.32087973965577,81.43893848055576,63.69764717734275,90.7339102832691,85.95562832358928,81.11893729289537,45.44392992914135
973,2546.613651168091,1985.6015053488632,0.5306325220079448,0.32989722611486727,0.13615206015700096,49,0.0,0.0378387677079675,5.71443600453536,-1.8924334336326722,2546.613651168091,1985.6015053488632,1262.2631890005487,0.0,0.0,171.8699878616251,64.6243576500861,101.20496521992416,118.08983438531901,110.16222969230338,126.24851425055772,103.67271927758094,91.86864639074975,121.81287105412909,97.31457107715242,103.8131049689253,106.30655260091723,119.69583136499108,62.073348717998385
974,477.789541258373,1987.606340649454,0.3579789191014728,-0.4025603099124698,-0.13800292609238737,49,0.0,0.010046376328594297,1.2226718358571822,-0.21827477096196513,477.789541258373,1987.606340649454,975.1048800418713,0.0,0.0,173.88146634356218,64.62402596150197,71.67549072910266,96.97611192005523,78.96301172387956,96.09482575254728,78.18195692861286,97.81971409068743,89.37542259133174,88.4447352580799,74.21495940098795,80.06009421526181,75.45641452396345,47.84214290736137
975,941.9698373637043,1987.8042726903636,0.4815198902663648,0.029533398499095666,0.2654727069607844,49,0.0,0.03532863292680288,5.37147328153594,-1.8252335495777077,941.9698373637043,1987.8042726903636,1308.6132975193277,0.0,0.0,173.4302062984896,64.62674940462674,94.91409107670557,103.27798565866729,113.64868586953854,112.13776730032704,107.90224846303262,112.16426492451203,100.15942884139128,127.63477250624466,122.20831487856174,132.79266620550874,112.74351108200774,69.0295607128306
976,2183.524456255366,1987.5530727238959,0.4085870708786691,-0.0060466278299709745,0.253868318400807,49,0.0,0.013337842822503065,2.1395686008521726,-0.8258155394989585,2183.524456255366,1987.5530727238959,860.2942209528354,0.0,0.0,172.2229662903325,64.62694420606365,51.343453822731234,70.8846037070374,81.22448003259134,62.56830653094614,66.55833011310963,99.45646882322654,85.66027373389008,64.913247059583,68.07895170459744,99.52021087938189,70.40949975178592,39.67639479395483
977,2996.2543030697866,1988.9636025885195,0.6976720125214688,-0.4384873588453244,-0.5127965830908745,49,0.0,0.03187870689766825,4.675224408391561,-1.6745061540572297,2996.2543030697866,1988.9636025885195,1362.3942851101253,0.0,391.4231161588308,171.4328770332945,64.6223951902412,87.46742299102551,30.593590991027927,66.59836737418134,395.9117550122095,43.19770747291453,220.0082171652124,230.68110167137007,70.86982251924277,68.35917732637037,51.46063175836595,65.31551389208681,31.930976936118057
978,1052.2400656799555,1990.4004626827527,0.2770012876973635,0.049369440501182554,0.448164062875976,49,0.0,0.008743150782431116,1.528581374654221,-0.46072140880442447,1052.2400656799555,1990.4004626827527,798.3580296858058,0.0,0.0,173.32301203062727,64.62825619207625,80.99485743837185,60.174780968183924,70.64666684812617,67.31198844742347,64.0843764163379,70.14695194036888,70.7899335634682,66.47063566561563,71.58299192201565,73.26759958689567,74.76133321273696,28.12591367626141
979,2453.7087935519357,1991.0112994796896,0.527790559542754,-0.14506701208802342,0.05430044132227568,49,0.0,0.02048132658119712,2.848230134950192,-1.136437692662272,2453.7087935519357,1991.0112994796896,1047.132820720178,0.0,0.0,171.9602356772379,64.62714541365166,65.69755255783318,106.18889181873544,94.97491308409462,85.04581800808866,96.59652119525745,101.4488963489475,84.17381792606528,97.07319105131535,90.44717292628809,97.97191131095687,80.7900565406699,46.72407795192579
980,1622.3520491752715,1993.0024579505293,0.49184196991261275,0.5011600646790229,-0.11962339635940533,49,0.0,0.011067564466015532,1.0289239060482942,-0.030958144376193403,1622.3520491752715,1993.0024579505293,1057.4855771568905,0.0,0.0,172.76862780305433,64.63029913068871,102.40115950366328,87.76292670843061,89.42228343036865,87.84493414095928,110.50526933531697,79.95050041217367,94.4540954044409,83.21202459200654,93.5301577935013,94.5711860723934,79.09495849608962,54.73608126754612
981,1976.202279787355,1993.7873346715535,0.594615958672135,0.31396769637149796,0.19577178448915253,49,0.0,0.04915677154839774,6.790838375493599,-2.079808485544507,1976.202279787355,1993.7873346715535,1419.913088960761,0.0,0.0,172.42451710806137,64.63017670309809,118.23538381908448,123.92233443416507,116.74727305975233,98.19681947128183,125.31448617589736,137.18893609696408,142.0095836601202,130.68144903194306,126.15892587567248,127.37465847465941,120.35437141873952,53.7288674424811
982,1808.054233946917,1994.444285070639,0.581103087259806,0.09376178652310611,0.2325241479926914,49,0.0,0.011848040254057187,1.1430199577728477,-0.14513453371993715,1808.054233946917,1994.444285070639,937.459937046643,0.0,0.0,172.58803305345555,64.63076377268547,75.58307410738337,90.03804621297323,92.20180674985382,76.10766038804356,78.6257939410838,92.57180278604183,73.39602915291212,66.85980938224711,75.42476843103205,92.29280138805785,95.52561778571862,28.832726721295593
983,772.847128702733,1995.6864127891236,0.733986244750672,0.2914997345848665,0.1842710365363128,49,0.0,0.12293573378125419,15.84014904091655,-2.999398158939104,772.847128702733,1995.6864127891236,2139.009270158881,0.0,0.0,173.59473204540654,64.62923039026401,167.719008338648,158.11567172756295,166.59823620233635,191.58311355754455,184.71691217669323,201.05977437923215,194.50724542461177,181.42232097229294,194.33003165366327,214.5456135536644,180.2690143641761,104.14232780845515
984,1839.0602171592275,1997.8245070524708,0.30930760148813874,0.055395431947167596,0.2294399851298633,49,0.0,0.019233515384645725,2.733608598409108,-1.0918408296031157,1839.0602171592275,1997.8245070524708,1344.7165733760996,0.0,0.0,172.55786820007503,64.63212798055177,102.55695222027384,114.016708220619,129.5724943396659,112.30046642049157,124.58904270206945,122.85167363233322,95.75422285642455,122.97428476919048,127.36721509948674,118.73152178054657,114.21437136701664,59.78761996798168
985,2364.1063863921713,1999.571471544971,0.4868050945269124,0.5636216726644254,0.4666032535034494,49,0.0,0.030156674547181715,4.664713828717894,-1.6720625144073311,2364.1063863921713,1999.571471544971,1179.3297957653067,0.0,0.0,172.0472555491743,64.63117460897863,102.45470665172414,84.71138370409916,106.15630145845816,95.25786936495942,119.46325086284435,117.24188607607978,94.59734798633035,87.87070863755017,116.00373008470397,94.64207888353717,119.36136522724878,41.5691668277713
986,637.0418971730497,2001.7850832839865,0.6551308542417316,0.17103699302360922,0.14682633375684842,49,0.0,0.06557715157924639,8.888477119719493,-2.37206839703835,637.0418971730497,2001.7850832839865,1535.4380007473783,0.0,0.0,173.72686189133978,64.63099406652776,136.35267400435154,142.5302171687054,145.25287074099577,133.85953124261883,120.38363811215346,117.7215282154941,143.81936025860858,133.13368381430925,130.77226792423792,142.5126844348245,125.80424026310183,63.29530456797728
987,679.0965318319181,2003.013770577677,0.5163873339878292,0.6152597388632731,0.1831625022339418,49,0.0,0.013431318133694702,1.677736368997555,-0.5618092975418749,679.0965318319181,2003.013770577677,916.3143169537318,0.0,0.0,173.68598654911577,64.63175920918128,72.27072984825786,66.79502649781375,83.80715722460542,102.231887202183,74.07231310413573,71.68804160067644,73.37816267015783,80.57901357519131,81.22606135852436,85.82454030969109,83.44417875222564,40.997204810269466
988,1860.9932425579373,2003.468969231931,0.6062904918251129,0.47112777260725186,0.5665664384049381,49,0.0,0.010975081709475996,1.3038652136959672,-0.28808174694530425,1860.9932425579373,2003.468969231931,997.3051657591056,0.0,0.0,172.53651573857817,64.63444482245937,104.03012876816071,75.67359321460506,84.51628339478219,83.1387054490682,76.53679774497806,81.65845981788868,101.1641382401871,82.60202197206976,77.57536693809436,86.81703419757184,99.50523529751761,44.087400724182004
989,1796.567176958512,2008.9330279322864,0.4096449115485701,0.7250181924673544,-0.06871384965274226,49,0.0,0.015531061630680154,1.7591673920875004,-0.6132679158708749,1796.567176958512,2008.9330279322864,1228.5424125036202,0.0,0.0,172.5991617486952,64.6368154778045,99.18899806350407,104.66433913336289,109.93762897819838,101.2061851015097,109.48015379941064,111.29733059544168,99.76433634276158,112.53968461934025,105.08355999210673,114.95491094803074,110.7919891111504,49.63329581880322
990,1392.5980423387637,2011.268346880074,0.48846458677038895,-0.2686674415015547,-0.21007774282658584,49,0.0,0.009896667350827228,1.3512676107256276,-0.3268534176182613,1392.5980423387637,2011.268346880074,815.2290369764506,0.0,0.0,172.99211405295574,64.63777323328536,57.26788804311103,64.48327244720124,67.21001119682543,69.53339183823667,89.80488383737153,58.837112120487035,84.43314727748954,64.17881687923399,76.10732152484442,77.6580260973627,72.61874494904835,33.09642076523876
991,1859.6820169010034,2013.4013481895652,0.6157877471185813,0.21670928371382392,0.28563452309444526,49,0.0,0.03911732653038307,5.226851315473159,-1.7956003655170127,1859.6820169010034,2013.4013481895652,1391.713819837143,0.0,0.0,172.5377526968685,64.63858541481137,108.26672331411552,129.8390038721393,116.68544820195811,134.8188228507649,113.87257410734131,107.55109763053935,126.4705619502821,133.92760310966463,124.91365623966043,120.32925569553912,117.47939395410191,57.559678911036244
992,1537.5191534942444,2014.3921995313553,0.5603743421965872,0.16769912041135698,-0.11188752136414357,49,0.0,0.009038650948208493,1.1545260687368268,-0.15600935889898082,1537.5191534942444,2014.3921995313553,706.4883105631236,0.0,0.0,172.8511458997016,64.63920029367954,56.9858638002835,68.08090521010934,64.48322976055496,58.01152968629402,57.15375749251562,54.14275801592447,76.16168480176222,56.288684766353164,41.99114710951703,56.25240285655279,73.33962429151784,43.59672277173871
993,739.8997390553021,2020.0519505763148,0.5631220621077113,0.18146156808466926,0.05196018580752931,49,0.0,0.02195675121147251,2.7072373447896347,-1.0813158306101287,739.8997390553021,2020.0519505763148,1054.8486582448527,0.0,0.0,173.62707975041727,64.63920382613315,84.35978359555256,107.20082013598521,97.7446045465064,89.37038849179396,84.40083061663012,96.63573290424448,78.97173462864936,77.6150292106478,87.63112053952771,112.12560439685737,92.73604236922309,46.05696680923445
994,2189.110132880616,2021.7910912654954,0.48058844675108414,0.23097853861656475,0.13543458175295636,49,0.0,0.010682064934276172,1.2910039529104056,-0.2773189300745488,2189.110132880616,2021.7910912654954,892.8579489322981,0.0,0.0,172.21723510889944,64.64118830754254,69.07695601289812,76.80723084078471,85.876968069589,73.7635656996774,70.44259518214204,71.34531731538405,63.41194318044763,91.14729510595235,79.16761319918942,93.01425761351379,77.74799788666117,41.05620882605837
995,2685.074121669879,2020.8289310461857,0.6055368447961933,0.3372919352627095,0.3719095822129508,49,0.0,0.019402775618322016,2.3572363286889124,-0.9310078140752913,2685.074121669879,2020.8289310461857,957.5611791849366,0.0,0.0,171.73482448068438,64.6381351045563,72.76445685744038,78.29226287847669,87.80117545062978,86.1868293958119,68.39061871705871,101.48583022960486,72.79006400341727,79.3527464684,88.66346744391754,93.03324990662836,87.94880096246672,40.851676871084436
996,2980.4334999784573,2021.316902722812,0.37567857135329913,0.15476087062919,0.09506599030900167,49,0.0,0.008509485018549704,1.4509946111666185,-0.4041644987977384,2980.4334999784573,2021.316902722812,1225.1350545847508,0.0,521.4382145042346,171.44758809996273,64.6360121667353,161.39814419844294,77.11207630050502,86.68297329806833,154.55642098703478,72.99936625305341,120.92971333408701,91.20493886523629,79.25888906115404,188.37706894120458,88.30278714587206,60.518995977621685,43.79368022247055
997,2218.840350740652,2024.353525399087,0.6944837181287589,0.19324203365167392,0.15078905137690574,49,0.0,0.03539363067934486,4.37085901191246,-1.601416994869775,2218.840350740652,2024.353525399087,1148.779034756045,0.0,0.0,172.18828981900685,64.64214121989914,97.19344372475749,87.73935101036787,98.37904418053006,102.88775010760494,94.71568410004585,105.93501975765562,106.56074347320886,92.12440791454753,95.02257665226139,110.52267208269743,102.77752996735822,54.92081178500953
998,519.7526734093625,2026.2162051954133,0.5289962402238859,0.10165386214867798,0.334192942658778,49,0.0,6.727138942074829,954.0443795282578,-7.4489214434057915,519.7526734093625,2026.2162051954133,166293.57049082455,0.0,0.0,173.84129732735659,64.64040588616028,13258.554231005099,14523.324683827475,14350.901831113353,14601.53612312956,14838.051124489133,14855.8487175426,14876.0844589736,14275.737951106497,14899.27842447942,14789.43332663252,14165.888176279805,6858.931442245486
999,1573.653070936019,2027.0223163626465,0.45277422515566246,0.5829776685971698,-0.08642676389933018,49,0.0,0.009061991645118735,1.0721016438572424,-0.07558990479505093,1573.653070936019,2027.0223163626465,837.5809246569238,0.0,0.0,172.81600005252807,64.64447316726749,74.23498633625087,62.74309222995803,60.17466190476997,56.893997155479624,84.31504432857201,69.72543959482996,88.71402161045033,74.80511247311286,67.64304939509941,80.73502560664926,78.44797483772096,39.148519184030484
1000,2962.978098710891,2027.860840622923,0.8170438400907696,0.25274918579823125,0.8555925982825742,49,0.0,0.010750382266244023,1.0033750741899394,-0.003658270241829088,2962.978098710891,2027.860840622923,1090.5278693458242,0.0,760.4183240706467,171.464428391314,64.63889102299105,114.75945511906883,105.71395555570234,84.4962184606532,109.34349716265774,131.7800121547723,92.16644876167595,64.1908454322843,83.2813918386144,80.55454436805046,109.80977374103172,76.00246029235599,38.429266458956896
1001,915.5139845069197,2028.6739833216118,0.3479604926349313,0.08968436375191019,-0.10956999187995181,49,0.0,0.009378939558521775,1.4548026374318006,-0.4070101993046359,915.5139845069197,2028.6739833216118,821.5385378383041,0.0,0.0,173.45634570992823,64.64366361048945,78.57272763937185,75.78735000746534,73.19401108745984,71.98190535503927,73.0904849805921,74.60904598319745,53.43988097608964,63.71751170255055,67.83148698890231,75.60238201772819,69.12235737808066,44.58939372182699
1002,2126.0925238650543,2029.6779903473248,0.6092462206703694,0.32673811379783685,0.2674422093382011,49,0.0,0.17138515259789802,24.719991201521765,-3.4826207796006807,2126.0925238650543,2029.6779903473248,3366.600750687795,0.0,0.0,172.27847803616092,64.64469879622699,239.8067827694943,325.0069750495206,298.1206045254272,295.8490548503978,284.27766792234013,303.49183888278003,315.1962850517173,259.42261986503553,311.83478396894645,285.7087444642516,286.0505867702843,161.8348065675999
1003,2799.2812023047595,2032.3641829043343,0.4722063250139984,-0.398887397378053,0.12478593181041406,49,0.0,0.012986645640023947,1.5813587640498756,-0.49757602456415495,2799.2812023047595,2032.3641829043343,1040.111274909833,0.0,0.0,171.6235490500391,64.64210702114636,95.02962899725938,96.7001691721934,93.15322093041326,85.00745044797156,86.42311610694702,84.29490101970097,85.48085057412979,67.11069508983557,98.0707288762285,93.55858993136646,107.33455089435246,47.9473728694344
1004,1214.2284498231709,2036.3569950423584,0.7504714789014105,-0.42792261534585274,-0.1376320230355299,49,0.0,0.017437342510072222,2.027810572389132,-0.7675684575106214,1214.2284498231709,2036.3569950423584,820.9481088630791,0.0,0.0,173.16576285913123,64.64788778901872,64.14131900763778,82.94704091435489,62.740865876436985,66.68801960451952,61.45289774049207,95.57735921248897,76.70985562764443,79.35254764736243,66.29179513008712,70.02908302250975,60.93017445466745,34.08715062487779
1005,1287.1635820130941,2037.1449496629134,0.45378980423860693,-0.45569514412022033,0.11841741928685225,49,0.0,0.009735231907376353,1.299979364939398,-0.2848411466054016,1287.1635820130941,2037.1449496629134,794.1736137365393,0.0,0.0,173.09479418143286,64.64837925246005,68.8167754373211,61.840583969424245,66.15326206867226,76.13333188507893,62.460829937181714,57.81890678310249,72.86558624556713,61.35036146916033,86.10119457772261,72.30029202866314,75.0454731882848,33.287016146360635
1006,2965.2823345630973,2039.649975704913,0.9598038455395145,-0.1351673064215648,-0.43246038211367854,49,0.0,0.012600873660194172,1.1240078082134992,-0.1269233204586238,2965.2823345630973,2039.649975704913,1009.4818407064147,0.0,618.9299357554515,171.46194777422494,64.64378171407537,113.30859492443629,71.15434658504574,71.59228936158115,71.19102345856521,107.54799957609679,60.511203674648925,106.84857218456389,67.78631141381497,109.94450072244541,101.13972796616908,78.73387674334319,49.72339409570407
1007,1824.7861470345547,2041.3716399281636,0.3996509152901343,-0.6818089813342451,0.29898874341857035,49,0.0,0.008151562593332155,1.0451785539152931,-0.047976224577077745,1824.7861470345547,2041.3716399281636,778.5499644389787,0.0,0.0,172.5716046336282,64.65029342942695,54.56271546299513,63.86544691931826,80.19637459001494,58.612149850874005,62.09256512560839,64.29860493549398,63.26164003641966,68.790753760945,75.80834156859115,73.17293604117732,77.70495884830913,36.183477299231626
1008,2533.1118934335213,2043.4596103300655,0.38350823402369527,0.07017982139150353,0.22100837926156242,49,0.0,0.007560021492219899,1.1270567958894715,-0.12986450511056385,2533.1118934335213,2043.4596103300655,708.612741660961,0.0,0.0,171.88230920514232,64.64854297987334,64.96951790666625,52.26561097536248,59.03370342469158,44.179398207741684,63.88631025301887,74.0319969236426,56.174724139057645,60.65070297184779,69.24224910863045,79.15558455596299,57.001327273568194,28.021615920770525
1009,756.0205695279273,2046.6858210666974,0.6643211924598872,0.7771891867199932,0.16447750473737688,49,0.0,0.010065887977141702,1.2413212812787713,-0.2347105025545285,756.0205695279273,2046.6858210666974,730.1093663714041,0.0,0.0,173.61173473259277,64.65038787783294,54.582378190264876,75.34146199413117,53.54069175190693,67.2779547153732,53.22789269974163,64.42417857836175,52.651492250117464,71.41208326497225,62.248476769282725,74.35856328646909,60.564612361072975,40.479580509710104
1010,1251.0870514705111,2046.5359950209631,0.594016522799658,0.16857961234790428,0.21293791729236253,49,0.0,0.022024793535768646,2.9333692085224614,-1.1684168222422322,1251.0870514705111,2046.5359950209631,944.6092752800743,0.0,0.0,173.129949346523,64.65221562576342,62.35668059251957,92.03103353467219,84.38980566916325,71.51259177271923,95.82362970077669,85.9912304852065,73.92352517917809,92.29559319607964,69.73987766560195,90.03974273856271,80.78639716877515,45.71916757681922
1011,2734.543726581226,2047.233918923229,0.5330039592536289,0.4457980391409574,0.17748362765099293,49,0.0,0.13057577069594142,19.263777057390943,-3.2118536086275222,2734.543726581226,2047.233918923229,3366.3839007282636,0.0,0.0,171.68626660354266,64.64878427533364,268.2968785615842,316.91687741484094,301.7737834385413,314.28396768372323,263.0309443885644,299.9549423159048,315.23330132883405,277.85931897016394,287.51586363331785,303.54335342989486,273.7212908902287,144.25337867266555
1012,2288.407533307348,2047.8789606647865,0.3709783434142902,0.6346142757874077,0.22942958753165404,49,0.0,0.013065552162572762,2.08676808432711,-0.7986854646693817,2288.407533307348,2047.8789606647865,883.4571729619191,0.0,0.0,172.1203718427619,64.65165223614052,83.60171560287728,76.02467491738005,75.27101323943276,68.33745285530478,72.0716075010531,67.56810222962696,65.86519058915826,77.10232450016858,80.44864263311604,88.03951624850109,80.1516701195609,48.97526252573933
1013,674.8189749196281,2049.257149795761,0.5556542278795944,0.42384689905194334,0.14670985846006795,49,0.0,0.016126075669566926,1.9693489377160573,-0.735806682801379,674.8189749196281,2049.257149795761,900.8611831673034,0.0,0.0,173.6907840320565,64.65099948037088,75.76182457942274,75.3021030928843,83.49548614025875,67.31172623323866,66.21465954755882,70.13271415567382,82.43573810073855,76.40214619502188,85.46280150770023,88.15900031570905,89.75247125301124,40.43051204608531
1014,1647.6856802708019,2050.1462699028093,0.6182209584269194,0.15542803278886805,-0.02884108124485559,49,0.0,0.020032343702487136,2.519375572752793,-1.0032322855732294,1647.6856802708019,2050.1462699028093,892.7562551535268,0.0,0.0,172.74395124098228,64.65410323312311,78.76967265072236,72.36776373188847,80.12660673788645,75.48113609541456,78.51765957308635,78.58026863333608,81.85784862296015,77.11536045724903,74.2923472087309,84.08701356481137,81.60738817344772,29.95318970399338
1015,636.3364451119814,2054.3541763945154,0.7604461880169496,0.5766952499841895,0.44299369289794466,49,0.0,0.025142577561477968,2.737433468009632,-1.0933589316501928,636.3364451119814,2054.3541763945154,1051.0038777891154,0.0,0.0,173.72830333796983,64.65289037023899,76.74327143637352,103.46200498961184,94.39927202095654,93.63475396693147,91.28225142740028,76.98129101902391,85.92885741676946,82.1557745829245,95.62190135058712,110.70613788720047,83.6737651040747,56.41459658726164
1016,2955.925298966446,2054.120192090914,0.4525301681181384,0.24811276197888332,-0.0375707174574686,49,0.0,0.12883798289871837,16.47258243813003,-3.0419042242012924,2955.925298966446,2054.120192090914,5329.393836371835,0.0,3538.5870597807652,171.47075648241474,64.64989067810615,420.04445690632923,433.5146326533041,408.69581878655526,457.8447246412278,449.11409451502425,562.2185255590512,535.0125135080393,594.9094153049575,487.1350076680591,398.2717192426759,410.0942054130335,172.53872217357772
1017,930.765083983244,2055.1984748093664,0.5111282475245149,-0.2296368244737242,-0.08264833365041543,49,0.0,0.01192526880028637,1.787262126391834,-0.6304706309801544,930.765083983244,2055.1984748093664,768.134274494118,0.0,0.0,173.4417731618816,64.65478070490572,67.47616380432524,54.86811199187727,72.93213513608372,75.24582785734096,78.23169983238884,60.112378496461396,64.65142834301969,74.13509205618176,57.67128233349197,74.74027470613368,56.7971939649083,31.272685971905208
1018,2674.4501065042914,2055.9741704715116,0.5495399892212287,0.46785866960907235,0.1086804869440359,49,0.0,0.015232311593239173,1.695542478995039,-0.5732716869397061,2674.4501065042914,2055.9741704715116,934.4651868534357,0.0,0.0,171.744594278522,64.65284966608732,77.8115248538486,94.63748505181033,75.59223072332287,74.19277026233156,93.42078735308239,82.91951669151786,80.64785432901232,74.70063050900379,69.31762489532852,74.50125123823562,93.51591251981252,43.20759842612938
1019,456.0317405058651,2060.1235783738944,0.42171910661597994,0.12568722602999288,-0.0486438873695514,49,0.0,0.018408287729724516,2.377374535618634,-0.9402440165196599,456.0317405058651,2060.1235783738944,1165.0801619689269,0.0,0.0,173.90385252019993,64.65407794928028,88.77195420213138,94.83628111700978,94.37502277583877,88.28557019249962,109.25755093220361,110.13959443928712,92.02777544539298,99.14205487893148,92.99355083357328,114.65284975541671,116.4256874542331,64.17226994240899
1020,2067.902208716048,2062.7565870345134,0.6623446491088281,0.3588255175573751,0.6266115540586328,49,0.0,0.009922855841119176,1.0207010829744592,-0.02224643890535955,2067.902208716048,2062.7565870345134,823.5512551105232,0.0,0.0,172.33486392653106,64.65866570064325,82.17787707531858,56.976728198908795,82.1512761760707,69.18057495956899,73.60660003294795,72.77987234736221,60.223364117770394,62.87247750671558,69.27766004714613,76.17915334793284,85.29334507500661,32.83232622577444
1021,1147.2171742671746,2065.8956255942276,0.6456404845253783,-0.7018522543995388,0.11283223560662975,49,0.0,0.010352209798297228,1.049313400624823,-0.05226304801989867,1147.2171742671746,2065.8956255942276,793.8046954510909,0.0,0.0,173.2311695301763,64.66001516591409,56.6890791197621,63.11248087000195,70.96083893741925,55.79801891080381,62.92234867277318,76.92324671885595,74.01168157120804,78.56687907833181,83.50597688976276,68.23628743961052,66.78302421530891,36.29483302725261
1022,2470.2172692644276,2069.294559124869,0.877736607219767,0.35483734776337816,0.26788029197036156,49,0.0,0.013532575800611422,1.297185592457817,-0.28250529104686484,2470.2172692644276,2069.294559124869,855.3551502539867,0.0,0.0,171.94317051849285,64.65966871200216,74.25586877441172,76.97560411293338,68.54028024884653,54.498252737162375,64.72929967386891,70.83492101513173,69.62540258642807,84.01606864407105,74.83398795721374,92.83209225361287,87.38034672511992,36.83302552518637
1023,2770.0692643124066,2069.6702830910303,0.5856122493190669,-0.3310127688470654,0.47810510324446315,49,0.0,0.010405310512512577,1.0678805453461457,-0.0713066865101361,2770.0692643124066,2069.6702830910303,907.6335558244976,0.0,0.0,171.65131188982662,64.6578691488669,60.80727438105113,77.95717226284768,68.42101498038403,85.19417220752685,74.1154752104172,82.40105280684335,95.82016646479981,78.81966598927039,80.60149769510467,84.80837960058054,77.44777865070235,41.23990557496965
1024,1236.0285191319956,2070.588295590976,0.9190020743820551,-0.15491811471678468,0.14050050480593895,49,0.0,0.012246731461737577,1.1692687558134458,-0.1697858624893122,1236.0285191319956,2070.588295590976,750.1114615040804,0.0,0.0,173.14473572394087,64.66220273469152,74.08223530069995,72.81278429062937,73.29536093857139,57.886603060820214,64.96176371562525,69.30531568235953,69.78143483727547,60.83658879287544,60.544317167037576,55.545261564475815,59.30838497345084,31.751411180259577
1025,1595.001633322192,2074.0466860744555,0.20531337357394044,-0.424409723657886,0.31797898182994006,49,0.0,0.009083708446010183,1.543490230578846,-0.4712597124702517,1595.001633322192,2074.0466860744555,975.4582362424362,0.0,0.0,172.79523210086546,64.66406865215131,80.14184647231923,79.90408928677354,70.62690292289301,84.21606129728508,95.28361090416155,89.14503253747935,107.17190363120417,75.98248433486938,88.24849128333184,87.04475243131746,74.19939612411731,43.49366501668432
1026,1617.5627491971586,2078.8729046352482,0.5699946054208233,0.4344422331679276,0.14375017333823478,49,0.0,0.009880745404714952,1.1017855059673793,-0.10524263728378362,1617.5627491971586,2078.8729046352482,887.6616823619995,0.0,0.0,172.77326343635912,64.66607871751384,74.89393352958831,76.86790777400168,76.06365360118163,80.26977090265154,61.24168121605658,83.32659357424994,88.36847726213077,77.09868873215129,68.99958001505112,71.8586752886991,81.58050811771105,47.09221234852655
1027,1861.6992335509901,2080.4362073807297,0.5056605940744503,-0.21252603386279884,-0.09521439372709405,49,0.0,0.009056589315324224,1.1730205559780693,-0.1732640568651741,1861.6992335509901,2080.4362073807297,837.6414921927178,0.0,0.0,172.53552921745367,64.66651268186662,59.01074719745341,88.81495535132802,78.29591315798123,81.01005224250645,73.33652646023532,72.04755556309618,70.71374943925917,67.82906143529806,62.399069543957566,75.39241034345325,68.32443182798548,40.467019630163726
1028,1551.158144753848,2082.2751555859372,0.6494513574529824,0.4444838535115453,-0.03620082865500689,49,0.0,0.010838198853511697,1.2506307999355035,-0.24282280018138874,1551.158144753848,2082.2751555859372,755.4941031333854,0.0,0.0,172.8379279292181,64.66748944483288,54.31151651821139,71.17177443166798,66.26665915940676,53.85944418545051,69.60822689167341,84.29879710345939,60.41824808614477,57.39199848260545,55.834788689412576,81.77150006706967,73.71075843589767,26.850391082385748
1029,646.8861225572962,2083.1773269128066,0.6286724445188707,0.3229719249030199,0.10121167405279034,49,0.0,0.009239636399103029,1.0484286659234705,-0.05134721707086238,646.8861225572962,2083.1773269128066,725.6961560573006,0.0,0.0,173.7184473095424,64.66496300850501,49.89939442678565,71.34652415368322,54.849403032774774,55.759783695407314,53.192839984579415,75.31807850655946,76.09610114755542,48.262866952237275,62.00401586186511,59.02285916735678,85.68927348481044,34.25501564368591
1030,1206.3087728541705,2083.5427417898427,0.6442628859002354,0.6606457152808516,0.3497642775318539,49,0.0,0.024302581979698576,2.8784317871065874,-1.147889855075224,1206.3087728541705,2083.5427417898427,1143.8247131109256,0.0,0.0,173.17374692592477,64.66752809352558,90.35324884803748,99.0514673228489,104.44950723085174,95.83279360025546,111.25426079182257,97.09470658843216,92.35652247453814,102.36530320862676,101.30695404311844,126.55699229508409,81.31044140361215,41.8925153036977
1031,2436.12250975649,2083.254839038463,0.585986739266466,0.3265007132694187,0.2294906862938507,49,0.0,4.331188297292605,630.7389944833843,-6.999624203555341,2436.12250975649,2083.254839038463,77099.28145769096,0.0,0.0,171.97618455780145,64.66567084772043,5928.142481310995,6657.121787923708,6661.717245470603,6659.547245413214,6785.151531931066,7093.461658700122,6795.9342959361275,6587.6762181861395,6931.967874203767,7065.37994578359,6762.912408470233,3170.268764361381
1032,2356.939423999291,2083.839446311353,0.5857474976473358,0.19297643490954036,0.17046494612067212,49,0.0,0.2113660120568825,31.261894000456234,-3.737538215480246,2356.939423999291,2083.839446311353,4062.2619361035245,0.0,0.0,172.0532741544469,64.66631781901462,316.2189283199803,315.6895770711348,390.5439496513875,331.23721649380116,388.3633210503022,372.77629390492257,355.3970661246512,358.86068829526937,368.24957581557544,359.354556321435,349.6418831294735,155.92887992559184
1033,808.5947427980158,2085.460698444151,0.4910823287730687,0.4281991734136925,0.09812709618362088,49,0.0,0.039425088370529826,6.361494443477357,-2.008897880439748,808.5947427980158,2085.460698444151,1256.184427355015,0.0,0.0,173.56103363791092,64.66681754464437,111.88694122093852,135.42410889436394,107.12496376780022,87.47996485205996,120.08278531843224,118.73225425306424,114.51968363342525,91.57533134080342,125.02681917273554,87.84346310302661,101.10725081778494,55.38086098057998
1034,725.5451044053686,2086.832791113153,0.42250072080718615,0.050383646432834134,0.0610418501823109,49,0.0,0.030171011450388304,4.554801391458522,-1.6461736116292236,725.5451044053686,2086.832791113153,1312.1961751792774,0.0,0.0,173.64191372440894,64.66694618174373,113.06222485711453,105.81517673235592,123.71231327134329,107.56405004406874,111.3535910385141,112.27356515300923,123.26832829692559,110.5311930966276,111.11245928872253,130.17438685127706,110.7308611613631,52.5980253879557
1035,424.8638846260813,2087.7687750516266,0.4260556303175809,0.4426685003656777,0.10621200121523972,49,0.0,0.06196254972751682,6.9089453583718825,-2.098529394847882,424.8638846260813,2087.7687750516266,4457.980756848934,0.0,0.0,173.93466702028635,64.66536308363222,361.3612571031624,356.96055143649636,371.33203964732047,350.9680670065434,400.3431343260168,407.3072645625541,396.8180978235175,396.58219733619825,408.0019216011911,415.9513733275403,402.63912172739236,189.71573095100086
1036,2967.0512874371225,2087.339144464726,0.4224261361375713,0.17448612220355245,0.6220966826047112,49,0.0,0.006645059643471462,1.2309308981933922,-0.2255841831494791,2967.0512874371225,2087.339144464726,1245.7747625908755,0.0,392.7149824601839,171.45925500744883,64.66363119043714,16.08949758424027,50.55771366100406,481.3772449354783,119.02172328557398,121.48116569506061,102.21073060959007,57.3355767115184,75.5267023035491,67.14576106056532,58.914552696741836,54.51026989141337,41.60382415614016
1037,2446.898414922529,2090.2772410329007,0.5993522314441996,0.4443407028593736,0.22900508041418582,49,0.0,0.03064638623496537,2.9286324292615107,-1.1666621677147582,2446.898414922529,2090.2772410329007,2908.444954225156,0.0,0.0,171.96560411411807,64.66853850962384,223.9590327299603,250.12669138721438,249.00641908755716,255.31825682840295,230.57601782522778,278.40394123490887,252.97407026693014,273.66760478113304,265.8894915012359,270.3919000003709,264.85367133692614,93.2778572452885
1038,1595.4567427034024,2092.1871209250135,0.6873628935782051,0.3129680012094604,0.3278649133607515,49,0.0,0.012609608378250632,1.3423421396369961,-0.3196580601084372,1595.4567427034024,2092.1871209250135,768.418998093354,0.0,0.0,172.79479033373528,64.67162708888134,77.22089512629627,72.50217420866352,64.50781477613305,63.05461814309354,63.19431079899424,65.38520722203424,77.4892538035235,60.14558487167025,61.04103740415137,64.22382343484159,75.28752738084077,24.36675092311163
1039,1856.2041871847018,2091.8385865050595,0.8890032849079359,-0.014762213199261905,0.5778107929501637,49,0.0,0.01076589633780298,1.034724578341088,-0.03706191307022928,1856.2041871847018,2091.8385865050595,716.2581780924244,0.0,0.0,172.54083653833965,64.67127265905087,57.72098620262575,67.80670710324632,58.53734060276987,73.0613888586724,69.38346403794405,66.9792455925668,49.57097599210436,50.161404098622626,52.74372193690776,70.11910238669968,66.11141469743043,34.062426582834334
1040,418.81396938312025,2093.411626602183,0.48490485267347055,-0.0681254182542106,-0.05684388465373335,49,0.0,0.07879163848878351,10.13897215993006,-2.5149848263749295,418.81396938312025,2093.411626602183,4312.206684093161,0.0,0.0,173.94065618199517,64.66766813462831,374.4296145720332,359.72056946104146,357.770211163575,368.57515690807145,399.5823502016714,359.62078858034243,393.54113502566565,386.28530229749686,367.57552745453404,354.3642304750217,407.0164684379537,183.72532951575425
1041,1545.8517831525146,2092.624106674678,0.4122464360834861,0.1755760659293121,0.09357048569960749,49,0.0,0.010736792897878635,1.5207686580312356,-0.45515788361711784,1545.8517831525146,2092.624106674678,830.1173333737713,0.0,0.0,172.8431037530734,64.67179968587108,64.32368879053355,92.45249941678775,63.58919901165058,73.7818223513035,82.56388864762452,63.399999587571294,68.73272647204249,63.67922161362094,56.44207977343019,86.92485870278784,64.891694208225,49.335654798193644
1042,2258.2229680810724,2092.5601950524415,0.744781144946483,0.687392697983533,0.4546854709861995,49,0.0,0.01299574890947063,1.1591249402650372,-0.16032562602465233,2258.2229680810724,2092.5601950524415,826.659794619035,0.0,0.0,172.14930781719644,64.67039793452714,70.42812010056082,62.5197212435546,69.15049464390904,73.09479007715032,63.600073488231665,67.1834047961751,72.65121678028773,86.30072328464051,80.01891885105707,55.28782855790213,91.00534736018177,35.419155435384255
1043,1731.6220143034113,2096.288239479808,0.7817055301275729,0.4072765991219888,0.43684635316084425,49,0.0,0.014285890816910627,1.4701635161758633,-0.4184141025567054,1731.6220143034113,2096.288239479808,850.2473900580416,0.0,0.0,172.66216344597598,64.6732809095915,79.92982300139295,76.81853034684246,68.26763375299481,77.19444677533532,70.24283995580544,73.09536322790254,81.40219265315801,61.70794930708238,69.23577706612544,81.23794939864842,65.31747825364047,45.79740631911329
1044,1697.6827541990044,2100.371533750559,0.5701040016929023,-0.09029559194385951,0.03795332352117391,49,0.0,0.01889578140307764,2.2033762284215417,-0.8577216491147635,1697.6827541990044,2100.371533750559,1069.8085470428791,0.0,0.0,172.6952148372065,64.67500706200165,92.13807161883835,78.72526732148287,88.15796603496804,99.36961923537444,85.54993750259491,101.9526408490326,75.12314574704597,95.44404335412477,104.5099407789118,100.5048829094367,90.16808458313457,58.16494710793435
1045,540.1240344827056,2104.7963605395294,0.7904368024516616,0.2170012019399563,0.06508548417398208,49,0.0,0.016793042500731405,1.7537960211449901,-0.6099477011346376,540.1240344827056,2104.7963605395294,860.7101039489241,0.0,0.0,173.8227264833531,64.67328135670503,66.23396639929727,63.526123209620195,83.35913032443386,69.37201350169757,69.44319567397824,79.18717469994627,89.01706586186907,79.30031485167738,69.69078276319553,79.3746575040577,74.55080230616778,37.654876852983264
1046,582.9622346961129,2104.3324260537765,0.782599010489269,-0.12420231112172316,0.6312685810961777,49,0.0,0.012607275096776581,1.1271598318450202,-0.12996375898530918,582.9622346961129,2104.3324260537765,818.0096716944468,0.0,0.0,173.78100183050333,64.6733730186684,65.01354641505313,71.24408000503111,66.07573149184506,63.02706282460885,60.09522189717505,75.27089508116777,67.62160207718966,79.80477695183012,74.98144616608644,85.3595138143076,71.83959806110647,37.67619690904556
1047,1140.7871527613129,2108.84640702961,0.36388009382608827,-0.08476316666240492,0.1098443348845101,49,0.0,0.014729364343683266,1.5822424950771499,-0.49818261099395167,1140.7871527613129,2108.84640702961,1243.1964815998276,0.0,0.0,173.23772410238413,64.6778917741086,108.94157280102391,92.44187443345045,84.08370298132722,114.26271176453032,108.91829415686183,120.42884301828832,122.9108424767666,114.9143988335683,113.09560155545901,106.37159298894545,97.40955351539543,59.417493074210775
1048,956.35372843772,2108.8755027638204,0.5915270256832483,0.1385049978715512,0.07530941039170003,49,0.0,0.0470886237988269,6.7517613803927246,-2.0735427128169714,956.35372843772,2108.8755027638204,1372.9946096400736,0.0,0.0,173.41738447675232,64.67725205577695,121.0098900713485,132.19577757918634,115.56953234201058,126.07784067201557,93.85842737588845,137.49493122736544,105.04011532029413,109.33987454361062,124.2992370240861,103.48382622554004,137.50416358513593,67.12099367359167
1049,427.75996283060584,2110.6690798110735,0.524177134794641,-0.191805113291846,0.045587614454097404,49,0.0,0.01587343077828595,2.0531109474588893,-0.7810310467913804,427.75996283060584,2110.6690798110735,976.7473795632905,0.0,0.0,173.93224881325517,64.67492462347172,85.21446446836393,80.19527191494956,82.00378197019722,90.2126412920342,92.08480736088072,78.72245942941548,85.61204625758599,71.96428909208672,93.511961466613,85.58677538507001,84.5339888208777,47.10489210521595
1050,2035.3491451583445,2114.7427684208546,0.6855421911901337,0.14931072652514596,0.15676299530593538,49,0.0,0.08588949569601899,11.20966425250881,-2.6239815124271324,2035.3491451583445,2114.7427684208546,1961.3818191188907,0.0,0.0,172.36621536746756,64.68041970585256,145.9511783584024,165.6890627266535,184.0411461433204,153.14507825678544,180.8253004216342,167.02844990767247,174.09653749337548,168.63479293059692,163.08159216172672,183.85618787150474,178.05433852041654,96.97815432680206
1051,1234.377318328756,2115.8668500840176,0.6197036562350521,0.13688333692890273,-0.3924810310918108,49,0.0,0.011335057323680309,1.377570811405182,-0.3477848304467853,1234.377318328756,2115.8668500840176,728.0177135107906,0.0,0.0,173.1465909787356,64.68106433247894,53.953198949483834,68.5202594591957,61.69371231896504,55.49866535793873,67.94734379882507,56.3213460199367,57.720876228973154,65.92822088127112,78.32276284900514,74.57910919538182,69.10557993949149,18.426638512322732
1052,1709.5828977602637,2116.2607644518994,0.5785556936131686,0.1151770216531079,-0.125066551022781,49,0.0,0.016989562143853644,2.106102734899664,-0.8086988802193485,1709.5828977602637,2116.2607644518994,938.2861565412036,0.0,0.0,172.6835972884695,64.68161961492358,86.2000688403961,74.67180578644519,86.53908362755114,78.8012648393842,73.28369237873558,77.15638527544627,91.49952914070825,80.11837606089807,90.7688494584479,78.27003579853042,84.86989310078334,36.107172233877016
1053,2060.970052116897,2116.835979684045,0.6054850279333662,0.8303001314570706,0.3298621280611223,49,0.0,0.0134167878919364,1.3715451210702028,-0.343025248971807,2060.970052116897,2116.835979684045,966.0939811931923,0.0,0.0,172.34124011775862,64.68121838383368,75.19605289476017,85.51002379909573,70.10504854182523,78.98515816903138,78.80250699773816,87.82917435868436,80.11289515286987,92.23374013287,98.70728838585674,91.22871201750294,86.05539293845354,41.32798780450426
1054,2355.634086074887,2116.9972421351995,0.47573882670665807,0.10854900149356118,-0.18604170756446334,49,0.0,0.010223148888538862,1.2651720170818725,-0.2553739441957475,2355.634086074887,2116.9972421351995,843.6210018672455,0.0,0.0,172.05417103762178,64.68013856360197,74.02495630201425,88.2354546843793,53.277206685860854,64.20095527212771,63.68592038264404,77.55496361686056,71.72526236855236,77.2276999356931,94.15703242829193,71.9736658946016,68.26767069882543,39.290213597394235
1055,2539.1643716177737,2117.3725390716736,0.4663758336818922,0.427713735136863,0.17822415300530572,49,0.0,0.010905661460489664,1.4116090961686614,-0.374286120541606,2539.1643716177737,2117.3725390716736,861.0759814083826,0.0,0.0,171.87538441496477,64.67929953583052,70.5081292773444,67.81391595166552,83.46090950643398,73.5010249261893,75.58561284487692,74.09044727313571,88.17113119628905,73.78858150473165,70.07337130937566,82.80164179423342,63.96371798622178,37.31749783788538
1056,1278.8483215460321,2120.3161671637768,0.5163356894873996,-0.2048913906016381,-0.2781297782820847,49,0.0,0.010498936002912585,1.3408532237960342,-0.3184531012580121,1278.8483215460321,2120.3161671637768,1064.0238522349653,0.0,0.0,173.103285293878,64.68301610627847,74.39815435753373,84.69439244503576,93.02895134483755,104.66997323271997,84.88245173675526,93.52850772337051,92.67153835622702,86.7615849476113,98.73570481520323,101.74756432255332,100.80147285332825,48.10355609978943
1057,1392.984353757119,2119.831177374783,0.9220956607352458,-0.3080907432091351,-0.09576428637069745,49,0.0,0.024864936699221154,2.2866765973786016,-0.8980118676762104,1392.984353757119,2119.831177374783,960.3367820845363,0.0,0.0,172.9920745500877,64.68300745872378,77.96421455311713,86.17737917844937,86.55639640221432,79.02173563495431,88.02859170284553,83.21392297532816,78.74199241574352,85.3868284523018,79.88504867701819,80.40336816646763,84.10512434404922,50.85217958204716
1058,1300.298261420622,2122.719139657221,0.32428490916608443,0.3865535256835345,-0.059012757901952595,49,0.0,0.009642875167511174,1.672609297997954,-0.558486266722162,1300.298261420622,2122.719139657221,760.0551678841764,0.0,0.0,173.08239633637922,64.68406003576283,52.37024438232758,63.567574047219765,55.466350837451245,66.92173207724417,72.6977659758424,71.0560221887287,69.21320071141474,72.3477453910725,64.94135947322629,69.24652352929022,66.65906530498664,35.56758396537222
1059,1733.6525422510374,2123.760967171009,0.9311149742886412,-0.1642562340706106,-0.18150099480150586,49,0.0,0.011603023339923415,1.0048476961646005,-0.005250602829627088,1733.6525422510374,2123.760967171009,854.2229525301871,0.0,0.0,172.66013100761154,64.68472597519776,81.60531388464108,61.16749392924223,84.06968507761972,82.21578173887278,67.06781791170388,73.82700362272938,69.45255091174369,68.3826601936057,71.83798013476667,83.35301255177856,80.10282324652783,31.14082932695552
1060,2556.7671190527517,2127.92994109237,0.32941350638722366,-0.18661396778510037,-0.20399483723045442,49,0.0,0.008378067900965956,1.2225200379973196,-0.21813996564526858,2556.7671190527517,2127.92994109237,828.9051583886721,0.0,0.0,171.8580870068028,64.68359100751283,55.697546718944224,75.15249994765486,74.3922256567069,81.7459908369407,78.36064955144894,77.25776840730235,61.90964623879954,55.899066907966166,90.6756510999845,82.40157380946673,64.58267086809906,30.82986834535817
1061,2623.7165289416016,2128.064092405371,0.48157877817068184,0.540550701490892,0.17397648339981406,49,0.0,0.010159325919449647,1.38712973611269,-0.35529270467112467,2623.7165289416016,2128.064092405371,792.9847593145944,0.0,0.0,171.79286185575359,64.68322248519603,69.2679165382101,58.89230166746893,81.68404375548386,67.3397355848181,69.10032386351784,76.72211018457958,65.0567489093298,76.79324709191178,58.89877498022606,71.44095051105319,65.841360702187,31.94724552580823
1062,866.1452700313706,2134.9713081740533,0.6186140757756139,0.19735281642678057,0.1182316714628212,49,0.0,0.560944697696032,81.56457620796614,-4.7787539600689035,866.1452700313706,2134.9713081740533,8999.3803377515,0.0,0.0,173.5055405137776,64.68772617282833,663.776495595456,746.2316463151067,750.6042082561314,811.913251728105,779.5171813815107,840.7778987641941,763.0469707189741,787.278680758562,796.6588722049858,833.7299073463521,832.5441853256209,393.301039356501
1063,1431.886277125004,2136.3224913785903,0.7130949926492414,0.03432408839520059,0.26873952702613935,49,0.0,0.026454609485702614,3.3072477463688217,-1.2986668229743212,1431.886277125004,2136.3224913785903,975.7375406209346,0.0,0.0,172.95421166765635,64.68992557104062,75.38486410964939,93.06035103756126,76.82205825496152,72.27126797104107,89.9218924134308,94.15520169946504,77.53522805136001,105.11007514889401,82.8459257807979,87.8454432621211,87.32464242938005,33.46059046227252
1064,1295.381790579315,2137.765901091437,0.5011618400071419,-0.456311662469612,0.11310961190376785,49,0.0,0.016665562508265612,2.0151648504222344,-0.7607764484016049,1295.381790579315,2137.765901091437,1005.3436637803961,0.0,0.0,173.0872555465787,64.69031981102918,84.54172642609112,74.26029777017376,83.20703675792531,76.13724761510187,96.83557581983763,87.595535982592,89.38524789405218,91.33396522345231,91.51273405538849,91.5953603237312,86.65559610236285,52.28333980968726
1065,2421.1836029789897,2136.721721425064,0.5460515948704959,0.3044305732135614,0.19548528946341437,49,0.0,0.22739692231125144,33.845236878447686,-3.8237438950374485,2421.1836029789897,2136.721721425064,4909.211775492773,0.0,0.0,171.9900737803635,64.68802542529532,420.23914495432336,442.98412121536575,396.27127611370713,434.20143458310974,439.11879874820556,403.32935473706556,430.4795872846652,383.4535625819169,441.6818978031524,457.2208914524605,450.4926179456174,209.73908807318227
1066,1042.7284964704972,2138.9694876904314,0.7553636572068603,0.04189719831543957,0.26935490673749957,49,0.0,0.017081266752170823,1.9632784445142872,-0.7324547458675108,1042.7284964704972,2138.9694876904314,755.261563385047,0.0,0.0,173.33349744467526,64.6901228603161,58.00179664683456,64.84634225235321,68.55237717425754,61.04182827374816,81.76893928652788,67.12736321244385,61.779115032429246,60.01919287813722,69.72351207400766,67.04120211149056,64.42348780452525,30.936406638291935
1067,561.0665045804847,2144.4146950385825,0.6100228751886555,0.12406402920017133,0.22031546497902732,49,0.0,0.6843970845840901,94.7540253742595,-4.941494172212258,561.0665045804847,2144.4146950385825,12921.688850893672,0.0,0.0,173.8029476009345,64.6899269502355,945.3960430710315,1104.0668289185303,1101.537755720593,1114.449993094729,1169.2977622236153,1217.3714109111252,1186.443820138174,1086.6955838294207,1146.1753241159763,1174.7746719736106,1130.9069664033755,544.5726904934888
1068,1090.286140827681,2143.43776823819,0.752006986740779,0.40185620252458465,0.7914405960369264,49,0.0,0.010283025437351847,1.05773479967529,-0.06094198239765286,1090.286140827681,2143.43776823819,716.728655731828,0.0,0.0,173.28718303515856,64.69214725791532,61.351382382557496,59.97821828536206,68.84357852914718,66.47879064612569,47.33953361514449,61.595474500665986,62.69269401806261,55.493622750773895,67.10615165725277,64.39922866419279,68.43845185892862,33.01152882361443
1069,1470.5003618425717,2147.8717184701945,0.5960836273779564,0.3356578991245612,0.14023045953241745,49,0.0,0.1981189617744355,28.325227357279015,-3.6304335112207955,1470.5003618425717,2147.8717184701945,3953.6456931803077,0.0,0.0,172.9166004555936,64.69477460218715,313.67317872912895,344.87084807282974,345.6109772234233,356.29631007188823,347.32393373306604,343.9914451680878,347.8124730017703,339.08411691693266,353.3585886756083,353.2319771226943,346.6010390510805,161.79080541379705
1070,2393.6583014949906,2148.4340876944243,0.2846423545700891,-0.2722119023922142,0.38763815831958826,49,0.0,0.014583524640034764,2.412412015426763,-0.9561287072038726,2393.6583014949906,2148.4340876944243,1051.1773696698506,0.0,0.0,172.0167565307955,64.6930473508493,96.04988714846168,83.05708481603335,85.68553581214293,95.59916044943874,88.79169796808225,87.76156629912074,100.92058407302093,84.88402468649367,107.36434911176107,77.5888684323899,95.50176996429626,47.972840908609186
1071,2094.2443029184474,2149.8064585041343,0.7453595937856649,0.22247852156323486,0.37983107382754955,49,0.0,0.012330591206203358,1.340681315839723,-0.31831389239118607,2094.2443029184474,2149.8064585041343,785.0438116219009,0.0,0.0,172.3085788355176,64.6948537188899,67.622056397544,69.51941123792611,77.22896627797206,60.84041465661658,68.70290113296161,64.96342848883253,68.84298769021042,65.89248186836602,69.38228264317893,68.13806156403254,75.33055867869058,28.580260985569414
1072,2583.2404593855044,2149.702819114919,0.6907375072343721,0.05600172978551705,0.13556293568883965,49,0.0,0.2302163180859381,30.20591504202189,-3.7002299913805214,2583.2404593855044,2149.702819114919,4121.265348385226,0.0,0.0,171.83197596995143,64.69249724639944,340.79389332370135,333.11230010940886,351.77097439862604,362.32262487723824,351.27829726571883,383.41747346210894,348.7764579576345,377.4687665982524,357.2736956751693,394.83966345415246,345.58856310401086,174.6226381592047
1073,1171.949970738041,2151.6511538370023,0.9680907492363834,-0.09938097357395866,0.17470253764499893,49,0.0,0.015468910067303636,1.1969517232085645,-0.19519158577597287,1171.949970738041,2151.6511538370023,1069.9705379887819,0.0,0.0,173.20764119259522,64.69581497717176,88.11104728638122,94.47355872160028,84.13943891328282,95.26933318844853,87.61819327685504,93.8945213742384,91.01775605620797,100.08539548906859,103.01446949024472,83.27449753175163,91.22336923298082,57.848957427721984
1074,1139.2713287170113,2151.1426262031428,0.30522736277703044,0.16400562419544934,0.36427677909272393,49,0.0,0.0069098251614216205,1.0373833186653068,-0.039848150425351864,1139.2713287170113,2151.1426262031428,756.8575429205314,0.0,0.0,173.23949249189857,64.69550992699084,58.61013799564264,66.43985546907767,65.76011810037072,57.92238819886657,56.606868940101535,71.7674482201821,69.46914420268858,69.3387183742125,70.99789464965829,68.60562976187936,73.4621208899892,27.8772181178623
1075,2522.7469227333536,2152.03431460394,0.5512835728841003,-0.23333572864822863,0.04801618586476322,49,0.0,0.016804904620904018,2.3210897540933235,-0.9142298362257452,2522.7469227333536,2152.03431460394,907.7025623213242,0.0,0.0,171.89089841331952,64.69383777601831,76.85526893923165,80.64561302664893,91.33745174726991,80.32217993244939,72.03106218939158,68.69717649649037,68.1297568741821,64.8881312295646,81.55256928543875,102.71826001933752,85.14397181286577,35.38112076845365
1076,1297.359875389883,2152.847800947884,0.5567434855408547,0.043796750050887054,0.1047396912825601,49,0.0,0.06555592282572548,10.160204529774985,-2.517256126478658,1297.359875389883,2152.847800947884,1564.3503154507537,0.0,0.0,173.085396091724,64.6966076085802,117.13021695609852,141.91854090969724,126.01871433065793,150.91591263584866,135.7809108523454,136.10159431261113,150.2896980809312,120.59170995910972,137.8415267448776,147.51808827494335,133.17997270245604,67.06342969117676
1077,2542.678144589359,2153.515774746425,0.5589019239114374,0.41850751087671073,0.24236502228439524,49,0.0,0.09324365568794866,14.03091775627534,-2.867715197430214,2542.678144589359,2153.515774746425,2151.2068486098397,0.0,0.0,171.8714524335939,64.69433590062718,166.4834497413991,199.78536926310127,177.83904439587027,184.6005871469817,204.15592986274453,179.39780980640617,178.2742076627685,213.8908662896837,212.90324469015536,190.24912688693246,157.35882537671733,86.2683874870786
1078,2620.208178819709,2154.796662066854,0.4954455811268071,-0.0909729668204353,-0.10522431070770064,49,0.0,0.013616255983828929,1.468247054736109,-0.4169978458322024,2620.208178819709,2154.796662066854,1252.1242043628808,0.0,0.0,171.79587196181228,64.69438216600587,120.24493968754147,87.57362842606985,90.0569199530338,98.32079461200917,112.44804106534224,105.31969174053268,114.12636878616092,127.44389456371462,113.27029993420058,123.77773557945933,106.00742906093693,53.534460953879254
1079,1628.3698199278997,2155.9733227188663,0.5581904538185959,0.3167613383373905,0.09897654113108387,49,0.0,0.09094637299862104,13.660645667375418,-2.838678066656506,1628.3698199278997,2155.9733227188663,2152.4227232718713,0.0,0.0,172.76270784350297,64.69820187934938,178.26689915929768,210.73586384148695,188.71944825612204,176.4878074405542,187.59958544517957,186.49957798131138,167.36971384519705,180.08466175957562,191.93321704394964,203.31420160503598,183.0778903451543,98.33385654900678
1080,2422.890091260884,2161.749981174137,0.6457402125525065,0.3452789187574719,0.2256104999844247,49,0.0,0.27525424999299797,37.86379319499847,-3.9455602985766696,2422.890091260884,2161.749981174137,4907.979653419374,0.0,0.0,171.98810295342005,64.69844370187205,411.14143386794746,464.5713678819861,404.38890381802906,452.5595402610436,440.4484651907735,415.7971455270965,437.602783273998,429.28802543722145,430.2367812426561,419.6593475191414,395.33734943784157,206.94850996163888
1081,764.4782239877939,2163.315075189846,0.25733698878431355,0.34425096316062903,0.49711652437628107,49,0.0,0.007460464173723056,1.055143067030115,-0.0582783742245718,764.4782239877939,2163.315075189846,821.4447419185128,0.0,0.0,173.60496167679554,64.69902329928699,50.85366040950652,91.50331539239312,77.80352989883829,63.16971132754359,72.41395346454104,64.06168632926922,71.2107694091116,60.89136750890721,79.47300490701906,70.4621245428801,70.96005567607978,48.64156305242333
1082,1091.5874184222066,2163.589417998098,0.5432879108026758,0.25086767430503,0.2216799915983968,49,0.0,0.03156490273673597,4.251435958762934,-1.5713391037358504,1091.5874184222066,2163.589417998098,1271.866523543746,0.0,0.0,173.28606822951292,64.70054757791713,99.07071917170838,124.27685473701605,111.9556799091148,117.0270376268362,109.0251791107899,108.98410415803625,102.56558101868515,101.34158800824943,109.79078040535782,103.39735560497522,125.45941525746645,58.972228535510496
1083,2612.4621852305586,2165.482173829985,0.5616744829141542,0.4678160937210754,0.15969774259054412,49,0.0,0.4299377334275107,62.65781234327908,-4.492438069253306,2612.4621852305586,2165.482173829985,8823.262167160918,0.0,0.0,171.80325938924426,64.6988841542329,728.4493934382322,747.1388084131,757.1341198042503,789.8178611900771,760.2623548499712,772.5580270820969,753.3563357288102,792.8025978151991,804.8150405845084,803.2362135634942,750.6323400388444,363.0590746523352
1084,729.350537374899,2169.456144961321,0.36726297446414824,-0.0092988867178236,0.21534784488347705,49,0.0,0.009978824507373035,1.4624427773660191,-0.4126972049020114,729.350537374899,2169.456144961321,857.4575508486153,0.0,0.0,173.63928474563713,64.701389568286,73.73036186379153,80.68279043772556,80.08401329031115,57.20864711505243,62.684883903494864,73.42358328616633,76.4994847106049,69.01840664852814,87.18759175536897,74.20091303180928,79.47327060433219,43.263604201429885
1085,1763.3903031030643,2170.532093264687,0.5818705935986764,0.37268672756865834,0.22194764817970827,49,0.0,0.04279646324711916,5.941122649560103,-1.9346712952984504,1763.3903031030643,2170.532093264687,1322.7658042291544,0.0,0.0,172.63103986390482,64.70418536500036,112.78132400559863,126.38466397417325,136.83427919520307,101.26047477314266,109.36628918824694,151.11182090363513,109.11015027851431,115.88591177980354,103.14334887964083,105.29110421860199,101.14757934691724,50.448857685676714
1086,2128.5925475448653,2170.8095235890482,0.5551378139696543,0.3559887382514497,0.22286793231319774,49,0.0,1.3771692870561385,206.22416124055383,-5.785848864768582,2128.5925475448653,2170.8095235890482,26021.41194497175,0.0,0.0,172.27493204281714,64.703492035039,2028.7258228418643,2223.432176254225,2257.8762682812694,2214.5302039703124,2249.321896875509,2367.242821121325,2372.346060920311,2270.9916197500997,2318.86502695595,2356.341835507685,2245.2009946536946,1116.5372178395014
1087,844.7055033625468,2171.5467001703705,0.7626881861562707,0.3264471931777196,0.11920010566960389,49,0.0,0.09804957536606225,12.066659744877136,-2.703967666723842,844.7055033625468,2171.5467001703705,2028.575635733432,0.0,0.0,173.52684594781442,64.70286208077611,156.03528063232017,184.384807233068,179.38610846658656,189.2193412676907,163.1045248248497,177.2581661778193,172.52873768672842,182.95746706155194,184.62142974255988,181.0550691081794,167.51320855705416,90.5114949750236
1088,2940.779376683986,2176.776650401793,0.5840065459431433,-0.20570110246744644,-0.09540761062871397,49,0.0,0.011923321446660404,1.7996850380549507,-0.6379912652534175,2940.779376683986,2176.776650401793,686.7334252451388,0.0,212.40418292417672,171.48303524130102,64.70111413744421,0.0,0.0,63.76171877639201,78.09892841168815,96.35583588967633,40.210277249842186,45.28570441439345,55.16838160205153,112.99852340971871,107.89392192607457,61.48807714357078,25.472056421731132
1089,242.12995718410866,2175.985230502812,0.4152266690281287,0.43067804589624387,0.5145212168858062,49,0.0,0.006012510411043934,1.2802448407982256,-0.26823258591483184,242.12995718410866,2175.985230502812,450.2981242771274,36.76868997743436,370.8232411095053,174.1143386190415,64.70062800920012,43.01922837620771,48.26764467681423,63.08093095614488,42.79246797112496,46.64351953225045,67.96096684041355,33.56051018472347,27.165782111359913,21.21156338251751,16.858618957807572,39.736891287763115,0.0
1090,524.3140407497041,2181.2789058920603,0.8390370266200303,0.08946625555002669,-0.14352432460020625,49,0.0,0.01250471867939877,1.1795203241617302,-0.17926357139494858,524.3140407497041,2181.2789058920603,766.022860776595,0.0,0.0,173.83935376817374,64.70503513763663,64.52955492082918,73.38756333765582,54.62882062920438,73.47902524071331,49.523064879241886,78.31628954951796,83.15910416469053,59.02263085216404,53.49574000709023,70.6766741357996,76.01543715632202,29.788955903365967
1091,2781.127267298189,2182.7928563199466,0.5428456127886117,0.4321452086749681,0.26421381390641174,49,0.0,0.3949625247685708,56.4830718413585,-4.379795769661132,2781.127267298189,2182.7928563199466,9489.282325963795,0.0,0.0,171.63855340155564,64.70491026156364,743.2004056173253,850.4848768734173,799.2287282208977,789.8728855376492,836.8689271538253,795.6969219154598,862.3295579694181,844.2119914535215,885.8705684246129,912.2542231468465,855.0212906989384,314.241948951885
1092,450.91277035056436,2183.9238987651315,0.5073710220072194,0.4039104640928715,0.4911874318830863,49,0.0,0.010012722013083961,1.080244710723845,-0.08380537130665103,450.91277035056436,2183.9238987651315,924.1877022923536,0.0,0.0,173.9109610908734,64.70561328725499,67.86992396343138,85.9198559493502,88.36579702917854,71.41913792243908,81.0483198837413,73.39718914458307,72.12047861445103,94.28526336297134,81.32115533985618,68.67223834326887,85.22089041196469,54.547452327117895
1093,220.65004440344308,2185.635427595214,0.659163800752541,0.2700529603939553,0.07644445129634334,49,0.0,0.00787170837021189,1.2079384403157574,-0.20511200518214084,220.65004440344308,2185.635427595214,473.67454260406737,23.645054337438353,184.60279690070638,174.1354740357445,64.70445925211428,61.14380502828434,76.06929429913215,72.22895291708895,21.222449067756237,17.39262007339884,11.63802340790913,76.92974927293987,90.51507284189576,7.418551918971548,3.3304676535738675,35.7855561231167,0.0
1094,654.5125230705643,2187.21401791121,0.5245116385284423,0.13853176574973025,0.23623231418788312,49,0.0,0.06379974230648672,7.150553281332574,-2.135849117696132,654.5125230705643,2187.21401791121,2714.6988484367707,0.0,0.0,173.71249431720474,64.70835173474786,213.73965431125396,225.72210510408206,236.35226833760038,223.0970646504598,256.20028836646605,261.9570569676969,235.14784139318192,234.9781271497813,236.11628717907342,236.20960331727517,230.39343159064913,124.78512006925098
1095,1603.9035068687974,2187.918014400897,0.388124342516408,0.27553464390961485,0.2651982784786333,49,0.0,0.009696263422513196,1.4423875748017863,-0.3977049314394568,1603.9035068687974,2187.918014400897,803.6990829067272,0.0,0.0,172.78655867739275,64.7115143897278,71.2346028745095,77.39759845991414,63.92182339572029,69.48415469838783,73.45513078474224,72.22335000186803,77.42176108094107,60.6589488481888,61.34027283545366,80.25674980000963,67.61735679917771,28.68733332781438
1096,465.9786443699922,2188.453817090324,0.5405023005747941,-0.5763077110149732,0.12176946732297549,49,0.0,0.011767195079816196,1.2797603552487884,-0.26782163088333544,465.9786443699922,2188.453817090324,939.6274165784159,0.0,0.0,173.8963494281909,64.70761068100165,83.42253087580481,76.66916036568779,82.94502058140009,84.22667815928287,83.93533083366715,81.36747150682298,88.05397996193473,74.13237593975897,74.03137868786688,89.50306578913634,78.00539535481367,43.335028522239575
1097,2482.962623953973,2189.831859103858,0.952029813540753,0.1189315192712251,0.15262744194067354,49,0.0,0.050560539895531664,5.094183938846143,-1.767686555624579,2482.962623953973,2189.831859103858,1179.470156585959,0.0,0.0,171.92917366900727,64.70981475826235,100.51023299894982,103.2372564258164,107.43652962930034,109.03661751258363,85.84565046032989,116.50978992805682,95.37830869695665,103.33608551674749,96.44036863136525,124.06290836043425,84.30805071828271,53.36835770713586
1098,2516.468506497929,2190.2584880642607,0.580034150823374,0.25077528981178243,-0.009757744220568722,49,0.0,0.03281280259981127,4.664374071864859,-1.6719834313672208,2516.468506497929,2190.2584880642607,1121.2649464694769,0.0,0.0,171.89649324841443,64.70979928967348,87.46591972892307,90.15389698490331,92.0785223497672,95.02563779792101,94.92173190201423,96.24102923698342,118.21631247094307,91.23225703815862,99.55222725907876,103.93963757843017,105.7917518553405,46.64602226701332
1099,1344.183597160875,2190.5860779990926,0.3055083151117623,-0.21633554541685696,0.07917496812804155,49,0.0,0.012996581570483164,2.2027393454862163,-0.8574077731601761,1344.183597160875,2190.5860779990926,904.0823112423734,0.0,0.0,173.03989523871712,64.71241541592877,78.10829091941346,76.46339792539662,64.60055104758419,96.76248224189158,86.36192252319373,71.86514412694268,77.2370576438863,78.0896778208173,87.33958844674454,81.99709345505835,76.47870140619267,28.77840368525209
1100,2902.66442655326,2192.238568821507,0.5177381370574257,0.05931661884671664,0.5292171253854955,49,0.0,0.008610725410979523,1.0527260933416702,-0.055788469216312635,2902.66442655326,2192.238568821507,958.1049947831208,0.0,550.3102290004028,171.51988549808934,64.70787769998942,101.06902526996234,159.37681809052032,65.32833543186447,88.31240066155169,79.91686744632466,109.74273151713786,59.294412868879775,78.89977329863245,47.509530699379894,66.06378727584305,69.88257582729864,32.70873639572565
1101,231.3296318621375,2191.765890862294,0.546300859288213,-0.36588219669013866,-0.08741812430724094,49,0.0,0.1265850719027495,16.046455953645868,-3.0134478208657223,231.3296318621375,2191.765890862294,3827.914664826931,270.63087280283014,3226.522579365497,174.1251890477139,64.70710697837539,510.5269974463896,557.8348218181172,435.8740500217393,416.4647495248337,346.28695937757533,325.71758081177893,334.2921510227739,351.2604127550078,277.5664837055056,183.30626132883586,88.78419701437399,0.0
1102,2380.4647224962814,2191.927901436939,0.9673276164408241,0.3200488453401194,-0.08561653126483035,49,0.0,0.016187716649504445,1.3317030801929843,-0.31101851064377195,2380.4647224962814,2191.927901436939,863.6412506052495,0.0,0.0,172.02910738313244,64.71123436893514,77.08047909220615,66.11280113929718,89.30332406272899,80.73299303929115,89.70974508239449,66.60041464104135,59.97015582005869,75.70727394987193,70.48911299439496,71.50406680900123,85.97756162940655,30.453322345556963
1103,1491.8939684565132,2200.600782262709,0.6459811244482829,0.8426831807720936,0.2737508515955728,49,0.0,0.011455827369520631,1.2377967751976453,-0.23162336725308788,1491.8939684565132,2200.600782262709,841.3650984837614,0.0,0.0,172.89583205238603,64.71676098201904,63.11499133446516,70.64302195033116,66.77738250542953,81.86810970020733,67.6292857935854,78.2514149807236,67.7899227680428,65.23766991722871,76.20036507615274,88.15061131905514,73.75331302361617,41.949010114923595
1104,2203.511385986315,2201.2512188493483,0.44747580885440086,0.34080963742109666,0.3554057283660737,49,0.0,0.022705989156529893,3.6003459286769934,-1.3908605767084117,2203.511385986315,2201.2512188493483,1064.4341796945619,0.0,0.0,172.20160802630593,64.71590354361985,84.62014934180976,72.65266988446025,84.95523395022852,96.36793830344448,101.8970327481735,89.84229283219517,93.68026946613963,88.6585326481686,104.03412479163863,109.7994982697912,91.38583424830021,46.54060321021194
1105,682.7462055853188,2202.4721531719224,0.475406587620293,0.5575704352086386,0.7194209160024074,49,0.0,0.009878020603664,1.007051099663642,-0.007628770075449541,682.7462055853188,2202.4721531719224,925.8651981771259,0.0,0.0,173.68517252985592,64.71487710559377,88.49057005617846,81.2638518085131,78.37729131315848,76.722627952737,67.64221374490909,90.32370729129184,84.9330853766462,80.73774013588218,81.4961599471006,73.52088433319965,75.10099857047672,47.25606764703261
1106,1309.6016653545762,2201.868735354667,0.7374803584997008,0.2852905887022706,0.15407940061062464,49,0.0,0.019007963354235435,1.9080465042540404,-0.7014723885705978,1309.6016653545762,2201.868735354667,947.3529837864253,0.0,0.0,173.0736759060875,64.71705569242738,64.42566906914769,72.70001457033007,82.9089232821502,78.56345856298901,83.22201759722827,87.02915239312466,95.45425589180721,79.16401210232434,96.93130117679316,90.58896158992836,76.38253289790347,39.98268465269884
1107,2064.2661210246706,2203.0513441337707,0.7738367486677912,0.04365149032991201,0.6740634294139873,49,0.0,0.010666243373797438,1.1410306964146517,-0.1432433203009581,2064.2661210246706,2203.0513441337707,679.0679792375935,0.0,0.0,172.33743034567738,64.71712998626454,59.106434557025125,54.95166550107142,56.42773244216748,65.43644764785067,61.60136423907877,45.415082494903785,55.43855015320973,53.78939193275727,78.86636172858073,60.31243938720064,66.31641912866506,21.406090025082833
1108,1288.98433862725,2203.9341504552704,0.5680855457419771,0.14100941046935528,0.062422756222079025,49,0.0,0.02158870981475036,3.053981448658108,-1.212165986540785,1288.98433862725,2203.9341504552704,907.1926607124137,0.0,0.0,173.09379924206397,64.71787641592492,89.43916418156965,84.59693775843033,77.19021270178472,64.23631811032367,71.60243920018888,65.40401924517963,83.53343753973238,82.71483927888383,70.33989366634401,81.10677964595945,82.68410357595488,54.34451580806234
1109,1206.6164190926843,2205.260001361992,0.8842608549550302,0.46244620042772366,-0.14626660441495226,49,0.0,0.013833369220690398,1.300011427136081,-0.2848679244600391,1206.6164190926843,2205.260001361992,764.8052190316571,0.0,0.0,173.17416467898008,64.71824246244766,55.96862861062269,69.35110813186708,54.1143094327694,72.66749123643359,82.56008159250567,65.00958382628464,70.62512891547743,50.42603745304009,69.59634032323228,58.20768301639322,80.71239890715495,35.5664275858761
1110,764.1691254826505,2207.9625117842575,0.5146682262065579,0.2576713065595672,0.15164799637353238,49,0.0,0.4742503228105972,74.61667680573537,-4.6820897575316,764.1691254826505,2207.9625117842575,9889.233149863789,0.0,0.0,173.60582230904959,64.7176225254086,745.0394285477884,915.0364268449807,812.4357522503141,867.7279703410658,814.3378441326163,886.6207824422058,923.7635744116931,904.9143223035096,864.6931666800695,878.407456046142,898.3215931448054,377.9348327185976
1111,1804.0601327629004,2210.5962343673773,0.3378120692109854,0.2993995568718651,0.30881963074184887,49,0.0,0.01684914351086512,2.7942141847186854,-1.115649232502175,1804.0601327629004,2210.5962343673773,1158.8179799235968,0.0,0.0,172.59125974224543,64.72083057455455,102.59000476370103,103.06460325620736,96.18794313837019,96.41281495216808,88.57638479305034,99.17555067075139,95.61495781709532,100.17891904041468,99.14049733445988,111.55782913558488,115.63090528066944,50.687569741123994
1112,2549.5357330693173,2210.2047310291314,0.4570145339671556,0.3457436751708442,0.47143094316227474,49,0.0,0.010077751599632218,1.2360465387656696,-0.23008705703697824,2549.5357330693173,2210.2047310291314,893.4745932939435,0.0,0.0,171.86396315443926,64.71791125100877,70.83621194303564,75.72920282187724,73.70728987598832,85.03867657828042,77.59390292681107,91.0804589766231,70.93365964426926,70.31272677809295,76.38376985446598,79.58881563938516,82.13210504798863,40.1377732071257
1113,2889.9613524684014,2215.310128490162,0.8015156892281914,0.41853284059297247,0.2540794034561646,49,0.0,0.01559940730535806,1.77854477278763,-0.6251620062895384,2889.9613524684014,2215.310128490162,972.4926314121176,0.0,548.0036604656846,171.53182498230788,64.7175938997578,103.19793470653522,102.7316129084462,86.25371812903023,48.59713525045768,66.93455019582484,90.70722334141382,131.43024160150173,52.18141063769299,59.95277732235823,112.74674266748865,80.70287127676274,37.05641337460518
1114,1661.5225062209734,2217.25814075432,0.5446739943370299,0.1748806991695411,0.20476570038720943,49,0.0,0.09114957245211656,13.84167624757034,-2.8529717175323905,1661.5225062209734,2217.25814075432,2225.0460491512804,0.0,0.0,172.73033093200385,64.7237272975728,186.60846180549754,179.89504903995498,191.04717660206438,222.40405995821214,205.1187649412721,194.77148893402284,196.31152548280392,183.304561921244,199.74681345326104,194.0918679443343,172.10832197710465,99.63795709150833
1115,1290.9242203068911,2219.228957177973,0.4390182279355054,0.31149097120280395,0.047154960203264616,49,0.0,0.022382406597940697,3.303705053697105,-1.2975031692074483,1290.9242203068911,2219.228957177973,1157.9300577161866,0.0,0.0,173.09197768342605,64.72425290261384,83.18100515055241,113.77842388994281,108.60856199474358,80.43133387550206,94.36113236054123,100.75567315704947,91.33927394837517,120.89363687124379,102.58378514180862,85.6636772997045,130.57120869423005,45.76234533249291
1116,2379.2306675454456,2218.9065099129602,0.6348786041641821,0.6652928325351282,0.1357154826822529,49,0.0,0.02122458040751338,2.4170249726250055,-0.9582028438689509,2379.2306675454456,2218.9065099129602,1113.5192078613654,0.0,0.0,172.02999603444954,64.72248042129506,81.06512903110928,92.01142933477391,95.81905925780609,77.63293318238738,94.80906762560357,109.4878394901919,96.50905432308241,111.91933179608293,101.91637177223427,108.73881448694988,96.23329682408136,47.3768807370624
1117,1058.485988010508,2223.000577561475,0.6337303974432491,-0.03768239762428163,-0.075562192576942,49,0.0,0.010078444856827733,1.1623303930217515,-0.16332398509064855,1058.485988010508,2223.000577561475,694.7247270325379,0.0,0.0,173.31882287133502,64.72518922166967,62.28085720898825,62.9627748530293,60.51789699126887,53.688061953827386,58.87365653373601,55.989823665046885,68.93538148543433,52.45480569730942,45.77841150192381,60.457674049607164,72.49085614270308,40.294526949663286
1118,2471.6480528,2225.3073459991206,0.6102740207438475,0.14385225739269203,0.18990697524193745,49,0.0,0.2908147998667955,40.61591190041793,-4.0217405209340145,2471.6480528,2225.3073459991206,5604.323119209991,0.0,0.0,171.93974442064285,64.72465792036986,433.33882623351974,455.9210124146315,476.72845132547286,467.71610760749746,493.39446292298425,508.6896092782513,516.6012668478849,476.9612076112809,485.8372550508712,508.0146218091369,537.0694476004498,244.05085050800898
1119,2062.7595972897793,2226.236088818187,0.6010597150516672,0.17161626240202593,0.11218336554093913,49,0.0,0.013945518501975857,1.7162197176888943,-0.5864322182097871,2062.7595972897793,2226.236088818187,875.777638873278,0.0,0.0,172.33873934130878,64.7267942802197,62.54665869419513,61.248078325529605,70.00561431595078,86.9035997739721,69.8827943904067,87.77462305716641,80.13411337918033,83.04756007873515,77.87242598482189,86.15894178981904,76.66744518244394,33.53578390105684
1120,1550.1546172596413,2230.0591860066534,0.663823207183167,-0.6596718055049968,-0.16412578731433586,49,0.0,0.009752308485259119,1.0517213175030227,-0.05475169197687175,1550.1546172596413,2230.0591860066534,798.7098091260577,0.0,0.0,172.83901654128536,64.72906477009127,65.39706269287711,76.74705917173479,71.3193560856926,69.53532446317939,67.03617284535997,69.29751785044482,68.29754947735215,54.27519176019064,64.10639426092237,64.4124806464855,84.40810520740035,43.87759466441792
1121,1021.2005580719649,2234.3008572888402,0.690422265626306,0.017064846499145817,0.17054409650903612,49,0.0,0.012545796864195853,1.394985013716086,-0.3614238550538473,1021.2005580719649,2234.3008572888402,762.396130721866,0.0,0.0,173.35530514992308,64.72976319683343,61.62173654856173,72.32443544649921,56.36530534912679,74.79810645617334,70.45730563797393,52.97259183665136,62.51209347517345,58.68331540592973,71.98739764054814,76.39562789245917,67.65133443507352,36.626880597695575
1122,2172.753943661466,2236.7227366544703,0.6846769758373963,0.3819838106967347,0.151755331393214,49,0.0,0.021592943500900783,2.522110674596066,-1.0044103506280924,2172.753943661466,2236.7227366544703,910.2202784353995,0.0,0.0,172.23130723475828,64.7307982817576,83.80479880116255,76.25275213869848,74.70557424233971,78.7579010324111,80.94679405616378,80.64545515323368,70.05232859885491,68.18543650785594,101.03183224767807,70.60406636829003,80.3418632232216,44.89147606548954
1123,1049.410335302709,2237.4524943725614,0.33985026035077437,0.30516231229625473,0.3617353518089285,49,0.0,0.006765729865882536,1.11118267511137,-0.1144636538132182,1049.410335302709,2237.4524943725614,694.4593495549708,0.0,0.0,173.32779864174574,64.73117863138494,65.15847167495647,53.68682961214625,46.030442486045025,62.42536405556091,59.815742241616036,70.39741695070846,60.23984979377266,53.961804023603506,61.123061408579616,63.34785002649714,69.44045893458096,28.832058346903786
1124,1589.1213397958568,2238.1120550678543,0.3378287254981038,0.3757293074586031,-0.04066146154829907,49,0.0,0.013134762658941736,1.5176979483075954,-0.4529633675744914,1589.1213397958568,2238.1120550678543,1145.8276106255566,0.0,0.0,172.80098560208694,64.73242777972447,98.33194972318861,101.31619426019061,101.48048561250047,109.47183254710228,89.06438035322226,99.17150875099065,104.8429106934619,76.32833491777853,109.4080567647919,101.45382898318536,100.13761613056377,54.82051188858014
1125,2135.6475300133816,2238.6984656364875,0.4891262004313146,0.3849111839631849,0.26327417810233555,49,0.0,0.13237557874152764,21.830162109616385,-3.3476424019217776,2135.6475300133816,2238.6984656364875,3002.167048394614,0.0,0.0,172.26750848214076,64.73175333217503,227.86111935137598,234.49570623351022,258.18771359678607,275.8036493948923,250.42978850086317,295.7128299249212,283.2807821528595,241.29845203700694,264.3936470616443,278.8109848648536,264.9201910539689,126.97218422193194
1126,377.12937104092913,2240.1622189293157,0.43747738632669375,0.013943807182487207,0.007205397818037926,49,0.0,0.08722811900497489,8.75545670352909,-2.3556970118708893,377.12937104092913,2240.1622189293157,4669.092375720755,0.0,1772.6109139470223,173.98392598423447,64.72847914304707,366.51711653498876,419.95242466213085,385.9359077846235,396.0688028764135,398.68800174274605,430.9170108551457,416.61886661919397,397.987387809234,395.00364005181103,447.75194451980894,418.6871803073476,194.9640919573106
1127,793.9318128578907,2240.2647478211643,0.5651340605353297,0.30746502502388273,0.2872983830990739,49,0.0,7.98419529728866,1166.5992352680307,-7.667304218510786,793.9318128578907,2240.2647478211643,156457.61198979168,0.0,0.0,173.57717958548693,64.73123708471594,12337.476991316962,13786.199574909311,13714.157494671344,13656.314359545811,13823.745607941311,13915.75610375632,14108.826265210115,13517.267471197423,13806.658174549399,13952.265589665345,13350.678295169328,6488.266061859025
1128,1345.4411692733083,2239.332681237646,0.4393285324872065,0.18649317208552366,0.5290411306172835,49,0.0,0.01122792087995636,1.447642168091135,-0.40165306275275314,1345.4411692733083,2239.332681237646,934.4070409438473,0.0,0.0,173.03885502957195,64.7327279661733,82.59602209377094,86.46263295135111,77.11307229340574,59.9495724416823,73.67754914287931,79.80697787831022,68.93588084138266,81.23849064261114,85.08299744017168,95.1427380835443,99.61068573404941,44.79042140068843
1129,683.657149512076,2240.9165471477118,0.8051837374233288,0.2658989558497881,0.13755535507180527,49,0.0,0.014975953863129892,1.5285822191992167,-0.46072200867620117,683.657149512076,2240.9165471477118,804.2577845401087,0.0,0.0,173.684812558387,64.73089868978492,59.30737209789261,84.64224346155966,63.923781736978114,69.21356268534396,65.96170203346594,82.85801112212172,68.70017179742923,68.31101279823628,76.09960881750354,69.96645040150105,60.75403973793017,34.51982785014641
1130,317.7092644364667,2245.5629441068654,0.7493812698242093,-0.3825546438575562,-0.2638318471888159,49,0.0,0.040582984933289705,4.308133124448388,-1.5857227871220014,317.7092644364667,2245.5629441068654,1417.999341926353,0.0,1332.4271513734338,174.04200774103592,64.73025100975141,119.58898053681705,129.55397128526437,135.0989029338361,129.778204559237,115.18274184679433,114.8892270167448,125.12934165907419,131.9891304707068,122.75920883577223,123.14678112485652,136.1709934681769,34.71185818907292
1131,532.810292877054,2246.293264809907,0.5162072322793293,0.019649412427878304,0.12410562570168475,49,0.0,0.9441319859002884,141.64535519355957,-5.378005844478234,532.810292877054,2246.293264809907,21046.353666810744,0.0,0.0,173.83211075739104,64.7321778421654,1608.9264763789015,1829.2989132739842,1837.1084470853202,1794.3019410850134,1830.9017019542653,1930.5389417710003,1854.6172323557955,1819.1416348886532,1911.459669838801,1931.685338947615,1800.4992750296533,897.874094201743
1132,1758.8273061172217,2245.628444353517,0.6342740451166278,0.28789964733349727,0.22963303435990756,49,0.0,0.011501560986790445,1.3134389434652807,-0.2960247224351681,1758.8273061172217,2245.628444353517,792.2906484336268,0.0,0.0,172.63531108371927,64.73547948487803,63.64389311512396,77.6513857323592,70.77158232683914,57.07977252094979,65.85419220525284,67.58471318752298,79.55501579172812,65.59189645834078,77.79539362484799,64.35798761626315,68.21793272617765,34.18688312822114
1133,1364.902153618164,2248.2784864301884,0.8788959945920216,0.38684525382269963,0.013277676788140472,49,0.0,0.016471432104917968,1.4966612871861893,-0.43780881323217163,1364.902153618164,2248.2784864301884,1157.1001887581945,0.0,0.0,173.01988996335965,64.73648592246094,79.8141995404469,110.6437252022737,92.44796323052397,98.89155813860586,108.93255532991246,95.30101458398309,96.25145139314179,118.51634017688974,88.76552687342497,104.49212044466053,109.62039871469898,53.42333512963255
1134,817.1975213144119,2250.088235616557,0.4187811506136176,0.15857958608025274,0.02209465392169055,49,0.0,0.012454644675694708,1.5231643234830903,-0.4568668970996151,817.1975213144119,2250.088235616557,1467.4548229938482,0.0,0.0,173.55458784998703,64.73544846761227,139.17695492230348,126.78322210035952,124.64181586056934,137.29293477452623,115.10006528337561,119.09675937992301,129.63850084035357,129.58821911239767,119.41902953576324,129.57822682866592,140.9980910333939,56.14100332221649
1135,1360.1101282343582,2249.8808144391846,0.5516337193584129,0.2992536737555322,0.04841050236595483,49,0.0,0.023371516476606825,3.39995923319688,-1.3286842742940328,1360.1101282343582,2249.8808144391846,1119.3336635279757,0.0,0.0,173.0245740943513,64.73714621616655,76.61991224484402,107.60330142862618,85.10122434977993,100.35666226874571,108.28924447018656,94.34115719280695,98.82151817148664,108.53338037946858,77.13124828308229,98.60395099140865,114.22912713294065,49.70293661459969
1136,498.76769841476676,2250.4846070214003,0.38561319585019055,0.14879878946713604,-0.08111945382383845,49,0.0,0.008341778921608058,1.0128129421868342,-0.013823105805468697,498.76769841476676,2250.4846070214003,871.303657138473,0.0,0.0,173.86540326807526,64.73368686093691,76.77758979674843,62.51448009248114,74.94739637460401,82.18390062649098,66.96095499003411,87.86442477801793,70.6098343859631,74.76087990841991,74.25629832776377,69.05510141594655,81.6433974433167,49.729398998686264
1137,2002.9852492439554,2250.381988447824,0.6881412969102714,0.12079303768461022,0.1273101658245551,49,0.0,0.010525639705557727,1.1855614530249594,-0.1848101758739311,2002.9852492439554,2250.381988447824,776.5457204208982,0.0,0.0,172.39692791220534,64.7370204859481,65.5393535701023,66.44839885132087,56.50833538707414,70.58349639930462,78.6762500251304,67.42869593564717,67.35328095419132,70.07675999785387,70.26945129180297,67.0187629816181,68.61240318025288,28.03053184659955
1138,1482.1556238657547,2255.1170698676997,0.46965242121396716,-0.1810452729075882,-0.14220825526263772,49,0.0,0.009636002547589412,1.1822294673143066,-0.1817544500691967,1482.1556238657547,2255.1170698676997,781.972168328223,0.0,0.0,172.90542932501936,64.73946849389247,54.18645479640351,68.92562016898921,71.05505970699731,71.96541635244992,60.75488518519246,66.19991038240265,77.46213479537195,70.87486695141435,77.66354115908803,75.19510715784183,59.29791444187914,28.391257230192608
1139,2551.804315041314,2256.5099866778796,0.38176824139075943,0.6364183926699911,0.292809456155245,49,0.0,0.019371989636825186,3.0868144754366367,-1.2237763204534027,2551.804315041314,2256.5099866778796,1069.1899260246664,0.0,0.0,171.86108946740424,64.73718834693425,100.34605608168754,90.63503439089114,98.2172638535709,76.33599424648054,82.2332779215524,94.0050668614999,108.55347875471983,96.5168666331352,91.0731897778742,98.86420896493998,96.95995724898259,35.44953128933217
1140,1277.8259858230158,2258.49663556162,0.6942328621722271,-0.38536207894003877,-0.07822202018149876,49,0.0,0.009410641431425315,1.0678129624383865,-0.07123797139765949,1277.8259858230158,2258.49663556162,719.6658313194114,0.0,0.0,173.10494946953,64.74058726525698,52.25272691421842,60.32522705299462,74.28864214411315,60.87107620012297,64.37477841778252,63.15688045024824,49.81759666824458,60.47908827470351,56.41249513157428,67.85144076251702,61.39101831993612,48.444860982955916
1141,2147.823045237404,2258.1451177004915,0.8451640173728154,0.24805822288811413,0.03156237434834443,49,0.0,0.016416372503359526,1.470412493205736,-0.41859795998822197,2147.823045237404,2258.1451177004915,858.1037064009165,0.0,0.0,172.25546460325148,64.7398132718213,53.02409650400001,69.31836380223554,73.53359665759834,72.124663918571,70.95136143509828,92.74126096123284,81.01320006198905,71.14405150627088,90.60644381575014,72.20108534616207,77.64490824017076,33.8006741518377
1142,2041.2106259085465,2258.6342537774194,0.5646766816581184,0.22003244750163997,0.05432871449232065,49,0.0,0.0315992066560808,4.512454642978666,-1.6360321240415825,2041.2106259085465,2258.6342537774194,1074.6275532734967,0.0,0.0,172.35955482427323,64.74035528093886,81.32357838786046,100.87825542905655,98.4089721492482,88.18174449051551,114.97484832329076,95.80327348431808,78.42562426966194,81.54964375882855,97.06483911736603,95.69828452326847,91.56753700548019,50.75095233460176
1143,2177.1125684397025,2259.809028347303,0.6757892860476215,0.3404466074456641,0.05084249371366192,49,0.0,0.03099895193575443,4.052765173509092,-1.519378601135791,2177.1125684397025,2259.809028347303,997.2373908546018,0.0,0.0,172.2268532952244,64.74040082274115,79.76659495190029,78.0348331884503,103.35641961930583,78.31865007556594,82.24501921037583,87.5712016054759,80.55937324548324,74.06523016514328,87.51946919246328,107.55327228220507,89.03430552859801,49.213021789634865
1144,2481.1213674759133,2260.258288478207,0.6114861870188291,0.32234433175223676,0.017083166367325375,49,0.0,0.031218096113393497,4.187036775041977,-1.5547669383683105,2481.1213674759133,2260.258288478207,1177.756585343428,0.0,0.0,171.9300391710796,64.73916561750897,92.14448382604755,93.62161527377141,112.37733628607751,110.45761299431209,101.70457833300713,127.13478635139012,113.40189665385509,94.96893772059127,94.86706234830949,96.89698941298516,90.97713878483823,49.20414735824282
1145,1339.0838984682564,2263.072281397034,0.8427460863061116,-0.01623786675157909,0.1153535312042206,49,0.0,0.020740765220693746,2.284631710277435,-0.8970405010743331,1339.0838984682564,2263.072281397034,759.2992277081242,0.0,0.0,173.04515378449332,64.74260860811346,69.85762065889989,72.77855271668656,63.512554003101776,54.97054482387053,73.056310709012,64.20925737427271,62.919397125330335,68.99581280219341,57.461170201390715,72.97051156687759,62.85039383896827,35.717101887520386
1146,397.24039967479825,2265.0205540102006,0.26585354777497416,0.521901927280693,0.11459523484368467,49,0.0,0.011819415700344844,1.7463379914196053,-0.6053207553578341,397.24039967479825,2265.0205540102006,990.1775631428058,0.0,325.03153787911003,173.96475140418374,64.73899098278365,61.40340483302298,90.8803713738476,72.84203464208852,81.60300285548938,86.02145584029442,89.56413529809987,82.82090681160452,95.76760533835936,85.2106868355871,103.59284797777875,95.98443556648544,44.48667577014794
1147,671.1901524018677,2264.705824775967,0.7511632825790979,0.41151045134869113,-0.03215456275542923,49,0.0,0.01160859098832169,1.187668884229008,-0.1867384463184663,671.1901524018677,2264.705824775967,759.0284750597402,0.0,0.0,173.6973114447737,64.74073556113521,58.08566333113861,48.63070421687276,71.1895466263076,64.58360553785712,65.79290504914177,68.9342868468904,65.78251986512075,80.50251707692556,66.2388394609743,65.96455449697035,65.68992492624257,37.63340762529851
1148,1786.0468299106822,2267.080470753602,0.9674259451552097,0.5320739096422543,0.37416727192770743,49,0.0,0.02388097329000628,2.2572484889553714,-0.8839484274262139,1786.0468299106822,2267.080470753602,920.2766983751991,0.0,0.0,172.60867837253355,64.74438753392857,76.0958791155084,76.0573700691578,75.56408963215102,71.11607749642033,71.77831487486665,83.2019643566722,74.19218030386585,98.32668149190401,87.6652974671116,82.72349529574771,88.40273295404097,35.15261531775251
1149,2903.0476600652755,2266.0757548721867,0.847434364863175,0.5549727983095324,0.6601211189383945,49,0.0,0.011488866382959631,1.4199603838186055,-0.38069056988549654,2903.0476600652755,2266.0757548721867,846.7070194562568,0.0,112.55263661888878,171.51806971848504,64.73863180670187,0.0,0.0,0.0,0.0,71.54761426980781,27.642314908632866,105.95487644364898,53.575332425867934,33.00801829077944,281.0556622550444,252.01227256957014,21.91092829290514
1150,2156.9510034699842,2268.547256425299,0.8379694706444923,0.18136149235643395,0.08237149701447713,49,0.0,0.013931273964308237,1.3471834114415409,-0.3235668162459788,2156.9510034699842,2268.547256425299,719.1487858675948,0.0,0.0,172.24646554834075,64.74411485251663,57.175053321598924,54.655332947679604,70.36093794063642,64.67365766504054,74.20154175495426,58.06234469330469,64.34392288529281,59.028701391104995,65.97452992452924,57.64684126018736,67.27766395018483,25.74825813308122
1151,1568.057629251051,2270.2762313699977,0.5996788186597919,0.5401279033989574,0.35596690040518353,49,0.0,0.019294250446430426,2.3729186687746497,-0.9382071328298092,1568.057629251051,2270.2762313699977,963.3522059302169,0.0,0.0,172.82156242705355,64.74582625220764,94.64431259331604,78.51687885216083,84.8062056679417,81.7750689365318,87.41520382083044,67.78612496021617,79.17351927409105,80.13084316007598,81.63619350070445,80.71261109652538,94.39429752653841,52.360946541284626
1152,636.0602299943897,2271.0372127966493,0.5103523278889626,0.16961821058283005,0.11225414458526993,49,0.0,0.03635316392315483,5.100510036339105,-1.769034016172436,636.0602299943897,2271.0372127966493,1350.526084159891,0.0,0.0,173.73170000142625,64.74315961908096,112.40062057356712,106.01095837123,126.55901030071504,108.75840038051089,103.44491437195677,116.89841836244781,114.38733850559318,137.75154000708426,125.55545885146674,120.67547892956685,111.2614030682569,66.82254243749529
1153,1961.2615663164243,2272.6492038268893,0.6930534896961096,0.041671506740699575,-0.12181993523550362,49,0.0,0.011348904044705099,1.1586134493652522,-0.15984641387560142,1961.2615663164243,2272.6492038268893,759.7353362188986,0.0,0.0,172.43754145999148,64.74640033916072,68.79636963364683,47.62086062809847,63.545738246644135,72.57943662861692,76.3058136902408,80.01887643815289,66.7813802909825,58.27119779039246,55.069483861459474,61.23779213882348,77.33689534114586,32.171491530694794
1154,2374.39179071672,2274.27502891758,0.4932472025358573,0.2160987695323395,-0.15070900692768213,49,0.0,0.008517718868879556,1.1042711470010516,-0.10768931207856683,2374.39179071672,2274.27502891758,759.4234957655203,0.0,0.0,172.03407418282723,64.7455722327504,55.66799194310906,66.32140552916731,72.05588801326014,67.96302069852601,75.54928140968411,56.249665371495134,68.5076586534889,55.937623982160325,61.35150438306463,66.19524549975395,70.37617767083748,43.24803261097337
1155,1087.7797847356376,2275.1806258852653,0.4674873509401988,-0.5447933700458379,0.23452030866960366,49,0.0,0.00840137642914999,1.0033870623809709,-0.0036712423951255203,1087.7797847356376,2275.1806258852653,841.6274240454721,0.0,0.0,173.2906385070836,64.74702873582801,63.199662339774065,64.77570509767706,67.00351261810664,81.88783864235494,73.56815537997144,67.1870716403894,83.81631876283585,75.82544763049188,71.5644565623038,78.82765720423959,70.66164980053165,43.309948366795865
1156,1732.6508563436696,2276.184253124676,0.504629213080362,0.37461257118888963,0.05548625972215543,49,0.0,0.031556547907573645,4.713069616815797,-1.6832596369418713,1732.6508563436696,2276.184253124676,1239.655273939372,0.0,0.0,172.6608051612019,64.74823515511429,90.13005983190331,100.90952983625992,110.92703046498471,92.43780828386159,109.14519343378257,126.18431028557232,107.88475767255925,111.77679253926865,99.09825248274777,123.46474797634518,115.33472501509442,52.3620661169921
1157,402.2861556603438,2276.7640870883965,0.7350023992702612,-0.04976490006759721,-0.30489013605930476,49,0.0,0.014237529633727783,1.358764728300714,-0.33286066161363426,402.2861556603438,2276.7640870883965,925.5795219168629,0.0,296.5397891105398,173.96003733816448,64.74392189050519,84.11021149272105,90.80429353608028,78.39077220411559,80.76319900427369,64.15407855815782,65.96247680704539,90.95855649894968,97.23876242583111,76.44055742457004,75.23048039700436,84.76113710880693,36.7649964593068
1158,812.6785993278819,2277.056323385715,0.7981491400787762,0.0741634784829689,0.255062667580024,49,0.0,0.011561842943090041,1.124701432196658,-0.1275931204321862,812.6785993278819,2277.056323385715,770.831139497583,0.0,0.0,173.55931799365916,64.74666110980367,70.33711509581858,56.02446623821035,67.13418396577613,68.63950097268746,70.65211427513094,58.645847973265866,63.06805684183602,69.01129020357308,74.30405572484268,74.25145139828365,66.62195065727713,32.14110615088104
1159,2271.389086729097,2276.7686169534186,0.6724787912507034,0.09077739061956827,0.15778373824343234,49,0.0,0.042905843680300676,5.641431200187244,-1.8784732402303728,2271.389086729097,2276.7686169534186,1187.6423691695863,0.0,0.0,172.1346349140518,64.74708906994732,107.65036465823783,110.55299535196409,98.74858105547412,87.08168968176531,104.17161332732945,99.39995072853475,100.52378350906488,95.28730047500851,100.99556579183113,98.88493852202407,135.43215410596775,48.913431962384664
1160,2479.2720343930723,2283.364116557133,0.43779506042006694,0.32298267543566495,0.030498099973300462,49,0.0,0.016799251299119425,2.366628800707235,-0.9353253634047378,2479.2720343930723,2283.364116557133,1266.3916122289722,0.0,0.0,171.93153964594478,64.74880218683687,112.99313612936632,102.59996349315084,100.97725553907486,103.7199523420407,102.0623332907311,108.25930614893977,115.34944042561949,111.58019992985464,123.82649293690815,118.36228967932212,111.77361964264568,54.88762267131851
1161,1139.6273475260734,2284.4267874647476,0.4440605693201134,0.28070471103462724,0.1630012288452234,49,0.0,0.010071265431258284,1.409525393470216,-0.3726822609033209,1139.6273475260734,2284.4267874647476,856.2282867832223,0.0,0.0,173.24006660745997,64.75104321790633,76.81533992283605,72.93524597533035,79.62289323187406,69.29851299476451,68.80906997032955,80.87846959452224,73.39711747780419,71.09143789982917,73.29501400521816,69.7017575517424,80.06917046659719,40.31425769237444
1162,2066.232680166312,2284.0174135130137,0.5349549889883265,0.42010448987671284,0.139841537654115,49,0.0,0.012212051930161187,1.4394071324345643,-0.39545912584481624,2066.232680166312,2284.0174135130137,1019.6016057478744,0.0,0.0,172.3349459388856,64.75085818857784,85.80430467811303,87.05220594188128,81.42151235798418,93.74689961153503,95.54627322196801,84.46016177545997,84.36480414700348,79.24858613912392,98.9198967330087,94.87695593704612,94.48207103132637,39.67793417342443
1163,1735.4788118803638,2287.135094027653,0.4333060104889396,0.2649296892612898,-0.2747489166930848,49,0.0,0.013197961830959662,1.9084205368091687,-0.7016852035556567,1735.4788118803638,2287.135094027653,983.4956498801013,0.0,0.0,172.65802086344888,64.75279545504192,68.2163299504893,80.64063513031388,94.09104987393795,81.83271472597212,88.02752615804573,83.20599164527846,85.52073621457744,83.48226690086918,72.74411119338842,102.56818843957134,91.23784098445452,51.928258663202826
1164,1994.8068702042165,2287.036505546938,0.5693424456283968,0.5722239221147705,0.19432513750115368,49,0.0,0.017330847120099788,2.0443227231842473,-0.7763736399026704,1994.8068702042165,2287.036505546938,933.7558803434429,0.0,0.0,172.40469522438252,64.75231341731701,81.82164508779907,80.27324833132315,79.9135183554236,87.60920426552445,79.77495189871897,81.5987571557381,90.95820067935264,79.01722151572844,62.82858891706018,89.44032712316084,77.9871897977048,42.53302721590871
1165,2482.874183930137,2290.381460340586,0.5353580003187121,-0.059566909382218404,0.07259162037118852,49,0.0,0.021942449242983345,2.959810063840343,-1.1781596063021582,2482.874183930137,2290.381460340586,1222.615774546636,0.0,0.0,171.92792874776518,64.75170530127764,112.93257983365137,101.42199070212772,112.66429745374857,99.25983304615951,107.1909067880751,93.81479419037544,110.46728810897025,96.75303041897196,114.29099060997531,117.92450644274552,102.94771577268827,52.94784117914688
1166,1704.9903687223098,2291.1595397860533,0.40498375634640393,-0.27813301670406204,0.27550775400150007,49,0.0,0.009643713316043731,1.5385840075700468,-0.4678030348972159,1704.9903687223098,2291.1595397860533,760.2435494597694,0.0,0.0,172.68779789820226,64.75449571861776,58.35531957407837,66.14410848826279,56.784116378917545,73.95882211176959,60.036204688565974,66.19763831865744,60.43654824793346,69.54057733386921,81.35659746360284,71.70580114328267,72.57939959806312,23.148416112766377
1167,764.5962229121761,2294.2051311064047,0.6802006806673555,-0.0009739677234868882,0.013501965988486382,49,0.0,0.03802766135612206,4.689968583265218,-1.677924833781176,764.5962229121761,2294.2051311064047,1347.100154352604,0.0,0.0,173.6064876969694,64.75355480393854,123.83199168001929,128.32380437943138,85.09394508066026,97.44999367390082,101.3159411814336,116.51616826403216,134.1524930896019,119.46443823027417,139.78404139414093,118.84019742706386,109.6749892354404,72.65215071660508
1168,1557.810445884104,2298.082307902035,0.8611098757582673,0.3211138617962465,0.21317810829881756,49,0.0,0.02269611990986372,2.2016639024952482,-0.8568775549449443,1557.810445884104,2298.082307902035,919.5532214617733,0.0,0.0,172.83158791009527,64.75740935531266,60.58477633881664,86.74952725798363,69.85429274392759,85.97800474727887,75.9407227015981,80.4487152070063,85.02777966494521,79.9408077733628,85.47198148391476,90.3893688270506,83.5708639766332,35.596380739255494
1169,2210.3599859083592,2301.306170177991,0.6059702797384978,0.361397685867348,0.226955771652149,49,0.0,0.04210383249200188,5.835622962895493,-1.9152180613676208,2210.3599859083592,2301.306170177991,1283.480692563954,0.0,0.0,172.1940113785453,64.75756328722582,111.7785091304076,108.17861484605342,99.52372841548829,105.00398153570255,115.98503216598374,131.03319726561506,95.81879527161041,103.78091211801241,118.40818561529295,119.58523071672231,108.4062896282947,65.97821585477081
1170,2510.7262866813153,2301.88858020134,0.676810171517833,0.6381378865464843,0.1273632393671959,49,0.0,0.01925271486758495,2.244993941925379,-0.878037933513245,2510.7262866813153,2301.88858020134,1032.6174548891277,0.0,0.0,171.9005682259342,64.75633885051127,84.50886965610987,93.90028829057326,108.04745792674706,86.7459197605919,94.98217848903911,82.50710797099856,80.56757572579193,86.30549599189887,73.7630707969007,101.07761197371902,94.79990449390476,45.411973812852736
1171,2900.0017509641452,2302.0210580574453,0.8930589333137117,-0.22317534321263055,-0.43376808086303925,49,0.0,0.011835057359169752,1.4975981304854797,-0.4384882231159064,2900.0017509641452,2302.0210580574453,1712.3805349444294,0.0,23.950754125934655,171.5203411721329,64.7536304298418,0.0,0.0,0.0,0.0,45.35487815700395,1520.8986856161632,0.0,25.779708062917003,65.20291244298441,10.85829440769919,34.77744735100298,9.508608906659092
1172,870.5138778469238,2304.762704084006,0.6986302878096159,-0.10883052576024467,-0.28620035330522064,49,0.0,0.009832708126686093,1.1276839765599256,-0.1304685237957445,870.5138778469238,2304.762704084006,711.0059560609418,0.0,0.0,173.50314216804725,64.75848618635567,42.04414030237961,56.45589206585002,69.54453423881944,74.9584943299212,51.899461327956104,68.88325614004123,55.301607517829666,53.28287472990522,66.4730357472876,70.54070225551087,68.83492877554572,32.78702862989519
1173,721.4012619832336,2305.5656362400227,0.32942309802467257,0.026264353469769058,0.031962886563537414,49,0.0,0.009883956698767057,1.320769870131455,-0.3020678827217519,721.4012619832336,2305.5656362400227,930.0228350088023,0.0,0.0,173.648829576625,64.75804970470746,59.4969640631352,77.78085449719764,98.07943934859799,79.75822910812104,85.37669111742949,80.9732593005944,77.93979452153205,82.48188974920822,80.74943382519685,75.29488763770321,86.290817687838,45.80057415224815
1174,1724.4433089829681,2307.3855241936058,0.6112107303368127,0.5045536498394346,0.012779709027876472,49,0.0,0.013144801742574047,1.5562054358956907,-0.48016731998032663,1724.4433089829681,2307.3855241936058,841.4350830017081,0.0,0.0,172.66876341484806,64.7612420785542,73.39603811110504,78.02844339053411,68.80067638848101,67.61984292358412,75.33866694469545,85.04850902773777,58.80618358862286,69.07059881778693,80.04849779855522,76.7743883343799,77.35539031179042,31.147847364435158
1175,1138.1976489409788,2308.9831334731416,0.4301761347958804,-0.20598153049132858,0.36486775468573973,49,0.0,0.006758689243354472,1.0084014963277428,-0.009083703593923551,1138.1976489409788,2308.9831334731416,659.2615456128451,0.0,0.0,173.24163375743362,64.7612702098705,56.241994051864026,56.57558904242343,62.64532332669924,49.52752376102331,69.18914069398804,56.97005165823878,52.1876008137702,55.36338949636437,51.149433897883455,50.87022256899199,68.30174862023561,30.239527681362624
1176,2659.833261723515,2313.030981188197,0.3042585695337698,0.3260725868266474,0.16256698871855219,49,0.0,0.013869950390904988,2.036464097969596,-0.7721918951378628,2659.833261723515,2313.030981188197,1135.7594822518815,0.0,0.0,171.75473959208912,64.76003707595852,84.20820018978067,99.56661511195554,96.89519737536867,87.07585489868676,104.15037976800186,123.58526737253605,109.81553739807536,90.15822476817601,98.2895528210403,99.09062542780207,92.73839927401833,50.185627846440006
1177,2008.342031827273,2314.229720982565,0.5149853573098524,0.5285915487503484,0.07082653374746374,49,0.0,0.01916933747098307,2.631930901002497,-1.050686207693652,2008.342031827273,2314.229720982565,984.9243995695335,0.0,0.0,172.3913069262068,64.7636084774088,87.55046681448813,81.89806250487426,95.42163220159699,75.38993584798978,92.26114659025981,94.38730132346106,84.13471865623546,90.66736603030753,78.96560955899912,79.56118744497724,77.73629671178092,46.95067588456322
1178,2148.5980722320724,2315.6525103633207,0.6427298745160355,0.15926889657269983,-0.017662869822069563,49,0.0,0.01031001885585164,1.207258038615266,-0.20450026465834498,2148.5980722320724,2315.6525103633207,749.278924105541,0.0,0.0,172.25423424015645,64.76377032008669,69.52671072376569,58.54481037743604,60.235817628541525,56.79086394534143,65.25745502181891,71.5699056237821,54.95416202504079,59.2221253577514,74.41785321246024,79.2784242760716,62.57165019918827,36.90914571434305
1179,2245.5736364410222,2316.1175910052184,0.45608131429904114,-0.23030345868892313,0.8272937262535509,49,0.0,0.009349684212189773,1.0843482169537402,-0.08792192417949896,2245.5736364410222,2316.1175910052184,894.2286486418623,0.0,0.0,172.1594647175517,64.7635921791021,71.0593211901471,75.78414592276965,82.7778712578004,69.0709363712592,74.70011023930701,68.56335829472845,83.45248989939506,78.59312859497507,87.9709371325628,81.0423329331474,80.33862471162033,40.87539209414968
1180,1938.2906385874442,2316.8769658920423,0.5833923392447206,0.3079534948924328,0.260879634377103,49,0.0,3.978118779671334,575.4944528665243,-6.90010285466227,1938.2906385874442,2316.8769658920423,72590.59696142418,0.0,0.0,172.45975087926044,64.76487933570894,5559.192577691378,6285.026982859961,6326.957394237485,6321.790263719203,6473.505757467905,6520.401414720885,6555.805125468893,6340.572014994139,6399.07134756234,6607.777415503715,6187.781294760972,3012.7153724372865
1181,2738.676828390568,2320.1184937207945,0.5492133256280908,0.28654888041307,0.4759898280519721,49,0.0,0.11509227624715354,15.144350570791923,-2.9506266359733173,2738.676828390568,2320.1184937207945,3526.602525836154,0.0,556.3788493546851,171.677594138892,64.7624328063995,278.2029756375393,302.7018467691502,319.62402393567544,269.89470396061887,297.8163590690355,354.77633996705913,311.2203657989092,308.6572789510055,319.229451298253,300.9982161246308,328.4936943061401,134.98727001813674
1182,1443.4180153067925,2325.0034931961927,0.5416063709167322,-0.576074985789111,-0.39504676896855284,49,0.0,0.01728277073263788,2.334382357872685,-0.9204299809378963,1443.4180153067925,2325.0034931961927,1188.3321045839712,0.0,0.0,172.94341738848172,64.7685527434973,83.48334043275872,105.74802385029636,111.14296843116308,100.85222320009393,108.87135459018305,112.76597039680213,123.55484289183215,104.06411480684898,87.36517241033383,89.74782032498236,101.92409144128047,58.81218180739611
1183,385.58869249738547,2325.5944325952814,0.48145049398564577,-0.3499101675537991,0.024941118872538335,49,0.0,0.010110932177261745,1.1631718698431592,-0.16410972665274554,385.58869249738547,2325.5944325952814,974.819948195335,0.0,955.0322056727762,173.97723080087098,64.76413360484533,66.87001504585157,88.68814137075795,80.83038092709776,108.5059714067111,84.54607107457409,69.62456618558106,95.29048221013227,70.56335740183572,104.71467299509511,80.77821345924713,85.33581034321477,39.0722657752365
1184,1055.9090865166445,2328.6127773453986,0.6668444906230474,0.3493960652196143,0.2258354666055951,49,0.0,0.022402239442126416,2.879216701866207,-1.1481858823089388,1055.9090865166445,2328.6127773453986,874.6215462127582,0.0,0.0,173.32220150803218,64.76918236816769,70.56811711916144,74.49856488236344,74.72486463699116,81.9416694885499,63.49592238676782,74.4707643201881,65.13041405257724,75.19671570234021,72.28525978338342,90.99014260375816,82.82145276101599,48.49765847566118
1185,1930.2788813997292,2329.801230495888,0.6197086331613085,0.22953681526632821,0.5470425899817458,49,0.0,0.012147345256123024,1.0588881480276504,-0.06212521835203097,1930.2788813997292,2329.801230495888,1461.137970608405,0.0,0.0,172.46751659044617,64.7702814042503,120.0619917392052,115.77854547656028,112.43980882417787,113.69959984779652,155.5659752774348,129.94435645480084,134.03866925647918,136.8726093881357,115.65618729242894,140.0565748346741,122.91808270382025,64.10556951289138
1186,1226.0753690533595,2330.272099877448,0.6536582107049436,0.2953205825980114,0.23258544790010613,49,0.0,0.01701083690445179,2.094510968675427,-0.8027065976141132,1226.0753690533595,2330.272099877448,876.3969376895884,0.0,0.0,173.15588340885094,64.77037650601716,71.88496877379261,104.87250766701641,61.12829911438423,72.51025580262686,69.71790304698203,90.81743424921194,62.54265387250359,79.40073262211178,77.22925323669416,73.35392782660077,79.13426241340281,33.80473906426111
1187,1447.89017512915,2332.249056616582,0.47072403180158795,0.4086760428386956,0.33359504683879276,49,0.0,0.03008759734357901,4.661939692425045,-1.6714166278002909,1447.89017512915,2332.249056616582,1344.7596718859447,0.0,0.0,172.93906275836372,64.77157608610584,101.42055087323487,122.52270139281461,119.63339032146378,109.23663659037095,113.75563782998066,135.76337783655117,144.26660908349513,105.58842940919824,107.20314313734924,106.24989909651924,113.42056498997925,65.69873132498756
1188,1468.0830831896835,2334.159472587779,0.6565287546084713,-0.21649347044329598,0.11067737724717396,49,0.0,0.018218291591886617,2.180097965923008,-0.8461900242681952,1468.0830831896835,2334.159472587779,911.5747575367799,0.0,0.0,172.91932698069726,64.77239057440472,63.66559068346317,66.51769968431654,74.52339409555097,73.12560084629405,76.65326752210893,89.93227405722135,85.346919276843,98.0029421767315,88.43264715398846,68.3576071019735,89.34333534662863,37.67347959165973
1189,1630.5525572828344,2334.558702556894,0.6780955273047176,-0.005415426994246434,-0.07919772566905861,49,0.0,0.014702166267420125,1.7385875817641867,-0.6004914331461831,1630.5525572828344,2334.558702556894,853.2357387248632,0.0,0.0,172.76049931521305,64.77261039300747,71.24400322652022,77.49024238109894,72.60607656142258,69.23525938191153,77.71359749425667,72.8577818409772,67.65981291702155,63.72520966391457,83.82307940980671,69.88276330154306,87.03571378258872,39.96219876380135
1190,576.4671828001196,2335.9393066557986,0.8659188247545119,0.0756931600091549,0.1537447081883915,49,0.0,0.012355900867992337,1.1724446991536275,-0.17273091861957574,576.4671828001196,2335.9393066557986,748.8582694952936,0.0,0.0,173.79088303330676,64.76981683368274,48.47292547416057,58.18480289165094,64.99930866510827,60.03832541995389,67.13883447238265,63.517496252410226,63.633517406654036,57.74661178764475,68.35063419293354,73.41825442815207,77.9514899598072,45.40606854443541
1191,1116.4159958068994,2336.49387107616,0.5018636102748237,-0.0971958730485414,0.3018779180961936,49,0.0,0.037614626021241486,5.4414777809100405,-1.8392921504121662,1116.4159958068994,2336.49387107616,1435.8160585919786,0.0,0.0,173.26311788883459,64.7726660616508,97.1179492097508,116.03684129965762,127.95790417833072,146.94136080732864,115.57496096005215,108.19137945767275,144.51932364275666,114.44417940818217,134.97864657340529,157.2143514499697,125.57985100276272,47.25931060210958
1192,2234.1860575491096,2339.505734957545,0.8889213799611952,-0.05072986165812468,0.2708151060369074,49,0.0,0.01449120252437434,1.3455096738238523,-0.32221706140553685,2234.1860575491096,2339.505734957545,761.3544009716281,0.0,0.0,172.17036963631904,64.77338320406864,55.018994263061984,58.47624441774174,61.05165847500491,61.0138919566954,81.65076463967105,64.86976430433663,62.42028932750407,69.34400498209202,85.9353032509607,70.60186031689308,53.40391995580175,37.5677050818647
1193,1721.2410000253603,2342.34494822991,0.6525520020815271,0.40912897950193483,0.26253541120497065,49,0.0,0.41276154767827383,56.65664656283257,-4.383127163973356,1721.2410000253603,2342.34494822991,6956.5677642923,0.0,0.0,172.67182912952737,64.77581058845497,517.2957127102696,597.0800442009415,604.6572496312069,586.1748241647257,622.3612720063045,618.1886260650064,655.6263401486436,604.6187382927387,595.4092374984061,633.2561453742765,609.5843913557214,312.31518284406013
1194,1817.7310740886003,2341.562720790548,0.9743901462692162,0.08955913808902857,-0.01858957751805976,49,0.0,0.013852472852783411,1.1247358345108902,-0.12762633037197438,1817.7310740886003,2341.562720790548,821.1423911214697,0.0,0.0,172.577493363316,64.77537979530373,78.94644386239088,68.70335315851936,72.33859907062681,84.88477331392957,54.53806071270583,70.02485405018284,61.824213512760316,84.12116443379884,75.23403340907635,63.00788553220519,76.43757788813288,31.08143217714087
1195,1569.0596639917674,2342.522244623598,0.779352788893031,-0.04279004056358667,0.11708101115234346,49,0.0,0.01726389659440342,1.6115727928871098,-0.5181248171824858,1569.0596639917674,2342.522244623598,908.685670862923,0.0,0.0,172.82061797314148,64.77592816506703,85.28759095104338,49.3357710193244,93.91115884440195,67.47616846633257,77.80020306796146,97.7684097389277,87.76364419813065,68.6686778493929,82.78345268230741,80.12304910326198,80.90856120082204,36.858983741016544
1196,2723.192777846203,2344.2715221633266,0.5947509664601658,0.3412714041286646,0.47235155059684103,49,0.0,0.03958744967780889,4.87811024110075,-1.7206290269270286,2723.192777846203,2344.2715221633266,1508.730861243791,0.0,267.0569022480792,171.69231427158968,64.77260695415322,107.68987991895106,131.39728721627787,126.17904280595103,112.55496879873348,141.2826909342234,119.5626987426404,145.1256176138284,135.2187776805339,160.26135969958773,142.16634218910798,127.55868186159249,59.73351378236327
1197,883.2437507899389,2346.277559867337,0.9599304832339747,-0.7504625288494449,0.025113427262547554,49,0.0,0.013161926555573127,1.1109359158233563,-0.11422251862353829,883.2437507899389,2346.277559867337,789.8685105072836,0.0,0.0,173.49115313292327,64.77584147384762,71.6738381803556,72.68988695013394,68.04676869344945,54.73621175161478,57.14816087014192,77.62112152505799,62.81932452373501,67.72165853414616,81.6395274898402,65.5247469947866,75.30147725638048,34.945787737641595
1198,2756.8423621530796,2346.8710228166706,0.7152444239997096,0.015537687075571079,-0.19249907546999048,49,0.0,0.014626900812866168,1.1957334306275966,-0.19408592883207038,2756.8423621530796,2346.8710228166706,1205.1921359686614,0.0,784.3155905928018,171.65938102112506,64.77344326047248,107.78249726420157,105.3541784456148,103.43568060201082,102.96137737620612,104.21215276176078,100.57610116649813,86.00628493706812,109.8466684233651,110.97564235766606,100.81948349817861,120.39846997549746,52.82359916059384
1199,1334.8665557876577,2348.6978565685336,0.306562651133005,0.09592981701865118,0.47912782249206537,49,0.0,0.009341608694309587,1.4839755414173965,-0.4285668576220151,1334.8665557876577,2348.6978565685336,799.96904709924,0.0,0.0,173.04961402663704,64.7782774888503,56.58651218750966,72.93162529918757,57.99383762520445,86.7828922676975,66.35986995487657,78.33664340485132,62.57853245509466,69.78310783708571,59.67650848406312,66.79735956976583,81.657314814349,40.484843199554504
1200,1438.9809132046375,2354.3327427714494,0.4973267205735653,0.31190885302416654,0.1121467722791967,49,0.0,0.030760906709317627,4.794661238381788,-1.7018948199561057,1438.9809132046375,2354.3327427714494,1159.8961666806458,0.0,0.0,172.94782569903967,64.78076831991929,96.68826010006936,105.36060975655735,105.6395548043397,101.5998896213033,113.59751129987303,98.0681307293963,101.90400154981481,100.16719654895785,95.27400762623468,92.37464368532653,95.36290371784804,53.85945724092476
1201,1244.4896965059884,2359.4283893056377,0.6100658370125822,0.5656448392262562,0.21214302605097482,49,0.0,0.05311781028212538,7.52896524012876,-2.1918382302154815,1244.4896965059884,2359.4283893056377,1412.4188205201049,0.0,0.0,173.138039886519,64.78256762669228,107.2041277334117,119.97891647846646,117.37130657431507,131.50486322515093,121.79285728697295,103.3775653117293,121.8316673719427,132.1813060614917,132.64455738837765,139.8542426721417,121.47121119248135,63.20619922362362
1202,1019.0513308618001,2360.7077497708533,0.5908837039515379,0.4030262592250682,0.14970787594755527,49,0.0,0.019829828391447573,2.5512171331968387,-1.0168685570852374,1019.0513308618001,2360.7077497708533,977.9855474015994,0.0,0.0,173.35850762389825,64.7824207936646,73.7565708816165,94.84864543375707,91.28934814846434,74.87442488138088,74.07760571335825,94.41109549776661,88.01929798435307,91.44859869117757,87.32451236027929,72.60715037940287,102.2619463443033,33.06635108573986
1203,1355.723783166741,2362.165178911837,0.7640048053500338,0.2853249327347803,0.07099429070242617,49,0.0,0.0426984238929466,5.083514386618539,-1.765410142428726,1355.723783166741,2362.165178911837,1132.1157035617264,0.0,0.0,173.02926978363493,64.7839228957734,96.7719490272631,104.4350262569948,97.10496276162945,95.01371437944643,90.25481759191541,100.50025385616526,95.31368808688794,112.35681666408051,111.49327628876128,91.1562501914961,92.41667822740533,45.298270229680696
1204,2833.404094303749,2362.907441976466,0.404894192090897,-0.06086394544609133,-0.5299429544737186,49,0.0,0.006935506151401066,1.400763112911171,-0.3659117417581844,2833.404094303749,2362.907441976466,2269.131744682602,0.0,225.496947007989,171.58425425748604,64.77953525532944,0.0,65.41900649801303,7.589318152044151,183.03995923680992,51.05528363268047,31.96354269515628,34.413162334413904,41.30023390200911,105.00989463687219,1612.1162099556552,110.84081222337247,26.384321415575187
1205,618.3889564274047,2364.0064091709305,0.530942214220457,0.3857245946054259,0.009981069941903136,49,0.0,0.057320146186028056,8.328266134832536,-2.301386487174326,618.3889564274047,2364.0064091709305,1741.5245529157426,0.0,0.0,173.75032677568674,64.78177986103475,142.75955844074105,159.97729335258782,148.91362960166325,159.89892561692716,177.04506076257957,146.74104928046984,150.19376391513563,153.98035485501066,140.21902332400745,143.53769767672134,136.28200224539077,81.97619384450792
1206,958.019724261033,2365.7071031474834,0.37863273560017296,0.16323645010874369,0.10730462940836394,49,0.0,0.007404143528686663,1.0035250941101066,-0.0038205922762148594,958.019724261033,2365.7071031474834,851.7723788765053,0.0,0.0,173.4182374608486,64.78426337257261,69.75642456915702,78.70965173438883,68.8536347955764,69.91736569496994,72.42762898146536,66.66195768657889,77.80407925405568,77.36696525870707,78.05675537192,71.00723299224033,78.6321885504448,42.57849398700097
1207,1192.3006288728425,2365.365625229091,0.5462998615526625,-0.7449834545958647,0.9020647928800927,49,0.0,0.052818496200989246,5.338241631793531,-1.8184955698349528,1192.3006288728425,2365.365625229091,3432.117428483698,0.0,0.0,173.18911331983864,64.78491303613029,245.9641470227238,278.4871892172966,297.6644696830057,296.5370179478651,275.8712430659298,333.1425083037466,302.3129442788515,297.12906443747033,311.9134138549037,302.5001134043292,330.8424289141035,159.75288835347237
1208,1278.3534669560886,2367.1261126202617,0.7197853963404309,0.10489388609943429,0.15284165314798687,49,0.0,0.015280470048537598,1.7270569840524193,-0.5932666682545491,1278.3534669560886,2367.1261126202617,777.5734659727311,0.0,0.0,173.10496075639037,64.78584874213044,77.4978375053237,61.38776252456387,61.99287381769776,59.15605891481208,57.069329156365264,80.76811832060827,66.50947518185461,60.66021071761772,61.80069025539439,73.92631636311283,80.06863849577569,36.736154719605
1209,2289.329054988295,2366.758588266916,0.5087691754116334,0.23585940618436446,0.20769353310269908,49,0.0,0.02719492546141518,4.131708334203246,-1.5403241404703052,2289.329054988295,2366.758588266916,1042.9103600998742,0.0,0.0,172.11618243831052,64.78450293503562,76.82104069582496,92.7999006399304,94.02463542008066,76.38250391584661,93.84418272916768,86.61440040972712,99.0426197002912,95.64638436739223,107.51389307635597,87.93250444625528,87.63671151246318,44.651583186538794
1210,2680.522143255479,2369.5770259552355,0.3984084568642454,0.03591126046739798,0.2779926069912516,49,0.0,0.01058801700760196,1.4257700674117988,-0.38512373225758345,2680.522143255479,2369.5770259552355,936.0899832565816,0.0,0.0,171.73360871242178,64.78345102730702,70.8587246148694,76.8793780490262,78.96711706181374,63.3022335115667,97.68655729914357,71.96986085175114,87.14095944805578,76.43711298745713,107.05594043848548,85.54470104978394,89.72226433231522,30.525133612313375
1211,2147.0534358197565,2370.6589573187457,0.3089884056952545,0.25413754371920466,0.037907322616238394,49,0.0,0.00680611481502246,1.0104352783854618,-0.01127125197554601,2147.0534358197565,2370.6589573187457,723.6415860891666,0.0,0.0,172.25529112444042,64.78669344631795,63.4551361441033,58.4969555702549,70.12504263656241,66.24484078578014,54.118696585699176,69.07140299181764,65.7322258886029,60.543681096152,61.318914372844695,59.09493059375606,69.36368908108287,26.0760703425104
1212,1309.9684822078932,2372.2929189901624,0.6652809804232185,0.5719822307397451,0.1663373213497963,49,0.0,0.016943023298759626,2.109614015086331,-0.8105075050067216,1309.9684822078932,2372.2929189901624,883.1575070614406,0.0,0.0,173.0740621632513,64.7880638059395,70.27091919306055,86.99779493145317,77.17616716785537,68.35395329113493,72.25902807363204,72.72896363559741,72.79482971766825,95.57698134366234,77.18090019631768,68.44752333667113,79.42825263173592,41.94219354265181
1213,1944.8430009363803,2374.5111697372367,0.5474012512857167,0.3991699811970829,0.30208539875813567,49,0.0,1.6157483850970236,240.66816220064382,-5.9535466040100085,1944.8430009363803,2374.5111697372367,31703.013106829785,0.0,0.0,172.45304851984636,64.78887810181547,2540.880555456857,2775.968684495595,2752.392966704333,2893.990037038153,2774.929608940164,2908.1060686929777,2846.278299243787,2783.013691268391,2790.08171917456,2904.4002287755366,2584.0647489845114,1148.9064980549174
1214,1997.8004911481855,2376.983706351343,0.5899061540878514,0.24597478520898608,0.23140868167747747,49,0.0,0.00853453687523546,1.0163326674652282,-0.017589712775483404,1997.8004911481855,2376.983706351343,748.1473806284521,0.0,0.0,172.40123317064644,64.78978188522323,49.49911731553833,58.85010030179115,73.4838465641312,56.74361201523851,59.920714830518904,75.38615582482845,57.68397221753365,64.82290716531851,82.10378649985881,65.27248049658377,59.791964562962896,44.58872283414788
1215,557.7037518327548,2377.702491568866,0.5911820059903454,0.08403657304361101,0.14635757067962257,49,0.0,0.009890715527725994,1.0288564361919528,-0.030886946819989495,557.7037518327548,2377.702491568866,840.7448936631433,0.0,0.0,173.80987639333512,64.78709021204367,71.22073194149078,66.6995549836912,72.38580482394562,69.67243585886723,60.981862809132664,73.72335416107168,79.34202954134393,71.96703575249037,84.72406232089745,74.02846501031637,75.08534421606979,40.914212243826185
1216,2713.5277386466723,2378.8082168222836,0.7392436603649659,0.4526562142615646,0.004068560497169931,49,0.0,0.01977481199101148,1.4812775307697599,-0.4265910878795881,2713.5277386466723,2378.8082168222836,1817.3378246507161,0.0,703.6287639976997,171.7011818723752,64.78706369560646,151.53213419656464,154.13765481486163,157.4361677529717,141.94412863414385,153.5490125646818,160.24693458748666,185.91166538472226,154.45392302128994,156.26076193187305,166.0185033831454,160.40585691639149,75.44108146258364
1217,640.7284171580973,2384.8984909950873,0.9993271362469758,0.423237629443884,0.1488372739848911,49,0.0,0.012220351871052028,1.012473864336889,-0.01345955324573148,640.7284171580973,2384.8984909950873,731.9045970036776,0.0,0.0,173.728786099314,64.79062299954163,58.50227614617661,63.87360832420086,58.504778955383976,58.31062419006646,63.562541152375,49.92558917228514,79.82086180639263,62.45239578996218,85.68985164391967,59.28791909745948,63.898945218130436,28.07520550732525
1218,1193.1186905988081,2385.184415858868,0.46703528783094184,0.294406487956322,0.09175558152513374,49,0.0,0.01336016470433129,1.8762500954554364,-0.6832268183658496,1193.1186905988081,2385.184415858868,893.0871729929552,0.0,0.0,173.1884349132516,64.79317255112001,66.20671181119249,68.14427928822454,74.6935954319739,83.61004539352686,98.43160362424027,85.97513044641079,76.86829291745187,68.8802550155493,86.13144817926855,66.1803761783169,74.14639426254257,43.81904044425715
1219,1313.882857813603,2385.020320475955,0.5042149983644041,0.392879635253173,0.168329928766383,49,0.0,0.010147520565722804,1.3762195935924562,-0.346719341791682,1313.882857813603,2385.020320475955,786.5603948235619,0.0,0.0,173.07028835072165,64.79337392637404,55.618786564165234,77.73623915614598,70.08348728811939,58.19209758217447,78.97599884834628,71.53915764304244,60.73939556081517,67.84170087914752,67.5601104717505,59.315945096147,82.25508819826341,36.702387535444416
1220,2240.361205441138,2385.8667719543505,0.5456669431486328,0.3410126428076396,0.28334250198331007,49,0.0,0.059774311269795294,9.102591295839575,-2.397912608627838,2240.361205441138,2385.8667719543505,1669.5377789205459,0.0,0.0,172.1638863104414,64.79267327356155,123.90409179341844,133.21853880225254,155.1158755035411,142.2117032691292,173.69684339538298,144.12229273102508,158.29542192527202,143.2767865368918,136.6105833663611,142.99078484096535,139.98820741767196,76.1066493386345
1221,1874.6014964889469,2386.8658680884882,0.3050422500735186,-0.025942624551810223,-0.4068546218405742,49,0.0,0.00951143883954915,1.3477636964216706,-0.32403438491914727,1874.6014964889469,2386.8658680884882,922.4041180192019,2.9472609634071008,0.0,172.52170527758534,64.7941654580497,78.9710334424309,80.86500634778457,78.06312262451766,72.02251440316937,73.37224723838506,98.73667754592759,71.41326439021563,90.83465626542201,79.12932256491,91.74664378790095,71.21822058816917,36.03140882036885
1222,2211.0390596344164,2387.1036102639996,0.8819422258652082,-0.2822191770583545,0.1375781544330552,49,0.0,0.01707281028754311,1.4921748217343105,-0.43454926907948827,2211.0390596344164,2387.1036102639996,1015.6370902157792,0.0,0.0,172.19255938326611,64.79330657884825,73.06332707361389,89.57383151374725,89.69172089934345,91.06203286609652,89.49358657831024,92.89157188419782,85.10347603157636,97.59383320671134,98.07538053344405,82.07128009029086,89.4267942248935,37.59025531355395
1223,1059.120093343327,2388.5249719843914,0.6108578622653673,0.23065897263677201,0.2455959532895907,49,0.0,0.14465719623257153,20.774098422961377,-3.2938054621958206,1059.120093343327,2388.5249719843914,2823.61642114594,0.0,0.0,173.3195515097399,64.79415517330332,211.39592506738347,219.6860063041264,234.26482910252494,247.10950821231597,253.62416373613746,274.4354273717131,243.0273884705387,258.2802475559146,243.69056502042193,284.9643591547729,219.09819655544499,134.0398045946453
1224,437.67269224274025,2390.2851718899124,0.5369395091002225,0.4680195229852643,0.11738458284952008,49,0.0,0.01566641954539338,1.2444032597171217,-0.23740285018380597,437.67269224274025,2390.2851718899124,1341.7082634029107,0.0,1263.1626786742129,173.92747447183632,64.79148001808434,99.2496045939909,119.1458827284958,125.24157665940783,119.32881745970681,130.71392706109418,127.95296468273686,115.01661535196753,114.39740732651512,117.58895152714562,108.94199516646292,102.34931094874484,61.781209896642494
1225,1799.5176940608792,2389.4390638831787,0.5957296109871072,0.6101109585513214,0.115234427381689,49,0.0,0.013879925457100662,1.610172274042375,-0.5171808603644458,1799.5176940608792,2389.4390638831787,811.0103510371068,0.0,0.0,172.59515675110728,64.79535192040899,59.487974204011174,66.53369982498046,80.3141407205288,66.25884588654552,82.21514815742879,71.76640832181457,83.86464344364086,71.27756777872216,82.46944655204004,56.94956229041307,55.8946572760083,33.97825658097307
1226,847.2561861473555,2390.9528449781415,0.61849446612062,0.1012937227042776,0.03707861628394028,49,0.0,0.039970235763327575,5.418403004630915,-1.8346782585619923,847.2561861473555,2390.9528449781415,1244.3865453676508,0.0,0.0,173.52684198641103,64.79428387788198,93.76146332374442,115.55555829013267,104.96796007779915,97.68370706217226,106.49565839931017,130.4143093461572,114.7444377532158,122.37465924636163,113.66798158477361,93.3343758142446,101.1809544515881,50.20548001815123
1227,2748.9723657050126,2390.3436122302005,0.303106697825578,-0.5193440894640701,0.33504792722413496,49,0.0,0.01005252613000562,1.2430259641897876,-0.23620050057954234,2748.9723657050126,2390.3436122302005,1249.3412078107144,0.0,1064.4931830552227,171.66632119993264,64.79161113345809,96.85446998216918,119.93404975613038,133.24096337072632,103.59686992988625,102.88019714253697,101.34585784743467,119.2518143388154,108.35385516069194,94.31397023014179,113.90445106165771,94.25980618018428,61.404902810339436
1228,2225.464230404614,2393.884811126043,0.40004720654305576,-0.02511575925001878,0.1302647709219471,49,0.0,0.008574924861255986,1.3175736177495636,-0.299437225535365,2225.464230404614,2393.884811126043,787.2528135774058,0.0,0.0,172.17838373211956,64.7960744649217,64.01728513717475,69.26593002060616,61.09636837957524,75.37044505388052,71.45772313243256,61.517789979921034,60.46948569001171,67.23885707011263,57.93671832818154,72.75696113838964,82.29575805146203,43.82949159565806
1229,2823.468194065453,2396.3962272540466,0.4770055613637931,-0.5080858467718641,-0.017553950177228952,49,0.0,0.007006412942204538,1.3594813934367613,-0.3334331699650312,2823.468194065453,2396.3962272540466,2490.393028943017,0.0,126.38126784849254,171.59335047295824,64.79356392202634,0.0,0.0,2000.2807655008767,26.60389982618249,55.07713284966133,72.53348818185758,59.00317206290593,38.913753014092926,65.14099625350138,30.702279867397245,42.631470319959575,99.5060710665818
1230,881.0001898634049,2398.0468053134014,0.7886337250111999,0.31044824532928755,-0.15073121508442694,49,0.0,0.013871197850370772,1.4699349195874118,-0.4182452676701948,881.0001898634049,2398.0468053134014,799.4402198371776,0.0,0.0,173.49390766071764,64.79739932688283,74.06400099615595,78.77708912105409,71.73325410409927,61.550998242870904,72.72208496225736,60.64930934568964,58.45121263612151,76.27227399649956,75.78181120701221,64.08558733888324,71.58463029758933,33.76796758894448
1231,2772.4085703083365,2402.4678357889998,0.7779502350558927,0.2751011501458824,0.015466989988526395,49,0.0,0.014850815129353986,1.6201568861015856,-0.523892677512784,2772.4085703083365,2402.4678357889998,1230.6746460019804,0.0,650.9857448205053,171.64318531148598,64.79648671609343,150.85758645457338,106.25923341834098,96.62368238336703,120.64231081134281,60.27241672461787,129.22167624929114,88.24947339386763,103.02928510746601,159.05458992693195,93.06453281054617,93.59781220913615,29.802046512498997
1232,398.27997893638326,2406.821595131194,0.4111074914342566,-0.027003267827397065,-0.19208233382393086,49,0.0,0.020715584448389213,2.3045129875519006,-0.906447900055915,398.27997893638326,2406.821595131194,1529.97085514955,0.0,1476.3406795003364,173.96630146713403,64.79806870794492,147.3981103014261,158.06719957733242,171.05589046211733,147.58572986413213,146.78881607508907,131.5646859809122,139.93050707518893,142.9597224240773,108.65163795165145,118.98467761240988,98.44110037760859,18.542777447604536
1233,2766.7207547950493,2407.320300218393,0.4201262798272275,-0.7009628295232777,-0.6010329514032361,49,0.0,0.011754919255857671,1.8378219086212049,-0.6607585610822204,2766.7207547950493,2407.320300218393,1055.0893574972085,0.0,631.7634910349702,171.64866394538774,64.79855091393624,107.29587738788864,100.78240457346115,81.88887572023026,127.34682601457303,70.99881662540764,106.47029928915045,65.7293186872372,89.43039047550761,110.68592056751982,64.95198394943876,106.38415688809943,23.12448731869459
1234,1219.0339463842106,2410.5239591732525,0.9420511930940525,-0.12940171532059322,0.3643534691449269,49,0.0,0.01514501303038041,1.397152392365098,-0.36310944684182345,1219.0339463842106,2410.5239591732525,733.8288421455602,0.0,0.0,173.1632275444774,64.80379591263423,49.71195771408598,60.85227359474909,64.52869146148389,71.93695297677851,68.0335149353592,79.48111901084778,60.22558812338303,64.74444744515668,55.50602985524481,65.89397963817245,65.63531807819841,27.278969312100465
1235,497.0985808378829,2412.5164517749713,0.8664841781215188,0.6440487570742568,0.561607869136236,49,0.0,0.01988192453832855,1.7968598803400926,-0.636285530046061,497.0985808378829,2412.5164517749713,1055.3416038928856,0.0,359.41306093775756,173.86972197087584,64.80117448934385,71.2161053978042,103.74427653707482,82.65637532386296,101.19620141469753,76.88152918331764,99.11890741198368,81.4409713738406,81.79248106037912,81.2927199269807,116.41611435551748,89.50556115070384,70.08036075672311
1236,1974.8507306761283,2411.9989473307583,0.7897937741977124,0.2799381624439711,-0.12654247381160513,49,0.0,0.018877643364401592,1.8912623034659022,-0.6918794157770097,1974.8507306761283,2411.9989473307583,887.762076717697,0.0,0.0,172.42348469540536,64.80442777419816,60.050823443499226,80.99943741146907,72.37966362924155,79.8853917048936,67.15921123824926,73.28170614823131,84.73099187466215,81.42493257426368,77.51406886792452,86.81502750733529,73.17656349988809,50.34425881803937
1237,1232.672443814305,2414.75996579836,0.6737251603161187,0.4980834038780721,0.19736958135351818,49,0.0,0.08374344111087113,11.029709184740016,-2.6064101543716256,1232.672443814305,2414.75996579836,1815.212896252529,0.0,0.0,173.14990311471163,64.80559372561112,138.7297261515098,161.81651087821717,156.14215865597674,144.19694977118945,163.6523208407355,188.54220824742976,149.6459030737946,150.1083528782823,162.046463355563,172.12145609129664,157.2685316299365,70.9423146785976
1238,2296.5734448263092,2415.319822743358,0.4867731109589265,0.39342431356826874,0.24702085916362487,49,0.0,0.036535752935281995,5.552108552446699,-1.8611448716734302,2296.5734448263092,2415.319822743358,1309.1798684791568,0.0,0.0,172.10858830177125,64.8047024135321,96.65394095074564,115.69993561560038,139.46534865894324,111.93697006510855,108.08214221023314,100.01866369816302,111.73447480904075,110.36810825564336,113.47765701172625,104.3171026099455,120.95419551107915,76.47132908292768
1239,2759.9228519953954,2416.2195323673122,0.21376266833758334,0.15902936039257562,0.06108942895877538,49,0.0,0.006756574978877345,1.3168416045223885,-0.29883384815062985,2759.9228519953954,2416.2195323673122,978.8727141642426,0.0,609.4256353001758,171.65515874003796,64.80230896660208,113.4769586881327,137.29526731759927,61.28470452047735,70.8004512064816,99.98582380231991,70.61336037595464,56.726661532653964,65.05601965415596,105.2456814627933,78.3193804001383,80.79990030269492,39.268504900840696
1240,2370.7783776634833,2417.7126999685456,0.40709617201308285,0.11396292016111839,0.6168761970268734,49,0.0,0.008435773474606199,1.2320030039829855,-0.22652941691607303,2370.7783776634833,2417.7126999685456,751.1431255251229,0.0,0.0,172.03593951853153,64.80534894546236,67.00237918326701,73.09078137365958,57.45779013623258,60.84449750383605,52.50314544780724,73.16905577285644,54.18315870337733,66.49561542981897,70.57160608123122,80.10695870394983,55.6960751718037,40.022062017282956
1241,1712.4430038549979,2419.2091218297705,0.6188671150471654,0.31854824612903554,0.12143208941125638,49,0.0,0.06716163056426697,9.363873259960968,-2.4286388172197095,1712.4430038549979,2419.2091218297705,1647.308030857083,0.0,0.0,172.68030128070816,64.80784282087467,117.5153812401106,135.93328193743906,139.09486282424768,148.6680617325373,123.91523230434544,161.02036265190944,150.51972996051896,140.4212674648809,154.96374800473916,143.9652092692096,153.11393188925857,78.1769615778862
1242,2050.2045858711735,2418.973689312837,0.43794888933820547,0.25521474180597525,0.22111195597638791,49,0.0,0.01019931423245376,1.3170011964194033,-0.2989654237334437,2050.2045858711735,2418.973689312837,894.1187036295819,0.0,0.0,172.3496878582953,64.8071337735108,62.000175475789135,81.97564741735232,90.1483073576396,72.07556519874659,80.64378890491878,82.10744743255012,89.6263708440541,70.2982032650328,81.85746653004375,74.32116396688699,71.69655324783326,37.368013988734546
1243,2522.8280730888955,2422.6347996097284,0.5500229047339331,0.18779257158247142,0.009805927104594374,49,0.0,0.012926417217989327,1.5475077475861563,-0.47408207997431945,2522.8280730888955,2422.6347996097284,1080.5890398791425,0.0,0.0,171.88706927476176,64.80657076483179,84.3713619690387,100.26444652815806,106.67373983992417,86.15218177030363,84.82828834777416,87.26985217886747,111.90818778799971,90.25322177739547,103.372912726679,94.43695725754621,89.23071172527374,41.82717797018237
1244,770.2996265025411,2426.3135863652174,0.5634450802133482,-0.41312286889075067,0.18468763638167285,49,0.0,0.020447614743335063,2.454077805224791,-0.9747208192090563,770.2996265025411,2426.3135863652174,1174.788047779548,0.0,0.0,173.60256838366053,64.80862333516475,117.75725490384721,100.99905533952071,111.47584470910013,99.69513257537018,114.80597421522239,104.70430098623464,111.09820763812046,88.02087311415897,102.28157523762209,95.58435159486768,73.33836083380956,55.0271166316739
1245,1206.65114809441,2427.0938371171087,0.5703972823599577,0.2828024386789598,0.17080125837149562,49,0.0,0.12464735165298538,18.34873593919886,-3.159015376710057,1206.65114809441,2427.0938371171087,2675.981997514418,0.0,0.0,173.17544497137624,64.81066871413243,207.81599905759765,213.3010165147859,192.48451507026147,269.9319853654885,240.0922639836217,264.23094101475067,215.90415402877497,220.4293620849205,261.9164464292312,246.01511090920496,213.77895299424642,130.0812500615339
1246,1358.542235597363,2427.3066269346114,0.5818035206575168,0.3420862122103327,0.16888679955879615,49,0.0,0.2416786153925284,36.15805251233962,-3.8955125778821262,1358.542235597363,2427.3066269346114,4536.822578020616,0.0,0.0,173.02675102520436,64.81106844258932,353.16144355202283,385.86722887474383,413.13923413049315,356.7226966996187,423.2484650511465,397.1964023708115,422.1948187354704,385.0889918538745,393.90434229862166,427.4042261878087,392.9607980548766,185.93393021112706
1247,950.0595760812992,2429.8703198136327,0.6790079886929176,-0.1754696280471567,0.33671639917189666,49,0.0,0.023663193982308633,2.7205760071243446,-1.0866521591956708,950.0595760812992,2429.8703198136327,987.7510585006592,0.0,0.0,173.42665129778226,64.81096239444655,81.49741460706444,91.89273495086222,80.1955411089234,85.54904615303973,77.53537719832246,99.8873769456802,83.41205933826379,91.13455313174072,91.51118750843114,90.52796663213236,79.41346944608392,35.194331480114826
1248,2005.6761816744545,2432.6105666526155,0.3882738517969318,0.9249163539777033,0.29665971633283233,49,0.0,0.0076873179316571645,1.1999453738036772,-0.19790368929484659,2005.6761816744545,2432.6105666526155,739.7479439042329,0.0,0.0,172.3931893525802,64.81293805993684,65.89087387107185,61.97112178222875,63.058361236186336,65.16601017297165,53.71437145913383,61.95503619549639,59.50265266825343,68.07869334160296,65.72616498811793,63.71250438857586,68.83776679105483,42.13438700953908
1249,2296.302779784708,2432.5773322116834,0.5350794388097898,0.4407578862867396,0.1847055882610299,49,0.0,0.06160491638614093,7.795709729685704,-2.229639149888113,2296.302779784708,2432.5773322116834,2217.123158085108,0.0,0.0,172.10867199318056,64.81189349203329,168.77420321211855,197.92384937520276,191.76084491450763,188.84365070878943,183.1327084496084,181.79796046758548,215.09681173864521,184.055146860737,201.79383651800035,206.20402391302255,199.59997320516572,98.14014872172487
1250,1122.853286927343,2434.985019085849,0.5448427128549336,0.1564820373207324,0.15691836963025507,49,0.0,0.2796659040701924,44.628424502697726,-4.124028888518419,1122.853286927343,2434.985019085849,5062.881089783871,0.0,0.0,173.25753420753972,64.81372124829528,387.3120699968555,431.41787856400697,453.16171291877316,456.75241022256876,434.1529021701996,425.6170591996635,437.3287618690008,468.544287740743,451.43575124271024,444.7600752190716,446.7324245223027,225.66575611797504
1251,1870.5395883656,2434.383975702347,0.6789916582328513,0.17564889147332147,0.09731717037208039,49,0.0,0.017050972566483174,1.5941169570957008,-0.5063004538138434,1870.5395883656,2434.383975702347,1108.9169383158442,0.0,0.0,172.52548569922223,64.81397088654862,87.34140645544724,107.2831725670476,81.35018533179996,93.93559909589966,102.38991952092977,102.56425454820342,84.60737599277053,88.13562900238881,105.41440740957323,88.91609144203002,101.99918001454208,64.97971693521178
1252,490.06135737298587,2435.3426002752817,0.22595402478366375,0.16914421466129345,-0.11931224797750042,49,0.0,0.010791187289264606,1.3039260964858426,-0.28813244321763887,490.06135737298587,2435.3426002752817,1204.0891137453268,0.0,771.6328786006093,173.87698970929196,64.81063318299881,113.93206122350986,92.63710273438086,111.81515372445841,107.09884094206375,106.95238458969982,110.933971048953,99.6372827501036,105.85272113115734,96.92696890170762,109.371347807637,97.27181170098953,51.65946719066604
1253,938.4335362212505,2435.5598200946624,0.6968157252835165,0.39290603519010076,0.1506129602488982,49,0.0,0.04650475492777182,5.894634917930021,-1.926142280983072,938.4335362212505,2435.5598200946624,1275.5631365071258,0.0,0.0,173.43808893826716,64.81328363114724,107.90437259726949,104.46357990958073,99.52989734307849,101.36340605875483,115.9520890608411,115.74058682794244,113.42616591572693,110.85961203473268,122.74933168059513,126.46126113943205,120.8037989957971,36.309034943374805
1254,772.6484323302644,2437.1728254448217,0.605460705367362,-0.26863431089459366,-0.08854262059285864,49,0.0,0.012181293461460671,1.2381752381115176,-0.2319552861025263,772.6484323302644,2437.1728254448217,912.3987817015868,0.0,0.0,173.60040510835304,64.8131599449043,82.32442374623915,70.14439352541504,95.15125844739131,78.10415834366101,90.26111933081208,69.43280672070233,68.63347834301307,93.44592040440298,76.38965094764282,85.31354415053669,67.98532861872897,35.21269912304129
1255,2407.999560974778,2439.1739039840995,0.5260449771753634,0.4418738042118715,0.23466119052970025,49,0.0,0.08112022434169308,12.405491228344902,-2.7340349149779763,2407.999560974778,2439.1739039840995,2205.4374073396107,0.0,0.0,171.99925086698752,64.81410083200025,170.5632117111283,179.98103296661944,199.39626527237016,197.58981962575552,190.86218312195882,200.43572929468428,173.82430475684868,176.26266272913503,217.07081136177078,207.13068807274118,193.45437618835385,98.8663222382448
1256,1153.1400373410352,2439.8173214443177,0.6762285912105616,0.1772237182376493,0.11363264637892775,49,0.0,0.07057605734258073,9.495322778608397,-2.4437743312096734,1153.1400373410352,2439.8173214443177,1613.5856833399748,0.0,0.0,173.22791479665796,64.8158248257749,139.75195602677087,131.02283032423784,129.72401254184524,136.84872933901522,143.64678046372737,162.42186955882158,152.41565558607968,124.55736363244505,153.96453943174163,143.42006658774432,120.01091558588507,75.80096426166088
1257,1527.7987049639419,2441.840741851601,0.5864696271525831,0.3852991898231741,0.20081953101367309,49,0.0,0.05604005323557404,8.23480587572925,-2.289133414322024,1527.7987049639419,2441.840741851601,1378.8602728507158,0.0,0.0,172.86106809345844,64.81729564784915,107.73586725045757,112.52862687275706,131.74318567337838,108.20821137115706,101.73526269668953,113.2199084652423,128.9693857994523,147.2679002204588,153.29599867317663,112.14866018030384,107.06475695706546,54.942508690576716
1258,2689.220551212984,2442.05746228411,0.5740528100975498,-0.06347261041137381,-0.03503861910029815,49,0.0,0.01266027792677536,1.2610084974272748,-0.25179503279539595,2689.220551212984,2442.05746228411,994.2976085893085,0.0,697.8456160374277,171.72391368315778,64.81358428996698,102.57501428280901,89.08324103793414,83.5827886671968,89.75141235396063,103.15101136367034,73.87412115854076,76.09709373511117,63.01916166954251,90.22767243996682,98.4385066096649,76.99274556496648,47.50483970594495
1259,432.0122731661968,2444.322841831685,0.27429232264380954,-0.1377883028873889,-0.06144324748717194,49,0.0,0.020659122138270883,3.8982017567328597,-1.4771607821619561,432.0122731661968,2444.322841831685,1110.5977506969787,0.0,1095.7272894606926,173.93396299392,64.8139479889567,116.66262968270074,111.18442179035688,115.29147873281836,101.78658954290685,111.72804368220946,117.15027614819091,100.44667552849455,102.94011644476862,76.16720020430984,78.9960930023145,65.91266058597579,12.331565351932174
1260,2380.8452674146233,2446.1305556320035,0.389541792873902,0.7114795191413081,0.4510535097114794,49,0.0,0.00860045010936304,1.3263247174407888,-0.30662465807597084,2380.8452674146233,2446.1305556320035,744.9813640365957,0.0,0.0,172.02575262569667,64.8171379711304,56.45603411177936,57.63608517096513,62.08727569211148,61.909163972561835,66.64798956151222,68.7490304138147,65.20147196735628,62.53079505391598,74.70437771746114,66.14235910279808,77.2906479684072,25.62613330391229
1261,2174.1006613366003,2446.828895201206,0.6974527113739808,0.6276887568915657,0.19930743261557338,49,0.0,0.05208201179133717,5.872614734070164,-1.922078776006741,2174.1006613366003,2446.828895201206,1661.950711883199,0.0,0.0,172.22817868887793,64.81833082518567,145.15318068248686,131.2143749998257,153.04979060741329,124.57991198079058,152.86105958335193,113.81294670459584,161.11414638207583,167.23501128256842,151.26688410450248,159.0782977112048,134.2592296211298,68.32587822325358
1262,1368.276617517881,2448.255787883069,0.6118867052147979,0.39806239996085546,0.17867258987070314,49,0.0,0.05980219240927597,8.29298155392525,-2.2967767484559882,1368.276617517881,2448.255787883069,1596.5965709146103,0.0,0.0,173.0172947827589,64.81981173585883,127.22066974696821,126.6000860715229,142.8703948317832,135.97087391875527,133.67086625504953,147.47961850955565,135.6074083834181,135.95557410821309,155.60802887883239,152.92693743446893,135.0809066139995,67.60520616204374
1263,1909.5271416715304,2450.5110388481535,0.6241553601983593,0.4238078187331556,0.22072348657553692,49,0.0,0.025661788371822085,3.0440488888882826,-1.2086290578316758,1909.5271416715304,2450.5110388481535,1121.5865530451497,0.0,0.0,172.48723883320167,64.82061742046993,96.70596852401847,101.62830646769653,77.15089608609802,95.02004520197244,103.27529478312675,116.42217886170623,89.25000745420641,96.81146549504973,94.03762728967848,98.50805389733125,96.43247692616941,56.34423205809612
1264,2310.767265218072,2449.6754883502526,0.5308678868968318,0.4263663259993487,0.3596673662033508,49,0.0,0.061817206543328514,9.493285283153186,-2.4435413301825264,2310.767265218072,2449.6754883502526,1749.661285371105,0.0,0.0,172.09432896084766,64.8189514230256,150.11100737325944,152.5173520019859,165.43276714477244,154.4633851545284,132.40454709198647,163.20321822656933,128.95490247032362,134.50204029609404,176.4115341016004,159.86514810137788,152.0521754180209,79.7432079905862
1265,478.89317485756396,2452.3983124634333,0.3705484940699155,0.4113498699974304,0.4347126826107683,49,0.0,0.15163776973406953,15.348897189959445,-2.9651929427706785,478.89317485756396,2452.3983124634333,9356.401121932675,0.0,9227.023284502466,173.88820939885397,64.81765787444286,721.6900221115575,824.1466472938405,775.0023209961856,818.5524678493713,809.5360083966651,851.9907666537695,848.2027067171789,810.1729226837642,826.7631025770486,826.3919902840971,849.2616345188968,394.6905318503009
1266,1672.1229903636865,2453.038770635237,0.5798243774513391,-0.7328598700351959,-0.126197666287074,49,0.0,0.01706051433780314,1.8114837732959577,-0.6450861202852242,1672.1229903636865,2453.038770635237,1148.8134102232839,0.0,0.0,172.71973251646855,64.82196181413329,100.97217970132425,118.55089484329883,95.41458507502678,97.2730896173518,86.05882272627585,91.24140889507953,110.19352218044446,96.39617723155243,100.94491904084992,107.23322457179881,92.49267927268797,52.0419070675932
1267,2074.550208143312,2453.750322405198,0.5928485834641049,0.4460028079571022,0.1796812280020775,49,0.0,0.023872964010116824,3.0330663608759423,-1.2047047810082392,2074.550208143312,2453.750322405198,1090.0734214504348,0.0,0.0,172.3256094223551,64.82155060123756,88.19315645072291,88.69985840070322,98.01099670045832,86.34979860377436,117.99889858703642,89.90188373392658,87.71474038418795,92.3421393126017,93.43152849596783,115.99059225281387,86.60931655434474,44.83051197389686
1268,2435.4713580605244,2454.244087824712,0.4346552701598316,0.3509525145718033,0.31972922451506885,49,0.0,0.034283178672658586,5.366046747918134,-1.8241361295960674,2435.4713580605244,2454.244087824712,1421.135752058659,0.0,0.0,171.9721666561256,64.82023384448961,92.90550155185917,116.76355612971489,122.01234997773972,120.64681244798841,125.07953853801514,129.0533430895432,108.63612823612922,137.72607893148057,131.9273991388255,143.49697901803262,130.34750799927212,62.540557000058506
1269,774.1093196635273,2456.321909973863,0.4835200506875358,0.5339866828863984,0.2733284941314294,49,0.0,0.011395528927854625,1.3576637474600364,-0.33198055390191594,774.1093196635273,2456.321909973863,922.6869856001425,0.0,0.0,173.59921393462372,64.8211454208118,63.50670592962228,70.94793150080136,92.47254894600373,77.60887102679956,78.81683303447994,77.19851760474253,97.2874569240353,84.60156556998291,82.20383023461889,77.67700327311039,83.25563066748522,37.110090888460505
1270,2033.4260979685246,2458.9576003640723,0.6546619459945735,0.5888758939954497,0.1940819121203753,49,0.0,0.02314209153581205,2.758975196256297,-1.1018694902542863,2033.4260979685246,2458.9576003640723,1017.3883591050055,0.0,0.0,172.36584941131403,64.82384035660263,91.11101758684859,77.44216819732358,84.063465154809,91.03284540279924,73.59273395861668,96.95246062378745,87.8215355077532,84.14768308771042,103.20261129388174,83.60657011778243,105.54004060145512,38.875227572238124
1271,464.32425304207464,2460.83455952504,0.32766508617357537,0.8665785245849971,0.05524342741822534,49,0.0,0.008306963996761051,1.2069092893960442,-0.20418657500483112,464.32425304207464,2460.83455952504,959.0061174855855,0.0,894.8381085298784,173.90261717183546,64.82106620348321,71.46139628979856,99.24395271602121,68.35458639733163,90.93406485609634,65.69104947305851,82.24324928161872,85.8481008269354,81.28335738673988,79.31008737543236,75.06363565410317,133.88674672585807,25.685890502591633
1272,1416.0734446293545,2459.801486825725,0.9693617615381377,-0.40199843279238456,-0.14227768921482206,49,0.0,0.011729520022094979,1.0778815588591524,-0.08142760444613444,1416.0734446293545,2459.801486825725,770.642735781908,0.0,0.0,172.97051986541305,64.8246864071787,55.785026201828714,62.8645580890596,70.04984415036893,55.746851850137546,77.52122794485064,62.38958001397974,67.30131800297367,71.75547943880969,66.0786933935589,76.09847294224926,71.99400706349898,33.057676690592324
1273,456.99558632103964,2464.669058720616,0.20229603794445908,0.05918091083499714,0.8133605304842317,49,0.0,0.004931503744583703,1.22709395709781,-0.2221945435063413,456.99558632103964,2464.669058720616,828.6109451954778,0.0,769.8797577641701,173.9098590711556,64.8226097090263,72.39912381428292,78.43815685377663,73.54107102203548,70.3796495535501,62.99685323834914,71.38955704380164,85.77516802269764,67.8401638558002,67.94966443502946,61.679075013268644,108.61411860870132,7.608343734184713
1274,2536.7987356096023,2468.490104083132,0.6904521257470168,0.49808353455311943,0.33810712351007954,49,0.0,0.06980336143459005,8.200596165870309,-2.2846135645374583,2536.7987356096023,2468.490104083132,1980.3238613933918,0.0,0.0,171.87274834030848,64.82559036604246,161.38512817503667,150.36160013813412,180.98680148695684,180.53575308028076,145.6818931085709,183.14633115310139,173.56938172918183,167.08942627098764,185.21369651947072,177.28535290199056,173.8115327482284,101.25696408145218
1275,487.24309625539433,2469.1166673098605,0.4150175546331707,0.3435279979737863,0.08707339566651137,49,0.0,0.013238112347009686,1.5756900073732627,-0.4936769520948965,487.24309625539433,2469.1166673098605,1147.4920989268585,0.0,1141.1587876267863,173.88031585041043,64.82468245113193,91.32654929034472,91.06568120244302,98.33404829505557,83.51812128788433,94.74950342073925,105.74443200830626,113.04712750199536,85.06244833748859,114.61020411467855,104.0756586212021,115.02505044896091,50.933274397759874
1276,1165.6436721323062,2468.504828710272,0.43564244144959613,0.20181642633584587,0.2793566373150571,49,0.0,0.04972918367671837,6.641853656352772,-2.0557232557911793,1165.6436721323062,2468.504828710272,2268.3679588828822,0.0,0.0,173.21586065265183,64.82781270375179,153.36203365147054,217.42086777853382,197.8910417572589,202.84025449109203,189.11847233484423,185.8585030774862,207.39369133992136,185.88225786109888,189.29224986355004,228.18731417753634,210.04797351871284,101.07329903137698
1277,1264.0118861761607,2468.9094996858466,0.20491545325920624,-0.5721074796206418,-0.14536616410426642,49,0.0,0.010055123006159959,1.542361014990328,-0.470465098469388,1264.0118861761607,2468.9094996858466,884.1196966742559,0.0,0.0,173.1195043294947,64.82822589684322,68.34494699125312,78.0058548816342,81.80521990921353,70.7493714010848,83.53449424490437,60.43918728353517,97.96584665928889,84.81406292146829,77.3266824569256,85.62850211570066,64.92024172881825,30.585286080429057
1278,1844.4364070662464,2471.5639484607345,0.8258901573130176,0.33360458512584745,-0.22577492794837073,49,0.0,0.011912462457648763,1.040907894461588,-0.04353075582055426,1844.4364070662464,2471.5639484607345,781.7288284788383,0.0,0.0,172.55090571754897,64.82950503391771,62.483065140065904,58.286164827357354,54.42519754687599,70.2634088806521,59.40715004174915,76.99975919375198,62.49287393339728,60.60280196894035,76.43605163388794,90.83818474697318,81.23090259992173,28.263267965265385
1279,1911.5966217607383,2476.96740487002,0.6642795830197141,0.379305528961011,0.2433765271088309,49,0.0,0.20024415076260366,27.09931952140927,-3.58239596410415,1911.5966217607383,2476.96740487002,3731.2596178268936,0.0,0.0,172.4850878009781,64.83163618118097,284.7893219781023,325.51918251421824,337.3110983535548,354.209756723283,323.97932646325216,344.7501946033972,306.2682860386644,318.9855991317473,324.72186819280216,315.95287093197004,356.5776793081131,138.1944335877896
1280,769.7031219419579,2477.882794475485,0.3507195560677721,0.562037091036684,0.0285111747500423,49,0.0,0.08977080144044654,13.019051085005982,-2.7864483277916587,769.7031219419579,2477.882794475485,4042.8551235519144,0.0,0.0,173.6037992678619,64.83010433401726,307.96403711035265,346.8113512716105,328.0707372506714,367.8926781182553,350.20961879527226,360.9210367102829,337.17983336224165,357.83125644108475,345.383732694958,387.2039329167787,373.4146581210615,179.97225075934477
1281,783.0816063234522,2478.2445378905772,0.6311368591199197,0.22463793162221452,0.05893466482866656,49,0.0,0.15632068318157324,19.82287075224609,-3.242916373301698,783.0816063234522,2478.2445378905772,3891.5477662833778,0.0,0.0,173.59069873166345,64.83032612609102,309.3937024421798,312.6358538154241,353.88839740153276,349.32665408017544,354.55619749416564,332.600236661046,331.4083103210278,317.15107966004774,369.52871711873377,347.21933279152046,361.7431398397838,152.09614465774038
1282,1006.8813441000896,2479.7279345273264,0.4241355284561042,-0.18588779675566328,0.15284527324580283,49,0.0,0.008210414468491373,1.1814671393394862,-0.18105411728661366,1006.8813441000896,2479.7279345273264,753.6740310365823,0.0,0.0,173.3714745671385,64.83196223005564,68.95988562035308,60.61327966275208,73.6080248741257,76.16411174400773,73.68063493764274,73.36936707331196,62.302668881050494,56.15768949416171,61.053142516102234,64.20963462891454,61.2535653288867,22.3020262752733
1283,2395.251203351198,2481.534316146686,0.3715779527499995,-0.11588539835394643,-0.1656653089637549,49,0.0,0.018838307221482806,2.5395380796621265,-1.0118868233438547,2395.251203351198,2481.534316146686,1244.5158805445399,0.0,0.0,172.01122273681312,64.83181449439253,93.06728936841611,88.13724224150772,103.48201662953959,125.68560497129789,110.63280537842911,107.85835122578192,117.42727758408483,108.34888456718011,99.18154886903106,118.3656250613715,105.92427018169097,66.40496446620877
1284,2600.8487956754493,2481.457813280737,0.6349494331659796,0.7647854009533595,0.33155214084228835,49,0.0,0.03226665136587395,3.639735288892424,-1.4026744984401376,2600.8487956754493,2481.457813280737,1652.7526268268239,0.0,23.12265119226589,171.80982537277566,64.83059277871581,129.62531426711988,146.76951386542862,136.3274510892138,124.35401418382375,150.02225017931315,157.15749395524483,125.57358058211085,153.06506981055975,139.36109793170795,154.26218685053507,167.89434792048405,68.34030619128245
1285,1912.2354736784494,2481.764438400061,0.4960119273353487,-0.6573022327453258,0.9832981965359961,49,0.0,0.011005366371142704,1.0689865516061972,-0.07243060399491624,1912.2354736784494,2481.764438400061,3678.6253491434986,0.0,0.0,172.48443930348185,64.83363355238805,276.27148442544177,329.1659198287112,332.5386822872025,351.86761081834203,321.1741983766712,330.86898895605776,305.205501087575,314.57925587225026,325.45919244118096,314.11672439748025,346.75555062434404,130.6222400282425
1286,1148.0313814655249,2489.0457069684635,0.5778688250682429,0.25969358174280976,0.19574044585812256,49,0.0,0.4284978044952358,64.76789000722876,-4.528399372357456,1148.0313814655249,2489.0457069684635,7469.93863722061,0.0,0.0,173.23325335366118,64.83632042229527,606.6271140803254,696.3653078323911,634.6742952693195,623.8452625813673,650.8307445732632,693.0353768564125,652.2884105875173,670.9365944287753,621.7035159428482,669.045854071333,641.348612378516,309.2375486185418
1287,625.0519456665817,2489.924527348963,0.4492089754919202,-0.4447247973269608,-0.29240977016278297,49,0.0,0.009762543823923267,1.1881978750285023,-0.1872219283742237,625.0519456665817,2489.924527348963,910.9338755117171,0.0,0.0,173.74566535886984,64.83427854933615,72.93315806667935,89.7484465194654,70.10999582154209,68.32211227277914,92.33098067096503,77.0963149075734,77.69743010578728,72.01282049350618,82.04531194462143,86.16538522741408,82.54597978963058,39.925939691753086
1288,1848.9123899730548,2494.500431695028,0.6752249379276497,0.7668619055465002,0.8272850587460526,49,0.0,0.011068397216839505,1.1205998000498334,-0.12362635159948396,1848.9123899730548,2494.500431695028,772.7163352220946,0.0,0.0,172.54643471888713,64.83905431804423,59.29272720222683,54.385727267537845,75.26221929364196,73.45452210536061,62.224966406894026,59.40046065252085,60.22474042504946,60.74842734447233,77.13481202448565,79.58846714814942,74.18630153268622,36.812963819069466
1289,2612.1848299524986,2495.279235780277,0.3814026231609356,0.697775788228166,0.5883088717749527,49,0.0,0.015539713501073077,1.733641026661528,-0.5973979400599231,2612.1848299524986,2495.279235780277,1286.6180066451755,0.0,416.9240665310722,171.79851014350285,64.83627707745728,103.42622801609255,140.42451966135715,105.00422665825378,105.4021009283062,125.32305790823206,113.51023923751137,111.23040492663189,115.76765345344987,110.03966713414889,115.86586864873439,87.73208545221979,52.89195462023754
1290,1595.3700085580062,2497.522941476183,0.35309290207848526,0.6282120023787712,0.42071937658647535,49,0.0,0.012728917076074944,1.6578274511741944,-0.5488483165872939,1595.3700085580062,2497.522941476183,976.7810547728691,0.0,0.0,172.7949060672836,64.84051258223407,93.99145086643625,72.6921637489587,85.43138562980991,67.27236357306957,83.19616149462185,90.03188554873051,83.13055579145973,89.76968009250231,88.69025500983284,87.30226612671161,84.14525695771279,51.12762993302299
1291,801.7676547349056,2498.4443751091994,0.34954300159401586,-0.023924563420572326,0.09139794853857067,49,0.0,0.025990174741636153,3.2605125176947287,-1.2832146797035138,801.7676547349056,2498.4443751091994,1670.7848959394828,0.0,0.0,173.5726383577233,64.83883895053948,135.46446720992972,150.4005634174763,121.2345565719576,122.3676316558693,168.11183003001162,136.94118689818652,137.03530544117194,161.38437522768282,156.0942017340633,147.81178864359225,155.29422785684702,78.64476125269465
1292,1511.524451467648,2501.563484785729,0.9888531888435178,0.8747904358845466,0.41828367881889883,49,0.0,0.012636459115182252,1.1132724955272895,-0.11650369884042686,1511.524451467648,2501.563484785729,726.9253494245381,0.0,0.0,172.87708426327524,64.84217061850639,51.07594552039225,56.1383743719917,58.25917229979541,78.57548139633246,68.59078059102004,60.26275199042563,63.36921084596617,72.17905929001923,62.22286528526082,66.52356748584415,61.57190672479847,28.156233622691758
1293,1076.508450174174,2502.037167277225,0.6036441727733152,-0.0011688830880883468,-0.021694609632553333,49,0.0,0.02702613364487173,3.580764281068515,-1.3849393317110854,1076.508450174174,2502.037167277225,1076.6863263333494,0.0,0.0,173.30343828410332,64.84150787138445,75.20233576118645,110.3561326175114,89.11075370245626,99.7244870646494,83.31596698461787,98.39675768904021,104.61610738272368,91.5372212925288,87.851717226409,103.63013587757428,87.73440919478469,45.21030153986723
1294,1862.758092939394,2502.3945550618273,0.5900905532948135,0.7945629321562281,-0.6390133805516469,49,0.0,0.012779660999027984,1.3501440683792418,-0.3259502819112356,1862.758092939394,2502.3945550618273,965.3476966421244,0.0,0.0,172.53283481492028,64.84232055896379,79.13896977570296,95.78939117530992,84.56207273126176,84.41945998285985,88.27665158115187,70.45552677479678,76.81785368255672,65.50914427937126,80.60021295474917,86.2638383715025,97.04801657458775,56.466558758273806
1295,972.6569293232513,2502.770365028991,0.5166536357640279,0.42206688837313966,0.760154901316444,49,0.0,0.04825877203023543,5.753840258025488,-1.8998945013670556,972.6569293232513,2502.770365028991,2260.2758338285967,0.0,0.0,173.40522210099462,64.8414275098391,172.0368406404085,189.87353553108386,197.78187125582514,189.42375546755383,202.6868307371695,193.51139266604176,224.9628295132077,200.0255584496944,196.01331870341215,192.90892492742833,201.99190845091027,99.05906748586125
1296,1537.9475611057662,2503.465977747408,0.4024801250742404,0.2915432747213824,0.24578190500983682,49,0.0,0.013537031728471805,1.6751626467145966,-0.5601424510312296,1537.9475611057662,2503.465977747408,1032.969370606764,0.0,0.0,172.85118852819343,64.84297620434346,91.18570935782643,94.54245924141271,112.07739278754916,97.449229017528,86.53565173612505,88.2994747097706,75.26629081087341,85.31164472341473,70.923844054423,83.12051770250179,106.57435628539746,41.682800179941665
1297,784.6619920471073,2505.6728335933553,0.3848427984554023,0.22436105319876729,0.4047070511124912,49,0.0,0.013857144681523671,1.6582649804479088,-0.5491348233030536,784.6619920471073,2505.6728335933553,1164.8311794321176,0.0,0.0,173.58948900239676,64.84176131668524,104.12362005908946,78.92075591268416,92.63065224600984,88.96241301529606,102.23014086318202,116.48948176688032,109.62897888389692,87.94914210251655,120.13330169149908,111.99846479798475,96.88742475875968,54.87680333431871
1298,1802.8533226015002,2508.6769964087944,0.436371434678638,0.5104532345751862,0.3061177131946918,49,0.0,0.020463976637682273,3.2583267529332747,-1.2824865856588505,1802.8533226015002,2508.6769964087944,948.1223379940142,0.0,0.0,172.59152872337256,64.84502789215455,84.6570672522044,91.71076142623907,95.0880976973738,73.7313748860557,69.62351315266984,80.51336705332233,85.91558741740627,65.73036654467344,92.24002513850446,82.6537950262281,87.19972980944007,39.05865258989657
1299,2431.405613743563,2510.3684487597984,0.47212560437129975,0.5764714769281835,0.35326138176491717,49,0.0,0.012997923937968937,1.7974380595345127,-0.6366348333593286,2431.405613743563,2510.3684487597984,925.7748829855484,0.0,0.0,171.97544287951973,64.84363750925908,92.83163595939415,99.33158348283195,79.8606145372695,62.721356188954005,70.37967020241112,74.65132664815079,81.40318470110026,84.9644030052411,75.23300812371704,80.82784332749006,78.09697509379711,45.473281715191504
1300,2687.6797041642376,2514.7176022148547,0.36691455655305477,-0.6330335189150966,-0.7465337957543661,49,0.0,0.057030584338073065,3.44465222176612,-1.3428634532780628,2687.6797041642376,2514.7176022148547,8842.757691884737,0.0,6116.893399904273,171.7242281735709,64.84386370924982,617.5288931995641,776.4794845130549,706.3263183532704,739.2989503380543,784.3794808287046,747.1180561639867,829.9171550338217,884.7888494898027,728.3295008018695,730.3779433417762,858.8492304893614,439.3638293314714
1301,1703.2540214745734,2515.426252700634,0.7328144509390618,0.3133288196372732,0.09838148319977423,49,0.0,0.03140588508278356,3.809661806797018,-1.4522160599495932,1703.2540214745734,2515.426252700634,1017.2839346564194,0.0,0.0,172.68914662630525,64.84793798975372,85.8257668906608,95.56479941085334,88.3972861657775,85.95584230767707,98.82145661955738,84.6331069283705,79.849364974074,83.36833313053177,79.83839528346081,103.4938669270685,92.01704485678971,39.51867116159809
1302,1125.0039432783537,2517.431789901211,0.6160166242931944,0.3572256870902963,0.3216372441600646,49,0.0,0.02717902655299115,3.6206043316680843,-1.396952666666784,1125.0039432783537,2517.431789901211,1014.7318175688597,0.0,0.0,173.25602121069082,64.84807814909776,98.52482678685234,81.64431085083206,90.31273794747139,105.33263622988224,94.05160313162378,81.2818846394205,82.05934632955785,80.11739457889063,85.71893179978684,86.34961387362546,88.27806779588246,41.060463605034144
1303,2657.3919457908055,2516.4059190403877,0.46753934572560585,0.6320791873078535,0.7235438430107033,49,0.0,0.24864593564294318,32.84423552846544,-3.7911478945676835,2657.3919457908055,2516.4059190403877,9372.863495459562,0.0,8381.940333067552,171.75388258200405,64.84477650413706,745.5052773821484,817.3886584276934,842.6353942358294,806.6319520538375,822.1985694202453,852.4162308869729,805.7613079447622,834.5965091985832,795.2659549942204,827.5007627052144,841.2934754075252,381.66940280252663
1304,1522.9217875987417,2520.6329316122738,0.6048868250262888,0.3068763426229002,-0.26426651091563913,49,0.0,0.009211561959681498,1.1193021664834553,-0.1223683609175765,1522.9217875987417,2520.6329316122738,705.9881884218598,0.0,0.0,172.8659360191335,64.85012198911717,54.48331888299241,65.69947274757016,55.55596501429207,53.728852435157364,62.74386737299852,56.795263070721795,58.61135653543747,67.44276556387085,64.1576233291088,70.7149112119677,68.11583675095815,27.93895550678461
1305,1634.0481157272736,2528.5013810867044,0.6140293641153023,0.4616899422950311,0.32161288615774014,49,0.0,0.6672304763832085,94.47207322325497,-4.938258615519224,1634.0481157272736,2528.5013810867044,11750.2516443325,0.0,0.0,172.7569838700367,64.85341614961587,881.984657108474,997.5867124976146,1017.3777570329912,1031.9299347039564,1029.0545167729265,1030.4619671747753,1109.9206907026123,1040.6451181533178,1064.4341876539283,1034.8553330398747,981.9563011070934,530.0444683849373
1306,826.0660642761017,2528.7638409999004,0.5481068932774796,0.24819700513852735,0.2152172263101495,49,0.0,0.505363277538464,72.94192628002791,-4.657443070385877,826.0660642761017,2528.7638409999004,11187.196140645854,0.0,0.0,173.54918397056534,64.85159368083704,879.9909163277928,1026.842180915753,942.4047589495349,1035.0996729583364,987.839079898341,975.6091405844953,981.0132724194834,969.9442607191742,973.3764577022387,1004.7644098496052,915.3553597359262,494.9566305851726
1307,2482.1240922624925,2529.134624714752,0.5984521845095311,0.584236061554362,0.4824858658658809,49,0.0,0.2918456047359258,39.47267391461931,-3.9907413672321845,2482.1240922624925,2529.134624714752,6703.972921582285,0.0,0.0,171.9254866756803,64.8511753389868,546.1545059437901,564.2576717937444,560.2073097692477,595.2801824195642,631.9995760235706,589.5018535152153,576.3986344718784,551.9807792708722,610.0587755360403,580.2065420944105,599.7579250578292,298.16916568612294
1308,1977.9243087560444,2532.5629640849725,0.5195149765284975,0.14795590066385797,0.1219372704729858,49,0.0,0.010941784729809948,1.3215605767694951,-0.3027176870268079,1977.9243087560444,2532.5629640849725,841.1531069861502,0.0,0.0,172.41978877662015,64.85465227752121,73.06346481087513,70.7711597703514,90.41243372973086,71.58219472890512,68.31657729558819,67.82557974038212,59.49614901664533,70.19687640556717,92.85156543059881,81.30093365766545,60.777219192050424,34.558953207790196
1309,2281.0027806463168,2534.8588413939606,0.588915866470344,0.5048540082565852,0.41666511786048316,49,0.0,2.807964540762645,403.5296115431523,-6.514688523344933,2281.0027806463168,2534.8588413939606,52364.73584192466,0.0,0.0,172.12259740300794,64.85457398600248,4148.21656139055,4528.516519206351,4454.32510964551,4563.106091759565,4734.198164307236,4718.682329901505,4633.667809596003,4453.443831830175,4571.6172480224795,4662.000282128185,4639.574616641199,2257.3872774959027
1310,899.6385643365975,2538.3823381481075,0.8917508588184798,0.4583631242115673,0.001239421214122166,49,0.0,0.012113355787667604,1.0290136364477345,-0.031052825134369653,899.6385643365975,2538.3823381481075,776.7607810010925,0.0,0.0,173.47715804324773,64.85595117417309,61.44324748817455,56.333866026061884,64.00311711530229,65.10075247356643,68.98617617694283,72.99784598402212,63.14844564871649,62.16698779012165,66.12127468532482,81.31632525612704,77.58046498447258,37.56227737225967
1311,2716.7926220979975,2536.7882032688444,0.7667082412323056,0.630266382970848,0.4666680073845673,49,0.0,0.03288821322471391,4.642342858324646,-1.6668430298623305,2716.7926220979975,2536.7882032688444,955.8701327302615,0.0,100.12711639675891,171.6953257598888,64.85285078266482,52.26950086284898,138.40990940935293,40.070454451542005,70.36246438738212,59.157542483912266,172.4627126876018,95.24955651427018,72.15646100292523,186.091954624506,22.583880438659897,29.54636148882057,17.509334378439394
1312,1258.6039643291508,2539.1224705127793,0.8232483607891563,-0.157359132607006,-0.27769824644666846,49,0.0,0.01327550246976288,1.2972418522677511,-0.28255237913379666,1258.6039643291508,2539.1224705127793,776.1680585114759,0.0,0.0,173.12516502752803,64.85746771367302,63.602540597720676,58.21963759799051,75.59103289613206,65.12859481853343,61.281481840007984,81.8187347819329,67.1813936609019,68.9659156927944,65.13147287121029,63.46773563894656,62.0523858844545,43.72713223085079
1313,2417.049571226718,2541.719050829758,0.5983698024882022,-0.37290025465215265,0.45243201707423164,49,0.0,0.010536930669407326,1.0464764422763018,-0.04932364044317795,2417.049571226718,2541.719050829758,859.6946269020784,0.0,0.0,171.98912501587893,64.8567746919783,66.90204909943874,65.71103892521032,73.79474396831375,75.34136652284343,75.82895554120857,78.52024510497185,69.9627160007896,83.31708501631499,76.03459146330752,87.17397632673443,77.11723873924166,29.990620193703485
1314,1306.0242810666673,2543.3816868666104,0.6463480763799654,0.4873973151272759,0.31355998592615225,49,0.0,0.09000798239790896,12.180568788950765,-2.7141689219192915,1306.0242810666673,2543.3816868666104,2122.4705785500846,0.0,0.0,173.0786812741309,64.8593396889199,158.85445740133966,166.64669466288592,191.59473007192395,155.439751083828,192.69746651281474,205.8785987672324,182.9770147908784,176.00894594045434,205.68478746813716,204.09049660403534,202.31906146399214,80.27857378256236
1315,1028.7304431547875,2544.3395354316513,0.6243996741028179,-0.10251128868377629,0.05586996745636925,49,0.0,0.02201596217053741,2.7639065982736093,-1.1038084066868792,1028.7304431547875,2544.3395354316513,969.162996492895,0.0,0.0,173.35062838496546,64.85896336018612,81.56610944165539,76.40964742912499,91.34087153893245,90.62849091400035,84.77067798035284,105.38054396368007,88.88991191520228,71.69581513587534,80.110219570293,85.94012051868825,69.07076083387221,43.35982725121764
1316,1798.7663347081223,2549.2085225715505,0.5148503787747895,0.3121427401063464,0.23292734778574645,49,0.0,0.016902589671080954,2.3450466854966523,-0.9253787328215275,1798.7663347081223,2549.2085225715505,968.8679814865255,0.0,0.0,172.5954131432315,64.86192044350358,87.00766860000371,97.04514915150946,75.33914896936673,90.35578778276053,89.27895156510048,70.05301935828399,78.30877751822649,87.10080374423973,80.53657735149788,78.02905787908739,95.93870872936395,39.87433083708518
1317,1962.528993482923,2552.7482556345412,0.6160246158875335,-0.023720536266777073,-6.732140789365631e-05,49,0.0,0.021967978525485935,2.68102871307659,-1.0707536629541652,1962.528993482923,2552.7482556345412,1016.7973037161953,0.0,0.0,172.43477382281904,64.86309900187553,76.26880170410493,88.7124323315685,93.12876592526663,86.79543570007199,91.3239595254829,103.6049157488288,80.30434241297792,81.60036314489201,91.83393800584925,113.44044794376308,78.83416885024738,30.949732423141963
1318,1836.0630096840357,2554.7126243830558,0.5194359702579892,0.34896183302659123,0.3534467447099786,49,0.0,0.027040956949123757,3.733186153269379,-1.4301991158028975,1836.0630096840357,2554.7126243830558,1258.8561286911668,0.0,0.0,172.55881222039793,64.86416145225449,112.90363903901533,125.40962395255647,112.87718445020624,95.0029839711037,96.00612303747516,120.36867937894752,105.12227352999867,96.69358745998947,113.68101205375467,118.10013023259833,112.38847953702147,50.30241204849965
1319,699.0776525545017,2559.886154313128,0.5199154978931141,0.33472722333589106,0.17805098651753973,49,0.0,0.01615654161542545,2.246055004665358,-0.8785509692282644,699.0776525545017,2559.886154313128,898.7544288369472,0.0,0.0,173.67409821524762,64.86387244495072,75.27601597045624,82.29884804867343,78.07690599162206,80.10649001211883,80.55628041088059,69.55784716326497,79.14847979003184,83.78680207102556,69.97122027143882,75.9871750425286,82.67904866149541,41.309315403410906
1320,992.7055498517569,2560.092493605654,0.7579887575688748,0.7107877126111743,0.1542509014302209,49,0.0,0.031714634470907534,2.619916195625676,-1.0457184989487667,992.7055498517569,2560.092493605654,1734.9733830632063,0.0,0.0,173.38610156432406,64.86538925425148,148.71264652610455,148.25929982246592,133.33114206397624,137.3041875176233,172.57924978946377,139.05884784684918,149.78707102081077,165.9779090659867,154.72340969090246,135.73627350015505,163.1477323528281,86.3556138660401
1321,1020.462263566837,2561.7805970382906,0.6713603434877836,0.024210252255066723,0.21803443277267825,49,0.0,0.04082483554229939,5.276056000526195,-1.8057734913473233,1020.462263566837,2561.7805970382906,1231.4914708536758,0.0,0.0,173.3588899601817,64.86619902239832,88.70366936144185,103.85632394739743,91.53507186798657,112.952143507754,100.18914063379755,108.69583382555253,102.7238723347987,119.92693501181036,103.97180235057623,126.9953731025563,125.90605541176325,46.03524949824113
1322,1289.0307545917967,2563.1729259486356,0.6006871379649237,0.434804067249123,0.3018832115101675,49,0.0,2.9096664473449754,422.3772812255229,-6.564251375946616,1289.0307545917967,2563.1729259486356,49447.18351985804,0.0,0.0,173.0954405291892,64.8675522854917,3977.193713274246,4160.032678974796,4290.603198126437,4191.735182438682,4355.707105859953,4526.151574052878,4337.722918883605,4403.607277690635,4516.931779344034,4365.982895716526,4198.704823717551,2122.810371778689
1323,2099.703438953882,2567.2178108335092,0.6474552472905182,0.39832711038070023,0.48086687681215307,49,0.0,0.031312943680145464,3.91411354852158,-1.4815835509934145,2099.703438953882,2567.2178108335092,1071.1825514072957,0.0,0.0,172.30011924762312,64.86874604215026,84.42203690656402,84.72355004296098,96.36696353947457,91.05839994100475,93.28283757328282,100.6385672333167,84.6565528895616,100.29216568864146,92.66867505322861,98.20785677313161,111.16495103904711,33.69999472708157
1324,2156.728530068445,2575.780281895881,0.654189523157987,0.7906786349068838,0.358261423615317,49,0.0,0.017075798731104146,1.9448561517404328,-0.7222187123347208,2156.728530068445,2575.780281895881,885.2884155314503,0.0,0.0,172.24410400379927,64.87211903091212,79.18155940432473,82.54163449904826,78.46648061259427,69.36529941300014,65.45805878621613,72.08970128492074,81.78064526849352,80.78518997155541,81.47125020270497,88.39281233298843,77.64055061009984,28.11523314550388
1325,1349.0794328467264,2578.5453327284195,0.6832164928645221,0.4475598157230485,0.1648761338464278,49,0.0,0.010940984685365222,1.10030727481893,-0.1037849609025202,1349.0794328467264,2578.5453327284195,744.5277980610329,0.0,0.0,173.03659010729257,64.87406623136259,70.4559142024844,72.70991314649423,53.71164903913611,61.46522401659229,57.38385125741364,55.74695009234992,68.18754531955854,62.01856137956894,62.631546934406025,72.6697104527936,73.02200103433407,34.52493118590104
1326,1174.8923535957056,2582.2376691247255,0.9348918246855438,0.2861372452693367,0.4850815800649634,49,0.0,0.010757591330747877,1.005470336545311,-0.005923156340562953,1174.8923535957056,2582.2376691247255,737.4933715686227,0.0,0.0,173.20753383571065,64.87522364405204,67.1065233460101,53.401035512788624,61.577820645336615,60.48636294581492,64.6237915386624,69.2033124839007,81.07234787661336,50.38541163723702,48.702033240876716,71.0348709958437,68.91609009261248,40.98377125292601
1327,1418.085543951074,2584.8647147525703,0.26134056106242104,-0.23513804444892783,0.23308640470824182,49,0.0,0.005861957934767899,1.0526293788276846,-0.05568871746339327,1418.085543951074,2584.8647147525703,719.8815331345063,0.0,0.0,172.9688944245579,64.87679586666907,57.65721984050726,69.9504551607825,71.48989654376626,61.88197534226437,56.57446156337433,53.687941663939604,71.84100837771459,54.238289100771055,70.8295023572189,66.81399645985073,60.70420080768481,24.212585916631937
1328,604.9540350460522,2587.369799245014,0.4372621768913279,0.08146678305768233,0.03170449255150583,49,0.0,0.05799811305168229,8.848746024446083,-2.3672043255441264,604.9540350460522,2587.369799245014,2116.047163833564,0.0,2145.680356816789,173.76682329999775,64.8747452677437,163.48984283435627,151.66890019893088,179.72862249219298,181.3306407781974,192.46615241307714,214.27369106046973,193.7535138933086,187.78571463314765,181.59360203082545,197.78585356167028,180.22847508595564,91.94215485143184
1329,1939.1030475363045,2590.079886933755,0.3501414310578139,0.11329087942068992,0.08543724215076795,49,0.0,0.0076242798162364225,1.0972085484950354,-0.1007229564766904,1939.1030475363045,2590.079886933755,948.5384701669128,0.0,0.0,172.4575595367468,64.87870580495066,76.56360476742951,91.17993049722587,81.99990799644222,94.7250127102173,77.65547225601381,75.91161665519016,82.7875588906052,85.06988038982769,74.93868872826309,87.32955377328781,75.43375821171631,44.943485290693886
1330,2291.1994575527215,2591.780316775219,0.5155506467833748,0.1050216666714989,-0.09733995832645742,49,0.0,0.008711078513252226,1.0494762994072693,-0.052431588113425284,2291.1994575527215,2591.780316775219,776.2071384000938,0.0,0.0,172.11200392711464,64.87824333075578,66.43263489368394,68.09045888276964,73.7111128730196,60.041346172979786,70.6324848778877,58.91027025891481,60.09991876455214,68.8095990479542,70.53849786350082,72.91289889338451,63.62300435239588,42.40491151905083
1331,1670.8079046261043,2593.781468352334,0.6127740734439218,0.3947034639209826,0.2307492563278578,49,0.0,0.2917508160939606,41.99992136408269,-4.0581211931866,1670.8079046261043,2593.781468352334,5257.949068780137,0.0,0.0,172.72087067745798,64.88060251756072,427.57486092905765,457.29620929870794,441.36582607122443,476.0182445039841,476.7698961771688,476.58366137181235,456.4774229938008,463.25843273889495,479.981709517571,437.01654791863814,448.62148540211825,216.9847718571579
1332,943.0379274004631,2597.4899050509243,0.7943525712888285,0.22284210334389765,0.32116467155184353,49,0.0,0.10600960682660733,12.082550019509778,-2.7053965042825445,943.0379274004631,2597.4899050509243,2338.931400151155,0.0,0.0,173.43519245645672,64.88076682341324,172.55050015175775,216.4030789467094,204.79111524645998,208.45252063621308,204.97504786648292,202.20378578498372,206.2305222255468,219.95927658576693,203.0039600065842,211.4383069498101,202.1694123924893,86.75387335835094
1333,1713.2039566266758,2598.2774200984036,0.608785950258031,0.18902428399986002,0.6419898238746004,49,0.0,0.012675507948932616,1.560925987854779,-0.4834557781104133,1713.2039566266758,2598.2774200984036,769.7345493221399,0.0,0.0,172.67925102611684,64.88245065793221,62.130567805057225,61.695998551858146,54.505968571166974,76.0913553819454,66.99499680602274,60.464712994972096,67.6134636660945,66.18699612727421,79.81184301023899,67.12829803322433,71.88829206871384,35.22205630557136
1334,1746.9754790857596,2598.4988685270214,0.41058522574735795,0.4334831081029611,0.432962716641161,49,0.0,0.018014108300106066,2.0510210093486707,-0.7799252725658017,1746.9754790857596,2598.4988685270214,1199.386143023045,0.0,0.0,172.64610137259407,64.88251463786328,96.72447612812479,101.09100054651694,99.50702553993,94.14645310513731,94.68047462337438,113.66894446679537,95.16088631270088,105.44571511420946,101.60072641953431,106.44583670954353,118.63309520371486,72.28150885346324
1335,905.9461788904233,2598.782488910899,0.8493146077605377,-0.47607519065222353,-0.287165183553171,49,0.0,0.013699962879154723,1.1526204800798339,-0.1542158299462457,905.9461788904233,2598.782488910899,907.3780162089525,0.0,0.0,173.47160913096485,64.88114329421343,68.87345840149189,87.08714092425004,78.47440795718836,70.25730772650067,76.14562741677716,80.21632285637833,80.66836811877282,86.12350004405617,72.72710440411434,69.87194959797155,95.77215951429481,41.16066924715634
1336,2527.302003063283,2598.7551202829286,0.7442173324702114,0.8992459734827324,0.7186696590043637,49,0.0,0.03374788611211761,3.1398241220708316,-1.2422633041373474,2527.302003063283,2598.7551202829286,1627.4617024505008,0.0,842.8120081709292,171.8802212705659,64.87991518942474,149.35213551713946,163.19325570783823,172.13326637712802,129.2579738630649,153.2279640577051,141.6087084633429,121.5885064665369,130.81794841083783,147.1631561231209,114.237976641594,145.47992186062544,59.400888961567034
1337,2209.872822407328,2604.4167612404062,0.5431686591822306,0.6984043259597301,0.5731701164685397,49,0.0,0.03603770953461578,4.698497464657182,-1.67989749210756,2209.872822407328,2604.4167612404062,1626.1499351385305,0.0,0.0,172.19169746894946,64.8838495540427,136.85970506744894,143.82432729508366,151.20126401587515,133.37671606889683,145.5909001708972,149.91582138471742,125.45310460536848,141.72231352442265,142.28637296824164,147.22308040576002,129.62769932940523,79.06863030241323
1338,2309.6593262696038,2605.1499446035455,0.6921162209878454,0.8170544242694064,0.6599804268143196,49,0.0,0.013162198087287953,1.2724784874062307,-0.261626122159044,2309.6593262696038,2605.1499446035455,1058.741436990317,0.0,0.0,172.0937447366452,64.88372981862214,87.85290269360539,77.84213340821748,98.72149254376198,75.85542218686132,93.39663649829137,97.03981981898417,98.7938092153683,98.1211639819102,83.02765735728606,95.60673652147278,105.5026007602877,46.981062004270186
1339,1341.8101816030228,2606.354318009056,0.49276954817039426,0.627351472858393,0.2165769366823361,49,0.0,0.008368767598722732,1.0077114400267915,-0.008340472274872711,1341.8101816030228,2606.354318009056,861.182430046119,0.0,0.0,173.0438322567963,64.88564061417263,68.95262129897235,79.67554271521497,73.17767935780768,83.93131253695385,71.93550929456849,60.25368086434306,68.83544217709819,73.75262867593844,75.84682878515405,77.83921484097934,78.84287571714724,48.1390937819413
1340,931.1332878720868,2608.711426317079,0.6112892198530345,0.34456292991569376,0.2539195644579783,49,0.0,0.7471581408453943,104.29240567578287,-5.045631713224024,931.1332878720868,2608.711426317079,13788.715352141287,0.0,0.0,173.44699009379013,64.88539086491632,1114.1562688974432,1198.3875885470397,1177.7646241835955,1153.5952515764611,1200.3316795801834,1223.957254282646,1268.0937014349165,1202.7065998375087,1240.1356996597144,1221.4473188309712,1191.725076299894,596.414289010914
1341,2098.454861382772,2614.110531463429,0.5552803034333863,-0.5724897233960663,0.5125640406427633,49,0.0,0.018682638081218075,1.8815527067072308,-0.686290971084967,2098.454861382772,2614.110531463429,1318.3425817997809,0.0,0.0,172.30098993897445,64.888286976549,94.3470836329123,126.46375426603858,123.96575606555938,109.22674528444806,125.60189606047456,125.59930379218588,111.58967820819012,111.55183362079902,106.10961031255206,118.74072167708366,109.09571093734323,56.05048794219411
1342,671.1389517939656,2614.795306869529,0.42893260955456103,-0.3467047784743683,-0.5097848207484403,49,0.0,0.00882721814587052,1.1353918494862099,-0.1378644306952378,671.1389517939656,2614.795306869529,837.0141791303977,0.0,483.06900203814456,173.70227305051384,64.88658205297388,63.452769679787735,82.35121789859195,70.32251002725026,75.8962299049109,78.86794483708915,81.3348023182958,68.62887798809003,76.44193788356708,69.13889074607623,78.0012173892046,57.659954573921766,34.91782588361216
1343,1320.8796795546502,2617.346687685538,0.6559808887457502,0.3557290451878567,0.3407202077358879,49,0.0,0.13708290996444356,18.36534023523314,-3.1599974461758618,1320.8796795546502,2617.346687685538,3401.0788570468735,0.0,0.0,173.06442592756108,64.89018405322325,276.7606527444149,301.84421707075376,265.9167785308796,299.96942123393706,303.6988553496376,287.85965417581474,345.42325283730963,257.68550793323254,291.10118680845784,294.8461754579005,325.46364454566015,150.50951035887545
1344,2653.148547744573,2617.427299031591,0.5467186601065357,-0.12326904705551302,0.23258385525067435,49,0.0,0.01790341232087082,3.306942706113608,-1.2985666767049906,2653.148547744573,2617.427299031591,304.35458344133485,0.0,22.426591811100607,171.75642968878833,64.8868887425465,0.0,0.0,0.0,0.0,0.0,45.356661076796705,81.56093854063995,0.0,83.0876558232705,2.7165361219938564,29.2426530697942,62.39013880883966
1345,1756.704270030969,2620.212084935031,0.5486348181037839,0.30610591908066,0.2189847481010725,49,0.0,0.207601048399369,32.51704002349298,-3.7802775138940676,1756.704270030969,2620.212084935031,4192.1651291958715,0.0,0.0,172.63650037152706,64.89155177627761,341.9756639693493,348.63235305941254,374.12933984408266,345.6513825659712,353.36706568693546,381.96591578738605,392.6105346801031,386.1683161616485,381.43182513528757,375.4948961368582,331.8387215809232,178.89911458791403
1346,1967.307943430937,2621.3962821766772,0.6676230413468214,-0.029253831043620736,0.03390539127583862,49,0.0,0.009246258892235635,1.091985977365712,-0.09554265363288884,1967.307943430937,2621.3962821766772,813.0252345843157,0.0,0.0,172.42970446259721,64.89168906628161,71.85016673197617,69.32475663809889,73.33304626304557,69.19098099182499,64.95049238906573,82.04655488601148,74.31243227759767,63.651532775418595,63.97690831642016,69.88347094039955,65.76467584540403,44.740216529052795
1347,2400.420076786875,2621.076767252234,0.4607701827854944,-0.25558203246203687,0.16050700700161036,49,0.0,0.014258161523934262,1.1095670379265028,-0.112883866514769,2400.420076786875,2621.076767252234,2338.9450752383145,0.0,0.0,172.0044682079299,64.8899224014526,105.17534604859823,180.82102331387858,220.4700870219998,201.81158729371708,266.17477607437206,229.54321600489698,258.99978545580734,185.684642369781,218.8108485482727,220.68328009172632,206.47940618275067,44.291076832513525
1348,1329.8159163248827,2622.9609748944504,0.5960434902930012,0.4384756401164102,0.2846699710527973,49,0.0,0.43621876116365477,63.843078420356946,-4.512784549739076,1329.8159163248827,2622.9609748944504,7983.283159046823,0.0,0.0,173.05567501270838,64.89253908291008,663.6758542940688,680.0121161947792,688.2873790727633,659.0993867859451,702.1485365808162,710.6283490420898,706.1674885340014,689.2441722327694,694.2376684846618,698.3043498556688,738.557457810612,352.9204001586464
1349,1177.3376720687406,2624.1237868613925,0.644887840187877,0.17860121453097744,0.5526886769209718,49,0.0,0.011514309264678632,1.242859298746968,-0.23605491485334623,1177.3376720687406,2624.1237868613925,802.7820876250828,0.0,0.0,173.20540326691926,64.89268151383665,59.41774926605265,74.94029701069863,62.7972617867352,68.55165318002932,67.94848791907995,68.26709399462912,79.03958468876135,75.87190403924056,69.0910779879649,69.45234464667728,73.1394842612266,34.265148843987326
1350,1088.4344126409712,2625.943675729795,0.5874668049640889,0.5123803842748516,0.3397446822977333,49,0.0,0.012275236369448201,1.4056023604708994,-0.369656194529539,1088.4344126409712,2625.943675729795,859.5931558335833,0.0,0.0,173.29271200633886,64.89317092604657,82.31352804365599,72.09793926722116,69.56339960793173,77.258337083843,64.41985428796517,84.48639990109615,72.98245820837245,77.93294368419492,70.19228606313834,81.87953128424158,69.2441408832275,37.22233751869522
1351,1169.0405744457637,2633.822049564305,0.703461135111756,0.06117980969458666,0.24392002062998486,49,0.0,0.01238468792721347,1.2587216594602146,-0.24982426346505426,1169.0405744457637,2633.822049564305,821.7871685570676,0.0,0.0,173.21361386959157,64.8966991960487,54.860530035123425,88.78647255960855,60.124105616821225,59.65729303311216,81.64957554466046,69.59054270108327,66.95055237115074,70.44583146739748,64.98521634229374,73.09871544233472,87.47610894959539,44.162224493886384
1352,1811.931645523294,2636.173255212905,0.7075198048890782,0.7646638650966346,0.1395945466908598,49,0.0,0.012662609399191104,1.363404366276692,-0.3365617012113184,1811.931645523294,2636.173255212905,763.8664944196291,0.0,0.0,172.582221390263,64.89813621084085,63.22778550885933,60.77077457281483,59.629145282025945,67.70409555901865,64.13406845171605,71.64973367649237,75.21301052615286,63.700977059364554,73.19929348460244,58.78338507651287,77.12724888809257,28.72697633397663
1353,1897.7619222641995,2636.8480189130714,0.8333293890044842,0.3043289029444754,0.07941801318594466,49,0.0,0.015987575900700705,1.2949216304134121,-0.2806087134970199,1897.7619222641995,2636.8480189130714,938.1161622535105,0.0,0.0,172.49792161308062,64.89827615124986,75.53234580628705,83.91497339969544,62.99287037585888,89.54842239332154,89.95475162972038,92.11577170503975,88.40488451611158,84.5009865179089,68.60529917430202,71.65710278744628,89.00253750798011,41.886216439838606
1354,811.742947927177,2639.2969088132995,0.6562514840509486,0.333477056465151,0.1326322804299851,49,0.0,0.031306875966580355,3.855152795554883,-1.4651039890097883,811.742947927177,2639.2969088132995,1230.3077944865981,0.0,0.0,173.56454768113008,64.89757033849466,98.99634536515356,99.40656490992865,97.17173249589749,98.74954251936222,109.28216649442322,103.33334843158019,125.96061493850247,102.96509590198173,126.4443644618561,125.25834366872863,98.08200142596066,44.657673873223104
1355,1873.8652231017527,2640.041332275478,0.8025561681293619,0.7752508393708996,0.10373606989958299,49,0.0,0.011742229031444559,1.0891865062737378,-0.09275563077201027,1873.8652231017527,2640.041332275478,822.5362859477241,0.0,0.0,172.52137821678372,64.89965070489839,74.94125522959474,93.14218064907573,88.17743040628622,62.18586363268013,56.591989246017604,68.69495925606056,65.2609919785751,75.94611970340053,66.30611673497563,66.72362553281113,68.23830906131154,36.32744451693506
1356,2279.031050857536,2641.64785005503,0.44563559900065086,0.27978378757874994,0.005740895333447296,49,0.0,0.013148659984246526,1.4749095254064837,-0.4219134510874121,2279.031050857536,2641.64785005503,1034.1214186753298,0.0,0.0,172.1234316514788,64.89907276825811,79.53399407586176,74.8414674702025,93.21506503345307,103.65904858670379,89.92270820545713,94.85717235145327,92.28849945331541,80.90585615109217,87.6111395539737,92.91052868508346,99.07354480610334,45.30239430263012
1357,2557.1060355853806,2642.1085330242386,0.8135481925151724,-0.19466591420706983,0.13402945095187438,49,0.0,0.010972022668849425,1.165413406595195,-0.16620002446775584,2557.1060355853806,2642.1085330242386,900.1258703417427,0.0,524.8558369169981,171.85034418533073,64.89779433913449,77.92478568719432,88.25758376972715,65.70046652664801,38.568773487923,68.40695415960954,43.34944962842736,117.17620715931716,54.56509196201898,107.64952500750675,106.10618218909286,101.9294612828571,30.491389481420512
1358,875.8710846524539,2643.22999054493,0.8639835585847674,0.10659988045069527,0.386709220833093,49,0.0,0.028998472138524627,2.205556270628436,-0.8587953561607822,875.8710846524539,2643.22999054493,1811.7118459337123,0.0,0.0,173.50161498221203,64.89952273106151,127.73778453560325,157.47642113352327,155.43706732673365,154.60340548080185,149.1412703455375,174.15006631103435,164.77600202636475,160.43040236107004,161.3855750701726,188.24577220481984,156.64809691752862,61.67998222052262
1359,2553.088419942105,2646.2543251899183,0.951698583017734,-0.528886401899486,-0.42005533537194895,49,0.0,0.014273088569908946,1.3784170175057113,-0.3484515653425392,2553.088419942105,2646.2543251899183,1040.5936533764282,0.0,574.2958867966674,171.85422940496406,64.8995462271655,121.26447482057817,99.19387690141812,109.70703613439122,50.46616080668693,77.97705203553511,56.37627999365017,145.1453993425368,49.384122488339216,84.76578354783942,128.65120294514205,86.18529301290732,31.476971347403705
1360,2547.1844486171603,2648.6686460003402,0.26187955882011155,0.9725792107211526,0.06431645353112023,49,0.0,0.006463780685997421,1.2871387116803674,-0.274063380608274,2547.1844486171603,2648.6686460003402,1015.3624699696526,0.0,597.3794896276818,171.8599926427541,64.90058826630496,113.03055103711395,86.93872741719734,106.55906479220178,61.90817120687991,91.1541494513135,76.7355673980939,111.86781987785021,74.80590440149453,59.210893883566555,126.63861371816971,64.04028230959591,42.47272447617528
1361,1907.047185383084,2649.134573198779,0.6693548105152455,0.5014296683249995,0.15831542198701892,49,0.0,0.02285973479399755,2.757293910447234,-1.1012076541855012,1907.047185383084,2649.134573198779,971.4413957348488,0.0,0.0,172.48874499757207,64.9033770538936,71.34852276572306,87.33767470142791,87.04072593563606,86.17789694193783,84.53617842103031,89.57810892832619,84.8381918121517,72.71096339696763,98.9130416918364,89.91172152207211,74.23225617476982,44.81611344296974
1362,1296.9500202275842,2651.4097595653657,0.5636780402666987,0.4487191594115485,0.3600345331633155,49,0.0,2.846850862208136,414.48401032878843,-6.543769453259653,1296.9500202275842,2651.4097595653657,56238.52518277281,0.0,0.0,173.08807811835348,64.904330894882,4525.7192472729,4955.726401978693,4796.911033035661,4786.789024023741,4916.796955640266,4961.878919267024,4994.286385569652,4915.786976592358,5077.553866177124,5073.145956458221,4840.0109624684665,2393.9194542887003
1363,1969.293670951842,2651.524563939603,0.26502080394421923,-0.12309386881570714,-0.1437162506541619,49,0.0,0.007628204587314663,1.1575226650031503,-0.1588237588133809,1969.293670951842,2651.524563939603,808.0035029567955,0.0,0.0,172.42758591014308,64.90423683289995,73.58450770469553,70.28655013518457,72.40959048532216,61.654436156826264,74.5257242480537,62.58706187993078,61.45564080947658,61.63708853817923,66.53187328879302,85.45536801269688,70.11429903897815,47.76136265865864
1364,2427.174917413562,2650.8318140515366,0.2098201574195468,0.6220262246514521,0.6539852169561184,49,0.0,0.01108785599561363,1.2014781133952737,-0.19928965982600352,2427.174917413562,2650.8318140515366,2263.4864769094174,0.0,132.41526684034667,171.97782853409333,64.9021777217048,241.09331421286672,225.3335340054457,215.586062293557,210.6680484431017,196.62207775464447,180.1757967431842,200.63553182596658,186.9712302700799,174.09869931324204,156.19199773760266,177.82491205956927,98.28527225015732
1365,2454.849117496586,2654.1491689984628,0.7725557454577823,0.9437078832050187,0.8593096981321874,49,0.0,0.018579873356009902,1.637982895893929,-0.5357734061713963,2454.849117496586,2654.1491689984628,1167.7379017661,0.0,555.4524974560345,171.950604686152,64.90340926320893,103.7205379138526,94.30569831277892,94.53387115445334,90.63552052809823,100.52859870155888,112.21645077180867,106.77978421332952,102.37788465887786,97.44606980397532,109.34519254139569,96.91895846798576,58.9293346979854
1366,1745.2173815685271,2658.285603160907,0.975071480700415,0.39331865637093427,0.1134820226383293,49,0.0,0.01935135545778373,1.7840634378048588,-0.6285257324415781,1745.2173815685271,2658.285603160907,837.0628375999223,0.0,0.0,172.64769566688454,64.90742596321664,66.61958042038808,66.11664289561307,87.44958873031645,56.42134245926643,70.43674760533841,77.51436166440331,80.49967731578977,69.83428190457523,83.63865148909765,62.372384210568995,84.97940380216411,31.180175102400835
1367,960.1292540253482,2658.7057767497095,0.2904598542944344,0.9916859881365444,0.548322603974513,49,0.0,0.008205074327100497,1.1095072795114147,-0.11282538999209835,960.1292540253482,2658.7057767497095,871.7282965113616,0.0,0.0,173.41901359481068,64.9063421582422,71.06604486558702,78.66204852221912,80.40766589647066,77.07273157246726,67.80318316176303,62.09664915759468,79.92400989557132,72.7319778325211,83.12434208980926,87.69283503208712,70.92622436173868,40.22058412353222
1368,2117.601746940996,2659.7562047019583,0.3407862010803006,-0.38135703265327187,0.5491564066014732,49,0.0,0.014530147847031267,1.8684622435430702,-0.6787108159584238,2117.601746940996,2659.7562047019583,1272.4706794312106,0.0,0.0,172.28183407724515,64.90724136292657,109.76507352578446,117.3460889656508,116.4253013960282,100.96038326686963,93.64159346391165,122.6707528895345,109.81309157695986,122.31969997121377,106.2915125210784,110.84658341515103,108.77423416105123,53.61636427797705
1369,1733.0116841792887,2661.0847262863617,0.8506676389216868,0.5390017017889213,0.21715933091449402,49,0.0,0.0335852066800442,3.4185095865572426,-1.3345920053342353,1733.0116841792887,2661.0847262863617,1096.2070709243733,0.0,0.0,172.65968190757053,64.90860313940914,85.00830891302668,105.2278336057784,78.65657130784105,82.75791650679511,92.31803427013458,102.94759785005121,98.1228841108787,86.39314148004436,97.70773374000915,110.60945548748278,105.97313311241669,50.48446053991457
1370,2088.3248439128206,2661.9409258185556,0.6274210391448996,0.7059514351823156,0.48509110917981724,49,0.0,0.2128693502637282,29.14629436088179,-3.6614583667837475,2088.3248439128206,2661.9409258185556,4348.19102994688,0.0,0.0,172.31058059065575,64.90824675811432,326.92868118475576,363.7315242540792,344.74934407366914,370.42690202096105,352.17374628035486,421.66027386396445,431.4708392075262,365.8567190365797,396.958085959811,381.20978531980893,404.42762821575377,188.59750052961593
1371,1697.7540769337372,2665.382058329527,0.5352240591439043,0.34654390801709406,0.08344313818877527,49,0.0,0.013565086247068826,1.5052974434841888,-0.44405581012427175,1697.7540769337372,2665.382058329527,984.8987345609621,0.0,0.0,172.69431708293138,64.91041979448508,68.62747875426034,79.88354091374151,79.46184681446097,92.46834944266652,76.93405938798185,85.43087102966783,76.30321546184197,92.3270524840712,95.49515379253752,95.53843817981925,105.05143989041979,37.3772884094933
1372,1684.1147362308539,2665.792493262166,0.6008520189761333,0.3717884655435441,0.3082248073962141,49,0.0,0.03622062994423083,5.022862163643155,-1.752378151256662,1684.1147362308539,2665.792493262166,1197.6166859559796,0.0,0.0,172.70771848463625,64.91059878062647,104.53986410390786,124.10049638913245,94.74395184628142,112.40014777119062,94.26389077876675,95.4926529962836,107.02983650733714,100.8684952641569,101.02049582482721,110.22292542659109,105.84211070768923,47.09181833981532
1373,1050.138557818243,2667.7391699088776,0.3082951677330244,0.6691061668344302,0.48220387367877554,49,0.0,0.012377430345690197,1.8815068343385404,-0.6862645004480056,1050.138557818243,2667.7391699088776,931.3792231384289,0.0,0.0,173.33066480466053,64.9104523954793,75.7613429106101,79.68254227308245,88.57027524852514,62.98868461584099,76.70364116934051,95.64580180530686,88.70456905448097,64.52313586437484,80.63391341618555,88.28246331782557,83.02526129282862,46.85759217002726
1374,2220.9543912880295,2669.421989456987,0.8064738786977409,0.5002559818608604,0.4176405567945418,49,0.0,0.034923612508663576,3.366221532045107,-1.317856734074911,2220.9543912880295,2669.421989456987,1397.3771301578881,0.0,0.0,172.18020757573245,64.9108879614772,100.47017881111393,130.223707040941,123.0715741238848,130.3721447143685,106.06497346272224,133.4695191342279,112.7410535514462,122.52715431883954,124.97785348894665,120.04732178366181,130.65891181721997,62.752737910515705
1375,671.0200873097698,2670.0032303333396,0.2655507457326607,-0.3910089508540106,0.24070790075288767,49,0.0,0.011243169493749407,1.025066110469484,-0.026879689055574613,671.0200873097698,2670.0032303333396,1270.1788011537126,0.0,1294.2679552447253,173.70316922746284,64.90958041683427,112.08752453704982,115.42531160092764,103.01920873033093,120.78476382008435,109.44270636169334,126.13105382967436,132.5096769084424,130.79243557626583,94.04070643565404,84.70147323988851,111.91890424126943,29.325035872431815
1376,1656.413638541917,2673.3276827680556,0.37401580515218497,0.04638653663731946,-0.20011062929633947,49,0.0,0.007483406752037066,1.0049084007629778,-0.0053161920624443595,1656.413638541917,2673.3276827680556,795.7629046722043,0.0,0.0,172.73493118694466,64.91375075774336,66.2314280332354,69.54204454481007,66.73196264311942,64.24501605929643,78.27957966001352,76.16497937490531,71.92870603713794,68.75044783403624,55.7961505779747,69.45488201856041,70.66204596529273,37.97566192382216
1377,1855.2835986191794,2672.7186158623776,0.3903619045684995,-0.12776873184033197,0.12136747508622381,49,0.0,0.014307198863873508,2.032147331431275,-0.7698879781587411,1855.2835986191794,2672.7186158623776,981.8582752051766,0.0,0.0,172.53950235155807,64.91329704604043,98.27253179520207,78.76749453481663,82.22788641359284,67.85619321556625,92.89231495823088,72.23016416093338,95.54251665208261,85.75870036312054,91.61794403083063,89.2818568022501,80.12537023487295,47.285302043677596
1378,2584.9782398640946,2673.25731036563,0.3523958843434723,0.14202516340987892,0.5047548807452976,49,0.0,0.006231121893919183,1.5885755003040953,-0.5025196509709426,2584.9782398640946,2673.25731036563,407.39333943910856,0.0,60.593504968827496,171.82250848693505,64.91059544687967,0.0,64.09563873906804,28.75057876867863,0.0,2.9023727192168005,73.67683257163385,22.033516512700004,34.61670559811052,59.51646240344268,67.9195067537816,14.865638125889191,39.01608724658724
1379,1373.9578964004306,2678.1631016890206,0.5398780281381962,0.33318313284710976,0.5175987013745141,49,0.0,0.015052950605818516,1.7973431598403602,-0.6365775080160057,1373.9578964004306,2678.1631016890206,917.0265151144449,0.0,0.0,173.01252060282397,64.91560941455701,92.54985664827144,76.72185805310572,88.12245271393081,61.53742592299487,64.82224336265233,84.94108196798476,95.74253025370066,79.59617848551292,77.99459722237762,69.04180504909705,87.5775398492899,38.37894558552686
1380,1722.0641210924568,2678.3642340665733,0.8510583928642151,0.6916571287010822,0.3978721828873795,49,0.0,0.018658194070810562,1.886242847126266,-0.6889940147165942,1722.0641210924568,2678.3642340665733,862.2860562727174,0.0,0.0,172.67040622433024,64.91581148261267,55.12237264432646,81.23653591400009,68.00754126708662,69.46616522332147,74.03515282201033,71.54383401120589,82.81652066982298,66.44745355880752,84.89086108723224,77.17645653560834,94.4943799291965,37.04878261009904
1381,888.2350297475898,2678.6958876070094,0.5039440230720961,-0.11088472308008236,0.07392526825774935,49,0.0,0.026792552110856717,3.831670076528134,-1.4584702684276774,888.2350297475898,2678.6958876070094,1247.0667593698713,0.0,0.0,173.4898562227464,64.9143556666493,118.63781001496378,110.88366920530595,102.31493709825028,103.9110462886986,112.44419644434713,102.01399092864261,99.46394006896224,110.55843417997073,103.09893644378161,132.23797666715797,103.59429996694325,47.907522062847065
1382,2447.794676958324,2678.335446374281,0.5755140771943779,0.3261815218873539,0.1327666663777494,49,0.0,0.013935117324598522,1.0190230924644605,-0.020460064570171074,2447.794676958324,2678.335446374281,2143.832066668888,0.0,1663.0465383204644,171.95722212557902,64.91352404302273,202.58402834144576,206.57839748822119,211.60331022892336,165.91302381373708,179.5722247024257,178.45714038347597,206.2092961751528,195.4976484123133,175.23880705129432,171.86982388047582,162.24359098440874,88.06477520701404
1383,1108.4387423561009,2684.4827919960976,0.7192935593326828,0.2294171129642791,0.36820507684998266,49,0.0,0.05153283997800891,6.200386939697348,-1.9810469820245735,1108.4387423561009,2684.4827919960976,1436.7671842075272,0.0,0.0,173.2735071009954,64.91762486816205,117.77442601255827,135.9099557639131,126.65813071418243,103.67779108275414,113.37905577364207,117.0779338420827,123.49630074231185,132.23064896054035,125.46212204971445,137.506487482814,132.75258478439105,70.841746998623
1384,2068.046745945529,2685.276340401025,0.6596464482947505,0.6526537532312527,0.3304619776180468,49,0.0,0.011970422630809113,1.3003771072711023,-0.2851732881849728,2068.046745945529,2685.276340401025,864.3251324979858,0.0,0.0,172.33033743452353,64.91803162164652,78.08262922987282,73.9595578204796,95.49674147411733,57.69773419282769,74.9498764971972,70.94532404433393,79.55591304920148,62.15086357595243,76.2816368029554,67.67006699992093,89.03685654854425,38.49793226258274
1385,2505.269859342643,2686.432768787369,0.2902566191272094,-0.797722091328255,-0.07074187882025455,49,0.0,0.006920074194819177,1.2869620840265479,-0.27391438019684167,2505.269859342643,2686.432768787369,1049.542076403394,0.0,621.550944333505,171.9006372701407,64.91657145844678,70.79490288916534,86.55807015572381,69.43968099357683,111.85708575711242,66.34113065431194,118.56036771619084,75.11133764990089,106.20177673185191,65.16861467323031,75.18902745203019,141.92464317913144,62.3954385511681
1386,1305.8257686904797,2688.5234606386425,0.6485693671648824,-0.4778194834005837,0.06815524632999075,49,0.0,0.013474702173445543,1.542660219413388,-0.47067570128283764,1305.8257686904797,2688.5234606386425,841.3005198109349,671.3962081676059,0.0,173.07952527317434,64.9198109805462,65.1754799446143,57.100187407208224,93.87462891857817,71.60243977443773,75.68027504541342,65.91421881289988,69.22734332552,60.92602391771793,84.8594984094558,73.38178971495215,84.3251453231833,39.233489216954084
1387,2289.218781121049,2691.8912449825657,0.2323021511014052,0.27480305349767126,0.08006129345845744,49,0.0,0.010697133109210513,1.3792084813057217,-0.3490747978491957,2289.218781121049,2691.8912449825657,1072.7472053606625,0.0,0.0,172.11290017540793,64.91995976081637,89.48438441234971,102.52283921927138,103.51074506917809,67.33367997902977,96.09376725079352,83.73062650179952,109.7279294700495,83.94473015450251,102.83874095532738,100.552150029821,74.95004732856799,58.057564989972214
1388,2570.2459626738664,2694.972734825568,0.9509642066527767,-0.1084485180044829,-0.8873833486839429,49,0.0,0.011486156447905247,1.3367303717258296,-0.3151095393206093,2570.2459626738664,2694.972734825568,1249.3087121069584,0.0,22.417316203091726,171.83666175940797,64.9197348843304,0.0,0.0,52.99061729160873,73.77045355005363,711.5835034188369,51.63777046873183,10.285007206105393,10.285007847122781,180.45138505752857,52.85656179391833,16.992989442720102,88.45541603033217
1389,2033.119312243069,2695.905095965574,0.560662940985835,0.7004730215340361,0.5036075177728546,49,0.0,0.04244659336832749,5.694395399064656,-1.8886190494008848,2033.119312243069,2695.905095965574,1477.635719652341,0.0,0.0,172.364595529782,64.92256163348439,111.2779747052018,142.69082428202853,115.80094310381853,131.953296083973,140.6738838706425,113.3999875201404,136.21975713877748,137.59414406399344,124.81459402684354,141.52132659239874,121.43616229885592,60.2528259656672
1390,897.5147044823423,2702.3138992940044,0.7457836086070423,0.6509646412330993,0.24179999448536035,49,0.0,0.0331223764390835,3.6408449852134908,-1.4030054713670304,897.5147044823423,2702.3138992940044,1177.5061371770876,0.0,0.0,173.48099013490366,64.92423767519492,87.89872241001862,94.02548239504668,114.82247644823482,94.43421834601155,102.04956556198366,107.88118794011892,98.82023619264245,113.35797058698039,90.96100730546232,108.17424427563769,105.39146345604199,59.68956225890824
1391,1766.6484775537506,2706.276381010853,0.5575462639028486,0.2000548250725017,0.490067010048496,49,0.0,0.02287793943584119,2.2487142921816674,-0.879835700381977,1766.6484775537506,2706.276381010853,1434.3336892047332,0.0,0.0,172.62651872549435,64.92739924897415,126.6603674235728,118.72907291680019,133.55802806227217,122.53245836735482,120.13946906319632,100.81968311443995,132.4125990156394,128.75305951443698,132.66664543413117,127.05001269107271,141.38006679176695,49.632226810049644
1392,734.7196843641221,2710.644008615414,0.4543207137939247,0.31114633216637866,0.3115115767406546,49,0.0,0.011293764779777511,1.3691130177805724,-0.3410982495762968,734.7196843641221,2710.644008615414,890.469680551522,0.0,908.8801813044781,173.6411239558462,64.92688114309594,79.20282475622612,99.00197407691748,76.58441901249145,63.38992559374489,77.8296391429151,66.37055249479701,83.9406898050579,75.30603120226056,81.78405630604826,79.76625874574057,68.63956175521847,38.65374766010409
1393,1889.6962203601288,2710.663474909061,0.40530683646169313,0.6332788485648189,-0.16267093360883086,49,0.0,0.011954468579601106,1.7148978088814015,-0.5855956136274131,1889.6962203601288,2710.663474909061,924.2267768665754,0.0,0.0,172.50551857195623,64.92904563756956,69.58751355071358,75.68796989049304,65.1324442145812,80.0537001000731,78.85888586953058,84.70606331663613,81.96444749636592,79.51868724296045,75.2917645154574,87.46126228395433,83.92876749206263,62.03527089374702
1394,1452.7824209433834,2712.659326976604,0.49016095130023113,0.3137080423077657,0.37959204114442613,49,0.0,0.0126317592505852,1.6249568902289633,-0.5271046093118099,1452.7824209433834,2712.659326976604,866.5892155967094,0.0,0.0,172.9351310151543,64.93007736013831,68.76656916846079,64.06511421133492,67.0065582473977,81.7772107235698,83.28972179629673,56.40553284088591,86.43224994734382,66.4051366953228,71.43208134805081,92.1098857182383,77.95388094614053,50.94527395366735
1395,1152.0011280838532,2714.8500985642277,0.6596349058756136,0.3282011512697297,0.317258836400036,49,0.0,0.08150516510960024,10.519151268162393,-2.554951751059649,1152.0011280838532,2714.8500985642277,2065.9938891918414,0.0,0.0,173.230900325659,64.93040934645374,177.6152122591048,160.12146931243166,151.00371873586752,165.78595003112002,162.3584868814586,192.12192416413177,201.06189511049325,196.9537050576505,210.37001787216036,171.7751820460457,188.70867501507485,88.11765270630208
1396,952.1392079350892,2718.674394169008,0.34595287182001244,0.5166268978415022,0.5410350739349171,49,0.0,0.04153749720273811,5.9338606077019795,-1.9333433502263728,952.1392079350892,2718.674394169008,2359.194950671287,0.0,0.0,173.427454364822,64.93129267075807,214.28591708762272,232.55470544524124,231.23501658107713,215.33177102142292,179.35447505661995,196.99452198130808,215.39747712766393,183.05896612770525,209.6151303860849,191.48028101380308,197.55952226101488,92.3271665817233
1397,1041.0981255631434,2720.0912538069383,0.470760699918801,0.5965943797657992,-0.005499667142393223,49,0.0,0.010646738183665946,1.1803103213361632,-0.17999051217573445,1041.0981255631434,2720.0912538069383,1063.014014251403,0.0,0.0,173.33999306566238,64.93223092448665,90.75985055186096,82.42956414640038,94.6142616198467,92.8583360803027,98.93544022910118,82.6833360200761,105.67787786154364,71.14714877727134,90.43906171124453,104.95114980702184,112.493116859779,36.02487058695476
1398,1273.1715982179371,2722.0315848838386,0.4500132109382883,0.3486568516386411,0.4254258687931101,49,0.0,0.025307811244464667,3.0890949742070712,-1.2245781522201058,1273.1715982179371,2722.0315848838386,1402.1238232626465,0.0,0.0,173.11178867129098,64.93370583308548,95.21459732544321,141.23394842761897,106.83685046629942,116.10256874172984,127.69945685407282,117.14618393081972,110.94912188418833,128.26598713398042,116.36226159819911,127.63640149266348,145.20630824484283,69.47013716278832
1399,1695.1438700745164,2723.26390075768,0.7044877319710212,0.4791721064186677,0.18819611400301042,49,0.0,0.011044506744636483,1.1643359101276318,-0.16519573014274172,1695.1438700745164,2723.26390075768,782.7626941077474,0.0,0.0,172.69679848215858,64.93453729165383,61.05986936807672,75.4496790709416,70.26629150861885,64.36200648006424,67.21406538539111,73.19347275405148,59.55665746681794,71.30278777623133,66.43201422088428,71.9886482481242,72.43584878297747,29.501353045568187
1400,1198.0049434348377,2725.15798461241,0.5728247733627304,0.3275550043654839,0.34905872628809703,49,0.0,0.020929417685751885,2.6253052986907517,-1.0479495377615673,1198.0049434348377,2725.15798461241,1084.5063539843961,0.0,0.0,173.1857281540766,64.93483069676972,94.72147935316022,98.27581382995024,97.20383316834778,99.62292294202226,110.4502230994353,96.35417624902735,97.0964394587624,86.8683251037972,83.35641320429482,92.26880060821159,80.72722668680345,47.56070028058349
1401,1771.2518635905035,2727.1023895039184,0.5914315870854778,0.5125685639371479,0.40723304029812313,49,0.0,0.05486237946552795,7.690937308846919,-2.214948178259747,1771.2518635905035,2727.1023895039184,1585.3882897431965,0.0,0.0,172.62193847556514,64.93607112186936,114.23019646805946,141.70810130401338,130.39689182504515,131.83789412118242,138.33035972633274,162.32582246446347,134.00542354387153,138.4463428161602,167.5761532235735,128.58039553606292,128.72248221930124,69.2282264951306
1402,871.1208159496827,2727.741534775996,0.372387675431082,0.5311755476651874,-0.24857522523125442,49,0.0,0.008064448973918429,1.0334272539189095,-0.03569977683124065,871.1208159496827,2727.741534775996,828.2698584169543,0.0,146.41635412364766,173.50721795729112,64.93470860552944,77.7174890834279,72.4253490007934,73.76274861356458,69.19047807209624,68.7525778475254,63.80209219386278,65.47691996479756,63.26089098090328,68.84842730742729,62.659828899143754,85.70684431315519,56.666212140257045
1403,2487.183386873875,2729.717650300138,0.5275184552635424,-0.37911645860098564,0.33421693118858053,49,0.0,0.02029154355766172,1.4135430354724532,-0.37577258792465074,2487.183386873875,2729.717650300138,3401.9068650753443,0.0,2714.7102475333822,171.91782633638982,64.93470844313998,16.541474564002254,28.664168116761175,55.42365880575092,165.09320119829096,336.4442911238897,356.24330520035414,420.8415804350107,469.26435301842633,450.0334209024751,464.0747461119724,403.28737809001314,235.99528750839747
1404,2159.6299690052147,2729.698555307958,0.6682583521122011,0.726416494631025,0.5368964370680497,49,0.0,0.0735593815246195,9.028590106964993,-2.3890498418492783,2159.6299690052147,2729.698555307958,2124.732842589944,0.0,0.0,172.23994932728874,64.93623450097623,162.53886196941693,212.92002695074086,161.1290325399432,181.36808560229517,199.9122622529975,208.3733045873973,179.99129884964904,196.50361312935124,184.74740348256606,182.59586329857746,172.09826579868775,82.55482412832151
1405,2488.1674179873826,2732.344759845641,0.40250370197757096,0.5007545094753684,0.18344427994123308,49,0.0,0.02670654252420244,1.977201963756747,-0.7401275828254483,2488.1674179873826,2732.344759845641,3488.8944152679906,0.0,2589.120752088979,171.91682316997856,64.93579721648462,12.714198273676033,17.53513654554766,37.349996694384004,116.49397213357268,290.47245026461104,379.0030185665189,477.9491368678064,525.3593652559774,496.09669148957516,487.6954001286969,430.8787071993301,217.3463418482943
1406,1247.0331344948715,2737.0559873731845,0.6903342920459132,0.2518193600715846,0.3378785122242103,49,0.0,0.01437726549612408,1.5177585644942666,-0.45300673053369994,1247.0331344948715,2737.0559873731845,912.496089122488,0.0,0.0,173.13757477415768,64.93990782664439,66.09954368139421,76.37365942760101,88.48394998004986,77.83137890088804,82.11411073615099,87.185460655705,84.12870172733204,81.82959219136623,86.79682493120815,73.8265038414194,63.112827031912275,44.713536017460854
1407,1362.1759690699503,2738.310125036474,0.5823500403366139,0.6143684827957534,0.31503311443893883,49,0.0,0.09753747291544303,13.573549102492644,-2.8317335458442687,1362.1759690699503,2738.310125036474,2461.8990578903667,0.0,0.0,173.02431782437702,64.94065111379459,192.05643406843947,214.13511811874807,224.94179927711673,224.68659712747098,211.9296970383037,215.4728349206123,227.22045690191658,184.9848360893489,224.82410333851925,217.29744061282344,220.3789913721592,103.97074902490803
1408,2491.6715324110355,2739.497613110468,0.3830634187486697,0.49925327586047963,0.9808207441588161,49,0.0,0.022325615084955223,2.3581302751835005,-0.9314194851784975,2491.6715324110355,2739.497613110468,3375.9713177522253,0.0,1509.3874291965442,171.91328016032057,64.93875683165328,0.0,0.0,61.58507881803569,60.68991579950805,201.93748157323657,249.21612075032195,532.7227371416548,624.6066618453233,550.428326409278,455.8117198500032,474.2867012001328,164.68657436473055
1409,2493.241000857885,2741.304501495405,0.9827750319073069,-0.6307041680262262,-0.8676528527984441,49,0.0,0.04470234862867794,3.618527342389787,-1.3963296464981356,2493.241000857885,2741.304501495405,2927.164438167875,0.0,1068.112748098116,171.91171202014417,64.93950049197119,0.0,0.0,76.33775514325782,52.55223362958608,165.64015696852533,192.09771119350884,469.49702673708214,570.2156855469148,491.48068281901465,411.8979809737883,394.98045470108,102.4647504551167
1410,1907.3936565717354,2743.3856340009197,0.5085350927136456,0.5514113300869569,0.29242749139260443,49,0.0,0.033544779578633784,4.949850014493561,-1.7364800989174198,1907.3936565717354,2743.3856340009197,1367.4909308648182,0.0,0.0,172.48796442879885,64.9426446056596,93.62104289444946,119.1324859082084,139.56972950036118,116.49063355967562,122.8429505744165,122.6186511449421,110.56038882868023,131.56771803053834,108.0846382127697,113.68429644356738,138.24833026018104,51.07006550702835
1411,1419.4844160493606,2748.8114893702445,0.5839984208112133,0.8420166142401941,-0.10603489518767727,49,0.0,0.012766298249775761,1.3208043128297855,-0.30209619590319525,1419.4844160493606,2748.8114893702445,972.7985470394838,0.0,0.0,172.96797288597634,64.94510422234835,71.2473175636371,67.91421499257274,77.57615273120899,88.64161241568422,67.12665376972825,86.00733474549948,94.16257879861848,86.1728864662274,107.52994554786912,84.17060779916477,89.27778216387311,52.97146004540015
1412,2508.8567868245254,2749.822398750998,0.9473177768036324,0.7409082166009084,0.6731812200657029,49,0.0,0.04527377196231576,5.254062621358651,-1.8012381117172682,2508.8567868245254,2749.822398750998,474.03846998218853,0.0,7.525731011850448,171.89623572984885,64.94295782213219,0.0,0.0,0.0,162.7453435878634,20.82871125130103,0.0,75.97461070569213,5.6447037170108425,40.84941149521892,127.27603001696426,40.603441733261356,0.11621747487658513
1413,851.3669016603307,2751.7657586348146,0.26659759370082614,-0.40842068341228255,0.6182146955932737,49,0.0,0.021048000022547697,2.090169690307972,-0.8004538642881837,851.3669016603307,2751.7657586348146,2641.6399986309434,0.0,1796.03777371138,173.5269179267754,64.94462258790335,226.52763587425562,245.02879907069922,239.05414147781147,221.43381459289492,203.66729505553764,242.54828251345967,252.33227054852887,179.8312983445147,248.1949364940191,256.33329351909913,221.17362988037718,105.51460125974563
1414,950.4622953525289,2753.3859063995537,0.35365751852893973,0.22050120324977784,0.09355749156516054,49,0.0,0.00812493129074896,1.1619868315099648,-0.16300301584369054,950.4622953525289,2753.3859063995537,812.7082643427468,0.0,20.272075245237,173.42944704474496,64.94574686839185,57.96983913613877,65.0014027594552,64.01016561513879,57.07224585127562,82.45161402480116,52.830422267536036,71.83276507873222,78.14569557153126,84.62349334927637,65.99661642692783,80.83454497402835,51.93945928790512
1415,1276.4043209569534,2755.2791725906013,0.6129360688280744,0.1703870234668835,-0.19663053141405987,49,0.0,0.010180353355444755,1.0663829866660663,-0.06978301905279659,1276.4043209569534,2755.2791725906013,866.2875601660429,0.0,0.0,173.1087737348588,64.94756465342111,69.60548267777348,89.8489225676683,73.4494241479722,75.92934560061549,76.29183483073678,66.70606243295774,51.68212089290485,90.24524094413438,67.67189304518902,83.968973368039,78.63336171895043,42.2548979391013
1416,2044.629265693346,2755.0994607918815,0.624933271457286,0.836684106379687,0.6898067478534792,49,0.0,0.021392340107508803,2.2940347609116802,-0.901499985915903,2044.629265693346,2755.0994607918815,1154.8504445785695,0.0,0.0,172.3528807279516,64.94719091970593,98.65876120551457,96.46169361413345,107.75232083902988,107.68676195653805,97.05070252097212,94.17598382130745,95.02729443769874,101.3343175343746,89.89980433171507,113.26979993506056,109.38947966664529,44.14352471557971
1417,2462.8740520590322,2755.599032612349,0.8903659589963852,0.08321575259121358,0.4131168745540869,49,0.0,0.015653202303706072,1.854467872165833,-0.6705482844258515,2462.8740520590322,2755.599032612349,716.2301622072054,0.0,177.55375413585682,171.94139088512026,64.94562815288047,150.50987717589365,27.59758089661391,57.740230373386005,40.17429135701529,81.67763368178355,27.629011041038677,32.84829788043778,32.27536840040796,120.49073643555606,63.88331068814042,29.216967469827985,52.186856807104135
1418,848.8838170640934,2756.1819203969467,0.6206390433678022,-0.7756265908029405,0.7784121416131576,49,0.0,0.023488234875369777,1.4749499130024504,-0.42194318150412,848.8838170640934,2756.1819203969467,2825.210778522295,0.0,2092.0599290258565,173.52941125554085,64.9464502978406,240.47007875042277,263.5669711108302,257.3631934007228,234.02882290022836,221.66487161541403,252.60884207034982,275.9192963619546,199.4088903200049,263.7818513736785,268.28717958626595,230.68933606623574,117.4214449661874
1419,2148.057836188729,2760.0665809461098,0.5980061790504293,0.7128382728660889,0.5788592524996728,49,0.0,0.16511027594791466,21.71379850999208,-3.341839508846514,2148.057836188729,2760.0665809461098,4535.5931916650725,0.0,0.0,172.25107691670868,64.94892789834041,367.80178652485296,381.17290668687315,395.55451897035255,365.62027811624023,387.23333158506,375.949008392825,460.3564046905532,392.3961274118842,399.09122288260255,419.87569567294577,390.0957342353554,200.44617649552774
1420,847.0077995756799,2758.8795317684653,0.4195790866107332,-0.20622810463614494,0.3152046970783094,49,0.0,0.01778790191322783,1.6090761500843185,-0.5164414943041962,847.0077995756799,2758.8795317684653,2384.835571276422,0.0,1880.9071883580227,173.53128789736368,64.94756497882172,203.31013331835263,214.68983784322342,217.4106828575704,199.257195720788,197.22976342522372,208.01425133865575,241.20814594612727,169.51852262235246,212.45514289968958,216.76645032470486,188.10513615806758,116.87030882166606
1421,1403.1304674991939,2762.170396356458,0.6107805581695456,0.5865046345554094,0.4328760954982672,49,0.0,0.22357128823388533,29.990791548329106,-3.6924698206621507,1403.1304674991939,2762.170396356458,5098.841308387473,0.0,0.0,172.9841030089692,64.9506499555668,426.2520601771749,451.0853677975674,433.94619813081954,423.96491978696446,447.80148350910963,456.3413378315454,499.95326693636287,418.26497466462297,446.0389501762146,445.18110626046405,430.0078526755967,220.00379044103016
1422,1332.4851715428958,2765.045386748628,0.871876918914804,0.9121717113436144,0.24375616795872765,49,0.0,0.014480880305071622,1.350420002662859,-0.32617215544211176,1332.4851715428958,2765.045386748628,840.1718751621045,0.0,0.0,173.0536335213531,64.95174119914496,80.66729624309592,58.18764101047057,64.00205567482739,56.8200733966359,78.34732391947753,63.23643472276804,72.0595050225796,69.3816306264016,83.31726338154525,80.19374080600055,92.92014020702288,41.038770151279245
1423,2235.9809984635976,2767.4690847633738,0.8049002129392877,0.8193856948925463,0.7829786244708405,49,0.0,0.027224240795624667,2.527956851571541,-1.0069241422969266,2235.9809984635976,2767.4690847633738,1316.0577305883253,0.0,77.76197623135673,172.16449444451766,64.95167473782737,115.4905992688596,112.53701321518078,87.13476594422798,94.79437650180861,111.37750460664591,117.49367682533875,127.25670507291393,117.77252566138705,116.28703073401324,113.27971162325443,125.34013185565787,77.29368927903718
1424,2395.277249510447,2767.6108431740936,0.700037448812184,-0.15265569999189837,-0.4992724447189801,49,0.0,0.013961218332483791,1.655490303367013,-0.5473166033023197,2395.277249510447,2767.6108431740936,1117.8763037954232,0.0,517.5837251314362,172.00774502243075,64.95099526736357,144.6962123286271,78.40191271839473,72.95519797131783,158.25919199679237,77.123378480245,120.10691694868582,88.67219238740975,71.83306043275186,68.08267790225786,77.80855573964301,84.60169247232223,75.33531441697569
1425,1913.8367590336488,2769.5275364150257,0.5191689542892388,-0.1688842730628994,0.1406448415859413,49,0.0,0.008611231212640019,1.097852215368615,-0.10135970645644894,1913.8367590336488,2769.5275364150257,772.6393710176311,0.0,0.0,172.48150109522766,64.95352318967718,62.035777638061795,65.45920573759327,69.98165218483325,55.991431618836714,62.94663951497085,77.91960081452984,69.91802256706731,74.4693564538081,52.34206180861463,76.901991084581,68.57991779231128,36.09371380242305
1426,2144.8058994614594,2771.0955452941084,0.7538238600757223,0.7943611970989767,0.6370582666552747,49,0.0,0.0932778879331011,10.2893538279912,-2.5309702547512343,2144.8058994614594,2771.0955452941084,2768.7927726933676,0.0,0.0,172.25418510763865,64.95353427919508,208.82117278046928,237.25404232492588,281.25720132083114,217.46622288039964,249.059080142641,232.8615682181091,248.35692993208897,227.964178568099,263.211920457455,250.17078596768363,234.47245743762554,117.8972126630398
1427,942.1945061745984,2774.56287437326,0.4812226839829427,0.4270736276905315,0.3475303949229246,49,0.0,0.09433261513588413,14.098705280547524,-2.872948080338581,942.1945061745984,2774.56287437326,2847.4562650882617,0.0,627.5213257052334,173.43779358657278,64.9545343581151,229.31669751259528,237.46169650152171,233.8416327152466,261.9731413939385,244.86042883507628,274.9814100389452,270.4187070941234,253.2872597090824,268.8016270470974,190.17204091422275,273.12908988001874,109.21253344639342
1428,1928.6219190180163,2778.6384333908322,0.8289493739575563,0.018459455192844226,0.7620859070634973,49,0.0,0.012114434974313157,1.0714967366687558,-0.07497713175094123,1928.6219190180163,2778.6384333908322,803.2256083296888,0.0,0.0,172.4669046452652,64.95728831398381,65.33952816466552,68.30451298116365,64.30798645758539,68.86812600998769,69.39610772338727,67.23600063479628,64.08905944751658,84.111389955588,68.15650368107683,70.79956869858286,77.60766122773612,35.009163347602595
1429,1284.9211944001904,2781.631208875605,0.6923062753162487,-0.2432901753570327,0.14375413290543948,49,0.0,0.012017410043145337,1.0130703074796992,-0.014098966537187518,1284.9211944001904,2781.631208875605,1095.026646236246,0.0,0.0,173.1005205375761,64.95856137340081,87.50637999611104,91.38820369717104,92.07198139057996,89.9715417503455,110.662037575595,93.50757531250282,93.35429576321286,93.10405636961794,109.56566944355998,85.31044704792382,88.18282919429554,60.40162869533081
1430,2244.391979624779,2784.296427716647,0.9871737787877639,0.4305525558880403,0.39358527251066383,49,0.0,0.01713631175157315,1.3276819585973625,-0.30773513455219453,2244.391979624779,2784.296427716647,1025.3703555536677,0.0,388.03657707697454,172.15605248024332,64.95865031058683,74.2860053377266,86.57403012680173,101.08476572723062,63.56398920532351,74.30550538557058,106.83812750813493,81.24591266809605,73.1002624405223,100.74615333361754,113.2578607473379,114.52536244302394,35.84238063028185
1431,1030.185633160579,2786.5635947086066,0.5162242469833052,0.3051412604301988,0.105291542172529,49,0.0,0.023962839973150574,3.223178902413746,-1.2707110291972055,1030.185633160579,2786.5635947086066,1185.3306390116709,0.0,0.03779978741711206,173.35130166093649,64.95988453925722,98.54195566144523,108.09733060465355,75.41055994699589,97.23259732470527,111.82986812401059,103.02571767779521,105.01488383526699,115.784942821748,93.53573251059336,112.34305407257025,108.88333997767964,55.63065645420704
1432,1300.1416087040413,2788.772885674669,0.2830290096054355,0.0859918103597656,0.11856947558425986,49,0.0,0.013725462637004715,1.64805264941496,-0.5424277043632332,1300.1416087040413,2788.772885674669,1278.237070105199,0.0,0.0,173.08557122993338,64.9615672110263,105.18844007243413,107.80190903656468,94.19171352020265,123.63444429764546,104.37188386521314,107.3262541970578,111.23391208644024,112.41368324385121,126.4775178018169,117.87265687296372,110.07390329579428,57.65075181521482
1433,2355.1170863217685,2787.87370402188,0.9058255532059013,-0.6169383640387192,0.3895443985562331,49,0.0,0.01319447241951595,1.301216306969596,-0.28587374316175085,2355.1170863217685,2787.87370402188,976.5246702054857,0.0,650.5891311728735,172.04702847585952,64.95963849875925,89.85861354481378,96.59087850013427,89.74064754101583,89.32650855721815,71.40553248330973,104.76783739480322,75.19971473026865,74.1453448822985,78.48489473897604,73.05814707100248,92.3677767093063,41.57877405233874
1434,2117.6817630150927,2788.171767642136,0.45909730175196395,0.6664029115704103,0.896848995504639,49,0.0,0.03751144201826008,4.281288590807795,-1.5789362587769993,2117.6817630150927,2788.171767642136,2126.733450019241,0.0,0.0,172.28074386459352,64.96074190962366,145.81702628970942,176.4471376529453,188.89424274591892,215.0339455847165,201.16495020970166,169.86229269818244,176.00247092939003,170.61466780551183,184.91219592367642,230.25251461988032,185.19104927592468,82.54095628368344
1435,1179.2489419459143,2789.7219154809127,0.4135544818151528,0.3592797876471735,0.35479503908090804,49,0.0,0.016906727268864316,2.448965942294037,-0.972456863611484,1179.2489419459143,2789.7219154809127,1136.0290590754767,0.0,0.0,173.20458856647636,64.96167968521327,96.81043745422149,104.98542117006511,91.0429655852023,97.05284824878137,109.16679009439015,94.24705831201885,116.69401910363379,103.55391694036162,96.02221814248519,99.23240258573333,84.3816347138305,42.83934672475316
1436,1587.966765225443,2795.2429741451274,0.602132591551555,0.33090172087408004,0.5502462313159404,49,0.0,0.013025505520947748,1.4866863346055055,-0.4305483736933185,1587.966765225443,2795.2429741451274,906.0287051336339,0.0,0.0,172.8022183184796,64.96455494699035,75.45537531871344,90.15102200466129,66.1978561572213,99.70584009497453,66.65171068295383,82.96832101603434,69.20646760099697,79.39267403579674,82.85440520763353,76.42477495746397,77.75837177621732,39.26188628096666
1437,2361.512995907418,2796.040083040303,0.7549002369901041,0.3060100060519888,-0.09247187898152921,49,0.0,0.018688742178641467,2.3015725549196135,-0.9050616754316555,2361.512995907418,2796.040083040303,1214.9845514892281,0.0,595.2597840004679,172.04063816387506,64.96300917802364,77.44256990780536,64.20224466938345,72.28246264809371,111.44655863523364,163.2987114520642,185.53884729732573,61.68960135858772,76.9802170558838,89.77702659162038,109.60353893319262,176.9881309452771,25.73464199476035
1438,1332.6357672723623,2796.5018864933836,0.6046665448512442,0.49775115796034397,0.288674032081404,49,0.0,0.011229482147001563,1.2150303838465675,-0.2114678458068434,1332.6357672723623,2796.5018864933836,892.1050825657126,0.0,0.0,173.05361389822477,64.96484723219464,73.83534121220322,73.7514648072039,73.92182006532235,87.11379174427516,68.24456966893594,86.3786777911794,74.60748945698126,68.12463821918327,98.19169438317114,82.54129589028932,72.17056711390782,33.223732213059776
1439,1432.2772964006322,2798.2967937130625,0.8121570329446972,0.851687105148271,0.25819143249362175,49,0.0,0.013054495231664572,1.083332037495039,-0.08690396693474392,1432.2772964006322,2798.2967937130625,934.036734964782,0.0,0.0,172.95551352300606,64.96573599161896,69.37419102785543,83.45832899180374,78.51851696528078,83.51647662182249,68.593442906447,90.90257885299992,83.14985096304906,73.17823122458964,78.04534772703079,79.60403307078049,91.27967773509957,54.41605887802313
1440,2108.066105109368,2797.571918513572,0.4305735640444047,0.7931132269968174,0.9215349860619337,49,0.0,0.06926125532222994,10.223577313471385,-2.524007213972996,2108.066105109368,2797.571918513572,2694.7103955957064,1.0095631882019616,0.0,172.29013659193663,64.96469015134899,207.03904113165214,237.71931357991443,219.16631043657438,257.63941580684036,252.11448228895853,240.4803604724022,232.13030636161545,233.41552725646017,233.43004136978635,231.6823319850194,256.30078477754563,93.59248012893761
1441,1182.18681403617,2800.0522739040275,0.5480073407933115,-0.10707041766239113,-0.1234316391040545,49,0.0,0.012729698033467502,1.437960507163939,-0.3943673963475096,1182.18681403617,2800.0522739040275,994.3023661869709,0.0,0.0,173.20176237949158,64.96599156522808,77.80245388209475,95.76695428859873,98.38119091194602,82.43805362563397,84.28658187363132,71.03310979568528,84.50404124867143,94.19186620591428,82.35879991950566,102.76451445059509,78.70352512784724,42.0712748568471
1442,762.812505688568,2802.2844429726406,0.6041964393439367,0.06147813510394282,-0.335922873577548,49,0.0,0.03958200678556629,5.962635443428001,-1.9385956432924596,762.812505688568,2802.2844429726406,1466.3473630776325,2.0,91.9312991355162,173.61467693388758,64.96521298333562,55.70408104103783,251.10705985359687,305.26154569697337,209.03362580869015,4.585566817829002,22.397339493176666,117.48343411839201,121.50390358365512,301.75764761478206,75.39721993661159,2.1159391128879,0.0
1443,962.4904358517397,2802.528776434114,0.2966592278627549,0.25416767383448535,-0.18908174986982945,49,0.0,0.011404761629732758,1.3475840407970348,-0.32388964766417194,962.4904358517397,2802.528776434114,1141.6308603777964,0.0,550.9511671400471,173.41809192664817,64.96627054882444,77.44404718428622,110.35407132731953,95.57564826056424,96.67870853521767,96.13405969614942,99.34049190949217,96.03076598392849,99.22802813040786,96.83327775831647,117.82230323807062,110.9949684041701,45.194489949873535
1444,1593.5473343199467,2805.752635667719,0.6655857086325813,0.7403362048248949,0.4041228492411015,49,0.0,0.019191781873775363,1.9762537611607696,-0.7396067737008387,1593.5473343199467,2805.752635667719,1118.5652961418355,0.0,0.0,172.79672495041692,64.96893399184607,107.19157397939978,98.49569582475458,96.40675150032655,103.43446218898391,100.50271710177154,100.33707230097541,92.48343680375625,79.4106097269106,80.21016420132614,102.17325344560786,104.88604256404108,53.03351650398197
1445,2414.0,2808.554021751523,0.23221578696301967,0.3377426616343041,0.5883917681503451,49,0.0,0.010975664892546116,3.931865664523521,-1.4864966784490852,2414.0,2808.554021751523,753.021422426312,0.0,31.14332756793437,171.98881421986655,64.96795439374,0.0,0.0,294.8893504931948,0.0,0.0,179.01301158798879,83.84034270218451,18.340721070552938,59.02935020495798,29.246181718010895,63.56122660754216,25.101238041879967
1446,862.4119993576768,2815.8888613880176,0.4361808465740284,0.18306814694678802,0.7075027664832652,49,0.0,0.010656659083829002,1.3351964852063947,-0.31386295107155543,862.4119993576768,2815.8888613880176,833.2215053683578,70.38316373878848,819.01583449907,173.51677448066891,64.97138966524517,53.82411850139508,57.93309253419922,81.82215793382838,83.54741070004833,75.2842696022129,70.45672623765773,86.97171981284222,62.14462268610749,88.5365713299287,71.19422492571115,84.7596580294491,16.746933074977633
1447,1534.4733821537068,2822.8450813548643,0.8422871034952444,0.6680555440052411,0.685286578923449,49,0.0,0.015043468441329358,1.1994162633997438,-0.19742483331726554,1534.4733821537068,2822.8450813548643,1111.8456208995467,0.0,0.0,172.85491432647189,64.9760412985838,80.4813569028625,96.64579265417905,109.09617122016823,100.60410039865774,91.80027451656619,95.15118778460558,111.74783524961634,89.73993235077039,85.34269183203916,94.36366634016315,105.34901302141944,51.52359862849879
1448,1729.3045011530487,2828.5568528903614,0.3304265459343785,0.7918714516199684,0.7253005704071612,49,0.0,0.01577616740231972,2.072811633228158,-0.7913995934322375,1729.3045011530487,2828.5568528903614,1203.6722483217231,0.0,0.0,172.6629955058825,64.97838131618087,100.30432859743937,92.26882777341805,95.34888293682206,128.16598412317407,94.27867167487858,125.35670861272807,105.87430800885326,102.42445037766406,82.75584843176864,117.24957606362874,97.0788306386381,62.56583108271
1449,1539.0721037826797,2833.8568155434345,0.5970486143575618,-0.22159040461328397,0.8538765366581849,49,0.0,0.009736216450492928,1.1163307786003742,-0.11948224733635063,1539.0721037826797,2833.8568155434345,854.1427835970651,0.0,0.0,172.8503949482461,64.98063105494053,61.70079262982166,62.62286582527955,82.44632322210009,83.48881704476905,60.563234001021456,76.1750425288932,89.4263422560921,63.40471947749868,76.55225498488817,79.84745449073745,75.46612586053845,42.44881127542516
1450,1665.9346342446577,2833.142091665578,0.5311816076926744,0.6203959484954417,0.8178501522950342,49,0.0,0.026322934783649887,3.3551904678794426,-1.3142929482230872,1665.9346342446577,2833.142091665578,1361.7459709201987,0.0,0.0,172.7254153173062,64.98033162755034,117.73694078284663,121.2945446104476,130.2513004562843,114.23747452086232,109.58529371613488,115.3700943464523,107.07492342462474,100.94447921973725,137.66465427282142,123.56901718518165,130.69305089693472,53.324197487870805
1451,964.4961441501304,2836.0777485230974,0.5096901077777276,0.5080014526367511,0.24196251381852754,49,0.0,0.2972372295366603,42.8781454129125,-4.080589981919536,964.4961441501304,2836.0777485230974,7820.667343916819,0.0,7860.504821606628,173.41644312350363,64.98025564805312,626.9096826892013,691.0260614605827,727.544993508882,665.8927572346881,661.9349390725383,680.1382770269697,717.9368713348906,654.3179166326444,735.2170127071317,694.162144319965,657.236838402435,308.34984952688825
1452,1596.4966431229498,2840.967977297757,0.24164358160108626,0.6075085553637934,0.12244056291453356,49,0.0,0.007871941335791433,1.2905658372792068,-0.2769504116567727,1596.4966431229498,2840.967977297757,866.084850237507,0.0,0.0,172.79382281818022,64.98360599526671,73.97880642646321,64.54640946436989,83.12186606320738,66.60982650742068,67.87958301315672,73.30516271148245,76.37893092037365,76.94034151881898,90.87877239040776,73.72450356577531,79.97769781914099,38.74294983688999
1453,2231.4250477499977,2843.780723239785,0.756149211308559,-0.3156179413155082,0.0023801231196674813,49,0.0,0.014985704841980526,1.7622499415043462,-0.6151687620601441,2231.4250477499977,2843.780723239785,1169.8401995613713,0.0,724.9318982700463,172.16824246431014,64.9834856574282,91.65193441281838,97.22714779479028,103.46220800551528,89.29364840300336,88.60533113101465,83.26000062898706,110.01729940968445,75.42339051199566,177.983798824002,106.48735011616668,114.39190770453189,32.036182618861496
1454,1961.171658066846,2855.1841231807985,0.8196966343768644,0.42643403857598094,0.8366829905516829,49,0.0,0.02468994264553606,2.245267311275265,-0.8781701338392717,1961.171658066846,2855.1841231807985,1301.692561807175,0.0,0.0,172.4344446405244,64.98910655052207,110.72318076372962,136.4190269509931,95.73203026605407,115.26640866994936,107.5397781826726,126.17333975031553,123.27405670469233,105.07679901058576,126.30610911716202,88.91183028944438,104.79076719386885,61.479234907707415
1455,1470.8614907070287,2856.300389134985,0.6799614305816635,0.7659538232253014,0.47522901460561445,49,0.0,0.028552825191159516,3.1607596169481256,-1.2494786699985942,1470.8614907070287,2856.300389134985,1273.3597829910786,0.0,0.0,172.91763788576102,64.98993945198012,96.48333102595501,115.31792321745618,111.19413344116731,130.4643931245991,108.8024517701241,121.68704894794816,92.7476570143535,112.49043450393484,121.99843798486721,108.62092027466605,104.24466542208935,49.30838626391781
1456,1744.7673411764488,2857.7610193949663,0.993411844016953,0.8663665560939319,0.7016905622402648,49,0.0,0.014285710726462378,1.125519739623237,-0.128382790398811,1744.7673411764488,2857.7610193949663,892.776520593228,0.0,0.0,172.6476989927922,64.9905349837461,75.97474525294102,73.76211704043847,60.9901314047687,80.26055820693418,80.32696174847104,69.3324047672625,82.46588643305677,73.28142148430342,81.41622694751075,81.84645157480752,84.71924875666889,48.400366976064845
1457,1391.6329280892976,2869.9728625417397,0.3219211788928209,0.8182047205455651,0.41744090966980896,49,0.0,0.04333738451954257,7.131725315466502,-2.132986518999989,1391.6329280892976,2869.9728625417397,2165.584170039765,0.0,0.0,172.99576121533124,64.995548710151,183.21414042662695,187.30753510516553,179.973540739954,179.069028109106,183.51721952967142,204.5407503636297,188.93567085498432,181.87935832595798,192.28626992719367,193.68143999591712,201.5327621897363,89.64645447182173
1458,1419.75819975815,2873.6632887592546,0.4770053782659762,0.2995780387254409,0.37024679774167407,49,0.0,0.02304382568983962,2.3520557445151513,-0.9286190261297645,1419.75819975815,2873.6632887592546,1853.3459618884435,0.0,0.0,172.9680481951387,64.99712184092955,147.16615966125326,146.74518467774726,135.5284844383633,159.49723702734224,169.904022738776,163.06447537319588,176.62610287854775,175.22893196754956,156.34417575714508,180.56445940210557,172.10623188692176,70.57049607949571
1459,1675.4960123286162,2873.989717172908,0.39179369332789016,0.7432253184455124,0.6417898190564816,49,0.0,0.02958584982425456,4.382448069118576,-1.6042919462962881,1675.4960123286162,2873.989717172908,1809.7294758831963,0.0,0.0,172.71594905776277,64.99734568590647,156.77134814565846,169.06959702073414,169.29585070065008,151.16851106830512,137.2468829369746,154.44494511476682,164.9564635853306,145.4072518655558,150.80235048209573,177.5517690180301,149.2708227614002,83.74368318369457
1460,2218.5246104558923,2873.911045588164,0.24320219417261543,0.5474484477593383,-0.0850874547320787,49,0.0,0.010726499339804994,1.9585910068966665,-0.729859390149815,2218.5246104558923,2873.911045588164,1384.3303415860173,0.0,639.0139676218463,172.18066718882284,64.99609050638936,255.6539498117858,154.32269678047112,99.73588333201677,48.49273748687595,74.35172627849039,193.5828234223511,127.04743263210722,88.32759462671065,62.72010231565586,143.26907441647245,78.5035602251428,58.322760257937105
1461,2161.460381837551,2876.1454851662893,0.6719790287674642,0.8368410001783891,0.16996973664538995,49,0.0,0.013590048464912675,1.128038420400525,-0.13080972935718946,2161.460381837551,2876.1454851662893,2004.7112629900485,0.0,1016.7895713597098,172.23689479763803,64.99723992636554,175.32008354228793,179.75250368193872,233.96825415854067,207.8313081894442,228.47946627072818,160.92811882778267,154.81708560451614,143.65808005515134,112.07850500156741,175.9114537494658,160.03194020440043,71.93446370422485
1462,1674.4064412829107,2881.084745430072,0.5827765216707984,0.6677113485237424,0.9361167053893786,49,0.0,0.020556032661287547,2.2988284070311096,-0.9037663878722556,1674.4064412829107,2881.084745430072,1729.823013859549,0.0,0.0,172.71701510516294,65.00030221737384,148.8591413820537,161.9424332685283,147.36147178686355,144.97893262505903,143.5010246372467,157.24810843502846,162.51196988458148,134.8371785278723,150.0142038467771,161.38904081009076,144.78866450843856,72.39084414700906
1463,2219.977315037595,2880.026517617924,0.23203219703972577,0.6751929620722662,-0.16101381352029376,49,0.0,0.008313988776562998,1.4708058201387944,-0.4188883493769565,2219.977315037595,2880.026517617924,1121.5919924637897,0.0,521.3159646470075,172.1791773327501,64.99863241731418,124.64129327657234,202.32001946986964,78.15320677103472,41.603126511419404,54.5498195683314,75.37501929517069,121.05017193409294,74.25151762967948,63.838198015541224,152.22239382589078,73.7771003621829,59.81012580400409
1464,1425.4249713408058,2884.3870922673577,0.5179024291596592,0.8487587136962437,0.5815000000009626,49,0.0,0.12765653011366124,17.89425511154413,-3.1317840615539305,1425.4249713408058,2884.3870922673577,3936.905472150084,0.0,0.0,172.9624908351572,65.00159623570113,338.64850077890947,324.76653401024714,348.4414769581201,351.7698781252788,344.6636746205103,340.82108123436154,368.13698747898616,338.5329950412447,331.6477507991739,340.37361189234,359.87835968936025,149.22462152155163
1465,1231.5542472847312,2892.2101235294135,0.8385295034009314,0.6023046021192687,0.4008953841431791,49,0.0,0.024685099330519267,2.278252293894059,-0.8940045405549117,1231.5542472847312,2892.2101235294135,1183.58011956885,0.0,284.18289129453774,173.15367496713492,65.0045128169711,85.91748642788863,94.72468274196666,99.55973382471751,112.14807973920443,91.89615742739898,108.84248958878362,98.95397714592193,97.04736261577263,104.70025341140769,122.15355721195367,124.11648614485262,43.51985328898169
1466,1138.3266370850786,2901.0556684104217,0.27647527341611156,-0.05146199644797447,-0.10651984426930254,49,0.0,0.022409895194646375,2.3478519378496507,-0.9266767640173244,1138.3266370850786,2901.0556684104217,2159.912706028963,0.0,1905.3472501859653,173.24566056188678,65.00794624711595,185.57390849129942,185.04585366725888,197.99753656505095,218.68128125126674,150.82095306936446,178.00690616378967,191.18226005909182,166.6451665726665,185.70569667778497,199.96235552372667,187.14953373069454,113.14125425696803
1467,1486.9304072455864,2902.7438657495036,0.8865105456476877,0.4084423971910119,0.6661435266212188,49,0.0,0.012561656558031304,1.0670935165016748,-0.07050620301517646,1486.9304072455864,2902.7438657495036,906.82194436913,0.0,0.0,172.9018826582917,65.00930188024992,66.82255644334306,89.36837861847056,82.36208538438368,74.34527620555683,71.14644369814698,74.89645374647183,78.24308498949375,71.9480929802516,75.20030836198359,91.89783714775803,83.9465182698897,46.64490852338043
1468,975.5461181360309,2909.5968087763094,0.21835439176655033,-0.08244861588885716,-0.9760828051041613,49,0.0,0.00670937222202399,1.1526284935707103,-0.15422337840393552,975.5461181360309,2909.5968087763094,1542.9224277625372,239.42008881244652,1084.7890334429499,173.40626104056435,65.01092943401027,110.57726626583568,145.83293531149656,145.01821149894278,150.6375003106395,115.35631274030547,207.6618178650894,222.0167692414998,111.0839119615496,90.70826911564323,87.58040873904143,65.7096477223166,90.73937699017719
1469,1516.3718046400693,2908.5690901379216,0.961464590799185,0.6052979622645066,0.614059855984483,49,0.0,0.016304829776194206,1.2616804821847407,-0.2523734617681146,1516.3718046400693,2908.5690901379216,953.8243276019896,0.0,0.0,172.8728546130928,65.01174775315293,75.8986044675978,84.98163949131629,51.52412668947045,85.62564779745529,90.6599914778131,98.06949411165134,89.60502828049704,83.72725953372745,90.74590104566968,92.77004496570417,72.12240921709005,38.09418052399684
1470,1389.3736207581744,2912.4524423903526,0.5834232649884801,0.6712219483743456,0.32772246352059486,49,0.0,0.022350435622776513,2.785767998746212,-1.112362362901341,1389.3736207581744,2912.4524423903526,1164.1059271520035,0.0,110.61895588134065,172.99812554835052,65.01324377761095,91.81734467466883,127.25044401175214,100.89984379099084,86.97776663025803,109.21160529264345,78.40661105818981,87.4988623655904,120.36605993142086,97.94114674147843,123.4292127196892,86.50738177684502,53.79964815847626
1471,2078.4730108823796,2913.9930694209647,0.23606849886794945,-0.3482633549544798,-0.5760230303892786,49,0.0,0.008866155978540735,2.28916302298294,-0.8991918052565193,2078.4730108823796,2913.9930694209647,1165.2372873019006,0.0,666.4108249687688,172.3184210812801,65.01328788936938,106.59233679527188,115.50789497410373,138.29357648708654,89.58579017689638,81.13773663686415,90.05398390549789,191.50611498675158,73.308776078384,65.80106011055787,75.28770537263784,100.83517343422989,37.327138343618785
1472,1325.1674809614942,2915.4286160628762,0.3677496469417309,0.6418676898677121,0.5846282122556595,49,0.0,0.0328963965297065,5.114941957239107,-1.7721017745956213,1325.1674809614942,2915.4286160628762,1660.5423087075696,0.0,447.0009603519483,173.0614677903452,65.01438219281353,160.47909728837118,142.22442131718694,141.34554643309144,153.13537633433765,147.24516217938464,137.39343718561642,151.38258410028834,159.59412047861414,126.87016674087056,138.5869280133732,124.18468512099693,78.10078351543837
1473,1764.4957956620478,2917.329022604482,0.5483737393990508,0.3948008147070126,0.5965865980924914,49,0.0,0.013157851887822262,1.240630130041355,-0.23410581066781327,1764.4957956620478,2917.329022604482,1254.8385685090373,0.0,74.11869486953371,172.6281065914398,65.01533296356439,117.8872683167298,129.69821911356533,102.36643250053619,107.65714070685002,101.33963748345131,97.80577159126909,111.74676874804635,96.83361059030621,103.70499786796381,104.45546913366064,111.6279844344594,69.71526802219911
1474,968.2599739589308,2917.5817132734896,0.7620774074740048,-0.2786783560823361,0.11784445579521223,49,0.0,0.030214953737986737,3.603273389725352,-1.3917430360618859,968.2599739589308,2917.5817132734896,1655.3926584214694,136.06674161331787,503.09259799819415,173.41352403687483,65.01422620578103,285.31316153744245,76.67640460411204,132.3726504903389,231.8748061996604,105.1995478928048,83.43229489957108,152.48087802090024,79.89971816398564,230.24848743254626,49.36237726902446,137.79295492090586,90.73937699017719
1475,977.4188505319464,2917.2966464419037,0.6979985168541853,0.7694724234830793,0.24867533457985688,49,0.0,0.02904096803271693,2.9216062373701166,-1.164054207588459,977.4188505319464,2917.2966464419037,2156.6994569456483,263.94225495771195,1039.5804868998516,173.40448763876265,65.0141448207203,129.0819806006707,191.42641566781586,270.22129473271946,323.1656764919412,268.9134542219786,192.0902960648359,164.7515972470897,238.30919751797296,120.74944832120914,100.98066546067851,66.27005362855927,90.73937699017719
1476,1052.7497931678186,2921.8663947779214,0.8365357174549334,-0.16992156184538626,0.31118523168056755,49,0.0,0.02179791550375966,2.674345129330112,-1.0680436326809797,1052.7497931678186,2921.8663947779214,1157.937455548064,9.716797395474426,429.38913403450596,173.33022402438223,65.01633534144138,58.208373691003956,64.8591659988274,107.75643194229833,45.73972160787093,75.26864499617245,43.46544153727648,158.18564126471716,200.9309119894902,36.306194900500955,175.01448741128866,50.015183737310934,142.18725647130663
1477,1123.1774533514038,2926.9596844849116,0.3912924433753303,0.5019697870049697,0.5584029350016059,49,0.0,0.01847298237283434,2.052769223081964,-0.7808503193889613,1123.1774533514038,2926.9596844849116,1403.6927477791692,23.61825229192754,1245.7638824104747,173.26078904096983,65.01869198668226,148.94365916153478,128.5741137389616,129.14127312301173,132.91798641839534,105.74059879292301,108.70531986232882,119.92371174276441,114.49650758170226,109.77275810617749,117.54071832395991,153.24188465809937,34.69421626931031
1478,1567.0595447802675,2931.7817562927307,0.5254685960859367,0.9203109152930665,0.7439820197818316,49,0.0,0.015460290889734659,1.7858019197764463,-0.6295832137625906,1567.0595447802675,2931.7817562927307,1112.1470395644455,0.0,165.791796260973,172.82287287723358,65.02143817552044,94.74390965812248,90.04563303574967,89.77523075706056,109.05087836024306,92.98193440001255,96.5649195576768,104.23869187968481,75.95928763522724,104.5438911010279,101.21185334084318,106.58502599195162,46.44578384684553
1479,989.317164955245,2934.3485112184576,0.7214875437821192,0.031037338691140587,-0.5847591390711305,49,0.0,0.0165937339856417,2.4535893636484953,-0.9745047007614126,989.317164955245,2934.3485112184576,766.2735677281432,5.861159461991226,24.70031262222983,173.39291171250213,65.02129645345138,119.06252778643349,186.31096904312932,48.11891028775806,153.8384710111814,66.34363113741955,114.11426175402137,0.0,78.48479670819998,0.0,0.0,0.0,0.0
1480,1061.00451789304,2938.260674601759,0.8418194212888951,-0.13679440254463682,0.5507118164817364,49,0.0,0.03371158202993151,4.281816038350718,-1.5790700114097156,1061.00451789304,2938.260674601759,1469.5821535986902,0.0,285.9014955304584,173.32221694288813,65.02319453852473,269.05092293984507,36.66035232958477,31.036680899499547,253.22547316328868,100.52753441772987,122.44827319077339,213.50969041994873,205.38117118832258,208.72817071520979,18.605130799546767,10.408753534940892,0.0
1481,2036.709649502415,2936.9797497968048,0.26160054240298053,-0.4532361531199277,-0.844089071841967,49,0.0,0.01589280467325094,4.3394757810765165,-1.5935931722049617,2036.709649502415,2936.9797497968048,1086.775096103822,0.0,419.5879398587673,172.35945981674988,65.02298862376772,71.82182018387518,150.04532886186266,56.6668057075249,56.12933627241607,70.43177706569669,237.33266703306563,185.94734933359223,44.8316576541436,108.69303525091223,41.581272947806035,55.6419595183228,7.652086274604221
1482,2002.1883548841345,2949.3955473604274,0.43167251870525875,-0.530921720928122,-0.3920465774528839,49,0.0,0.023947008642205326,5.100402045070958,-1.7690110280261422,2002.1883548841345,2949.3955473604274,1018.5201941824241,26.690607923016803,310.93656515855974,172.39344519336336,65.02825532461922,94.86056389024205,205.7963245302484,168.20210857278707,41.812182454585766,27.028709629632754,21.286928207173425,171.86264297945414,35.13474207658164,148.19178776556458,52.18287887249302,29.061274676298737,23.100050527362733
1483,1536.6348925249142,2951.6093797202025,0.8985955102062743,0.7379389321783523,0.06044101615910064,49,0.0,0.021181698926189218,1.85043818537931,-0.6681864547355432,1536.6348925249142,2951.6093797202025,1138.6930551081218,0.0,530.395651173596,172.85291115512484,65.02968926728519,87.25480667801199,90.76567439897417,81.68036857497174,88.71866726496074,128.36201656019597,104.48160831892393,109.62827108160809,96.63021218145435,109.84003623515235,95.54700118230559,106.03738911766277,39.7470035139002
1484,2027.089580561917,2953.7009697465724,0.4823558442662502,0.17749218634083824,0.44718515261632713,49,0.0,0.034360776178670775,6.678448649401722,-2.0616889775770204,2027.089580561917,2953.7009697465724,1022.4317385974985,0.9336174006836413,207.80007578700827,172.36884242498718,65.0299819387198,88.38508451593985,218.320019535715,114.99690712737254,145.12028848628566,142.90010636115667,24.04465335035667,46.73197946845528,22.74690363374728,22.63009673678648,53.641999798922356,17.830053345466695,125.08364623729393
1485,1958.7151727408461,2960.9655126770667,0.9993168066962846,-0.11289894295132721,-0.35414665968127534,49,0.0,0.0350679792350102,3.5573661692372514,-1.3778214264550686,1958.7151727408461,2960.9655126770667,1341.3957403859552,33.918361864028746,589.8982914761731,172.43628489264412,65.03318304477023,143.61958098726487,39.88932860561469,57.07145187665225,126.80751406747272,164.15707986322502,161.21066858679285,52.443652244591405,83.61991887238165,174.02061816888494,130.32443021815203,149.51558842778138,58.71590846714144
1486,1092.9475820675796,2962.3049670622963,0.4778623886314046,0.44216214928853026,0.6679701786426873,49,0.0,0.008972583574957794,1.7731453957462209,-0.6218608716888661,1092.9475820675796,2962.3049670622963,691.3820407750509,0.6720432502308609,87.16730735859946,173.29088648635025,65.03332041832631,48.474253085761475,63.08987334985544,94.4055365597507,116.10027729929956,93.75777136595515,71.786459464118,7.863742509691688,37.30500562725515,84.26417938423003,20.136656117913397,3.781538736346259,50.416747274874005
1487,1014.1086362746953,2966.0,0.988626984135102,-0.2931277101472882,-0.4238668118374032,49,0.0,0.035725228036840716,4.1388225899678,-1.5421920270738223,1014.1086362746953,2966.0,3134.6271552160692,0.0,10.786087822348982,173.3687371976036,65.03457918090308,52.171023801840185,43.52702632520804,110.26926443245117,60.1263002029453,0.0,2648.3471101680743,72.29670489553193,0.0,47.606588954570476,0.0,100.28313643544838,0.0
1488,1096.881785090787,2970.2856163436363,0.6306755519572841,-0.47241501688915705,0.48574405210830446,49,0.0,0.011966299420079648,1.955255418890321,-0.7280087454665641,1096.881785090787,2970.2856163436363,775.9708715193656,4.863739413413445,32.751410669107884,173.28706488801998,65.03665817993071,9.138621993983854,267.1669534776431,135.23243838885193,63.55897031492573,47.54429893000409,1.517081813027493,74.42849416058428,4.465101887668775,63.64954889550693,109.26936165716941,0.0,0.0
1489,1814.5432589669756,2972.911991600032,0.21082437217236624,-0.0788122192507625,0.5561404351921667,49,0.0,0.005700236932646565,1.0440537858914967,-0.046807181326018577,1814.5432589669756,2972.911991600032,1112.1179144609102,0.0,779.5873635892862,172.5785557487922,65.0384286550077,91.18993011876863,104.7440843587592,70.7479394741213,70.24688779612319,79.25406249090898,74.65180295716277,116.75268211184755,79.04975687584778,117.87745011303794,103.26340007913063,125.92717259837006,78.41274548683224
1490,1784.9098749106647,2986.001915020101,0.27515402455738913,0.34198184571259493,-0.4363423987571815,49,0.0,0.006846699644711782,1.0268201270047497,-0.028735932043293166,1784.9098749106647,2986.001915020101,1071.896351363251,0.0,655.3231331182473,172.60777520294616,65.04392064025686,92.46243398121035,85.2132513036239,89.19516693698725,72.28680547014294,73.18380874659212,130.07969027619987,88.01194035015183,182.98025122482346,90.99753878121344,72.78534624451198,46.10596773879372,48.594150309000135
1491,1113.1411909295146,2985.8875815620486,0.9867615053317217,0.24645786232345487,0.33031301367733135,49,0.0,0.03351039789153005,3.7221859508448545,-1.4269951639324476,1113.1411909295146,2985.8875815620486,759.047183890671,4.997750542257386,22.659078112608892,173.27113063573617,65.04321055113057,128.4074594417952,39.07703402697861,118.29271046859044,100.62760101246022,147.50703065041833,0.0,125.65228488361173,36.452182247145394,0.0,63.030881159671125,0.0,0.0
1492,1334.164241812071,2991.2878353148,0.9865295688068326,0.40155839776556496,0.2394497176894692,49,0.0,0.016487725830848225,1.7329399495229745,-0.5969587841035138,1334.164241812071,2991.2878353148,738.5614214761247,34.285318903104994,476.5783162325953,173.05290342527746,65.04600265301647,47.295700361271116,51.13170873832658,49.7011073575609,40.253263338965105,96.80075190584523,44.37931307827754,106.62804706642106,73.85875438173366,35.08970253793079,63.514399752883364,116.56901143637009,13.339661520539208
1493,1715.2601110756516,3003.3967838588883,0.4284718055662239,0.22169203177780855,0.7148910098970627,49,0.0,0.007076309949478172,1.206535943218487,-0.2038506606367423,1715.2601110756516,3003.3967838588883,1071.2287226200442,0.0,562.0471202012443,172.67652286638173,65.05123557226746,78.06287139589904,88.00170289371727,84.61521824583592,106.65195097140757,84.49073597138451,68.84508232775354,115.58088905700671,49.96708514274307,99.50115294438768,78.33037135011392,172.43010692554788,44.751555394247085
1494,1212.2308495350578,3003.210803270049,0.5318070535527356,-0.39528467017000746,-0.1977125448020905,49,0.0,0.023102192787286837,3.9119264402478664,-1.4809766993285307,1212.2308495350578,3003.210803270049,1565.5330871734523,0.0,56.4981885008854,173.1733891789474,65.05071008763221,92.45009457810512,135.46636200178074,177.06021762724396,149.93344470560504,216.37813312476067,119.02903842827959,100.15705598559896,137.71180537432502,90.64997188739665,139.09237957235086,207.6045838880056,0.0
1495,1655.9720845144725,3003.0210286381603,0.7574306013686369,-0.4109310254874301,-0.061101829790297886,49,0.0,0.020945774998739838,2.553718234977372,-1.017932444001071,1655.9720845144725,3003.0210286381603,1056.9497484094868,0.0,633.2879909273114,172.73508552790975,65.05111188872849,71.70007902787539,65.44639047463217,68.61045395649256,67.76686514501753,97.59550213337724,96.31209658690526,72.44479312507846,123.02837638201396,116.18310101583566,114.14518556674658,115.2920662957998,48.424838699712026
1496,1356.287072749139,3004.2258139131663,0.9328744133494257,-0.18146885967906456,-0.521066277827115,49,0.0,0.010203629505326578,1.0497051571925335,-0.05266832723229033,1356.287072749139,3004.2258139131663,997.8962156039911,30.764452247017964,439.24834363009836,173.03110440763365,65.05142964366772,44.14724527332618,54.81340055435425,57.69965836909276,90.26879495397073,84.40414384579157,139.57717302373098,76.43046593068313,91.99546759738828,58.31373279856738,106.97919632943825,137.79122008368077,55.475716843966865
1497,1448.3749529463425,3004.5392194636584,0.33030372873587965,-0.2642764643139672,0.09349858693425445,49,0.0,0.007743680005048021,1.474313875532778,-0.42147488231583013,1448.3749529463425,3004.5392194636584,1041.2202718970411,0.0,577.6756421701713,172.94014411941956,65.05167906384396,75.43467023875756,87.03499082952678,67.70926348724348,79.46528735182031,100.26899658587269,48.76640078213063,102.04523349366141,154.19701801548993,84.48370944873601,100.39355171766584,123.19542258045587,18.22572736568067
1498,1365.3386315633552,3008.370659751589,0.23377217432077746,-0.14068432426669525,0.5484479078721775,49,0.0,0.0059437530963766996,1.5982286263013576,-0.5090972629126559,1365.3386315633552,3008.370659751589,1284.1737536666606,19.95947583816014,346.7597375476462,173.02217863532053,65.05317059756796,55.660466345344204,53.29558614153859,55.879103356029646,65.07099250364126,98.31513001041748,126.71125995178635,74.75581477179057,46.73707525029482,192.7835419776369,176.4720455173245,58.26670445894278,280.2260333819134
1499,1208.5624342510862,3009.009782755537,0.9460657691891282,-0.21134326835408843,0.006815183994103105,49,0.0,0.03284164179837482,3.9250135285622245,-1.484602894976934,1208.5624342510862,3009.009782755537,1488.5127939786594,0.0,33.49057492068441,173.177047451513,65.05311670234846,80.53043437068735,70.65855867844209,185.83850523073642,160.43325175813075,181.64732835446495,105.02001589194008,105.85410383297074,92.04340805184015,60.94341620550886,185.7121916863985,227.7194196088522,32.11216030868739
1500,1330.0515983447824,3010.420013991425,0.2348261261382246,0.16585219872867885,0.7066155388117584,49,0.0,0.007400232626941915,1.9882050261055586,-0.7461529183563149,1330.0515983447824,3010.420013991425,1202.8941493909417,60.82546670903367,263.86138883356523,173.057044384937,65.05396629468578,109.49240859384656,173.85553144713543,78.05408662039989,112.56264320558947,97.23729472566882,147.08912211812302,83.46602761285519,176.4924066903482,70.27550619681122,96.00328498409053,49.60298475968993,8.762852436383513
1501,1721.685316887465,3012.4758148087876,0.8340641610389061,-0.6591005306745745,0.6407698742991215,49,0.0,0.01724461415838955,1.9688468169635944,-0.7355298196300063,1721.685316887465,3012.4758148087876,1790.4596797063118,0.0,499.89411247858607,172.67015940884758,65.05501316087357,144.62158273035905,75.16018485086363,76.75457821814842,175.4041069625398,112.61073347109283,129.13466304369436,110.65539207049028,64.27006556768256,162.61522158949734,114.00936377318526,610.2461572807431,14.97763014801529
1502,1679.7894153620869,3011.9831142114263,0.2962024034469102,-0.5047274891405451,0.3424210278372231,49,0.0,0.009574388495248973,1.8423598964070877,-0.6634361788707548,1679.7894153620869,3011.9831142114263,1093.9275460661079,0.0,440.585654605537,172.71154891785957,65.05483524519244,114.26090513391168,124.25189526243585,85.22520629003722,93.82848079533333,97.16485671752177,85.53072009811982,137.6522985183965,48.00536312331593,41.97115202946976,160.03087364247438,64.75737099776532,41.24842345732629
1503,1215.9578871327506,3013.9047455779432,0.9852056097658775,0.3697243870413617,0.3563071279991677,49,0.0,0.038233568172869103,4.339343677104779,-1.5935601193074775,1215.9578871327506,3013.9047455779432,1081.5190049463436,0.0,23.555611219746673,173.16977112102057,65.05517471138566,5.704453333889962,170.0558106874232,51.5868869985364,105.86195534311759,180.80630359274392,24.592548448608312,136.19730351388125,60.67521455008537,30.854231059245773,155.0295360564642,160.15476136234756,0.0
1504,1378.157035908101,3013.352796316272,0.45367344787839425,-0.061099840731894756,-0.2763452176538096,49,0.0,0.01655355931441736,3.0330169296357674,-1.204687086135111,1378.157035908101,3013.352796316272,1534.3511353726908,0.0,346.6101323309446,173.00953334197965,65.05526535232735,98.50676233649884,66.75986283343943,69.41425518311682,33.404203867959424,169.86245199989438,173.56590868683418,104.80750801458538,95.7978304507557,225.3729110775333,234.04412308746117,96.04570901094282,166.76960882366927
1505,1492.8212538544078,3014.861048667316,0.3511313035599318,0.19898010610157732,0.7388707642048177,49,0.0,0.009766597396537968,1.878523327809187,-0.6845414814315662,1492.8212538544078,3014.861048667316,1178.2014508853497,0.0,487.16031765352545,172.89625826616975,65.05601696909257,70.95793083641115,80.843757457252,66.48169590891564,108.09385791388553,83.3715783629905,146.5971948689275,121.47583234955599,97.09957693722626,108.00009190631485,46.16774655468856,92.69565970803248,156.4165280811492
1506,1745.7157479222922,3016.301792287785,0.9045209892289574,0.3414783390445039,-0.36209673487367894,49,0.0,0.046422951711977696,5.392639751044107,-1.8295035218128375,1745.7157479222922,3016.301792287785,4320.0206293348,0.0,332.584937883584,172.64641128989223,65.05658629530616,185.01089761197454,309.75579092255975,264.30708070419234,76.72625250119046,99.44259450108504,227.8531946521183,2504.801391572727,168.06991748967582,166.23031312305113,169.85787918153875,122.38247799662585,25.582839078061188
1507,1515.6948576363152,3016.9103705137672,0.24908903566732377,0.1276355073301041,-0.03290862224731551,49,0.0,0.005787999776470182,1.1571025148572318,-0.1584295937158632,1515.6948576363152,3016.9103705137672,1082.0757869633026,0.0,505.31056165415265,172.87366328859383,65.05688510168939,57.49810297190335,96.19730713122306,95.78537164175212,79.966836926516,87.54794198517497,87.7167101990156,91.56306533848948,68.57287380517647,90.88256194915634,114.69588097866401,85.30037610838056,126.34875792785074
1508,1511.34756317231,3018.1044404580816,0.38519614247634737,0.9566142098931321,-0.06832447827156803,49,0.0,0.008425395856067004,1.440168735792568,-0.39603344678412894,1511.34756317231,3018.1044404580816,1243.493194262477,0.0,524.4428273163119,172.87795991147263,65.05738011424914,55.232780090813044,115.72992264829803,106.5576885428506,59.866906725640284,123.99430114683803,123.60422661515683,93.27866930782767,72.82153201849273,150.5849026733461,109.38668730684749,88.04848317702476,144.3870940093413
1509,1435.3694812503218,3018.236573803646,0.30013386692878147,0.24161088552872076,0.133773747109813,49,0.0,0.005923644345684849,1.389861828225608,-0.35742906858154117,1435.3694812503218,3018.236573803646,1185.9517613156722,0.0,349.84279588970975,172.95302532823865,65.05737223526005,89.83834917713706,180.49992002866247,124.7620321480311,84.31566325671461,87.59997180178141,171.10972391451392,79.71241374313655,72.32635905980146,135.494117907413,68.55667960817672,80.06972458520835,11.666806085095612
1510,1491.2221176471496,3022.7724504855364,0.2863762648274739,-0.4303104457381358,0.10592596223572288,49,0.0,0.006417731621086857,1.4287061788711661,-0.38735730742994995,1491.2221176471496,3022.7724504855364,1472.5479225808988,0.0,399.23269561533493,172.89785139925422,65.05931190007111,70.18674032877672,69.30401431491427,66.7993790688476,88.34393068090452,78.82584461072592,271.6075133434137,216.40007450470074,70.1421096844885,150.04952490409636,38.09310181822304,152.32765601613437,200.4680333056731
1511,1535.2167458042813,3024.1138243584533,0.4125343716546324,-0.08054675172182506,0.23697778461956215,49,0.0,0.008966200429514267,1.4631696388276818,-0.41323670207986046,1535.2167458042813,3024.1138243584533,1446.7176067216892,0.0,391.8553441141763,172.85438351285663,65.05989576223917,60.42617281412683,99.87535420664327,72.20653122903408,103.47406316464084,121.4191968661775,171.54846212693545,116.42841556385146,140.68405311386485,115.6194928158351,305.9630370172621,93.26058866069569,45.812239142622126
1512,1356.0393228622186,3024.218623840853,0.7199866757204431,0.7322716964303237,0.19344022311602216,49,0.0,0.017680413353473486,2.387905031362834,-0.9450426265210271,1356.0393228622186,3024.218623840853,1268.9484141585651,11.119770502452088,121.91094913914036,173.0314242471935,65.05975863307894,67.28997621465095,157.11156272803342,285.74391008285795,209.31733744709402,87.5171993858873,60.56508411605396,74.35504941873987,37.542580211229215,68.34570871801805,171.4971382803118,47.89973677324465,1.7631307824440394
1513,1680.0789236688229,3025.732237058638,0.8257688090691726,-0.819524822698895,0.21629631129039398,49,0.0,0.02734473650609269,3.2121820150192675,-1.2670003653949231,1680.0789236688229,3025.732237058638,2092.4700055327025,0.0,291.0963451990881,172.7112460946217,65.06056328180404,104.94626104857079,32.07461550347676,271.22896064105504,581.6554081674451,198.28400277078504,30.72912658427966,333.2988599688364,260.6419675284094,52.40754205143648,118.84529196509152,98.27653352511778,10.08143577819869
1514,1250.1034256496525,3025.9376447401155,0.7315607220532275,-0.5935824603472345,-0.38174401741300584,49,0.0,0.02801102385125949,4.024783199875022,-1.5118562287573574,1250.1034256496525,3025.9376447401155,821.3998763497348,0.0,19.637286678138594,173.13610410617292,65.06026952451873,80.72595498535128,32.37869634103234,82.50622006604826,53.10227219683642,0.0,52.910033163544824,26.028599832820117,139.03549003056418,253.49207832855714,101.22053140498011,0.0,0.0
1515,1547.61513075025,3026.2020201576565,0.6107544013188687,-0.10560182268937526,-0.696799680295178,49,0.0,0.01536176067058649,1.9640775276978821,-0.7328965665535669,1547.61513075025,3026.2020201576565,1241.9892675327937,0.0,382.0934133356568,172.84213461942556,65.06077052270828,70.2184015028313,56.65443530758826,64.90296679701362,43.06904742198918,162.39537670601655,226.63125005245652,148.95778434741237,59.40378876747168,179.4592030264855,105.8286901165542,96.46094875903185,28.0073747279428
1516,1516.0517930090732,3028.6111425613553,0.7653486510371977,-0.003882278408623663,0.9070669405396055,49,0.0,0.022143236927432065,2.798865107369267,-1.1174549198552284,1516.0517930090732,3028.6111425613553,1394.0956653255873,0.0,344.1535984109422,172.8733258399714,65.06176009352308,93.15087871964502,113.10247969909085,53.770710252152426,94.30474094379122,96.65576400642323,96.77656254467968,145.2911092910925,128.92421217596365,187.16501767703068,61.10141798598074,291.855628094776,31.9971439349613
1517,1528.2328278825973,3028.0453369709435,0.9580534561496984,0.28908755707403455,0.27374103915128273,49,0.0,0.014023917047390352,1.5368296363926717,-0.46656431729302383,1528.2328278825973,3028.0453369709435,1140.1382315771277,0.0,317.9854898740284,172.86128854603197,65.06153058584763,109.2920059552273,35.89419995793439,44.20989733489491,96.00803414485173,75.68392769116514,130.1569669232766,118.51877108843512,125.8987869244817,51.638913251704764,72.58389785214416,250.39647627760252,29.8563541754094
1518,1339.6981568989443,3035.270757485858,0.4515529237194634,0.13701093641015824,0.7072559070593335,49,0.0,0.006954756656330813,1.464801841263688,-0.4144471930111292,1339.6981568989443,3035.270757485858,863.3698724741625,2.9103667349257214,37.7162567390407,173.04761468236586,65.06433624911412,86.34470415548097,189.06689304316538,84.14603573166154,167.36192638896168,115.51157224337194,17.912939328500638,82.19677158631275,83.82156700858688,14.907910833386733,17.759979221565445,4.3395729331685615,0.0
1519,1383.2561443847312,3035.6005385548965,0.833490438697507,0.24129727060322634,0.18492511482582502,49,0.0,0.016401988701341203,2.0834617175977557,-0.7969638123926579,1383.2561443847312,3035.6005385548965,867.649123299966,0.0,40.88017289221443,173.00457024005385,65.06454148669044,70.427692467289,33.2837280127626,43.592190538651714,78.55484990269642,70.90254690896353,93.91308568353168,126.02873701880516,19.663636997446062,77.21182772303456,118.7003284862793,132.57848699058965,2.7920125699163947
1520,1587.0200201850505,3037.851473327099,0.6787850761363038,-0.46677025649312504,-0.8570185290873051,49,0.0,0.00920880411601159,1.1458764161351696,-0.1478444527068725,1587.0200201850505,3037.851473327099,1099.7294590280774,0.0,227.03302533951984,172.80320057485326,65.06563245458153,44.34991838702423,166.1165757887376,97.15978977094589,124.59892688016124,19.80525405950748,94.70824738369501,102.0602714316365,142.4100941488956,79.09820111035755,74.7292090045326,48.92875193599188,105.76421912659178
1521,1365.7460792512754,3037.9736248750346,0.9939414741203565,-0.9208378459959227,-0.6023631709602084,49,0.0,0.018664039369024582,1.9765351987399329,-0.7397613819901723,1365.7460792512754,3037.9736248750346,1098.6439403264192,0.0,41.80139065786719,173.021882995379,65.06550436943908,142.3428829674232,62.8832049593231,25.80165154069757,86.99836353639088,128.81587331858546,201.11319790913052,63.52822935308524,130.6356975439429,65.79105964221304,51.26918655921531,94.94238117103023,44.522211825381646
1522,1339.8944308948103,3041.3745189219753,0.514637319183873,-0.24068289048668365,0.27678186318482473,49,0.0,0.014792518343159339,2.6707806913534164,-1.066595569505514,1339.8944308948103,3041.3745189219753,857.1061292383495,0.0,32.96578573567474,173.04744518586116,65.06687951297513,56.40460418990161,150.15486587637406,72.51506581878307,196.26332982863985,149.8527787714163,16.481457028442733,58.07356246752293,74.21416830716964,46.257023663632076,36.889273286467095,0.0,0.0
1523,1540.8021794009692,3042.361973339696,0.3952076919425665,-0.5686398813198582,-0.24653582284515888,49,0.0,0.013857923344476084,2.6491774249610542,-1.0577776138453476,1540.8021794009692,3042.361973339696,1795.0258610245928,0.0,152.3460869941186,172.848881414878,65.06750060232618,224.4269039819243,495.5131949063437,225.96972285388944,58.30510437453337,97.17711176553937,35.61884644334076,52.90082760175409,264.7880054375146,120.91374924473178,72.73611745103335,144.33099138936305,2.345285574625204
1524,1305.404065248496,3044.1506159721084,0.8577877755459012,0.18235203705617767,-0.7080257501714112,49,0.0,0.017428496555602635,2.1943842934872855,-0.853281715259623,1305.404065248496,3044.1506159721084,721.0783828310098,0.3900617061075435,19.112935259157112,173.0815454234259,65.0679736230919,86.32549900230445,66.32657367054075,82.05868358456404,0.0,83.4447292356277,22.68025925489283,46.57382528516525,51.88354714564526,18.412718735057958,26.840611203429365,217.27945722751463,19.252478486267496
1525,1758.5160769106346,3044.6471489863943,0.922075820560842,-0.15107259904204112,-0.05642992351736018,49,0.0,0.02401232002426841,2.9579495933457705,-1.1774769221928298,1758.5160769106346,3044.6471489863943,739.0036644943702,0.0,16.13318815262665,172.6336962758595,65.06838289779546,43.742603378508676,38.58096164160512,9.809488020777483,48.652245509568786,0.0,115.96233726712133,139.5251479588841,106.65166937979896,75.43430605704431,42.14777666881766,86.62933173023575,31.867796882008115
1526,1708.9175875072985,3050.6860812056807,0.4609828912040286,-0.6277341970583165,-0.4703677784761543,49,0.0,0.016335933678507407,3.2007355364644825,-1.2631244791755387,1708.9175875072985,3050.6860812056807,2847.5394363089067,0.0,22.724903860218987,172.68270891118254,65.07094190075469,58.320431656614446,268.15370664936546,75.33745881433504,0.0,33.882644530642985,0.0,1507.516005548535,0.0,387.01597962031036,33.77692823609678,483.5362812530067,0.0
1527,1752.7423263829926,3051.0,0.6419053810288453,-0.34637577320482205,-0.49647812752696624,49,0.0,0.03590216498932477,6.02922511934195,-1.9506537496628518,1752.7423263829926,3051.0,812.0626683304525,0.0,10.582549568615395,172.63938810789398,65.0710354544676,43.742603378508676,0.0,0.0,0.0,0.0,52.87839523695815,432.51694367484447,41.747589694279604,83.52095658695731,53.50386267875957,72.28452019813668,31.867796882008115
1528,1490.3654658187013,3058.5274260811807,0.6624888156364219,-0.18720034557710732,-0.22614608861044774,49,0.0,0.014893255789114927,2.068242520515739,-0.7890036561059102,1490.3654658187013,3058.5274260811807,846.353445824355,0.0,32.630268263559145,172.89875839726105,65.07420753364552,90.54406425466134,58.605412680611096,142.99874631378063,47.54366292001724,57.69273106159411,143.79177574578722,131.70566960343916,91.58928389459338,14.278701737316581,34.654062143973746,0.0,32.949335468580664
1529,1554.940820496893,3065.2757350690067,0.9880218151803478,-0.7337537827555322,-0.34234891436203146,49,0.0,0.022809673376322306,2.6117736947343295,-1.0423388585883648,1554.940820496893,3065.2757350690067,683.416867927522,0.0,23.559884364912485,172.83492340658538,65.07705178330963,47.03081535101246,46.439881435684626,23.12146522902251,53.06544251402224,52.31108777020605,176.8627095341181,53.11653278790769,59.028820425829196,67.34434882388355,86.02609453578194,19.06966952005372,0.0
1530,1507.7437776487025,3072.970567511069,0.7295230743669083,0.0851889600460606,-0.5079392332483423,49,0.0,0.012453042670365688,1.877950359003531,-0.6842102702834587,1507.7437776487025,3072.970567511069,501.45488310906893,0.0,15.636747070211296,172.8815987012756,65.08023631164104,1.129858282774756,76.6021302125767,183.7378098835103,0.0,27.814167497313406,21.01938002991154,30.345162008038063,84.30583014929368,17.47597837227136,38.01861739894929,21.005949274429828,0.0
