id,xcentroid,ycentroid,sharpness,roundness1,roundness2,npix,sky,peak,flux,mag,xcenter,ycenter,aperture_sum,aperture_sum_mask,aperture_sum_edge,ra,dec,aperture_sum_0,aperture_sum_1,aperture_sum_2,aperture_sum_3,aperture_sum_4,aperture_sum_5,aperture_sum_6,aperture_sum_7
1,1333.1013209505654,146.7211799794809,0.24874455660382952,0.3974307274616957,0.4753494323521547,49,0.0,0.00724442543519876,1.008948698148653,-0.0096727107424785,1333.1013209505654,146.7211799794809,452.4104666762451,0.0,342.9230729322557,211.2454464766162,6.308846489725127,48.97144274820456,60.10632447977124,59.47853411011104,53.69613672846087,65.465076375803,69.30737043900021,55.97870244151861,39.4068793533756
2,1597.4285588077073,175.78832873635403,0.5842676297803606,-0.07359652668099169,0.2702533098239379,49,0.0,4.259293772317248,626.2694101255983,-6.9919029982054495,1597.4285588077073,175.78832873635403,52670.35348259012,3.9770902267486488,44300.26860272953,211.13464544336944,6.320968448639081,6354.2713399425575,6787.03983302709,6911.2507198183075,7135.715759203536,7245.124628046373,7047.345256953624,7024.299252499532,4165.3066930991035
3,1579.2097964778443,219.00888111994973,0.6125018791802628,-0.13864753341722963,0.4871672195663066,49,0.0,0.01643797260698898,2.005539622856476,-0.7555781165769327,1579.2097964778443,219.00888111994973,347.73237553116365,0.0,68.96295938304544,211.14228295506044,6.338975062532795,57.45112426336069,38.01934242026334,42.50251663860159,44.203346692297615,42.94914312987086,40.86878764567725,48.40315948408343,33.33495525700887
4,1003.2573923842018,238.01776148438947,0.558857940659936,0.03761967858508883,-0.04452820834676057,49,0.0,0.02240686941048652,3.4791182810279944,-1.353672984720768,1003.2573923842018,238.01776148438947,296.6373180099355,0.0,202.12057432038114,211.3837297829949,6.346834614011565,38.990182342965234,33.02802124513423,45.22669654473259,34.1479301697665,54.213932351914735,39.808634121278565,35.35254483395584,15.869376400187825
5,1222.404625688522,302.5200135868089,0.4987239287091358,0.22897808443052933,-0.1421542620026025,49,0.0,0.013072621263910183,2.1927304020140532,-0.8524630952503771,1222.404625688522,302.5200135868089,197.7310173132584,0.0,0.0,211.29187002453932,6.373743949127976,26.137602691135676,26.22111636897241,26.57519783976838,24.760547567677456,27.894049547063087,21.004833138827944,24.85356712521022,20.284103034603245
6,768.2556430728307,459.57121421762486,0.37041757270536824,-0.17736019795483665,-0.28671130435253267,49,0.0,0.008491196233427874,1.2840239894073116,-0.2714328443201992,768.2556430728307,459.57121421762486,450.0878151744908,3.9673185050685094,0.0,211.48231157865,6.43908256678518,50.49831190137442,70.22101128745994,57.634309242871566,58.007797445069144,67.0634296201528,55.674305249117694,53.18940136876718,37.79924905967809
7,1573.4702502379107,488.21155114200656,0.3465418111039829,0.21700299112139487,-0.04518668593047538,49,0.0,0.014086050754095254,2.5010524210237817,-0.9953069861463061,1573.4702502379107,488.21155114200656,358.42950452580146,0.0,0.0,211.14469170992365,6.451133535123275,54.30168201332603,49.75243024819149,53.69967761759865,36.50626207251413,35.76716635729654,52.49084795616612,42.59880567596579,33.31263258474276
8,1744.8696140228144,495.32577808998235,0.7222591960662517,-0.2895525877907866,-0.6214652227148182,49,0.0,0.011436043325394583,1.2308371850820006,-0.2255015208397036,1744.8696140228144,495.32577808998235,221.2118824445314,0.0,0.0,211.0728222155069,6.454094156872487,28.189797751836657,28.63594381524681,25.434285682708442,22.4203802501331,24.93337741031545,30.002135095509523,39.70095035529683,21.895012083484602
9,1094.3315145292536,516.7023299726621,0.6207264433008819,0.21742715802687287,-0.09012590950515971,49,0.0,0.023719703785460802,3.5959448139025576,-1.3895325452492624,1094.3315145292536,516.7023299726621,268.75453977613466,0.0,0.0,211.3456028089241,6.46296009254952,16.997635629491647,30.202413393369437,36.83319065911555,46.9920242133895,36.0152694306551,31.002386252186987,44.28364544239743,26.42797475552904
10,770.9229892242918,553.9624114693991,0.5936978535565698,-0.9293974424545239,0.15169268168016195,49,0.0,0.008070590179442354,1.0730974912589686,-0.07659794888609855,770.9229892242918,553.9624114693991,126.7005591413849,0.0,0.0,211.48122213644385,6.4784097745610465,18.927800134537037,12.9926849604094,10.31275606543168,14.523350312060218,14.589726162299714,18.014660653464915,18.615337196743603,18.724243656438325
11,1907.8438328241782,566.3706275832776,0.6310150571513166,-0.2891022181704434,-0.060815017939168145,49,0.0,0.009814516430585452,1.079439879550659,-0.08299614723029021,1907.8438328241782,566.3706275832776,264.71671186842747,0.0,0.0,211.0044775085236,6.483681694456421,33.181726799824716,28.062830331322363,43.39745215818484,44.82843409090954,37.64346046418271,29.467847990396663,26.44226797179067,21.692692061815958
12,567.4170375252717,572.2947866260803,0.38955884617920056,-0.27693444154741564,0.22689142365164466,49,0.0,0.0066537722367077555,1.264276386099598,-0.25460506587194054,567.4170375252717,572.2947866260803,147.55198290898824,0.0,0.0,211.5665617860403,6.485982404428021,8.559607012474903,21.769394360366856,13.795525613616368,14.893772309613759,14.313929916317626,34.07313656904099,26.085158273069133,14.061458854488599
13,1253.2220379789912,578.9317737099457,0.902584258846268,-0.4610961231633614,-0.1803474772553345,49,0.0,0.01882762093127236,2.03821398392891,-0.7731244422588078,1253.2220379789912,578.9317737099457,194.5723906228135,0.0,0.0,211.2789856984426,6.488910695190104,10.353311392814755,36.96273412147296,32.23283264337162,22.746462817091892,29.022689325134913,28.03115618038075,25.71192752825845,9.511276614288137
14,634.1772963476109,602.9979178195144,0.7002912322991768,-0.09101697981219342,-0.10582531522933972,49,0.0,0.010068370173952344,1.4160489563139396,-0.3776956706185977,634.1772963476109,602.9979178195144,119.60506034551747,0.0,0.0,211.53857905756655,6.4987973497592995,8.695694441693114,20.321791547285354,15.221325912218948,15.58276296197745,22.779092644255876,16.448031149950967,11.837562552472596,8.718799135663168
15,2148.491896714853,618.2256702576437,0.2877620760528167,-0.07175014688027463,0.23554016872924827,49,0.0,0.009376183824685755,2.260491614298697,-0.8855072506989989,2148.491896714853,618.2256702576437,186.8773676255371,0.0,0.0,210.9035553977461,6.505251188294856,15.616634418502876,31.406056166393363,29.997923540998027,22.537914209464354,24.502878338941457,30.22250968612371,20.40986395706105,12.183587308052228
16,2225.6240418197767,661.1592942703621,0.7154753497656143,-0.4556510303864527,-0.14153821189276358,49,0.0,0.02356748167634881,3.045582168983217,-1.2091758028579225,2225.6240418197767,661.1592942703621,283.091014313885,0.0,0.0,210.87120024062258,6.523123506412391,32.50828081970847,31.679474028662902,41.419537524859415,27.922735627689704,48.71209426468687,39.54564984539225,33.05547453151878,28.247767671366628
17,1665.4188451009406,684.3312795760825,0.5621887190520519,0.40234384590284167,-0.06467614228825694,49,0.0,0.0411292582736496,6.545044058570118,-2.0397814359753323,1665.4188451009406,684.3312795760825,461.8328439731614,0.0,0.0,211.10613221926596,6.53284502358732,54.07684826591074,61.19604202912434,49.190220032356486,57.65821684757148,77.8843811584355,69.7762147751277,58.72719155643711,33.323729308198004
18,526.4057075374261,687.2052535495225,0.42427160576101086,-0.05732810099651171,-0.26561828620937095,49,0.0,0.008682140711632532,1.5955477514267076,-0.5072745156371945,526.4057075374261,687.2052535495225,151.01332825424208,14.423140029242582,0.0,211.58380402466426,6.533843011974173,19.95450930087162,21.30919364359353,24.127734706434666,20.07888614358305,11.92530262664605,15.120378012467103,27.618747908223007,10.878575912423045
19,2117.13633495858,687.4002525879778,0.5897943130626963,0.5439590440525115,-0.05109175968254068,49,0.0,0.008222452975886354,1.1269463951693361,-0.12975814673498243,2117.13633495858,687.4002525879778,129.80927128937617,0.0,0.0,210.91669113825023,6.534078121658199,13.618040920011914,15.740216701843137,13.428107232133227,15.697855162352607,21.21902679870932,15.510806456604012,26.148999421339525,8.44621859638241
20,1157.9964649403976,717.2314185901757,0.7559006588261223,-0.12894841314588026,-0.20359642809686435,49,0.0,0.017586043160595408,2.0668713072454508,-0.788283590826657,1157.9964649403976,717.2314185901757,206.64443709327864,0.0,0.0,211.31894002145782,6.546519516498782,15.446748634001295,26.593737078336353,20.05701253107725,41.60017974930784,29.883111094984237,31.79642326632125,24.43898281824788,16.828241921002526
21,2010.5378923309727,722.0680663904853,0.4037788372134131,-0.32041947077155497,0.08782361853975898,49,0.0,0.005768811934866537,1.0865813655214878,-0.09015563191960631,2010.5378923309727,722.0680663904853,120.6336456752297,0.0,0.0,210.9613908019106,6.54853950663949,13.781440934724117,20.980023326585453,13.853413273715493,12.836158110530626,17.761875451105432,17.93797869166935,17.699291339801555,5.783464547097683
22,2111.9891204590194,731.1822571390557,0.9254313803280478,-0.17306264460283446,-0.038213041571333185,49,0.0,0.03311696751711749,3.6953352043627334,-1.4191345985741832,2111.9891204590194,731.1822571390557,251.01745310510677,0.0,0.0,210.91884147900402,6.55232064740324,24.13106090189534,32.612252252853935,29.81681187596211,40.269171282874865,31.675370835209485,37.44698355325802,36.55711057348644,18.508691829566565
23,2015.0732295501925,731.8977995957487,0.6850008480597087,0.2979657654093019,0.46464167317276345,49,0.0,0.011671355000487774,1.5386952357485708,-0.46788152271123384,2015.0732295501925,731.8977995957487,158.09954334970726,0.0,0.0,210.9594872177019,6.5526343942539285,17.15388596916249,22.12257327566284,16.429938456945614,15.910700540648625,20.689140043348544,33.94989264655402,20.64929309359778,11.194119323787355
24,1686.024058244185,748.0911464142298,0.6895674668398171,-0.15697017164951857,0.09179079471641523,49,0.0,0.009803499204667476,1.4365661843173978,-0.3933140981340489,1686.024058244185,748.0911464142298,103.83398242167723,2.127135875107061,0.0,211.09748878113098,6.559409992682106,13.827728379850495,14.057578070625524,14.622517035949215,10.954612853606083,16.037585182022173,11.809119469265255,12.990413204322529,9.534428226035963
25,1404.5202487083382,757.1031632231767,0.29034810691523255,-0.6138714370847912,-0.2093112934520367,49,0.0,0.015452418621320206,3.537327452481544,-1.3716881614278513,1404.5202487083382,757.1031632231767,297.9408209419629,0.0,0.0,211.21555322654012,6.563159436470924,26.92302780520916,32.1372868389681,52.900142176875576,26.27215831847502,37.51085268304337,55.61104417356587,39.05679913840766,27.52950980741811
26,1654.8078480528827,765.8718965925533,0.627260576946136,0.19831812471531624,-0.005830944393308172,49,0.0,0.010932985289547467,1.527065496861757,-0.4596441615926301,1654.8078480528827,765.8718965925533,159.67779686857173,0.0,0.0,211.11058062748367,6.566819119620642,20.21536351059324,13.972920063610726,31.456370961211277,16.659907769541245,22.20076754280847,21.656658198055926,20.15228100428351,13.363527818467322
27,2533.5534807603444,803.5576356809152,0.3475380504046026,-0.18338385172078442,0.053362622021470275,49,0.0,0.00799876336390672,1.6168986940743044,-0.5217070256738927,2533.5534807603444,803.5576356809152,165.39929530502843,0.0,0.0,210.7420184130189,6.582369279568929,25.659360120993266,28.465994309907106,20.100445175498734,28.56350119355722,22.10311380940009,18.80007272702754,8.407155383912764,13.299652584731716
28,2424.4177094064025,835.3327315548131,0.37441580685614734,0.2572377345947847,-0.2892898166230873,49,0.0,0.0070964634902288696,1.506263279771803,-0.44475222208979287,2424.4177094064025,835.3327315548131,121.99415796157018,0.0,0.0,210.78778106875714,6.595641754359823,12.14150512519058,17.9714821412137,10.754207943339981,16.981949008446485,25.377781204480026,17.389264248357502,15.787387722848166,5.590580567693735
29,729.9479404424845,890.6496163115346,0.5241391801629187,-0.0005092758639418319,-0.15179707384311003,49,0.0,0.012439573096780203,2.0568050341747055,-0.7829828165058406,729.9479404424845,890.6496163115346,162.13896184899528,0.0,0.0,211.49851195714965,6.618675482617819,5.474561003516778,15.009073945140567,24.301302713573868,27.940102377803775,26.10016162119473,11.81484401135253,33.34030490836288,18.158611268050137
30,2290.231075048883,906.2555899160628,0.5633252719251903,0.1318389090001002,-0.19772198326921414,49,0.0,0.019223124851285533,2.830726965018761,-1.1297449548467235,2290.231075048883,906.2555899160628,275.21101421713615,0.0,0.0,210.84404400583955,6.625227314298219,32.69466368881585,33.52218607415479,33.15905239022378,38.633238024991186,33.25801138044598,34.74637149431696,42.302170228692475,26.895320935495143
31,1620.310947680925,920.1236277878808,0.6870301285254297,-0.17464748625089252,-0.031360179902848756,49,0.0,0.008948037765158783,1.2454556907839482,-0.2383207034462061,1620.310947680925,920.1236277878808,114.83007470405612,0.0,0.0,211.12504786508927,6.631089162471274,17.677595576277945,10.013142897457204,9.931331832807066,11.264679874230715,21.651565535809752,22.45684539234977,16.06415331237661,5.770760282747045
32,673.7598018144472,923.4872248476079,0.9011385827042844,-0.3331806845386544,-0.38233589182941696,49,0.0,0.009584628491197497,1.0016044749591904,-0.0017406405188754824,673.7598018144472,923.4872248476079,117.0743568067692,0.0,0.0,211.52209068399415,6.632339404401924,14.04673686849863,9.627602111995467,15.892041639628495,20.01699884509057,15.854972074267359,20.30519499217048,11.344615755983767,9.986194519134418
33,235.84072487094306,923.4843755781766,0.29938565058396827,-0.557998254046519,-0.35128772271476016,49,0.0,0.007296237759533629,1.5136827153361057,-0.45008712942369195,235.84072487094306,923.4843755781766,181.05843672973242,0.0,0.0,211.7057710546059,6.632161466277289,16.345788907785376,25.409964936323675,27.22844475407939,28.5103467799184,31.074234046681912,14.660239552751,24.399541577613135,13.429876174579535
34,1988.0674381002686,951.1143356753751,0.3535057039278999,-0.08454853078980482,0.18455653768590516,49,0.0,0.006666695915110333,1.3640372702828674,-0.33706559232800754,1988.0674381002686,951.1143356753751,127.20900781457465,0.0,0.0,210.97078189174502,6.643975217224826,20.331772430459235,24.540333219146056,10.772918204173148,16.7313877158943,12.86363416357865,8.800990552220243,19.31970996355595,13.848261565547055
35,1822.0490194493066,1008.9393118663986,0.9096100801380124,0.06281710618225313,0.007484073576081421,49,0.0,0.09160699407407982,10.631383975981347,-2.5664745098519948,1822.0490194493066,1008.9393118663986,590.5619256437515,0.0,0.0,211.04041806636104,6.668086280160078,66.94784528327627,75.90385758055933,79.79644270481646,76.06696240729431,102.06778006597118,60.98230705275125,91.15381847251646,37.64291207656615
36,134.43458674013573,1041.4373987627516,0.552792473140663,0.24923783829043986,-0.4945076295456014,49,0.0,0.029956549233453516,3.7352541126499785,-1.4308003814880803,134.43458674013573,1041.4373987627516,966.1822213280905,0.0,409.3644436882916,211.74836714401192,6.681254169667358,131.1408225310006,132.5166911997341,127.68874372379705,111.52067184129386,117.41129104285488,129.47079860332175,124.7659355990252,91.66726678706313
37,1552.7394861977295,1084.1832789107873,0.523483702810109,0.37327178266872285,-0.13980256012783818,49,0.0,0.014588561897529186,2.4367904593002976,-0.9670454640346771,1552.7394861977295,1084.1832789107873,199.84419535076572,0.0,0.0,211.15339480700987,6.6994457112632135,18.994240183954737,36.733464535089716,22.14613076697045,21.83234499101622,22.575125094656094,40.21319273360622,26.267381072607137,11.082315972865128
38,1017.1268814967543,1099.5776340517452,0.5247578908815209,0.1387006926612445,0.025424635706193216,49,0.0,0.006677167247613544,1.1297402399395151,-0.13244649514812665,1017.1268814967543,1099.5776340517452,101.26957532004612,0.0,0.0,211.37810131956448,6.705799722493295,13.777307617214358,13.982567492292517,18.42206330658045,18.941505292238478,11.48561945600366,11.464321831211432,6.053369568998304,7.142820755506918
39,723.6027540417361,1149.3750034920113,0.46707796139269586,0.4981818083548467,0.13136546800349475,49,0.0,0.007387531296520726,1.1446279811013338,-0.14666089571271354,723.6027540417361,1149.3750034920113,199.46179033402484,0.0,0.0,211.50125726963282,6.726471601393823,19.607127086470427,18.528186376182347,28.411428933483577,42.303412636017406,19.685492222037688,34.32583624993866,22.272848771902666,14.327458057992075
40,2433.0041277262408,1174.3902457393863,0.6165080605915235,-0.19973899364825445,0.002759950892838056,49,0.0,0.011522155137161613,1.7834732177512138,-0.6281664799103587,2433.0041277262408,1174.3902457393863,134.61174620271353,0.0,0.0,210.7840753762251,6.736907878181639,20.610794446357666,16.188824465900787,20.484170083168898,14.666165327668253,18.171219360906044,18.3719546838445,12.790894795882611,13.327723038984765
41,253.502616270156,1187.675035329379,0.4071402813548253,-0.07061208370324278,0.16045438536994946,49,0.0,0.0051942861511264345,1.1338935612565895,-0.13643072296967715,253.502616270156,1187.675035329379,77.54175023438921,13.005779027951279,0.0,211.69849475521946,6.742242222832944,6.549526274660977,16.523271699859077,4.951894451054312,12.704711781831524,14.204902830125633,6.550573855049777,10.722295580519852,5.33457376128806
42,442.65574682278174,1201.0961605341254,0.6147402434688921,0.23503602817213184,-0.2641838435406653,49,0.0,0.0177871578741254,2.556529097707121,-1.0191268502759114,442.65574682278174,1201.0961605341254,241.51695160039714,0.0,0.0,211.61914484688302,6.747918962775392,30.447091479025865,40.70305127344078,35.54686121943215,29.920575775557815,34.67218051685242,31.663838945138963,25.56506636805198,12.998286022897183
43,1914.7311666154635,1239.3291620004122,0.8814695127441563,-0.05574527676949157,0.056295724392364584,49,0.0,0.010927256229347414,1.2782115640727179,-0.26650685580995975,1914.7311666154635,1239.3291620004122,98.72383099571164,0.0,0.0,211.00151123185665,6.764071827112492,6.76743462564238,15.502114290995394,13.645754850511171,15.387130792202381,9.871897244286597,13.618297899798797,18.26429078951061,5.66691050276431
44,2196.788117127551,1239.091354131007,0.4667310326685,-0.48689285783263236,0.11754981101431507,49,0.0,0.010077148828087952,1.1442145955710705,-0.14626870828472302,2196.788117127551,1239.091354131007,675.4312941764867,0.0,0.0,210.88316556574685,6.763926594340766,85.6465372625889,90.18712275919532,82.70832274323448,83.2771281675972,104.99853857205048,83.15395562415505,87.63147636029244,57.82821268737291
45,1872.90184829749,1247.513720352349,0.8792710469339405,-0.2879780019865275,-0.21072365160434745,49,0.0,0.01755414739969577,1.8563012921427633,-0.6716211674435322,1872.90184829749,1247.513720352349,218.67393931875634,0.0,0.0,211.019061311749,6.767486439348939,30.42512852205112,29.52280091170243,24.388543886857256,31.392961563170687,31.57402592161845,30.069018323059137,23.303931817359675,17.997528372937566
46,1024.382526985234,1266.9664720391015,0.6452425490538991,-0.11767311982229026,-0.09329816737062314,49,0.0,0.03990301381135919,5.842499654842828,-1.9164967385186586,1024.382526985234,1266.9664720391015,409.18000777896384,0.0,0.0,211.3750930532901,6.775545298419323,41.09422333403293,50.281506046269485,53.724614277401514,49.17218423074727,58.24023907232146,60.02380284119334,63.88915541568057,32.75428256131729
47,663.3996644559282,1270.1686979674005,0.5635186450078687,0.13118626967861574,0.051853995795300034,49,0.0,0.007417686399919774,1.0711108056552705,-0.0745860015321453,663.3996644559282,1270.1686979674005,177.5087227385942,0.0,0.0,211.52655637941464,6.776781199080659,20.756302217800254,25.328451685038225,26.297719202234894,28.60445792510831,25.474242468759563,20.21209540036792,18.480829171313147,12.35462466797188
48,1881.7774907061798,1295.0430419709908,0.46623738766813017,0.4271023106781609,0.5634758810838951,49,0.0,0.008696551915591613,1.1167932791920672,-0.1199319793094138,1881.7774907061798,1295.0430419709908,255.5708255422411,0.0,0.0,211.0153322614576,6.787289284099097,29.58447220213811,31.84797221924198,41.09656480714634,30.19869176746265,33.627734965773186,26.97725130877633,40.17630181406139,22.061836457641135
49,672.0183826233987,1315.8419713033347,0.634508135588707,0.24749018823064795,0.06323188776435341,49,0.0,7.650229050909231,1108.3391761696296,-7.611681710993857,672.0183826233987,1315.8419713033347,79512.21511447919,0.0,0.0,211.5229558464009,6.795814088761053,10058.380862936323,10220.184435616331,10593.331876991739,10638.55838977057,10693.543995317734,10656.212718381692,10600.449644018434,6052.860171915025
50,314.71159919959973,1329.9829414189007,0.5595372240690664,-0.05044438239828332,0.05465230350101977,49,0.0,0.006631745852390017,1.016088465247631,-0.017328803079224176,314.71159919959973,1329.9829414189007,114.90293380797101,0.0,0.0,211.672883577955,6.8015630429391045,22.425896263634304,13.215949451940377,26.46036211019758,9.216367323901427,10.313914903896576,10.258809456800975,11.457681974637909,11.553952322961859
51,288.3529078954322,1348.3862357927565,0.7010911662710987,-0.1846642302007127,0.5898003126681283,49,0.0,0.008472924284832576,1.07807830374924,-0.0816257649541913,288.3529078954322,1348.3862357927565,147.9548222815704,0.0,0.0,211.68395212565204,6.809218327521848,26.447397242389222,17.040186644582057,24.208339993000468,15.152479855964302,18.8743911713041,15.948250264289078,19.955253282143737,10.328523827897413
52,2830.904690647277,1349.1076313698065,0.8171726878976431,-0.07008295970590556,-0.08187813928506756,49,0.0,0.013135321152672888,1.6050388787746568,-0.5137138919033093,2830.904690647277,1349.1076313698065,133.26238953123152,0.0,118.01126888048294,210.6170616515503,6.809556490848418,14.980777463318592,12.780284488144591,19.199767686062607,19.726585513584823,20.339257697346675,10.715668188847847,23.98840697501172,11.531641518914677
53,2246.5124492912787,1367.409666332292,0.9211239411102303,-0.18768573837203215,-0.16548928488858158,49,0.0,0.018246510083951457,2.042024217979602,-0.775152221057609,2246.5124492912787,1367.409666332292,189.2646930392504,0.0,0.0,210.86227171369893,6.817380605744669,25.927608763859553,30.413363072959125,14.494576824132404,31.31237258934494,21.212757746543986,17.548624335357843,31.17453984637801,17.180849860674527
54,1027.595403829188,1368.329908726457,0.8987405274780828,-0.3441618570200361,0.010631674323207288,49,0.0,0.010630672154080813,1.1745193175781872,-0.1746504102736698,1027.595403829188,1368.329908726457,117.49394866073825,0.0,0.0,211.37376645136968,6.817780175656466,13.658095807539398,20.317918644871796,18.674677222875225,10.367289423099063,15.399693599489416,18.66857842040595,15.773126803428706,4.634568739028713
55,2509.2517626938666,1369.903725496038,0.5523725437227092,0.21133699778435264,0.31599185447017636,49,0.0,0.007929123344695959,1.2270311016566224,-0.2221389274097329,2509.2517626938666,1369.903725496038,181.0209276563817,0.0,0.0,210.7520203623212,6.81834578537931,24.50408831731849,18.697612236116885,23.607437061224374,19.581026012183504,26.49615580308135,29.88809728898154,25.310047605554864,12.936463331920699
56,47.87608093222017,1420.2584476396162,0.9330228811795171,0.29302585316730734,0.04551682367541941,49,0.0,0.011943165117998243,1.183583626717343,-0.18299737162979218,47.87608093222017,1420.2584476396162,204.52989400572017,0.0,58.78750320645802,211.78489263131922,6.83903845863712,21.807733703302553,35.65911119996634,24.87816080423697,28.71958443209107,19.994680455976017,28.265723350787646,31.564151024835176,13.640749034524397
57,1030.6922749984537,1484.613699910985,0.2444351812979041,0.04272717688449572,0.124711166512975,49,0.0,0.006274197085638712,1.6497110998968256,-0.5435197412831827,1030.6922749984537,1484.613699910985,146.12122938653795,14.504232926728235,0.0,211.37249144162735,6.866231893736307,12.02436774136996,27.532846962880424,17.581716555588145,22.01583210511368,18.47516523187371,18.20017877210312,20.232526010472277,10.058596007136625
58,442.70035987022123,1490.7148323183155,0.8667856969085058,0.1741278421253513,0.09636470184166147,49,0.0,0.012746471173593293,1.4604550169051154,-0.4112204623106477,442.70035987022123,1490.7148323183155,123.73033666156456,0.0,0.0,211.61925018577483,6.868588629560629,9.107966003509928,14.187466486213815,27.151301145958847,9.88247996914003,21.38733130878952,17.083351356125526,18.449657976367384,6.480782415459496
59,581.0372675929692,1514.0593941690636,0.3575727285334744,-0.14062331908004314,-0.04845122288436667,49,0.0,0.010371195957818892,1.6956160043780444,-0.5733187677061766,581.0372675929692,1514.0593941690636,235.9717021307012,0.0,0.0,211.56120562749996,6.878370218358655,33.688993570832324,20.66477503284135,23.479988567029423,40.73883418479576,30.325213388571946,34.32755582533243,26.584784409079674,26.161557152218283
60,761.9649042345151,1589.840312207651,0.28367150247754935,-0.5245441851781951,0.24007855948963058,49,0.0,0.008095845853400827,1.854625434616578,-0.6706405286716753,761.9649042345151,1589.840312207651,163.66910639334424,0.0,0.0,211.48529962397592,6.910006435057339,21.90991927862008,23.05728132648116,24.142904329408587,22.152326571179188,25.15613147040265,15.869793902432555,22.771393728248615,8.60935578657141
61,1939.2570737192316,1635.6281162275225,0.5101925664499241,0.34375548909519565,-0.01706682741544184,49,0.0,0.03399536187040049,5.763515281656322,-1.9017186225158018,1939.2570737192316,1635.6281162275225,433.6818650514755,0.0,0.0,210.9911708912903,6.929192658792231,61.85438312723488,56.59568582393036,66.65600473023487,55.72029390881946,60.516386104095986,53.24036062527358,49.83339246959577,29.265358262290626
62,1680.0765933828027,1643.4865374355002,0.5550976224734696,-0.03187382054736698,0.21220830160198845,49,0.0,0.040517435042482244,6.716337743941039,-2.067831318367893,1680.0765933828027,1643.4865374355002,444.6399463876023,0.0,0.0,211.09995681574634,6.932486963506995,53.065826326725315,52.32534690938169,56.681666893267845,57.66129553289565,66.83929850335835,53.18686073657521,67.22908621419029,37.65056527120803
63,925.2699979794892,1658.3299388772148,0.5728580246300844,-0.162289757671942,0.06152526447820989,49,0.0,0.013992226806553917,2.322915636695932,-0.9150835936108557,925.2699979794892,1658.3299388772148,150.10505168833689,0.0,0.0,211.41677718726666,6.938588816844004,30.81105611962206,17.092510294570157,24.160014345043255,18.344752852659862,15.641662393263104,17.63025677856518,13.508413171668238,12.916385732945015
64,2183.9245361133235,1668.8695604758498,0.5667448152190864,0.08402396849997962,-0.37528581938089817,49,0.0,0.006932991242454729,1.1451392132912734,-0.14714571644753546,2183.9245361133235,1668.8695604758498,104.9026984698379,0.0,0.0,210.88847005096193,6.943001589257708,11.7955297633454,13.823511920996864,15.917111628788962,14.51795436554354,17.234507027765897,12.69208373374482,13.88000698170254,5.041993047949875
65,1866.3550775259523,1692.1150149709135,0.4087750083453528,0.12253400138645254,-0.03905003371300011,49,0.0,0.00895596844474066,1.5583828893977456,-0.4816854278261218,1866.3550775259523,1692.1150149709135,177.21386820254253,0.0,0.0,211.02176451069602,6.952736932298,27.680305372640756,32.96569292815221,21.072680809930723,13.351054934323116,15.711093715532293,29.6054909910634,23.40447063070178,13.423078820198267
66,2087.9695039019753,1747.8426074378278,0.7796075762800821,0.4396946650729604,-0.7245338753253361,49,0.0,0.012460580756628453,1.200471824866917,-0.19837992899923962,2087.9695039019753,1747.8426074378278,524.9193579574187,0.0,0.0,210.9287317935779,6.975925752466084,56.11432006810563,66.01464594611414,52.31443104759649,86.13880790757628,79.86716246486483,76.89937675877115,75.48047817481617,32.090135589573975
67,543.364034332519,1756.2863033787169,0.48794402454605684,-0.22983541622265544,-0.15674922702460128,49,0.0,0.007498446086483105,1.3515755029998826,-0.32710077921248204,543.364034332519,1756.2863033787169,155.34025473890898,0.0,0.0,211.57711047870657,6.979280741611523,15.59290084784836,18.475187680522616,22.495919615577073,22.537566328987975,12.942107545014359,20.779501270999404,26.763727314000064,15.753344135959143
68,1504.2232632489797,1801.1124025530216,0.6542517158466081,-0.012038927390624588,0.22778409577234598,49,0.0,2.57378315766457,366.15616540710687,-6.40916587816867,1504.2232632489797,1801.1124025530216,25407.551602895142,0.0,0.0,211.173774275024,6.998163791263573,3174.00531620822,3442.23945332293,3410.2996782848522,3428.6177888942575,3367.7751222900315,3339.0212577555185,3303.2050654286877,1942.3879207106484
69,1802.9496110611942,1885.715332349116,0.6054420592351848,0.47944897138512577,0.14800275910126504,49,0.0,0.008142109654955342,1.2092678099273457,-0.20630623084011135,1802.9496110611942,1885.715332349116,115.54809496185146,0.0,0.0,211.0483645733927,7.033408963665132,15.187312350576729,18.02775372345218,11.309323895583226,15.130292595899341,17.500532229976635,12.849183241155943,15.482108847952862,10.061588077254548
70,996.351079456663,1896.669285179936,0.906211275093454,-0.4859339469555892,-0.30924149532215267,49,0.0,0.023083989505294108,2.5157814651089208,-1.0016822828916216,996.351079456663,1896.669285179936,217.69164087026837,0.0,0.0,211.38699552828572,7.037912482579698,34.33869239829872,23.718685266569327,23.914405136196997,37.53665251797434,27.019388497926403,32.07302848533222,25.172526002684233,13.918262565286117
71,933.3710205610249,1924.3816544404513,0.49094475219294204,0.2458483783794144,0.10411682469782599,49,0.0,0.007871021870981357,1.371104942064239,-0.3426767405755834,933.3710205610249,1924.3816544404513,117.05641401251488,0.0,0.0,211.41344265945406,7.0494441313834555,12.058963398299536,12.779964856441369,15.786002918537092,22.628796259911358,20.145012009971158,10.466429653913197,16.148305779071375,7.042939136369786
72,668.8868760245406,1936.0048869194384,0.5882357323008057,-0.05056176462388839,-0.054001381853168454,49,0.0,0.01188445040365148,1.865783350091432,-0.6771530329818307,668.8868760245406,1936.0048869194384,149.15844826630894,0.0,0.0,211.52448366706898,7.05420778802092,19.35880689397432,16.496482128556092,16.63873992820671,23.721212860485387,15.899084956309132,24.962062390766846,19.51650629806133,12.565552809949118
73,874.436901920938,1972.9504782401518,0.6952674827501408,-0.44766170885339146,-0.03133589302543719,49,0.0,0.0185079536404582,2.5738094798762217,-1.0264409903556937,874.436901920938,1972.9504782401518,190.5720703242144,0.0,0.0,211.43819793515152,7.06966534286391,34.831067864586956,23.100952169128906,12.899405148254669,27.254516562329314,20.19181776257381,27.7226498222049,28.869576954458175,15.70208404067765
74,2195.7513116121672,1980.7941202600261,0.6037749454812203,0.26992700643160517,-0.12852354175056158,49,0.0,0.008969694594139628,1.304317939048681,-0.2884586685665276,2195.7513116121672,1980.7941202600261,153.90835070765473,0.0,0.0,210.88343716325508,7.07296594682749,24.197031960205074,11.481564364617057,22.126677924002628,21.322774564217553,28.391687239240035,11.4541755104328,23.721047991618377,11.213391153321208
75,686.0887458504213,1988.2438380299618,0.37182126029172413,-0.18170401890433258,-0.07035783740923819,49,0.0,0.00873574183456245,1.937447287155579,-0.7180747383215053,686.0887458504213,1988.2438380299618,130.33532383719114,0.0,0.0,211.517279594181,7.075979331662291,18.35564653495189,12.64038695268009,15.703320835103279,20.913071795445603,18.622678097816635,12.236453745952163,16.67680750999637,15.186958365245117
76,1362.4593941650683,1993.4074645684555,0.6225920484256747,0.08071202508776698,0.10576190004720545,49,0.0,0.11898371781843098,17.071491307610405,-3.080678653164135,1362.4593941650683,1993.4074645684555,1373.4260832769596,0.0,0.0,211.2333027067104,7.0782774116754394,169.19881232669985,166.98969997449115,170.44658669487401,177.09223683839826,187.01215224331335,188.7475744338147,199.54714958979238,114.39187117557589
77,1126.8235794372342,2000.3284345172992,0.2420960607349369,0.3664448113832691,0.26051585740762295,49,0.0,0.005256975361901453,1.1949115704571422,-0.1933394161737213,1126.8235794372342,2000.3284345172992,135.25284189183884,0.0,0.0,211.3322384267365,7.081129558656659,17.301558172379934,14.813622552148429,23.134965119157613,13.826235371722658,16.05224440009753,17.288730948938237,16.425795089441433,16.40969023795303
78,2621.1570238700992,2028.0262722760265,0.5136580770348903,0.1531659482870827,-0.16483405709464755,49,0.0,0.017443080042276838,2.926979340852244,-1.1660491427896944,2621.1570238700992,2028.0262722760265,230.1653248644413,0.0,0.0,210.7048147817747,7.092516074672836,29.458368600376268,32.49830960908554,28.50161613640326,32.84334097044392,15.249240829328867,40.55291794413458,29.544958056779436,21.516572717889474
79,2087.8104086461667,2036.4416022000541,0.6584271813017153,0.5482079830779308,-0.3324275898436758,49,0.0,0.010544528347698876,1.2098322955760403,-0.20681293373808868,2087.8104086461667,2036.4416022000541,197.44805679041866,1.0,0.0,210.92874649303252,7.096174011151267,26.83986748597286,36.35355204485775,26.16983227819734,23.21091843471209,27.63925388318615,20.859376618315707,21.237529572379074,15.137726472797674
80,779.3819594281993,2091.2942821415304,0.7281828597364337,0.020114715830125206,0.1081231735977667,49,0.0,0.02207154931192651,2.986377925639213,-1.1878619169067637,779.3819594281993,2091.2942821415304,205.92136901406832,0.0,0.0,211.47814215847217,7.118946248373676,24.505418733651386,34.36849068756637,19.314662844202914,25.611864102356904,33.63642379518119,25.377959520046765,26.978237230636537,16.128312100426253
81,1385.0605049899382,2107.431453535783,0.27025382720705554,-0.26042804550260523,0.2019364754028678,49,0.0,0.012925202320119195,2.438538063385287,-0.9678238473165814,1385.0605049899382,2107.431453535783,361.7934029798462,0.0,0.0,211.22382242040288,7.125788764688204,46.08516952373243,34.08577272545503,55.26737011245227,48.35480744249442,54.55748374913068,43.73833033198685,56.81626110729787,22.88820798729661
82,1619.8934909187144,2148.1800039772797,0.4314041014996737,0.4572261748021534,-0.43494496521270803,49,0.0,0.010139793108484165,1.3773493289527,-0.34761025441144133,1619.8934909187144,2148.1800039772797,544.7675996961689,0.0,0.0,211.12521416001763,7.142775796951351,60.841812592952195,77.54383288561002,69.85914766997897,67.70715683504159,73.45374776990315,75.65439759518931,85.05471207127009,34.65279227622358
83,835.7462780347159,2150.3563776646442,0.8007760530222324,0.053058102115523864,0.33445774582542287,49,0.0,0.009573962022624017,1.1617664384719186,-0.16279706566430438,835.7462780347159,2150.3563776646442,103.00149131993031,0.0,0.0,211.45449225027124,7.143571628691707,16.81095320135915,14.304674271825181,14.537658348167362,11.232072687426397,11.531728829009449,12.235478362558805,16.335628753490163,6.013296866093802
84,781.1826094184455,2155.9182274933146,0.8491943974650574,0.27634150266215574,0.19279905192786553,49,0.0,0.011118845643459423,1.1655122695572635,-0.16629212444193336,781.1826094184455,2155.9182274933146,158.70511575257487,9.0,0.0,211.47740570698818,7.145872576046558,21.783309805608912,27.134315791410216,20.128592948543,14.358853575346803,22.44652577951169,22.571161919483867,17.770147180128966,12.512208752541408
85,703.1806970152471,2245.5743462099304,0.2049131629083955,-0.47748082664905095,-0.5727568010972124,49,0.0,0.008263163785643608,1.6568694319768464,-0.5482207140082082,703.1806970152471,2245.5743462099304,338.66401779244416,0.0,0.0,211.5101891789098,7.183202340309673,38.92860400687574,42.44945179220419,41.08739725264765,41.20752243747626,63.26759714748161,51.10459936042046,38.01224283330191,22.606602962036316
86,820.015752451392,2253.2496410741874,0.7872679644316146,0.26588152941544685,-0.057097506604423975,49,0.0,0.009638839340222924,1.2386655366064543,-0.23238513596568922,820.015752451392,2253.2496410741874,105.9051424480876,0.0,0.0,211.46112740479833,7.186437684104947,8.679412814885493,13.485821859242444,11.259682077772807,11.282357853526673,21.813419642156227,16.153896828258095,18.590752627829815,4.639798744416057
87,2006.815517591521,2345.1189585492966,0.8336380359924255,0.4948260527649741,0.05850753827363128,49,0.0,0.009155155986898492,1.1106697465047082,-0.11396235574032712,2006.815517591521,2345.1189585492966,89.44633555748624,0.0,0.0,210.96270785580631,7.224800233532756,10.155884519868223,13.956218676326255,12.564227667308922,13.534475400898291,8.264399560699994,14.34920438517689,8.239726909138586,8.382198438069064
88,858.5629490338499,2384.136286279923,0.7027583129694861,0.17713226213261202,0.23539864419647233,49,0.0,0.008360999602848763,1.0905021929479282,-0.09406635815274611,858.5629490338499,2384.136286279923,175.527400520296,0.0,0.0,211.44497557395005,7.240982699158133,26.94662238061175,22.85663396542578,22.291640157249,25.287393710786752,18.898717516304288,33.8726283737452,15.811566060328625,9.562198355844622
89,1840.498394354068,2407.7288348250017,0.8569351982962905,0.40859373601267734,-0.5409482370860399,49,0.0,0.016751624041480808,1.7524641426344196,-0.6091228514536264,1840.498394354068,2407.7288348250017,252.5486838642859,0.0,0.0,211.03255427872708,7.250907455119507,22.54802302114004,30.682878867655226,41.37611742103297,27.42021088934035,33.49110255303948,40.77212811109512,29.21110294075138,27.047120060231325
90,1868.7241079062187,2416.925198781915,0.8763443421952495,0.030333898106374057,-0.13696023717334627,49,0.0,0.010602661644880659,1.085032063479572,-0.08860643022289141,1868.7241079062187,2416.925198781915,152.31675416530223,0.0,0.0,211.02069808634204,7.254736367428772,23.83483820348399,19.994839276053032,18.801432382003192,21.67834457058475,16.06726388861316,25.041138018955895,17.12958697274931,9.7693108528589
91,786.6310686246292,2432.1719009622143,0.6673904582643424,0.4975369896911569,0.4581992786145198,49,0.0,0.008401990657216198,1.1006009792899774,-0.10407473725190963,786.6310686246292,2432.1719009622143,149.73102466003456,0.0,0.0,211.47520116673388,7.260974951154948,21.845167519880683,15.489425343638995,21.262688384401834,21.614368050750265,29.659968549436897,16.724363988881706,12.947042907291408,10.187999915752751
92,459.79788220691955,2450.5566900625786,0.6119741608940872,0.9473689263496945,0.030071498150187028,49,0.0,0.01080687873851322,1.2942213971499719,-0.2800214391623574,459.79788220691955,2450.5566900625786,313.6098544058997,17.503513383992384,0.0,211.61248074417193,7.268511425181274,39.252893351891395,33.69132656388426,49.3753009752741,34.873581046809086,54.57013444521455,23.83290239288226,47.56574618400251,30.447969445941546
93,2553.232372452225,2479.786514262468,0.7324531900008929,0.45732491352551197,-0.017976443324818656,49,0.0,0.01471934077694308,1.8142387539888238,-0.6467360991982875,2553.232372452225,2479.786514262468,179.86105848001063,0.0,178.97907143449942,210.73317384359262,7.280765771996821,23.132890780146344,23.11782636801003,26.00111752547845,25.912214008469235,30.274942481782098,20.017726382387828,22.61857693543071,8.785763998305908
94,2326.8462934063423,2578.1496435762697,0.42955388095349367,0.07069184326456308,-0.11706376864142247,49,0.0,0.0056767052414969914,1.0560281846611512,-0.059188773428826356,2326.8462934063423,2578.1496435762697,111.05688942089523,0.0,0.0,210.8282360983105,7.3218215313165596,10.041814301946847,11.582040922821788,18.216352862377853,13.200300344905742,17.451573766548762,11.266659679331514,17.9341062985296,11.364041244433105
95,2401.4865551465164,2602.752086001902,0.659383809273053,0.46736402954663997,-0.07719351457987182,49,0.0,0.01806863655436045,2.3253241230754984,-0.9162087425834265,2401.4865551465164,2602.752086001902,280.68392976562234,0.0,116.40689820247289,210.79687477554208,7.332049650863459,34.15776882423669,39.39580234944731,31.22808382698883,33.37695422680947,35.98132381731749,38.924617336341825,46.250459234637745,21.368920149842992
96,2178.7665904754735,2766.5154580523076,0.9733605501198209,0.6333288051904353,0.17617106393674029,49,0.0,0.010311905451788695,1.0100513205964134,-0.010858601995192929,2178.7665904754735,2766.5154580523076,158.47695650344934,0.0,38.8142703954818,210.89039983104226,7.400339407448614,23.403484114392835,26.009489447730353,19.044799347432296,15.0085739940382,15.848914856401894,24.601587229780456,21.596885608558342,12.963221905114999
97,1523.7777619509652,2827.6383375133196,0.5740471408001462,-0.21200152199054234,-0.5654705017426249,49,0.0,0.013113049584611179,1.8107975881378493,-0.6446747684304677,1523.7777619509652,2827.6383375133196,289.74654573990165,0.0,0.0,211.16559461286133,7.425869979226885,36.01397404008911,46.687573509141615,41.902011172154644,43.11839128354164,24.65599662034422,35.84052645200368,45.112995767473606,16.415076895153174
