id,xcentroid,ycentroid,sharpness,roundness1,roundness2,npix,sky,peak,flux,mag,xcenter,ycenter,aperture_sum,aperture_sum_mask,aperture_sum_edge,ra,dec,aperture_sum_0,aperture_sum_1,aperture_sum_2,aperture_sum_3,aperture_sum_4,aperture_sum_5,aperture_sum_6,aperture_sum_7,aperture_sum_8,aperture_sum_9,aperture_sum_10,aperture_sum_11,aperture_sum_12,aperture_sum_13
1,1624.875576907939,186.11332590070253,0.7087981660411493,0.8120835888558081,0.7730595413132778,49,0.0,0.016040270232703317,2.1415351380043424,-0.8268130115830421,1624.875576907939,186.11332590070253,889.6903172455197,0.0,100.4732152300101,355.3261871847894,14.961872106864464,127.7943650432637,0.0,95.41051872549454,97.9951729815789,58.851171105726124,63.48691118075608,120.00004874658342,77.12141561101114,35.34439512655884,103.30609846962196,59.8360919343885,14.535738133412872,23.650916227064638,12.35747396005895
2,1861.7882249481966,188.3929682931126,0.6693927061639026,-0.17314491488986505,0.3895403469897393,49,0.0,0.014259366676038953,2.2845411920536343,-0.8969974828235971,1861.7882249481966,188.3929682931126,255.57467549133764,0.0,9.710013792846107,355.2240145703297,14.962794457859081,1.1551792349273948,29.662409061927953,67.75849188483811,29.41677965836442,38.82364090247801,32.4680927450618,0.0,0.0,4.571711240340765,31.839815828185273,5.312531711383034,14.566023223830893,0.0,0.0
3,1628.663800975444,194.27596140891282,0.9682718874638468,-0.2675353231361013,-0.027541117548351833,49,0.0,0.0098130498144089,1.0081273969409583,-0.008788543300649185,1628.663800975444,194.27596140891282,883.8673609176303,0.0,251.7126672437558,355.3245532545985,14.965272766630322,67.3299437767131,66.0255399357296,137.35281127196322,140.79608757914468,98.39341061121874,67.31982517940163,23.424453460969644,50.63929411859436,29.2058845328004,73.86557218959683,39.47572523198111,30.739131716041516,40.90008066472541,18.399600648750127
4,1856.3219906897652,198.29323157532323,0.9559075387823439,0.7519856230905305,0.6624056863133319,49,0.0,0.013770133844313385,1.574559983035342,-0.4928980244591235,1856.3219906897652,198.29323157532323,412.0703299995355,0.0,42.124673674234415,355.22636976602314,14.96692027233295,74.31341069853863,59.667083758901086,9.903904101550516,14.211432995699933,34.20627665536456,49.2694802478232,58.36663017082191,4.977127181412394,19.985587321573192,59.75453156287253,15.260807724365527,12.154057580611983,0.0,0.0
5,1695.848592627444,207.18599519185702,0.6090592655976993,0.7119860748641395,0.18039745102439766,49,0.0,0.008815990397849579,1.156784474991975,-0.15813112849266503,1695.848592627444,207.18599519185702,827.6030622326108,0.0,390.531928666186,355.29557723303117,14.970648028487595,39.54806162845728,40.364121737881305,86.47862975109045,79.23638159155554,82.83549107223149,76.23617067494152,27.113141451282672,56.38939609582424,48.09008314880565,66.77218496663633,92.78351786305475,88.79249766916041,28.246180169425898,14.717204412263175
6,1835.8919068146276,209.31892897835144,0.49337345839668134,0.3319435753829783,-0.2299526444874474,49,0.0,0.007374834516814247,1.3543061063645878,-0.32929209159659645,1835.8919068146276,209.31892897835144,1225.8912832147316,0.0,279.2444754072138,355.23517848304,14.97151789590084,24.844079466245137,94.26297904244373,180.4053981765655,37.189691245287094,55.24909343771304,35.403170665731764,32.716883301773564,59.272847703494726,75.771368394174,34.81458775756548,31.35372404944023,516.7338421778818,41.63381070602972,6.239807090385563
7,1883.2919968168962,211.13016503037332,0.8609398838228544,-0.009391214742606324,-0.3390896999847155,49,0.0,0.022144461682980555,2.771007500995627,-1.1065942534997877,1883.2919968168962,211.13016503037332,744.8307160426555,0.0,202.62041800405507,355.21473513645384,14.972262548577856,68.06003006661474,59.471930905975654,57.55471975773534,44.08001467901806,55.88033172409179,97.82492944899457,41.20512861355428,68.43230742764669,58.963307571669645,29.15470743429695,66.4551643344004,25.100871518649633,58.806021890968054,13.841250669039708
8,1554.71310909366,221.02568617330942,0.7164171833045064,0.01671860251672569,0.28378881117281496,49,0.0,0.01176438236397291,1.4343969339417497,-0.3916733706003146,1554.71310909366,221.02568617330942,977.7374859401128,0.0,585.4942478600753,355.35644722385763,14.976416813448278,71.43150742749579,74.72255814424867,81.60216383054939,82.88917719818252,90.06424958906658,97.5813361871742,51.13135108833963,71.460411891226,55.09378267102848,72.66047452069026,63.14853807565273,52.06447863130428,75.26063431821512,38.62682236693928
9,1661.5077733173746,221.05129371665964,0.23740574093414962,-0.5342627700922085,0.15699236308549716,49,0.0,0.006288400077225715,1.3807424656833323,-0.3502817052035614,1661.5077733173746,221.05129371665964,1006.2695261006265,0.0,544.2935679794593,355.3103871304889,14.976426823453284,65.2912700803007,70.26207713637487,62.78864133547849,89.92554860498245,57.95606963775821,102.9130133972417,66.04200852938527,112.88494280255378,56.34141388997817,123.45823816532956,35.72214861997601,73.56710869791814,71.14569342211247,17.971351781236734
10,1527.3093811980702,229.51492207852456,0.8683545405382548,0.5502794298432873,0.11450242900101948,49,0.0,0.01080904634477533,1.1168645898027927,-0.12000130461921091,1527.3093811980702,229.51492207852456,1036.8124967930587,0.0,642.2017963706562,355.36826687616787,14.979952319511833,83.36097043243159,153.27986416554484,63.083587010398986,95.52531625078966,70.25755461231053,67.03625214120726,53.89300110971131,61.38330015212502,82.96878098782653,64.65207114424715,66.79764849521426,48.72765093961444,103.64695997517126,22.199539376465832
11,1915.81387369425,232.37691673922149,0.3679582966856288,0.49577504683220563,-0.792855286886595,49,0.0,0.006493063445402343,1.0344799043477526,-0.036805146359749304,1915.81387369425,232.37691673922149,1003.9151232465115,0.0,409.6088343042444,355.20070310623936,14.981106566517235,29.950524085879035,58.46476259984718,150.72336409490947,82.4716206938245,42.4955301366575,121.83704437573113,56.80758509938515,126.37715510146795,77.92119126945862,43.957835872524115,34.159176182449336,109.40339517623397,47.08368134567859,22.26225721246486
12,1836.9437792259762,233.18655069328702,0.5202427488554482,0.6435917639031028,0.5341217123868943,49,0.0,0.016068667193073923,1.770956135750089,-0.6205195110530962,1836.9437792259762,233.18655069328702,1416.0244464286754,0.0,922.2958260555861,355.2347199149815,14.981461520977017,94.90515448678269,108.22421968273503,140.1188430020747,103.76266080245433,109.29903973305346,115.24957100393908,77.59860183782381,87.97667849572272,94.26008868554885,88.87979418022539,150.76457131977656,107.14459739200197,111.643959172019,26.19666663451784
13,1901.5681576529155,233.80034149024533,0.7266166408363649,-0.0005181064855540248,-0.14175597951352034,49,0.0,0.012914865476296373,1.6930901249026582,-0.5717001916487959,1901.5681576529155,233.80034149024533,724.5057280184628,0.0,432.1689434228705,355.2068469589862,14.981703159525965,39.44209205378496,60.793829170408095,37.794758869927186,35.64296605674481,42.54942680919479,59.196718658083896,38.273467875957934,46.03657703365559,57.04074375230789,33.75365873069536,76.39845222424766,65.45050275632919,43.27613450065652,88.85639952646903
14,1908.348370810023,242.8037575877599,0.8450028635163933,0.6304232233038002,0.24661939299332308,49,0.0,0.013279857676627451,1.5334127613131956,-0.4641476830134014,1908.348370810023,242.8037575877599,976.3977834480514,0.0,519.5068487170435,355.20392020855655,14.98545253097332,109.96328864636733,58.403569356979176,82.17615792634322,66.31221247116764,61.060278377463085,138.13718758069575,57.944948557314305,77.79571694037935,60.398993103847005,69.15405556753731,31.36414547600002,102.59130372985418,46.25105823416084,14.844867479942256
15,1159.7020843309717,259.54623463580566,0.6459329246084335,0.2268695016439385,0.07987145847013558,49,0.0,0.02626884723457549,4.0147496075096685,-1.5091461607939884,1159.7020843309717,259.54623463580566,962.3213052381436,0.0,71.22163108238631,355.5268279198324,14.992387492640658,0.0,195.04703314827165,0.0,0.0,2.919106562598275,0.0,0.0,46.761607308997796,42.9785367014146,108.79593411182034,133.23118429153985,174.28786624182797,200.72363968117963,57.57639719049342
16,1399.507703635524,263.37781753647283,0.48563008818035047,0.6758545973832478,-0.16083427674468795,49,0.0,0.013634470338847059,1.120611002613047,-0.12363720557935291,1399.507703635524,263.37781753647283,11017.30883671817,80.83634404924689,6451.210042586809,355.42339401447134,14.994046271299682,536.4495457272666,664.6117438966296,636.9851452596215,561.083484476376,602.9463498342079,726.1873250496908,714.6162172109823,846.0591711596176,785.9450566943408,1047.2426361637908,1404.7781364643754,1324.4336443884092,1085.1932409916467,80.77713940121623
17,2059.9735930739707,266.77245110151006,0.5038082436371287,0.5285311141884109,0.2459109453021972,49,0.0,0.014155314057172293,2.5513624487566466,-1.0169303981058062,2059.9735930739707,266.77245110151006,1058.9095649921712,1.0,347.91955156185634,355.1385129719486,14.995391292276707,83.94758152642237,31.890267322971866,82.00275081761153,95.08392756366243,157.6936419588672,84.60436675676475,61.85020330457323,36.77357308018611,63.787330554201255,153.88097981671382,110.78936163522319,73.05469325805875,18.930174588462194,4.620712808452636
18,1163.15234406855,267.89086545547286,0.4249664437154557,0.05710984704952596,-0.4117529569395506,49,0.0,0.018172972957310626,3.8835770389714273,-1.4730798118159472,1163.15234406855,267.89086545547286,982.1970001385905,0.0,180.80560655131688,355.52534291479446,14.995865303848316,0.0,12.165533037372727,1.533139937351542,14.88591882022835,101.36461064361882,54.694896385740535,33.49068042862072,17.55513736308727,77.05572595357907,169.85602191475374,230.09364942362595,124.56861189468586,111.71272527267162,33.22034906325427
19,1515.434059401599,267.9350616626773,0.6100663200272958,0.18726996767461365,0.5007777089401164,49,0.0,0.014135781607523379,1.3569677906733073,-0.33142384814922765,1515.434059401599,267.9350616626773,1486.710010683406,0.0,936.9211737007672,355.373391584037,14.995958398972093,113.89878031526328,104.08270232004855,106.43500406639376,121.20187493358486,114.46811218453212,114.09422503599708,121.00756523216641,89.5453375642345,104.29993075715748,99.94049619696042,106.10450794977844,133.85307790837797,120.88943004490744,36.88896617400361
20,1299.8820743384983,269.82913503063423,0.643407084878497,0.06126615086590987,0.2391028140345144,49,0.0,0.011223588547084263,1.480501492150283,-0.4260221235927741,1299.8820743384983,269.82913503063423,1166.680032083479,0.0,771.9439722246893,355.46636734018585,14.996713783999992,100.61143945456237,93.61653701235926,114.78615451642204,74.01629540962905,85.63520435101259,86.60361276334595,78.42255760827315,87.65456271104998,76.06332749176312,116.83970358430503,72.64376721589039,110.49903301962865,53.57247726113287,15.715359684104502
21,1604.88905199404,268.2837133628616,0.57182738175173,-0.11878967255429741,0.8509829632563144,49,0.0,0.010196856998833275,1.0571720593623855,-0.06036419095174998,1604.88905199404,268.2837133628616,1226.2420891751276,0.0,681.0564411196857,355.33480636853716,14.996106585527714,74.67994271859847,116.54712584457958,83.39068813250134,100.26215957339475,95.0975400587309,85.52956887427413,107.59828410007088,90.88178574269365,98.91586400600097,74.91973895082452,95.16605884628669,88.02067563917355,83.7922347252235,31.4404219627746
22,1220.5010995946523,272.2925870815046,0.23631351673916487,-0.5584874081604925,-0.10182173287372007,49,0.0,0.012413856521903004,3.429567377140588,-1.338098348524919,1220.5010995946523,272.2925870815046,1286.048972091443,0.0,575.8515966464469,355.50060798609115,14.997718196521069,101.44359284399803,70.0007254235131,82.99317921546859,57.44592900588064,69.1009497086596,216.485017708623,69.70163213038143,138.7156011759319,85.88188257103832,126.52084849683519,76.3437205108297,76.02764217107796,78.3624466906993,37.02580443850623
23,2128.2709640487797,280.2097364425476,0.25516864664535654,-0.5746495644324119,-0.6692583010563662,49,0.0,0.009627240436956109,2.734191599509691,-1.0920723616203083,2128.2709640487797,280.2097364425476,998.7991470842306,0.0,210.14892730087024,355.1090481135524,15.00096223518946,44.21072587374607,10.241330105542055,130.23910053139832,97.53677951899553,61.09131220402165,169.62570419618908,56.21066082327485,59.296461669992745,177.6665962203875,25.263762119006714,7.881751025975964,131.14181118626257,28.39315160943769,0.0
24,1279.8652454374308,280.78277499378476,0.6077209336823143,-0.068008308712358,-0.027487404201624807,49,0.0,0.009256166218377404,1.000516930563084,-0.0005611052139608379,1279.8652454374308,280.78277499378476,1222.3146975912682,0.0,866.2390914268985,355.47500437603895,15.001272316860279,91.68533347192384,93.2668627669547,113.30740349451372,78.10646933282027,103.4551091102829,92.94530865132961,117.17935597014474,67.43247234871849,71.74015737620553,102.67529416384126,106.51032761824636,73.29316788075252,82.99584876982647,27.721586635707787
25,1391.8012815348557,286.69607916309275,0.6494729806718976,0.3355686554259155,0.9849946767845893,49,0.0,0.017426065892330648,1.499334852828381,-0.4397465912855489,1391.8012815348557,286.69607916309275,1922.3529530938772,104.16805070771792,1159.0231389936746,355.4267222752352,15.003760017893475,110.64246165736134,143.71410223010952,138.99928898945552,122.5918042368998,137.907322768118,131.17153930474032,151.5081520819353,138.49962162110816,170.98454948620497,155.26997498824605,146.91609704545658,177.3410028784998,146.06712681557198,50.739908990169866
26,2051.9347622773976,285.78856317292895,0.9707125589467406,0.5451669616974617,0.7346891599631757,49,0.0,0.011095641387051977,1.0307136193372037,-0.03284503658807743,2051.9347622773976,285.78856317292895,924.756365841472,0.0,618.4712927343277,355.141972891972,15.003316862988168,64.56399446223858,57.607858062926496,127.75976239729285,74.3699500943451,70.53735428725034,89.35986184833328,46.79266422614572,99.81691453491932,51.41169065343273,58.25246654533958,59.53272150517577,71.4358330803411,42.79317248468118,10.522121659049866
27,1111.4622034560516,287.7752568603656,0.31948342488362425,0.363076030031093,0.6991510281748848,49,0.0,0.006385243315455919,1.3721205422977245,-0.34348066573574304,1111.4622034560516,287.7752568603656,780.178594353016,0.0,236.5679128834617,355.5476469607438,15.004130212577698,28.22900805961319,37.785407960612275,50.14625332741787,21.978992634437276,158.9005418999444,70.74043498991298,74.27642617679976,99.58660698142498,27.731769740566868,60.370433981256525,32.46741217149578,40.28808186357991,49.34836471027347,28.328859855680644
28,2116.0105286266,292.2521923843348,0.21575010707728276,-0.2235237898635308,-0.5608363769341206,49,0.0,0.004065503115223442,1.0373455378875907,-0.039808607949152856,2116.0105286266,292.2521923843348,800.6805202922542,0.0,390.3858683987567,355.1143311336234,15.005984621274894,47.31273048484694,90.23157683774272,46.393080017047566,75.50405870678621,31.386801754188674,84.87818849744875,42.13061114747981,38.901137873286956,51.61876233167456,33.782964046217906,77.33559776265417,141.93470982436236,32.990783767099494,6.279517241417997
29,1045.9265855056085,305.72488044575846,0.9087489680220734,0.11365681524428928,-0.39701095587074425,49,0.0,0.017312706777187135,2.0013324368616465,-0.7532980857871613,1045.9265855056085,305.72488044575846,1218.99296044234,0.0,146.70103564457932,355.57592423841623,15.01158071488295,0.0,0.2966864285185106,45.94768711892826,54.8408295816773,76.72697915067121,13.27165110410861,57.0445724486942,45.90216159520519,28.277717134312006,32.59785423079991,751.6614030114023,47.049110444975966,43.20479823369966,22.171509959346967
30,1079.1449771034638,306.6314629122287,0.6542417925052473,0.16553796953153962,-0.36403045662149586,49,0.0,0.023499499558396787,3.3338716728878572,-1.3073721974662593,1079.1449771034638,306.6314629122287,1283.3350198735234,0.0,434.4186944588856,355.56159548153414,15.011972940480588,39.378381242893475,27.561205132039987,25.29257421983054,43.15186894312974,88.65221081994304,242.41031256285925,38.586281380619035,177.3452784478859,86.3420473133392,79.06354350692327,213.96677424645645,121.54200318049179,65.62920759067809,34.41333128643369
31,2161.0721970025193,307.8981109615494,0.20480261672108496,-0.9787112468468848,-0.4913995652480914,49,0.0,0.0050461262826557544,1.4592833776971046,-0.41034908891796035,2161.0721970025193,307.8981109615494,996.8687017753384,0.0,472.01758051348776,355.094886112117,15.012483421807577,55.86935959831565,103.66372772444734,51.408982783808625,47.35388266538974,94.1028895075045,142.37466735705078,92.94030603963796,59.46941773227889,83.53604817936076,109.65723190757431,54.27063212966448,30.22928685598262,67.7640285662642,4.228240728058636
32,2066.514569472599,309.8911500399551,0.44835984852483585,0.23729725514936068,0.7783116548656741,49,0.0,0.019072208042765493,2.3038176341363257,-0.9061202454468604,2066.514569472599,309.8911500399551,1531.3051547480309,0.0,1340.542197646414,355.13567415531276,15.013353213378922,112.63180879342428,110.39857573134302,126.89458549954294,105.9537553221528,105.12903920148327,113.62912118518005,128.4630089024558,112.20587408759006,129.03314155076126,124.6400616138254,130.18974501103804,101.82356772124439,85.96316983668434,44.34970029130519
33,1748.3531152875282,312.98513528088483,0.5266306518696265,0.6349014257856473,0.7883115887750982,49,0.0,0.3178936382704152,42.784477811235206,-4.078215589376853,1748.3531152875282,312.98513528088483,11216.781399060585,0.0,464.919202477737,355.27291928474517,15.014721613038915,749.7255047013734,821.7804804259816,843.039699820522,867.7114401624481,857.1180376479645,822.0231310663112,878.7516859265286,873.1356258995634,892.2735388220617,821.1025512929389,824.9269540316834,896.7035228860577,849.8324811665639,218.65674521058727
34,1760.7714394801399,322.2950591121347,0.47420655534250084,0.6701247006621731,0.8662391032613723,49,0.0,0.06629397032206798,9.130449962439167,-2.401230451883149,1760.7714394801399,322.2950591121347,3303.3224261950454,0.0,28.62689032753938,355.2675610269361,15.018598852742741,224.0648957753832,256.49285112004054,224.47572537301312,217.53809872028745,250.83086613594884,247.85080217515628,248.97877089009506,241.53552731210357,249.53318726582518,283.4928160225959,276.1568131855836,245.5971033871438,258.1750151025848,78.59995372928427
35,2222.521221086712,327.60006515793697,0.8138081431813876,0.2035825217379666,0.025676108660790654,49,0.0,0.010065907682832177,1.197263459810577,-0.19547432036012088,2222.521221086712,327.60006515793697,500.5365212799589,12.382778786449714,301.6813183128937,355.06836861125277,15.020662241730182,92.00744409007713,30.59197882541309,58.35657241817236,23.241052766278003,35.56495219938684,41.832231154152986,37.66030262241043,21.405813618867164,28.094169921121107,26.20196775486525,25.06051906822151,35.73302063905977,25.310270794418535,19.476225407514722
36,1454.4322777389389,331.96214440684054,0.5274719203426436,0.38270859218950454,0.9114524379924731,49,0.0,0.016082239214682804,1.9816412865647064,-0.7425626049835616,1454.4322777389389,331.96214440684054,1283.2278353418935,0.0,0.0,355.39971201230685,15.022628225636016,77.11826792828302,107.60216003349882,89.88436292146778,99.61656775455518,98.71617276560019,96.98831800208836,90.44582325383581,94.51852640212482,90.9173373346171,94.5545517066166,112.2808361195078,99.93528370474735,100.05180024264595,30.59782717230467
37,1080.2043695973275,336.3083498319487,0.25396015793156507,0.8173138649968346,0.16849126906610876,49,0.0,0.008854768784142267,1.6400330740368063,-0.5371315160443093,1080.2043695973275,336.3083498319487,1351.4827621708175,0.0,803.9921485110895,355.56115194304084,15.024337593276334,88.7701248199152,79.15011511723247,119.6043985300637,120.36908607306245,98.81929278104208,76.2726594170726,93.05101168141616,110.53638970768712,87.81310957535757,220.5016696429433,92.22772586961982,75.61347254912005,71.75720900004643,16.996497406238667
38,1863.1071111546369,337.15453767180986,0.7260308713155709,0.701871969495573,0.601746974138355,49,0.0,0.01833050611530431,1.8741728367744173,-0.6820240979111093,1863.1071111546369,337.15453767180986,1279.8707509909973,0.0,15.694820953695343,355.2234117710177,15.02477217211409,103.33583356559117,93.72073998382305,106.386919017275,100.93372839134483,101.59031735634238,101.68174574230898,75.84693040357212,86.9810451206834,100.82017608980203,91.58388031055514,95.94605891322718,95.92627981459356,95.2003824860769,29.916713795801694
39,1077.1547005602174,338.41545314986377,0.3072978291762094,0.6327153551398662,0.07933073789518356,49,0.0,0.006351291911827267,1.0318806353061494,-0.0340736559555287,1077.1547005602174,338.41545314986377,1380.640536371324,0.0,838.6567273380189,355.5624684986649,15.025214177947424,99.17580485181111,102.40584599261072,106.86262473366834,94.21480812834852,99.95017024419013,81.95470059052973,95.4233820338791,121.47062021150201,87.83609634850475,234.3445132298288,88.14951448911418,75.64698819305363,70.35142946357573,22.85403786070722
40,1441.3701601088364,341.8354260845309,0.6217096478851615,0.6614146453751579,0.17896833081897015,49,0.0,0.021509227128245684,1.8094003732861876,-0.6438366889432336,1441.3701601088364,341.8354260845309,1865.6912258287457,0.0,0.0,355.4053482716141,15.026740121919804,130.3782614667429,128.11919715034583,145.24916105277407,144.1184443620549,111.96147707334052,148.4740654294384,123.64398274108366,152.88385120916456,161.88364105700444,141.18223158818668,148.41065450112612,143.3365815614991,146.4786851219041,39.570991514080646
41,1037.767362878286,351.9934753073495,0.47834838028544174,-0.30280490687562034,-0.3440893018110075,49,0.0,0.009713562453372945,1.4083047641156528,-0.3717416211261742,1037.767362878286,351.9934753073495,1212.8069025749714,0.0,769.4649915833669,355.57946648872667,15.030853770107239,94.03561332218759,88.29943470068135,82.54767519521029,64.62854376586253,81.54376544381148,84.24126386109072,131.6301472801474,80.47222237435102,102.40594571276694,79.27415385119072,117.25599058077353,113.59345709190363,63.853038072565624,29.02565132242853
42,1543.2231652783512,353.94385117058533,0.5374544537581869,-0.07026028814629989,0.553103254070039,49,0.0,0.024471873356311485,2.312718213354876,-0.9103068015113154,1543.2231652783512,353.94385117058533,1835.710914651272,0.0,0.0,355.36140941641446,15.031793843825225,128.321624357026,120.68620509287155,140.11994045341993,151.72043256712527,136.7049396209659,158.61431939193128,127.96331157463501,136.840798083449,136.75312832511787,137.6782770089307,123.87657552973882,150.11232560430147,150.9067855939776,35.41225144778212
43,2069.8473801683995,359.1173084484927,0.6501399027828965,0.5486053859354905,0.5186455952088256,49,0.0,0.044736140445340675,4.9625426030806885,-1.7392606204372156,2069.8473801683995,359.1173084484927,2128.309487071236,0.0,889.2877575221755,355.134216368876,15.033860978899089,152.43778968054914,157.83452928353225,140.55502349044815,167.3298769795925,164.93139127200578,159.22977350618817,155.27769766725265,160.87070462106604,167.65644422624507,153.8418536786825,167.5522057778071,179.2772636689225,165.31933595254253,36.195597266401904
44,897.1624013180965,370.3132230901578,0.8020336456037931,0.43597610607811227,-0.23236816984979133,49,0.0,0.01254994549428635,1.523582939286109,-0.45716525222846705,897.1624013180965,370.3132230901578,6455.9787161425675,0.0,151.35081325851183,355.6401346940799,15.03841385655236,1937.29905754563,40.865492610266024,30.734524686373042,63.493618655688245,3944.0815543973213,15.364362675068236,7.478976578445904,56.07744965331277,88.43356617898813,60.70637346529442,93.88342878904254,26.412496656903116,62.81014701500594,28.33766723522805
45,958.1944502351165,385.2827753036951,0.5293998834779496,0.3777703700200776,0.3621222354036811,49,0.0,0.010625966536669272,1.093546273558889,-0.09709291248097918,958.1944502351165,385.2827753036951,1229.4237736979335,0.0,897.4737523720837,355.61381294255045,15.044684029555603,89.135808337857,87.98701356994468,94.14023793723334,66.34027202994778,101.70809220377836,69.39818516198568,109.84424222542415,97.66694192622683,95.6687754380693,88.24189776925056,85.84003476239619,96.7210732065169,111.47830036932308,35.25289875997977
46,1246.0244846880441,385.81590480364423,0.5751393426528637,0.5905484836731067,0.8112144588403245,49,0.0,0.023642291713267392,2.6577442463493743,-1.0612829665889727,1246.0244846880441,385.81590480364423,1570.9094460476838,0.0,0.0,355.48963384269877,15.04502297158261,129.21256458416326,119.58063868354,106.80008275912358,123.16437029466827,101.0506865542028,115.92771808794666,110.57186884151238,126.41077028585246,103.3968689361974,111.31043838370582,126.25351926215271,133.3376271357044,127.83336377003346,36.0589284688806
47,1858.62024347545,391.253693980998,0.38404874462668326,0.7575254515785618,0.6233456639037247,49,0.0,0.029027769576106734,4.427894919420922,-1.6154932646759559,1858.62024347545,391.253693980998,1866.4042476435475,0.0,0.0,355.22533522314757,15.047312572346515,120.74437841778094,151.63074642547235,139.02392447514606,141.20593563393396,131.10633973072072,139.88115074963915,122.57224069771522,155.43601386192478,154.3575812331124,136.95362898892733,144.40182305561964,156.07612092794815,137.72155770973532,35.292805735871596
48,1431.8048519325564,401.9065966712574,0.2330506847938862,0.6556897596390926,0.22411002952555484,49,0.0,0.009276813562900724,1.2054104595330406,-0.20283738897162407,1431.8048519325564,401.9065966712574,1247.2310958820078,0.0,0.0,355.40948357487713,15.051766482419845,88.23876916979005,89.72738253878236,91.50026033425155,80.89720006108107,110.15908374838497,92.18321945052848,104.70151883553632,103.90522074030739,89.0665013899581,102.38879926268856,85.487089843955,85.8535482525505,100.98546961108005,22.137032643113443
49,2225.367050750667,401.803870861548,0.5010610874120964,-0.0718005522665058,0.21387829267752487,49,0.0,0.015254957474971948,1.7053559628001689,-0.5795376101460918,2225.367050750667,401.803870861548,1321.8980828824738,0.0,951.3848720817473,355.06710059855396,15.051576210258869,92.48398455242736,93.46782969752886,102.07450689986595,105.8624157939987,101.19301204149846,112.05054090053429,83.69876836546499,113.57042853080698,110.65518413133104,95.09164907461725,83.28492868986304,103.27838887341773,94.94149618041268,30.24494915070631
50,2112.5877101996225,402.9045067009379,0.48458645331406547,0.4920886108420565,0.6173403992062856,49,0.0,2.4341341096689595,331.9325087074291,-6.302624470738806,2112.5877101996225,402.9045067009379,91537.63466615771,0.0,4208.1728336535825,355.1157582260889,15.052087006502386,6402.829134499831,6803.375365212463,6803.123903235462,6864.72792972362,6937.709230263174,6961.839897597675,7091.768109098436,7128.997776037297,6969.565979009381,6732.528642191028,7201.686499508484,6787.973713349157,6910.680376308996,1940.8281101226942
51,1531.1860944365533,409.92118745824837,0.6495271157688366,0.6450136182250189,0.5039742514084561,49,0.0,0.0729119116724099,8.767011583188939,-2.3571289508878728,1531.1860944365533,409.92118745824837,2513.856619826882,0.0,0.0,355.3666057262022,15.055115279060603,181.65397355831993,186.53407999071453,218.90884107186992,198.1493163768036,174.91626619148616,179.08289165652496,190.0739886375633,212.4646044444554,177.57897525525235,195.8865926809217,187.8246858210631,195.9158072515554,171.4963489462553,43.37024794409604
52,811.4488416082885,413.6035674507979,0.2340697275143215,0.18903965341986836,0.35599061728527864,49,0.0,0.007768045641428869,2.3950426645995075,-0.9482831355404453,811.4488416082885,413.6035674507979,1862.2399900813032,0.0,101.61756817326773,355.6771423195529,15.056397724606068,35.59073090217414,0.0,14.721637562466192,4.185129904765153,93.89872913685019,24.809984654410677,40.32063350146197,13.686230474833897,9.5210202194333,82.86524932000849,39.15618266767244,20.210649308549108,1441.8990966043123,41.37471582436561
53,1862.8061919055215,420.93088647615895,0.3502620441746577,0.814054595242575,0.9390418483026383,49,0.0,0.010789186812835631,1.150617111926674,-0.15232707136447038,1862.8061919055215,420.93088647615895,1301.5405373110648,0.0,0.0,355.22352244674903,15.059676224873018,86.71728646391205,103.90501810578498,85.0107158133471,78.40075028697508,109.14759908328983,89.4597484242845,91.06862520091815,102.66448410850779,97.89206955023343,105.71792611805928,116.22438600990625,95.58632054449816,105.25948339204923,34.48612420929885
54,1782.6146455816618,424.0546628040032,0.6296822122757608,0.45906123896985346,0.5200446017579472,49,0.0,0.03311423405131202,3.7683794959560433,-1.4403865802467388,1782.6146455816618,424.0546628040032,1684.690211333922,0.0,0.0,355.25812209264564,15.060992228519734,135.91391560207626,121.55913328036121,127.88007180880523,135.58405293905304,115.37857184997154,129.86726994932866,117.54901362200646,125.93304854071414,119.85805913841382,125.71196351466175,139.30770003786606,139.44742049848549,126.69308266158838,24.0069078905897
55,1890.6544638296539,425.76759386878257,0.6479404660109503,0.22928422692078645,0.7297472095021863,49,0.0,0.01628583438507466,1.415249305528811,-0.377082376114544,1890.6544638296539,425.76759386878257,1394.90439949768,0.0,0.0,355.2115055848454,15.061685095935262,104.75145225559382,101.7440989670418,113.99220189597,100.40067182457355,91.2081642649127,91.20532046890212,109.6123680206789,115.38607339740922,105.50110482201413,99.40558431295058,122.9717791231837,112.72328530974485,98.23606132240515,27.766233512299657
56,2134.64451864852,427.2896983084608,0.5418559644692172,-0.08483483247848056,-0.10419212187886008,49,0.0,0.017350662701396593,2.0542062253272597,-0.7816101025662919,2134.64451864852,427.2896983084608,1435.0734095365478,0.0,0.8948127373358126,355.1062305249727,15.062237264187207,87.52040327245919,109.53356904404528,107.79716820509171,103.3450299181925,96.83613552273313,127.18113406918972,94.33886515301329,112.71040961987991,113.91574974064753,112.55571469987622,110.84293166504578,115.95449786386033,107.40409361030962,35.13770715220347
57,946.4949691385176,435.1315810117758,0.5213735720786903,0.6286985267598106,0.9985768971978667,49,0.0,0.9459545378988127,116.48184234352148,-5.165645577683771,946.4949691385176,435.1315810117758,40468.077002038044,0.0,21121.827425265823,355.6188888306067,15.065446380570307,2860.882971695506,2947.0594719004575,2982.341420175202,3077.1456615228562,3039.5849844060485,3086.3227561747735,3116.536608638135,3040.2044251873476,3114.09763003534,2999.71573366031,3114.9244732645893,3096.1048847052557,3106.979536378536,886.1764442936897
58,1220.2657090898615,441.4985867231157,0.7024832302258927,0.7823528586109633,0.8058519567254925,49,0.0,0.020579906195963157,2.1743223818456463,-0.8433098409542704,1220.2657090898615,441.4985867231157,1221.294654991852,0.0,0.0,355.5007655492556,15.068214558738694,99.43469374088487,93.00834698237205,111.93912193399751,76.24960771265326,82.1262524135202,91.44740025684101,82.49483021711552,103.13103072417758,101.41855359686096,82.08389197028816,95.24701592129932,92.20817329226837,85.60409500155207,24.901641228021116
59,1598.862499377168,441.9741124421038,0.6793699382186604,0.6468539507187675,0.86479424796061,49,0.0,0.011363283986775247,1.1844128574086987,-0.18375778308017954,1598.862499377168,441.9741124421038,1049.5759835461854,0.0,0.0,355.33740609123504,15.068471646730629,66.69037028618058,87.01954079558766,81.18268713945983,75.60309891125061,74.19971687439951,69.38261279135338,95.30805887424918,74.35255364535519,81.23641989103072,82.75272344416244,74.25909634292836,90.74053322149548,76.98933596495841,19.859235363774122
60,1773.1282069948531,442.8721934956444,0.5797415595649053,0.24600732429963823,0.23986262834942346,49,0.0,0.021410720914742554,2.0700851213444347,-0.789970509741471,1773.1282069948531,442.8721934956444,1711.7462398070506,0.0,0.0,355.26221239408517,15.068833666790761,133.21598903900076,115.18681457133162,130.31879443159423,112.66064883564326,119.24542263646406,142.53454847566076,122.99546721889139,122.54323682467638,124.33542278581439,128.95340452495012,130.6630029810641,125.12596208287528,169.95587250637055,34.011652892713855
61,776.9007931853187,444.5336825701718,0.2012510096970145,0.26440899589998235,0.6567967456064153,49,0.0,0.005304108722033986,1.6486233427207846,-0.5428036117266588,776.9007931853187,444.5336825701718,798.0556265423636,0.0,208.6029767590546,355.69207018337283,15.06926138450156,116.68013819272946,79.23228958695378,37.38308142894319,98.2331957494019,25.350245819733253,35.525940072047376,25.175676627855765,105.49314427372636,28.69781137665963,78.39859174908398,54.73110836423423,47.304400224542206,39.72186193699753,26.12814113945507
62,1802.5720166207627,450.9155013686746,0.5125946415267115,0.6408187338473652,0.49439249178082817,49,0.0,0.018314110525029164,2.0297538202660013,-0.7686084186951505,1802.5720166207627,450.9155013686746,2648.6877890517417,0.0,0.0,355.2495063227131,15.07218030538542,201.3471847348179,205.94790061866277,177.73793315714772,189.81344853698027,165.2969779269688,233.8649099558263,200.98694088549325,197.63900605051217,224.44435939934516,186.70108629471815,212.5495447895151,188.88866920746528,204.0848548900861,59.384972604202815
63,2247.989250077642,450.9909629636822,0.20068975746293766,0.6260392346521493,0.5360449029150454,49,0.0,0.01484880390741664,2.034090004610154,-0.7709254142897336,2247.989250077642,450.9909629636822,1658.4407542754661,0.0,306.97158078975195,355.0573126579371,15.072057367358964,99.5687743079342,112.03364896221905,108.25766028204782,126.76654442530665,137.36681252671755,122.79684054558871,113.95552811669506,138.01094080910136,122.84463141492127,123.7072493390904,137.73661577135852,144.82943293137322,135.77592896722877,34.7901458758834
64,2230.921155274214,454.4612082248343,0.5067568367452746,0.4643817748280938,0.4534217815524228,49,0.0,0.06833990979284305,9.674809910136602,-2.464106101981959,2230.921155274214,454.4612082248343,2609.647345168586,0.0,174.86138902821767,355.0646753977727,15.073512084011226,181.0361597446738,208.47864961305137,191.99649924732051,190.8645070284602,204.01791125161805,196.11774244894045,178.4640208400387,209.54998030705573,224.28988577541236,190.57546357124045,154.31580071048953,217.3532309481472,203.53807672668353,59.049416955454376
65,1808.120404721305,455.08476217226706,0.6436872921606801,0.49835220483363046,0.4734671898578709,49,0.0,0.07971807655655566,10.31201536490367,-2.5333588786115984,1808.120404721305,455.08476217226706,2874.282002806558,0.0,0.0,355.2471114668057,15.073916446917652,215.58094256042554,215.72180844996188,216.3537020201276,205.4296210164697,193.57374288812488,252.7335979167146,215.8607918107731,200.4448567586458,241.634990933028,208.42663922079623,220.81261679296964,214.94460004905227,202.6493330031669,70.11475938630177
66,1299.7871763380142,456.7736360875237,0.7062885714540118,-0.16161444068180264,-0.17085661904430163,49,0.0,0.03379880851351657,3.007918251870277,-1.1956650724485454,1299.7871763380142,456.7736360875237,2182.1524899114415,0.0,0.0,355.46645723240044,15.074600785508084,148.27469367166032,173.90343768088698,162.65853468338156,152.93850021781418,183.28416370385082,173.15352178482067,147.2075897255105,165.9629583077392,161.86533209632825,171.67452006315983,153.3905293440841,177.48632787702036,166.1509974372627,44.20138331792228
67,768.0867299644599,465.60111646949366,0.4679762755734073,0.260642315423185,0.6474109177014978,49,0.0,0.007678922532896382,1.2623264989128906,-0.2529292476840815,768.0867299644599,465.60111646949366,753.8306609986375,0.0,380.3486961838347,355.6958884978263,15.078032746298726,98.92699655653792,44.94481956553088,35.57701798505733,41.93546069673168,89.27331459396041,50.70010236953883,59.64958613154408,30.91476845114826,59.511391701120886,93.27993692668123,42.18844175847575,40.76919802753849,44.579265999964406,21.5803602348073
68,1800.0077883501847,467.0890578377658,0.553400418922334,0.6800194344997887,0.22513084007481052,49,0.0,0.048541620320896345,5.708980292262149,-1.8913963594975391,1800.0077883501847,467.0890578377658,2511.662807967946,0.0,0.0,355.2506099632251,15.078919235355812,207.64093733874594,199.19323663266363,169.8577064654063,192.21861356981722,197.55389116393818,164.99153593508646,185.62413273051936,193.8190529118803,183.6982387731819,173.73157288266842,199.09061352066183,198.26910099863443,198.94413116660678,47.030043878134876
69,2152.1696176906626,466.78936877730837,0.5448317967851815,0.3780674866625877,0.5292719946582216,49,0.0,1.6413607900501053,224.58509643758575,-5.878452332288302,2152.1696176906626,466.78936877730837,48070.05733590861,0.0,0.0,355.0986500175097,15.07868640173263,3294.50961348282,3677.395735121672,3713.070074156096,3640.8350685916093,3521.7553022626203,3782.3944865303138,3644.970926340006,3661.954359133501,3728.3549128381355,3505.9798220757216,3667.985126464042,3639.646337248489,3592.8060978492495,998.3994738143422
70,1658.4905877840995,473.1912762268883,0.541021708565923,0.2312868268205839,0.31610630974114207,49,0.0,0.02621720662650339,3.6017699786834463,-1.3912899346052932,1658.4905877840995,473.1912762268883,1348.5949757265234,0.0,0.0,355.3116756964995,15.081476527990043,99.91396218536336,97.12458512437004,100.8508756255183,97.48320557514427,84.25394478871753,120.61179012881463,101.691237824274,105.72276627949081,106.52067997443805,79.8795682692107,112.90792455144717,105.17924169556309,103.61195021951323,32.843243484658146
71,2441.3325624185495,473.7352341991953,0.3529018144462047,0.13687534510969787,0.34174469587803213,49,0.0,0.04866710565868751,8.467499774743153,-2.3193879844083494,2441.3325624185495,473.7352341991953,2149.1959349183194,2.296788144553706,1966.7097427679,354.97387174650976,15.081415915133634,164.9938257873115,180.66425142079265,200.50412976002207,207.39548699381663,225.72201079728097,197.49955363428825,188.8164291027258,163.95433809090795,141.8838128658415,128.32853975164517,130.83363090960134,99.04839089388747,108.40333753134436,11.148197378853379
72,1734.1335490536635,477.32205985098653,0.6739584507173215,0.39941134000926104,0.5780046485725331,49,0.0,0.014190489225710694,1.5351524321806316,-0.4653787625104297,1734.1335490536635,477.32205985098653,1113.317690171746,0.0,0.0,355.2790341276221,15.083191654315792,86.75559912335407,81.20284306866735,63.790649824251744,82.7285743395305,81.14141461573817,75.21719526563197,102.84415944481776,85.57766560036903,91.35742078637882,84.34212534556545,74.6513050006462,80.87482614163754,101.16671275994545,21.667198855212263
73,1363.8580406452224,478.92628600087556,0.5504717071273969,0.8954932450473901,0.40083237783865877,49,0.0,0.011262664047469645,1.087067543923727,-0.09064132351385727,1363.8580406452224,478.92628600087556,1159.2433829253255,0.0,0.0,355.43881526277505,15.083844463690102,73.38277475085206,102.8047059553638,82.50538647868763,82.75670747562533,85.67467096168355,89.14491224782866,83.00600813551944,97.00630507102738,112.21259907390858,96.6518729708663,81.89326839455975,75.54359265184314,77.99629036379301,18.664288393766963
74,1437.6843948433775,481.4922360319166,0.5693769806216155,0.25249417625965465,0.27348576395463986,49,0.0,0.1002817650560517,11.074632930450047,-2.6108233510251444,1437.6843948433775,481.4922360319166,7315.985167492961,0.0,0.0,355.4069581190054,15.084925578851658,509.21339969132043,516.164917987677,535.2091011833725,573.0079547203643,572.3801116548982,550.2485764852606,566.2627809530036,570.6887933710434,552.7408763107002,514.7439975224662,581.266748937881,566.3230329405001,530.9628783447747,176.77199738969853
75,1433.2802738425225,483.35726341123427,0.4614176780734496,0.5354089281662201,0.08658706626862885,49,0.0,0.06899808740144225,8.298527654046133,-2.297502613938779,1433.2802738425225,483.35726341123427,6662.14862927112,0.0,0.0,355.40885886587915,15.085702028082292,463.22812169512326,481.49363076470536,476.32019562561027,526.3908049704794,540.8896295314153,492.572159917926,516.6248732644763,540.2100134332164,479.7448839722701,465.8653601068595,524.7030592849026,511.1690911140647,477.9229263551571,165.01387923491288
76,745.0102412681863,484.4476730031728,0.887533862230294,0.5280409409545507,0.5357805356866392,49,0.0,0.026696308523381087,3.014580268012593,-1.19806713034821,745.0102412681863,484.4476730031728,1057.0080733242764,0.0,505.15904045901624,355.70585985156833,15.085868891750726,78.73033947167914,50.6771906911827,122.34402340874843,81.11718420888457,96.636505990252,47.11980497810341,26.52268720296147,170.41517458054662,54.90929820727675,78.92611797166428,110.92046242855625,50.14126015924376,68.22660895503657,20.321415070140418
77,2236.0590824865735,487.81204362373506,0.830223323517803,0.6594988132539898,0.4125394510662191,49,0.0,0.020605112193950198,1.9462585114212307,-0.7230013121166665,2236.0590824865735,487.81204362373506,1517.7472862629645,0.0,0.0,355.0624399693051,15.087404514399486,131.5033626428349,123.02076267449631,116.70615229133784,118.44795183425273,97.68851805060748,110.82813527101129,105.16942847504475,99.30404057293005,125.04998599059492,91.43153288591026,113.697151099759,113.15988161643361,125.0582931800578,46.682089677693575
78,1104.4522429620401,489.22375944416154,0.5905935521397906,0.5605836839481323,0.5305298655198153,49,0.0,0.08703564489359643,11.63704550448376,-2.6646068313753823,1104.4522429620401,489.22375944416154,2844.9379940483213,0.0,0.0,355.55075772917775,15.088057161618762,203.80263472133294,215.06972314437272,203.47791091409616,207.04908209116175,209.72284763957518,224.36914010368142,221.38299947227353,210.24634772945677,212.70088526850492,207.52064666641166,235.36899276036127,216.36886165954002,227.60932328149173,50.248598596061484
79,1736.631466944728,491.0676024066797,0.6986292653545805,0.5542737315535514,0.8860868678805572,49,0.0,0.04353554174018101,4.522203082670511,-1.6383751542575167,1736.631466944728,491.0676024066797,2140.5926779315882,0.0,0.0,355.27795459916484,15.088918308147505,137.32310330966894,142.2699802340203,149.81444769153399,153.13559640043812,150.49525766169552,185.2877785047246,162.36028384437662,153.8738766705485,171.05764149667334,132.16870656650175,165.96252622326782,186.39502140025394,197.89308533593118,52.555372591953464
80,1762.1070148175597,496.538232540622,0.6512547759222027,-0.14928784570561146,0.6509311175887126,49,0.0,0.016471774051545325,1.7146395585288263,-0.5854320978361132,1762.1070148175597,496.538232540622,1219.7616141411477,0.0,0.0,355.2669603535665,15.091194489937681,84.59226867241918,90.62396343724038,98.86220441865152,90.55513309767215,94.7475351937644,82.78054021859556,102.64425081473891,83.70052082732316,93.7200289051022,93.66025588387257,90.39329923829422,87.99910809413308,92.61833173268138,32.86417360665881
81,1687.8999000832016,499.0414742574855,0.8515545600879518,0.5896260331185684,0.3556619639942202,49,0.0,0.019428986568390334,1.839273915227932,-0.6616160292037676,1687.8999000832016,499.0414742574855,1061.0893841637321,0.0,0.0,355.298983159367,15.09224498857209,81.8734511685822,68.5866684824966,82.7680298142859,74.41871494611993,90.82204855657062,61.60556465134282,95.99485405175781,85.23601017225147,70.70251794705138,63.6855899050714,78.41603154413986,87.62069520395852,94.6364487923274,24.722758927776212
82,1361.7485485059083,501.6219736014307,0.5241702243558309,0.6375279370863476,-0.5406015156176774,49,0.0,0.01944586117679573,1.7660310885445247,-0.6174958611623377,1361.7485485059083,501.6219736014307,1901.1612033977704,0.0,0.0,355.43973027036446,15.093299958962362,130.09001051220122,138.61745461870436,139.76197676416757,148.6267540533284,147.00668720449528,156.7648092625607,129.44823342634805,134.65830375364268,136.2252255302321,115.88517818385924,164.008728097566,162.40934533031646,154.6658975692008,42.99259909114738
83,2239.62287751042,505.5026712001149,0.537041215835554,0.5639434146707032,0.3888893901610776,49,0.0,0.17571139667990532,24.243516076797935,-3.461489016253501,2239.62287751042,505.5026712001149,6198.575576465289,0.0,0.0,355.0608922747675,15.09477319329436,471.82316708290284,463.96321841762847,475.43407736247286,461.9839810674313,524.9516106102235,487.9062683338333,447.4564682223229,446.4135117498393,474.55944678429086,435.0522954894672,478.96991136343206,454.8891547004557,450.87128007311827,124.30118520787043
84,2127.2553783022463,508.7710180262846,0.7017633964406198,0.25633966243115164,0.38808742407019914,49,0.0,0.034775540293180675,3.929987152034357,-1.4859778264413,2127.2553783022463,508.7710180262846,1597.1798902728938,0.0,0.0,355.10938131150976,15.096188438199812,116.44137019881612,123.04665321785743,114.88046249074853,112.16280592159585,113.80251575641933,113.29384742208883,104.72933844830659,123.56694466497804,131.84122297096877,122.06731380268766,129.62614855722666,123.00063496546471,131.12997891479665,37.59065294093874
85,735.4649883667194,513.3693995532249,0.3857441276146006,-0.9034585572170329,-0.42702004088573337,49,0.0,0.006748054861620261,1.0284056580836924,-0.03041114344846462,735.4649883667194,513.3693995532249,1045.8085652870118,0.0,646.4429356947827,355.71000049596347,15.097911874807798,94.85584663314626,91.11560752031392,67.68650498099194,58.70776752793342,77.98301563546264,40.25588699024876,75.11530263227009,94.41021006384219,56.09911216763537,87.20309696580424,82.03864876463588,71.6239737365454,123.48940361532803,25.224188052853656
86,2238.2756291534824,518.2123615774889,0.7185287357069936,0.30139798392880424,0.46697726090698033,49,0.0,0.04118575718270461,4.204554448597918,-1.5592999523161173,2238.2756291534824,518.2123615774889,2481.1510219879374,0.0,0.0,355.0614665941258,15.100069207307932,164.24177431817128,187.20084621308467,174.3831046399549,197.03026479700048,224.75141268164654,206.88242706507117,206.4546201579928,182.28034802522387,182.63395082100365,167.9278213626635,167.18503219554623,183.50834776804908,177.64675684586095,59.024315096668275
87,2550.972185044106,523.1424409943983,0.4896759156096953,-0.017131133826975228,0.1859219681180205,49,0.0,0.0683091259921597,10.438169652391434,-2.5465608779978477,2550.972185044106,523.1424409943983,2605.311236243737,1.9873516975991987,1873.8172438104134,354.92652174152346,15.101920226355123,143.64188840488535,178.12436404395703,143.823699607964,219.66954798354823,286.1388091919447,226.4808494807753,224.8416019681764,162.8938709181167,404.9093292972517,137.1186092309461,129.81971232989667,110.63851935883243,237.2104344274424,0.0
88,2442.982003611635,529.3827053694819,0.9760363918558805,0.36554475733131947,0.2912873026485997,49,0.0,0.02356182791841941,2.076219624907738,-0.793183229444589,2442.982003611635,529.3827053694819,1322.8237990172138,0.0,1050.7955300468832,354.9731191638943,15.104599278311383,101.73263946228725,108.7896911549166,116.32363567579381,99.07327109357504,90.12199963138642,111.16607645901402,100.97508860483947,83.42149371359332,105.62183704326895,97.24448752761705,106.44528379664268,84.10803977785318,91.61832141134262,26.181933665083424
89,639.1707189425338,533.8507757503914,0.571160707362598,0.163682587844817,0.19894331178535254,49,0.0,0.03154883402859457,4.261293218156997,-1.573853547215673,639.1707189425338,533.8507757503914,1407.3677607557388,0.0,473.5432952897435,355.7515715215267,15.10637315864517,0.0,0.0,0.0,0.0,0.0,0.0,0.0009132598893927811,22.969837155138812,143.32151549874416,205.10288940086093,269.6896423487672,346.4544130961768,260.05694460621777,159.77160538994363
90,2000.2499588113185,537.9259828047636,0.6135444122101192,-0.03689480619670058,0.2491140682561241,49,0.0,0.014779480557109669,1.5221746665933038,-0.4561612243604839,2000.2499588113185,537.9259828047636,1243.9520951385903,42.54615542446153,0.0,355.16417922053853,15.108383626084692,93.71813742164485,91.54186992241893,89.30754765773261,99.561735847239,92.97303872351,89.22085443071197,87.1482875712446,99.08774766400296,92.90007596971955,83.37198914821951,101.62145452348301,103.79175486477813,92.74080255976251,26.966798834122912
91,951.4103303810487,541.1995867448339,0.43138837077174363,0.15452385289796722,0.4903172249702749,49,0.0,0.01004625727123424,1.2932082020313815,-0.279171126033596,951.4103303810487,541.1995867448339,1085.1967717752968,0.0,0.0,355.6168279791945,15.109640570740062,67.91850345998479,78.01481186890328,94.04310900025136,79.28514660140895,88.13927299685804,86.8095142927128,90.98068320554546,87.60841883333177,67.99390271446603,72.78619893280089,87.611403299447,75.67580043246053,92.96020884835718,15.369797288768726
92,1043.2416187897466,542.0728424358639,0.4731214257997424,0.004586004544735917,0.17379909159183493,49,0.0,0.01064069591288477,1.454732123536118,-0.40695757268506544,1043.2416187897466,542.0728424358639,1038.8058010116433,0.0,0.0,355.5771971617993,15.110049715238691,72.83850587700641,76.08714740112816,94.94665655186455,64.55110224719274,82.84960317501614,69.64302885515119,75.99639849324576,70.43931919330593,86.93447298733572,83.687297907097,71.46265232725773,87.51981862514874,93.42281868203754,8.426978688855804
93,1216.8157894656604,543.6415709137952,0.2217958921531057,0.6800629018956622,0.47651089826603404,49,0.0,0.011215692422929517,2.1044171891322403,-0.8078296012726883,1216.8157894656604,543.6415709137952,1164.7285730620913,0.0,0.0,355.50228828427845,15.110770117579701,70.03573017540802,81.20393897008267,74.38233029697611,73.82270802951012,84.87483091702799,86.87403027646396,93.88176823604934,89.60192072817364,93.58336002151077,87.71945985095485,99.65698610019743,106.96535992552933,96.64149450901175,25.484655025195217
94,1248.4934102827817,548.6918083010484,0.5144760550232454,0.4724343037894449,0.3324620246144005,49,0.0,0.25051613089842306,38.16208049548608,-3.954080108153995,1248.4934102827817,548.6918083010484,6884.712962626267,0.0,0.0,355.4886186114018,15.112883785348549,482.16930065289137,523.0636330005692,515.3827665167612,475.4441636907827,534.4227236431788,554.0206327672806,513.6368728360533,546.4398630918142,562.1021978355383,496.7082619433097,484.4566402313213,517.2149258735755,517.4508511415992,162.2001294015907
95,1891.2859710514085,549.8547709905001,0.6055910670773591,0.42784544928562807,0.40878480433292297,49,0.0,0.06455764926287656,8.706985473564275,-2.3496695497452658,1891.2859710514085,549.8547709905001,2083.489366475803,0.0,0.0,355.21120166664,15.113384423778363,150.4721531510877,166.72558350662172,152.49891506742244,161.702248113822,139.68177014950444,168.6374974672466,143.60427204902354,151.3635370610764,148.1019657577753,155.08237663269296,156.94439984476676,164.85745168447525,182.56828972661765,41.248906263669866
96,1800.8801988145217,552.5390904076919,0.20626084197252656,0.22701516082584555,0.4202968754296344,49,0.0,0.011205582909564835,2.3490599061112687,-0.9272352309199723,1800.8801988145217,552.5390904076919,1079.4407829870468,0.0,0.0,355.25021858921184,15.11452099156436,72.84143215177428,92.2240341153001,67.64984307302493,79.13877739034258,84.8121796172654,76.49269695630011,78.59114885122412,99.44060169109835,76.46785922198649,81.90713564726009,78.44127859689972,81.90811174493827,88.25960103646578,21.266082893166608
97,1510.9960055505114,552.6728511123778,0.7946727507421049,0.2878465749647377,0.45760036039542085,49,0.0,0.052329043490332225,5.951318985974239,-1.936533071820488,1510.9960055505114,552.6728511123778,1584.1379495560227,0.0,0.0,355.3753280780657,15.1145898734307,124.7015226562128,126.13326226024529,102.91534159508909,116.1855312520857,118.65099095111351,114.98038223017434,132.23376865433912,108.0136951683121,109.47343933021594,103.46127557281332,118.01980316539198,117.43215783080365,159.405341855271,32.53143703395474
98,1585.3889718227822,553.9512504801614,0.3818980859889534,0.4462062927942994,0.10697596776767047,49,0.0,0.01863892064738445,3.3743036010493443,-1.3204603885259094,1585.3889718227822,553.9512504801614,1320.529164071294,0.0,0.0,355.3432212343997,15.115125693434226,83.35864609384862,96.29171232062981,91.5322025854521,97.76334648175438,99.09344440256633,108.75938064892564,101.01022465517951,116.34203999167381,83.70781723605768,103.35948601106875,98.93879494974155,109.5152371572321,103.75547710058659,27.101354436576983
99,2400.817601401653,554.2630528760211,0.7337128866364648,0.015211005654970244,0.13265525944906414,49,0.0,0.014280347752813878,1.4563974270626139,-0.4081997575459078,2400.817601401653,554.2630528760211,1106.6409476075382,0.0,116.63806697466137,354.9912977688498,15.114993608480807,73.12133652268726,76.71749653514432,98.71281175299798,76.32047253472143,73.00099922359229,63.61452641126722,87.78076514827896,87.62389285997753,97.07413466834984,74.96420463918739,98.91207520062304,86.45787312156563,91.75782628030794,20.582532708837434
100,879.15180370827,555.5912994865992,0.30155261210489126,0.4932856565263436,0.5597579031885553,49,0.0,0.01096169179423289,1.2887463029010873,-0.2754185810209597,879.15180370827,555.5912994865992,1240.0247788297122,0.0,0.0,355.64802114776217,15.115596173471621,77.41181519091404,87.00208464730031,85.2469648559652,91.20106843507307,113.78865489061423,102.58797176478575,106.7173874931591,90.8319258689979,81.78095169526355,80.42627156720138,92.7545996224608,105.1212148080733,100.98983631519546,24.164031674708063
101,639.072030363599,557.4048466218438,0.2402695967967445,-0.2573037428605341,0.11371906238778574,49,0.0,0.009975811756085182,2.7374360408232894,-1.0933599520934862,639.072030363599,557.4048466218438,1005.1243382811616,0.0,330.4935857287544,355.7516338458448,15.116186441386617,77.52477804495173,62.46563767611528,247.2700859622096,39.44208020326258,39.93088644847779,84.78324987421001,26.51479306093467,68.56090236829844,51.536758570551335,163.59238568546004,29.53737946877417,42.528650813586054,55.97422983329456,15.462520271035352
102,1975.1710870380898,558.9424873840517,0.5677861456746841,0.41265877007668883,0.46181729251807463,49,0.0,2.3397828596994237,341.1346289112994,-6.33231451826158,1975.1710870380898,558.9424873840517,53751.47626925952,1946.265135946459,0.0,355.17499560070956,15.11714789885373,3706.065937180246,3846.63555195624,3976.2418257749214,3977.811234034547,4224.996309549326,3989.270468469683,3957.526410322302,3737.6477873988397,3949.2179795866314,4172.352855653489,4357.154962096213,4347.161130565166,4320.783150551752,1188.610666120151
103,949.2974367689604,565.582904688175,0.8478911486513476,0.906633665393143,0.48737358659110674,49,0.0,0.014496899850910523,1.2978192214341082,-0.2830355050410218,949.2974367689604,565.582904688175,1120.7858199868351,0.0,0.0,355.617753667753,15.119798450997992,77.37787076066815,81.02251105636346,99.30138889535286,75.39509195146738,108.86050246318852,89.16455341870295,72.54599313723479,88.55712413791885,72.2618029072983,88.17336667318466,75.3402171399899,86.87493491405357,83.76916438380866,22.14129814760302
104,743.3003801962193,566.0187357921592,0.45681934303884003,0.4623229034783643,0.8213803078607775,49,0.0,0.30274581715043813,41.17696022307729,-4.036635707145591,743.3003801962193,566.0187357921592,12600.31802850393,0.0,7172.011503202859,355.70665860266257,15.119852848521054,892.9034499505483,932.9090118558527,886.3612475752802,937.2553235674739,933.1483258075457,919.9046346161009,1042.5908910228331,941.4955349893759,999.9244140419443,928.2650711210678,1022.4821613413111,960.9654986464518,918.7994880623216,283.3129759058213
105,1481.8967504080563,566.486429496557,0.5132474866004574,-0.042575095778355165,0.3407020778698125,49,0.0,0.011920655628203602,1.3421603703051896,-0.31951102836305595,1481.8967504080563,566.486429496557,1088.1370769324885,0.0,0.0,355.38788829168783,15.120342721093504,96.9906858290174,81.682590415796,83.21859921500649,77.18784746688078,78.45674621823366,78.8295709733728,79.30137632202928,76.53026368767264,78.79393683290466,80.51681716712793,78.12101065006492,81.40173318309519,91.56075381357209,25.545145157714593
106,2417.41143199612,567.517130415082,0.5337996693514234,0.4601939194456293,0.1396926172037271,49,0.0,0.021309241097891493,2.5710719085315605,-1.0252855582366114,2417.41143199612,567.517130415082,1392.86729816234,0.0,135.16416058382163,354.9841269312302,15.120504739509396,99.238451382499,104.41877377172399,88.34005743669644,84.40507387886804,103.63552569663005,95.84907955538775,101.76977702698763,114.09649013292268,105.96859380387039,108.67214148468688,132.22302815797582,108.37853618097179,114.88338801685885,30.988381636260552
107,978.453642277429,567.196969748347,0.22838113935707932,0.4164570267450355,0.8851781527712066,49,0.0,0.009836197481166998,1.263088701089398,-0.25358462547978516,978.453642277429,567.196969748347,1413.9959493242018,0.0,0.0,355.6051711318979,15.120486127888334,72.64030972124186,112.87468650293607,96.13843916675424,114.0738556122779,106.79190500571859,87.33991934683966,107.18577505758185,117.48156035041085,118.87277261439374,113.20044981792408,99.80906101487008,107.84949940610943,117.87791756815164,41.85979813899168
108,1204.2600378010497,573.7051617319913,0.7474124370619427,-0.3866019331551463,-0.015142753073732494,49,0.0,0.014165108779581345,1.3501153731539082,-0.3259272060211411,1204.2600378010497,573.7051617319913,1021.1890049260595,0.0,0.0,355.5077173917608,15.123291832887437,62.53012879176197,92.6146011158929,72.7265376595731,76.85133243936333,79.76851743549742,72.36433697192075,71.45224499253092,73.68102231962332,59.93400995457001,80.74824462645374,92.07625146018509,91.24402721766708,72.00659298136839,23.191156959651494
109,2540.753121069735,574.0805008451583,0.3442173428959011,-0.13664994348761064,0.3927932471108009,49,0.0,0.012046918653447078,1.7192078732173146,-0.5883209784150242,2540.753121069735,574.0805008451583,1073.816650878382,11.111531866745443,1069.1667844928213,354.9308899056129,15.123150540135091,75.32093365055002,90.7717751056309,77.63116050056495,85.36564389761645,68.8701956080888,91.60765997431197,87.0756379992589,60.21312625911612,83.67390768359505,74.35011403548745,94.10368322502714,69.76367787240977,86.8247174640228,28.24441760270172
110,1364.6059895125318,575.7591879107359,0.578795726947247,0.3446636196229648,0.2721557090225558,49,0.0,0.16590289871607516,23.339310063872478,-3.4202200341703595,1364.6059895125318,575.7591879107359,4518.011374799329,0.0,0.0,355.43851241525095,15.124189127638395,336.6943992489113,350.3831764286284,338.1274986901573,300.7533381327519,315.24920893347377,345.2544408310646,354.06934261042977,325.2913480572571,330.70314492090864,359.1659837253951,397.4822081895435,327.1126616752239,328.175110793003,109.54951256258101
111,2427.612470930735,580.7553029404892,0.6655854325373761,0.07744873650506988,-0.04740744966677127,49,0.0,0.0134765218297376,1.3754385713294237,-0.3461029976677798,2427.612470930735,580.7553029404892,1102.4819036328179,0.0,56.459742706507654,354.9797148119518,15.126013365156451,72.85160568070478,86.67824153095661,70.45812693617118,84.38621140144713,65.65493888711808,84.67233737203863,78.97728509761953,97.98924532309454,76.68847261457162,93.20627815951163,82.97663418017508,91.72545546340285,89.70075152394084,26.516319462065347
112,738.0185449363763,586.2152305732308,0.21133634921931857,0.08258997149524475,0.5898057845399831,49,0.0,0.007192220968699168,1.0516108634362107,-0.05463765960433683,738.0185449363763,586.2152305732308,1242.5200050979574,0.0,482.27579171368785,355.7089533106284,15.128263691598729,103.31296050419972,105.03571044726468,99.64945732768484,107.38820956063117,94.75182265504608,102.042488393935,77.99348745198625,100.7794282748585,90.6117393120887,72.1633442266999,96.44024245886752,88.63958747359382,78.14409901221649,25.567427998884945
113,1336.7503403608796,587.7534355275284,0.3819670610274582,0.05415723498119948,0.19967037644799374,49,0.0,0.021560692924187545,2.9082564053705346,-1.1590817332259284,1336.7503403608796,587.7534355275284,1571.344945103926,0.0,0.0,355.4505377627667,15.12918074791343,122.91954940718956,122.00150634647775,133.7015688310668,121.72587845950548,99.9492922249043,124.00088329699791,104.9484760266659,123.67158006717511,118.36083197276565,102.11348752917529,105.8285080939596,123.51292133548024,134.62563065680638,33.984830855755796
114,2490.7384479070856,590.4094363276477,0.23187383245358847,-0.45347250637445424,-0.3379637908043528,49,0.0,0.015505090332183707,1.744182419826911,-0.6039797619574738,2490.7384479070856,590.4094363276477,1804.973673379974,0.0,892.9730176316853,354.95246270974997,15.12999121837792,135.26626437438182,137.24522374663567,139.60499269368336,147.09881567039398,120.52634113834486,136.0149705477972,134.39778383839052,135.71440339362618,156.12356053566214,144.55391789115885,128.04087773209352,119.8207679606263,136.76614874335246,33.799605113827056
115,1166.066928952442,594.060539363698,0.786846389732685,0.5310022391489438,0.27599890247929776,49,0.0,0.014952794120414833,1.4735019773115408,-0.42087680742942546,1166.066928952442,594.060539363698,1022.5349890291762,0.0,0.0,355.5242092002917,15.131759741711504,83.84679127061781,73.07420524002934,75.25982669536532,82.57435397002716,70.73779564216018,59.59290564418092,95.10244931815252,62.522313173033545,86.96950105028674,92.76402943568942,74.87985387546112,57.666157222823216,89.72177362914431,17.823032862204677
116,989.4760949018614,602.8569059236656,0.622963279410804,0.21228327952873718,0.4697638454626384,49,0.0,0.051240633280828146,4.929359165504446,-1.7319761577391408,989.4760949018614,602.8569059236656,3485.458459149516,0.0,0.0,355.6004329659068,15.135349029855828,226.74740203437716,276.69858094858347,276.00537264129616,244.7152612524922,264.8938526427741,282.19161504403445,267.9575884161593,246.95414314058166,260.72377959819454,267.8799299198429,239.0042056429048,270.87167483943443,286.51625244546756,74.29880058337349
117,1243.7877560308953,617.3142948243336,0.6134051380452987,0.21176816287840644,0.2936490046736825,49,0.0,0.025954056797706147,3.071494292035656,-1.2183742814442453,1243.7877560308953,617.3142948243336,1354.3601765406027,0.0,0.0,355.49067080629106,15.141473454010837,84.88529525587356,112.05699002234208,108.72208494607958,104.8050814361169,81.40792363349581,118.19231133044674,111.93022675332179,93.73629941835853,113.69049533664487,112.80280637543038,86.48625624047087,86.08568358299524,103.5619964262261,35.99672578280021
118,1669.645975878314,622.5079957973826,0.5631901871305776,0.22123932783394115,0.3652926562185219,49,0.0,0.7884096985036059,116.53230711095935,-5.166115861793614,1669.645975878314,622.5079957973826,17522.032338885412,0.0,0.0,355.3068529768649,15.143687588616583,1205.0889933078288,1315.30978070034,1335.5100856043568,1288.6156816915336,1337.7496546138154,1379.1497066854772,1388.9200783584888,1290.3217807957062,1366.0144229250548,1296.5951852770932,1277.8952601944627,1318.3127460428518,1342.5874842402368,379.9614784481726
119,1090.9643224461888,624.824689571303,0.41514814012090506,0.6063319577991495,0.7985754793018702,49,0.0,0.009662745899333337,1.0306901601031369,-0.03282032474848788,1090.9643224461888,624.824689571303,1146.2142929271843,0.0,0.0,355.5566383004376,15.144548334094566,74.99885815544506,80.13070667756085,78.90774877734468,82.34004444493435,82.24546000374997,84.54103192275814,84.77416490017413,83.35388996650283,102.15698163082095,84.34727234892586,94.68860535681773,89.67090175718882,100.81906535587339,23.239561629087472
120,2323.7864582609764,634.0035581006417,0.3613091735863511,0.3648556926676234,0.06718421117866777,49,0.0,0.010031195647277735,1.337262661852942,-0.31554179674448235,2323.7864582609764,634.0035581006417,1102.4800527645227,0.0,0.0,355.0244919678906,15.14826456697758,76.04176086452989,76.65365478336854,88.58119069036842,83.9202633506432,74.82429419022714,79.84547748949926,90.57287695426743,82.8332964731353,84.77827213628424,81.94861652912788,85.99138740830108,79.95322997643756,98.23557040888005,18.3001615094528
121,2429.562994584403,634.0714896700476,0.8837881218640142,0.2876677071749848,-0.0015416324681366625,49,0.0,0.030761015504754498,2.89024528924918,-1.1523367550287946,2429.562994584403,634.0714896700476,1435.775118679434,0.0,0.0,354.9788344480075,15.148225526435795,104.24056283439361,99.24884399882093,113.16728374432218,113.34723887178941,102.8709757480008,101.07127420101088,107.03329587260458,108.85372594869862,106.54214678546069,109.52951697271388,117.78720348419463,110.65089462505281,120.65045074701484,20.78170484535622
122,1145.0399553795526,638.3703165490209,0.8257432873937899,-0.13097415528902676,0.28666588827316,49,0.0,0.016440152728060625,1.576940358568826,-0.49453817049051335,1145.0399553795526,638.3703165490209,1001.4115305695655,0.0,0.0,355.53330237088244,15.150213428210705,77.53721676623559,87.1576837637397,62.18578858244745,77.63956908047209,57.989337705090676,61.410298966492135,92.80494207479344,74.23924321526474,72.85673262291813,67.38402775597245,78.34246190275306,81.08527892886391,90.26620993737008,20.512739267152035
123,1402.4807194494224,642.4891276874891,0.5285138752115223,0.1594793406003107,0.2533912310282643,49,0.0,0.13175970525052344,20.439536167436856,-3.276177590421816,1402.4807194494224,642.4891276874891,3396.1741004248697,0.0,0.0,355.4221770622144,15.151998521610754,244.02369048768628,235.54033410891515,273.06119573331836,263.3857443663487,267.08174754746267,245.83902006402917,257.5531831187921,248.17945610194855,256.5199154815932,257.69995129933193,270.621622534493,247.66768695521517,265.59977351387545,63.400779111860246
124,2028.4829361987233,645.2391426745502,0.8021297029514619,0.046050670540364214,0.020722936605745035,49,0.0,0.012380293900652067,1.1386133430609398,-0.14094067217332887,2028.4829361987233,645.2391426745502,994.9217903377021,0.0,0.0,355.15195474493123,15.153085242213596,75.06413592005543,86.12326638454816,76.09128385472067,72.95270024014528,70.09502479073635,69.74645192414383,85.03728503778393,70.83903324779934,68.799562416864,63.92931191320427,82.85621317526756,79.53266877292509,83.4318495703696,10.423003089138525
125,1666.0862497467224,648.3114401651048,0.5153980038943633,0.4154003991471738,0.39563378734842614,49,0.0,0.017033483760887595,2.331734071551342,-0.9191975467747658,1666.0862497467224,648.3114401651048,1113.8651309291654,0.0,0.0,355.30838804101325,15.154438689507787,61.257182319474566,103.58929281816563,91.5610592388035,78.098338042867,80.1448528742068,92.20707631432748,96.16678603231685,80.33065238684388,81.60125676019109,82.85588863047747,86.5012249661018,81.08578557719576,83.06730076487052,15.398434203322864
126,529.8576923881637,650.0884645004804,0.8909499967691097,-0.6279827518201512,-0.5984242168765374,49,0.0,0.020453570414150263,2.459820060322949,-0.9772583473651252,529.8576923881637,650.0884645004804,1062.966250075102,1.021001474861007,181.27288900114922,355.7988532700023,15.154710509829908,39.88793596596753,115.54817942914623,129.07262003796373,41.64085876978187,95.45193591656013,6.110128600769569,54.635190450774864,62.07280226762194,82.57177018661693,31.405760951667794,29.788872846665893,32.46963643065061,316.7606458181939,25.549912402721077
127,897.8396231929497,651.4439101662118,0.49681758262375764,-0.2573615923762706,0.3459344996995581,49,0.0,0.0112953247900194,1.4893102055373872,-0.4324629138260874,897.8396231929497,651.4439101662118,1056.212017460345,0.0,0.0,355.64001466776693,15.155542988201468,82.93978389156769,82.28142125036078,84.81429093066032,74.86170595832044,71.81100824386698,81.71426702804345,75.26924329777442,95.35133642707626,70.78071666446975,65.6392807428926,72.98481069166172,83.21870360776505,87.4571306249519,27.08831810093348
128,1802.1940802236427,651.397853163047,0.7288713911988015,0.38594014728268194,0.30159325380050517,49,0.0,0.044207153251053406,5.312754209979762,-1.8132993102812613,1802.1940802236427,651.397853163047,1545.0299435084553,0.0,0.0,355.24963415759635,15.155709705174898,110.30640978377392,112.84310794867359,102.35714137875942,99.1966121215049,102.52467999560227,110.21020900154342,119.12611894837322,140.18155377747945,105.66723881457708,130.21523351970606,118.32334529850851,119.42564732579189,140.99857247710955,33.654073117051894
129,2081.1885043643315,650.2923145676262,0.46254304771728355,0.14062454617624523,0.3732164125579751,49,0.0,0.011688544342404352,1.521690242720163,-0.45581563967941,2081.1885043643315,650.2923145676262,1095.3428276718807,0.0,0.0,355.1292017239177,15.155170966834506,69.38758298218119,94.12307698138937,93.40339447939354,62.07656721842707,78.25239167640491,77.64545707757108,98.17662965262197,61.90233262021093,77.1396107087078,61.0930899678865,101.40851545137525,114.78862217436483,86.51086291305612,19.434693768290074
130,2543.636776360741,650.8097890746129,0.3598675937196731,-0.24065757987013403,-0.04288515047343667,49,0.0,0.028990543811731793,3.7800754434083346,-1.4437511691228067,2543.636776360741,650.8097890746129,2266.664011182045,0.0,723.0223866490621,354.9295822882982,15.155116392220288,158.74280927427907,181.81478882135187,163.311282994707,175.39831519332944,181.65467970309587,158.53242252971836,180.25597327402573,169.9161122275691,185.52460220236406,163.21990277768293,172.57332583407657,166.16203812477602,168.45129612152118,41.106462103548
131,2148.1413915804324,653.1363013110937,0.5378691980511263,0.3079646845126222,0.3287703118005243,49,0.0,0.0822023826569878,12.570140129426212,-2.7483502978539835,2148.1413915804324,653.1363013110937,2346.7224199150915,0.0,0.0,355.1002992605695,15.156327643725385,146.83543065094818,172.10532472125695,159.63123535470015,178.71723102167903,169.07642456549948,181.93769128746467,184.63673120693733,163.5142630905819,190.2257992709454,174.87271808691003,181.80056745812504,206.983430461967,184.22724849108238,52.15832424699427
132,2446.8350022856243,661.7670015463714,0.2013506125088508,-0.020685626138582037,0.4949097482302414,49,0.0,0.007155892287646701,1.0660549641241004,-0.0694489920275635,2446.8350022856243,661.7670015463714,1046.7978460610298,0.0,0.0,354.97135874859515,15.15975266595476,49.77313050244551,75.17186467211766,90.94998251094913,78.5909538251596,73.8226136807041,96.48420152606953,65.8397187627398,90.94348989010565,82.80313058352667,74.16053776177583,82.26680025437518,84.86725629138095,81.46280573452088,19.661360065159123
133,1195.5616752886567,665.0383373518968,0.5954881229966652,0.5029390537287823,0.1795879905260057,49,0.0,0.013417742877774357,1.6452224562878721,-0.5405615718341332,1195.5616752886567,665.0383373518968,962.9363639858567,0.0,0.0,355.51150384021764,15.161342353149983,71.03098983911433,71.7283619568816,67.40134810052407,85.27752067523411,69.55785792010212,71.03973802804592,69.79852741909319,70.4477860374625,74.70698044146758,75.11330234771503,71.42429769954302,84.8703052462276,61.14912124153887,19.390227032906676
134,1500.6700312150388,670.3605839886501,0.6983576376543302,-0.002365503949850601,0.20508276636560877,49,0.0,0.015664918113586133,1.635974847951824,-0.5344415559793041,1500.6700312150388,670.3605839886501,1034.5265186093623,0.0,0.0,355.3797948507292,15.163623075575156,72.91825010725793,89.15866122917919,69.19941372902272,57.00104047867909,85.64895942643442,89.07327237773082,68.31651892750628,86.6794709600504,71.92311281541689,74.53563919561341,83.18319593587722,71.16994176057361,90.50276850889773,25.216273157122618
135,1781.5775188457922,677.6359258373049,0.5874845373682637,0.43202895594946406,0.25799821903016124,49,0.0,0.5908908854169188,85.7289328996927,-4.832818544833593,1781.5775188457922,677.6359258373049,12648.827823008794,0.0,0.0,355.25852956312116,15.166644956979269,883.4595853002229,977.2933647400419,946.9139547852126,897.9652300048796,990.215577298432,1007.4032467711247,948.1164325109221,938.4898260407414,980.8962429492437,945.6983935255321,962.7358224336378,975.5112142203905,936.0003783548195,258.12855407359456
136,1375.5797492903191,679.8623227369559,0.7221718465262138,0.2855973725126356,0.08453907380254258,49,0.0,0.014242194589266082,1.469251657177271,-0.4177404730748002,1375.5797492903191,679.8623227369559,1030.2566713582682,0.0,0.0,355.43379651581523,15.167565269540514,71.53614928932318,72.5135752474499,74.32433576164577,66.08730666876477,68.08250091679375,80.72157680176144,92.26225614697438,88.38756372849443,83.60198327440082,57.73145953046486,90.3538516196723,84.34765778460724,82.51963456449332,17.786820023421946
137,1566.6052279876365,679.7164033469063,0.5490365384920096,0.3274665989369428,0.08223631226349698,49,0.0,0.012721870563786356,1.6177481932890498,-0.5222773086795407,1566.6052279876365,679.7164033469063,996.5229726141579,0.0,0.0,355.351331747858,15.167524777069934,66.79367984188472,63.21389762557581,64.61889973668023,80.44557507480937,79.14496578676332,87.05610185934684,72.5784278204829,71.21574685224869,85.63902843379367,71.27491840699787,68.10792254710081,90.14508983417973,78.04733254923035,18.241386245063488
138,545.7033420845543,682.0968156310339,0.9124743307024274,0.013105608933285683,0.6131710448517163,49,0.0,0.012028091648836678,1.0687563209317201,-0.07219674071518956,545.7033420845543,682.0968156310339,1349.8365922647934,0.0,763.460694283584,355.79204306079515,15.168060102805336,73.75042932328975,132.19359818231575,112.95162613252202,148.9264326812742,99.21653066302184,122.95211407588236,90.92863107577546,50.00735152125427,91.21892380486696,94.06895181853238,117.25002290922657,99.74613847240792,102.64576659884793,13.980075005575888
139,1677.9502441746945,681.2768688563314,0.2144277588020989,0.31158280375346425,0.13123661096919775,49,0.0,0.007422631725472251,1.2910154205389648,-0.27732857432403624,1677.9502441746945,681.2768688563314,976.9458038731534,0.0,0.0,355.3032645085564,15.16817295011336,80.2038795442976,76.71705437049502,75.73527922870147,78.44518587187628,48.147071638211706,72.86272503520482,81.58146502509899,70.54668600327724,77.07948534520676,60.19954346806021,77.91501459570918,85.08504044946608,65.67098704630097,26.756386251247196
140,1711.9892141629932,680.5518432821094,0.36795688650329084,0.03880540206177899,0.05190145510758067,49,0.0,0.008103807773669536,1.0545139650641215,-0.057630838828231404,1711.9892141629932,680.5518432821094,897.2861496204578,0.0,0.0,355.288570071431,15.1678682283662,67.95972549485873,56.851094503583234,64.28355111373412,63.51555322994965,78.46521309415621,70.71004061745455,62.475620289175026,64.46125041826923,61.693238529028065,66.98823287193139,79.43594438878102,69.40935926436819,73.40234638953743,17.634979415630845
141,1731.9874409893814,691.0343284689004,0.4638091678723266,-0.5027174638245725,-0.2021732381922493,49,0.0,0.011084331202813161,1.4117502490991054,-0.3743946825972121,1731.9874409893814,691.0343284689004,1130.243202038178,0.0,0.0,355.2799357184254,15.172233739501078,67.79033190814258,91.44542088105734,81.46617539044453,74.50040485849361,83.26494175693834,94.74322705371664,75.28645842441895,84.861715940788,72.30807082421703,100.20244603915246,94.28130262372048,94.14726300862236,90.51585163389004,25.42959169457568
142,541.0017889758778,693.6273994269028,0.5296079591864359,0.8712034572477748,0.25362725164860067,49,0.0,0.018882182598892593,1.747683509710598,-0.6061569711592747,541.0017889758778,693.6273994269028,2853.4946932123125,0.0,1799.038068495587,355.79408323377646,15.17286006517794,153.91176826664545,164.97217536536613,207.10890139054976,292.8414565361846,194.86503068629872,271.8245248433442,224.24261615897595,232.40668409892476,229.01687617969566,235.5435737064832,214.99543382636844,199.1689363314984,177.49590942444016,55.10080639753738
143,2630.31161385562,697.4988734933064,0.4963030330010216,-0.013341379791355568,0.15527359919326628,49,0.0,0.054391782713910534,7.828968647926382,-2.234261384705521,2630.31161385562,697.4988734933064,2232.7918885765966,0.0,1650.2788046468804,354.89212748282966,15.174498541469,177.17177318896532,159.22030163032423,164.76514383453505,157.4132429604507,172.07881716392225,161.78881233081384,189.2766358600707,169.3112748681716,162.3178979157869,143.39829385349447,160.8706843916641,198.09773905969791,172.88941340652678,44.19185811217268
144,521.3620883332508,698.9764424402482,0.3299664433216911,0.5397703165234579,0.3379759676366637,49,0.0,0.01089509171800044,2.1362976574633903,-0.8241544106707334,521.3620883332508,698.9764424402482,1413.0746066035492,0.0,682.8405909069917,355.8025663248915,15.175071407720932,122.87091105068302,97.69635023247744,265.7934057817664,102.82992195864564,65.54961675425068,96.61892605425886,99.54864016552625,100.64287932690348,97.68480109522126,98.02869473072289,90.87171835885363,66.12094804818301,85.49223440216083,23.32555864389576
145,664.8202511370731,699.0596166069902,0.49054308204914465,0.18167816481570911,0.5853181650285264,49,0.0,0.02501923846526719,3.0757477937218636,-1.2198768028840434,664.8202511370731,699.0596166069902,1624.7875259317655,0.0,0.0,355.7406373198537,15.175224823475729,117.50588043688992,142.0655431848449,108.68352724057881,122.32503163342531,118.49550265370296,109.8040176798535,139.7411551847702,118.79130231603344,123.8624054790296,90.06503760418403,140.35835399674932,124.58916369528828,132.40009522766735,36.100509598747934
146,1651.2992490192717,701.4143416229251,0.473294619060138,0.03634237632242966,-0.0013563407255020635,49,0.0,0.011160589772122538,1.3508182080928923,-0.32649226497834505,1651.2992490192717,701.4143416229251,1002.8944242036018,0.0,0.0,355.3147687636278,15.176564600157757,68.09473157326597,78.19759609711133,75.9248209175891,60.06146418834325,67.9338525139058,74.8848254666915,67.29646490781833,81.19151351052109,99.69208704625866,80.80932454385635,73.58781067489473,58.97146169047093,90.57549093756475,25.672980135309977
147,1151.0937807058297,702.355174735393,0.6313414351751394,0.3226441441509725,0.24095442016421934,49,0.0,0.02468796267486817,3.180644632286054,-1.2562878721879023,1151.0937807058297,702.355174735393,1169.2008022465293,0.0,0.0,355.5307142845169,15.176874659191531,89.09464469638594,66.37100731896754,90.0304257012334,83.73805147706992,104.6191682652488,96.20933393251129,98.67756880906916,99.02372444388243,91.26508850542128,89.96663466304257,82.18765936485592,72.72081992177644,81.17404245888093,24.122632688183742
148,1349.4282944964905,706.0128232538443,0.49493349284353055,-0.2434506572312052,0.0640212613083077,49,0.0,0.008162209765433796,1.025600227317303,-0.02744527108291492,1349.4282944964905,706.0128232538443,829.813204832941,0.0,0.0,355.4450916728008,15.17845570503141,53.739377632131735,58.28765800271212,60.05218297584192,49.79858132897931,68.79169706180213,62.384542054277375,58.735748698467205,62.273390973593095,71.42376199474216,67.01329867591068,71.61084850908746,59.750017939186066,53.796556413248176,32.1555425729616
149,707.3325112080572,709.8288566594252,0.5598354596272638,0.3464560851631832,0.45940102737675703,49,0.0,0.023846055984886178,2.9359096908453974,-1.1693567311663475,707.3325112080572,709.8288566594252,1364.47635153682,0.0,0.0,355.7222935126417,15.179743660350274,101.9046631222514,106.60498814648025,108.71212786660064,77.25787559767569,84.95339352014378,105.93806075123975,115.95767289497638,94.29131386877054,108.63367866560527,104.44192283761448,115.11610346169995,105.30157923025658,105.20532724636833,30.157644327136985
150,514.4057704992507,716.4663909617183,0.9479938640079114,0.17658330194412983,0.2411151845864928,49,0.0,0.015515231806056183,1.5533676667221257,-0.47818565273139096,514.4057704992507,716.4663909617183,1413.9901199623018,0.0,698.751192672062,355.80558581820486,15.182352145637184,77.34402672662297,95.54864957730265,67.6323060780537,160.9141305661011,178.02393479519068,168.75507353614734,76.30061141715362,74.65120577963194,59.0199726274129,117.2309203750462,107.21561257288433,108.6073924750776,99.83231927716442,22.91396415851225
151,2197.300550117993,716.4315180629459,0.5490916473756752,0.23065054726279724,0.210925052924952,49,0.0,0.07780538176909811,11.34124265788562,-2.6366516068276797,2197.300550117993,716.4315180629459,2366.333856803458,0.0,0.0,355.0790460686925,15.182676126401057,172.00314961948953,144.20306426054927,180.19429801810003,204.27680699943818,160.5450938286683,183.7904479243099,190.87300886234038,164.95092504318023,171.4143321093723,183.55356649364603,178.8502219971763,176.0278984588266,197.21212564410718,58.43891754425339
152,2066.3083055469556,719.2329760253464,0.4650045559230569,0.2597288402033805,0.5208538846620036,49,0.0,0.011677336632204754,1.4947960294532954,-0.4364548389648486,2066.3083055469556,719.2329760253464,1002.7883823199713,0.0,0.0,355.1355969711601,15.183900569613334,67.17550049424455,93.18203711542378,56.94201329431077,56.05883179617783,81.10254718629389,62.70911047706459,70.48897315446514,81.16669936899439,63.90009000403532,74.72603513866805,87.53953037457327,96.11153005983596,85.60402198869686,26.081461867186896
153,2533.2236436128564,720.5665876989656,0.3314255628695489,-0.10410338161026772,0.06558027337750048,49,0.0,0.014960737084383674,2.3941259873014507,-0.9478675019242269,2533.2236436128564,720.5665876989656,1223.2207714422548,0.0,0.0,354.934020367852,15.184187732856422,83.34302337339048,96.5322707948078,91.70766936693309,82.62893373898011,98.85623426848875,88.46877780670164,103.67530006632305,83.39003826128817,82.97196272523333,92.34267963021297,92.17517940136287,89.92814034720473,107.76456426788573,29.43599739344212
154,2415.3678984982294,723.0523015882028,0.47830342723166774,0.20891361448223147,0.1998980475971648,49,0.0,0.07245629257650787,11.017018884714545,-2.6051602346860205,2415.3678984982294,723.0523015882028,2592.412696547566,0.0,0.0,354.98489838104956,15.185308066409366,192.17609799982128,178.26283075710296,171.01652784260992,234.2573527035653,210.06769200305024,199.56271543474082,186.7974109361814,203.58088335417585,186.70534606120248,193.13166773450774,209.98872654708697,196.95316369045588,169.0568328481167,60.85544863494872
155,2313.6702346634906,724.5288213889539,0.9008361737370627,-0.001432690772152494,0.39738968157630883,49,0.0,0.018678284575555915,1.7147787169038262,-0.5855202114891476,2313.6702346634906,724.5288213889539,1058.8265471131062,0.0,0.0,355.0288022686574,15.185987145941631,70.17225158944656,77.10916599035156,83.3364659777499,70.99533551614846,85.88598865824399,76.9142259693821,97.31185997948717,74.90389223523066,90.932128730712,69.58166686029008,93.17325890815215,69.94215690293372,82.25709113956196,16.31105865541617
156,1808.1518209780504,734.206787350633,0.9951944653456075,0.38780604485872294,0.478138041853109,49,0.0,0.015546483945789509,1.1712411905602458,-0.17161584345258132,1808.1518209780504,734.206787350633,7657.283773841511,0.0,0.0,355.2470473856382,15.19021088023166,522.9519193301587,592.3263076661301,579.227786538615,564.1130185265495,605.4879190706041,543.0611505759974,594.2442259158945,603.0443436720395,529.5217825283831,557.7734353145912,548.3200825445848,632.7566293787083,640.8722701112998,143.5829026679554
157,1618.642564276235,739.8368658845527,0.35993149319763357,0.4677039282445906,-0.03264747357994684,49,0.0,0.01275662956101367,1.7043889845749192,-0.5789217967566943,1618.642564276235,739.8368658845527,1284.182700962334,0.0,0.0,355.3288665151146,15.192574254782505,102.70279355201754,104.2940554369179,93.00288821013106,94.27743648670102,91.62992037978717,100.1548905885345,100.57217787729827,91.88284846425415,104.00794627498206,78.76534021377324,91.44532350304215,99.47958751295594,104.01748463702612,27.950007824912817
158,1774.3843116075366,740.1314320264333,0.4973475273441484,0.3892018890254316,0.3440786460820879,49,0.0,0.03430750753722893,5.232276968500689,-1.7967268128259875,1774.3843116075366,740.1314320264333,1488.0326096147542,0.0,0.0,355.26162534207185,15.19268468217117,122.26375246064292,86.83860928327296,141.11596838042055,91.97260538762984,128.14052852746872,100.86824791384547,107.51103278896161,112.24930256074722,115.25080308214582,100.59140219207003,112.81951751823837,111.76356009658556,122.27014060602899,34.377138816696046
159,2260.5869948418167,740.974286429481,0.38047814952995124,-0.6257418338403059,-0.12525081169123425,49,0.0,0.008546302880120421,1.0920995874824553,-0.09565560764812671,2260.5869948418167,740.974286429481,1013.6445248690035,0.0,0.0,355.0517100550995,15.192869040632408,57.58431823475499,95.09619414867885,69.87693531223105,57.835639095624416,79.0277701089872,81.93911014926336,96.29794139002969,60.710623460284765,80.13054508094598,68.42493195900384,83.39791752774372,76.5075252440636,78.01659243563861,28.798480721753265
160,1194.8716043622612,743.2525337966377,0.8266970450825225,-0.5759293745822359,0.15832985712099704,49,0.0,0.015034131740071545,1.1823628375345832,-0.18187692773830477,1194.8716043622612,743.2525337966377,1316.7367442949112,0.0,0.0,355.51182939725675,15.19392983379082,102.61635331564,91.52934492063497,89.42432627401953,100.44077153326796,97.03905228602153,91.45414563092248,108.01428552782089,82.56970646579151,113.70139008332869,91.5031466367475,99.09307113469153,109.58362943295784,114.97440121557003,24.793119837496768
161,1807.1663409141358,743.2071165261891,0.6389676016695004,0.3299691819431327,0.2937308401888224,49,0.0,1.0495659776480575,147.49325623961954,-5.421930409346895,1807.1663409141358,743.2071165261891,19449.062844088345,0.0,0.0,355.2474712363025,15.193961033484888,1262.7175974046675,1444.2531430365011,1440.5164448482014,1478.6652828856816,1547.5703719801722,1457.5413271174416,1504.084506337016,1527.8950202633432,1440.5818419616855,1431.9423267474315,1468.5253299797628,1519.7108102291672,1538.0185397799294,387.04030151734173
162,1380.43099340604,743.863900113691,0.5324919245421325,0.20278526294194302,0.23077038482958587,49,0.0,0.04558142635224495,6.969450936252722,-2.1079964126954023,1380.43099340604,743.863900113691,1784.183462783415,0.0,0.0,355.43171454481063,15.19423232912398,145.58943039185425,130.5702226800148,140.45459692191855,133.9818209224027,132.11074932872285,154.74805148618188,117.28409836905297,122.19836710635232,119.2739486729624,140.13455222076504,143.17360788320556,136.62706779053292,134.19091061990707,33.84603838954164
163,1057.571869624185,745.8727164034167,0.5431827041237737,0.2889802410562895,0.26862908824335074,49,0.0,0.03303001913108312,4.660786079322149,-1.6711479253737354,1057.571869624185,745.8727164034167,1509.128049932884,0.0,0.0,355.57110915588606,15.194967941344293,100.08011132559065,111.65529667328914,115.85422143667154,109.02988693163712,107.27568465297077,122.1726188255593,101.7435406662198,126.93124400239225,118.02958521848649,96.80186947843748,109.98546135201329,144.82774258837375,111.43350203616413,33.30728474507834
164,1389.488294711933,745.6324894360364,0.4219190475595556,-0.11784800371528649,0.0664647573994935,49,0.0,0.015019688301783301,2.145216536552666,-0.8286778402337901,1389.488294711933,745.6324894360364,1372.7235750169211,0.0,0.0,355.4278043780751,15.194970818335163,111.06920124741265,96.19491587651453,116.48557473287761,96.54643900475322,84.88515823473398,112.53949097180583,99.05019520502877,90.57477586008916,103.894902802985,110.66458630134181,104.4117434678608,107.03013137044366,108.7765431277301,30.599916813344105
165,2520.8481720828977,745.9351367037438,0.5128026156086042,0.5449439303054362,0.30017928004274347,49,0.0,0.009946197750051655,1.129432905367346,-0.13215109125247615,2520.8481720828977,745.9351367037438,1011.428617796814,0.0,0.0,354.93934261988363,15.194766714780393,53.714473840248075,87.22843284870177,76.62785266340796,78.7775897667074,65.4475067272007,74.31642778147072,73.07168159810601,79.10336708772647,79.49231217669761,101.09544635304863,83.47325991804531,56.97655847070811,79.45473297702573,22.64897558771954
166,1909.8257133978898,748.4158143175435,0.5734370791619638,0.2972258880151445,0.33389663356398097,49,0.0,0.020593914971835933,2.845428312733429,-1.135369121340849,1909.8257133978898,748.4158143175435,1141.3804492005913,0.0,0.0,355.2031467311171,15.196109439983296,92.91112060314799,85.45745542416745,92.21150343925012,82.85766582029632,101.29888284709801,67.75360787828149,88.4794071968676,75.16223255468574,77.4082364206522,78.55295807293481,96.08839213479482,81.69797212381056,100.3381121259231,21.162902558681214
167,1305.1117328992507,749.6658727041522,0.766199823027442,-0.40581676165708774,-0.19614898646334428,49,0.0,0.015061518154135662,1.5790786760201614,-0.49600942209197185,1305.1117328992507,749.6658727041522,978.31109374982,0.0,0.0,355.4642351127798,15.19663374457044,68.06423180736768,72.02039052570123,73.63857433199766,62.423391102709104,79.05141160047162,80.34034576441115,86.43618183970362,73.62136181478425,59.603419812421734,79.4542317567475,80.68614337447221,68.24996828531508,66.30322982584059,28.41821190787654
168,2125.057451058492,750.5806206654562,0.4846335649101604,-0.3650993960884082,0.45509557387762334,49,0.0,0.010123213670748714,1.0620176685324898,-0.06532935514595496,2125.057451058492,750.5806206654562,1150.5040048315154,0.0,0.0,355.1102192184602,15.196937546367906,74.12305750790578,102.38191581385382,96.66460616306861,88.87741998034052,71.1811147212068,83.56616722939062,80.38211560278924,82.74184469173028,89.25364614219407,71.14435790759975,80.50697458437398,88.96304440463501,106.87535171862928,33.842388363797824
169,1446.0691822502995,751.8469739519211,0.780826823741876,0.3044987784480918,0.38756662188194924,49,0.0,0.012013144987762084,1.0842046085454116,-0.08777812242689734,1446.0691822502995,751.8469739519211,1117.4068564901445,0.0,0.0,355.40337629686417,15.197568593743265,87.13697058610867,73.13964836007165,62.92772413281888,78.41171489355725,87.33202986328261,87.77477290605623,89.35051688659271,73.09710386413059,99.21907865527528,90.52927531503825,72.98291484621745,94.94556775935878,98.87101170378922,21.688526717846887
170,2596.2501292964284,752.6021838211963,0.29565525432431544,-0.06499611997540164,0.312786821960377,49,0.0,0.007764056413120083,1.1773515025889234,-0.1772653560137003,2596.2501292964284,752.6021838211963,1026.7134643261459,0.0,4.2304020680299645,354.9067834897799,15.197485021955163,67.22699739676096,83.40918139499743,76.18742590277837,71.97034955881486,72.6938738409537,78.13057268100127,78.49714955209998,77.37451303579354,80.5522637385343,72.37312419662582,74.91747746326597,72.70255584025756,87.59539088851325,33.08258883574884
171,2115.9892293766925,756.7494847439248,0.6306413080309341,0.29967904042826105,0.24804963782448486,49,0.0,0.0530973077049492,7.355505956686736,-2.1665313788042253,2115.9892293766925,756.7494847439248,1748.0875298784538,0.0,0.0,355.11413165512005,15.19951167066389,116.30756843583154,136.03787539076416,150.02915871490347,121.51623536057397,136.98313788371826,145.42881331913665,132.67971756314665,138.14482314288512,129.47573605209553,134.98644036066298,129.95988705806693,96.02190293186527,143.2513757570598,37.26485790774355
172,470.66799627749447,763.975755328609,0.48399295619319027,0.45653461970969983,0.43410559640019397,49,0.0,0.07572065291799164,10.45734044142482,-2.548553117045752,470.66799627749447,763.975755328609,3645.8465916109844,0.0,2141.194954139645,355.82451411847046,15.20210637753626,331.55982297189996,374.5316149574702,346.51300525483816,291.2257833235266,287.00922762457407,235.38294363872612,214.9060703258608,218.09294751066818,207.6032574940831,296.723355162885,254.60582465419986,248.23566491494887,269.2625645288852,70.19450924841803
173,801.0932736916567,766.532179628741,0.49907449572940127,0.2937852795551129,0.41873244054520853,49,0.0,0.1010978940561558,15.427659740512388,-2.970750129664514,801.0932736916567,766.532179628741,3223.1094432871773,0.0,0.0,355.6818561383347,15.203433913335642,245.18433599940118,269.5257193061242,234.95063010976287,228.0293973601252,259.8037499338725,246.06086837310897,231.93483003801032,239.8589357795498,223.87257593571357,241.32194304223356,261.86836301670525,233.27052882047104,249.6778697977657,57.74969577433306
174,933.6829922892686,767.050580849872,0.612278871430731,0.22736454127413736,0.31376125149426154,49,0.0,0.12182692016338391,17.159982772947014,-3.086292118802432,933.6829922892686,767.050580849872,3130.7744828506156,0.0,0.0,355.6246097727609,15.203729940141951,192.0514531786583,213.1729308244169,244.87722603363653,259.82871058505,231.97891502796833,250.3516594609686,224.49905325435583,212.31176143908206,240.79294947456583,270.59911303178524,223.4641729836396,246.27512111864354,253.70465689625004,66.86675954159503
175,520.1806772194767,768.1687373124496,0.9172889355365296,0.05218102001815429,-0.10225394531118291,49,0.0,0.013790768162350423,1.1904321032495426,-0.18926157573831717,520.1806772194767,768.1687373124496,1154.7143799662203,0.0,853.0688523656454,355.8031415141253,15.203898377668231,95.00094490988045,94.1570346390024,87.22832840739292,81.54446235206234,68.22257015091334,90.3311151051815,79.62465967475121,89.57909693333006,95.87129879990476,83.54314118988117,80.02780886297725,95.86843381958751,86.79117282724792,26.92431229410756
176,692.2291720425011,769.2641372663359,0.4713192767726994,0.05047744295044376,0.08288079877038979,49,0.0,0.046725178325240174,4.49841721100475,-1.6326493303026346,692.2291720425011,769.2641372663359,3206.499945619961,0.0,0.0,355.7288607357203,15.204495624781662,210.9281126232973,264.4015671465289,271.7585654445099,249.04748945206347,242.96478159286002,234.39444895516948,228.88393043086933,248.63712869379717,223.71871268582268,228.65779823238125,253.33796511056934,233.84864023213817,240.39855148992987,75.52225353002493
177,1780.4057469619866,770.9606899021321,0.6944654343051778,-0.09177266520586004,-0.004598368029284546,49,0.0,0.01643287425661231,1.849814092999076,-0.6678202095999247,1780.4057469619866,770.9606899021321,995.6491356449446,0.0,0.0,355.2590207650935,15.205528832977492,64.77358492586602,92.31255182450103,66.10877340200689,79.35223966513712,67.54014066303306,58.942657513751996,81.88204300842918,75.74359111274359,79.25508289312249,65.92960969549341,66.93013364702414,98.95611903061422,83.604997338122,14.317610925099633
178,2199.9704669883795,772.4965538393855,0.320160994388286,0.306517019830919,0.4032127262527206,49,0.0,0.012317311158170221,2.0641790304973338,-0.7868684046083719,2199.9704669883795,772.4965538393855,1134.2328444346444,0.0,0.0,355.07786410046964,15.206034100225102,82.62840076354223,73.89310358417458,89.05727467515726,85.32974476556527,86.39542136922071,75.16774483786011,74.64424536113275,98.46126138457531,82.86548298148807,88.17230104236988,82.40774224492183,77.12385190287131,106.24298743361375,31.843282088151426
179,705.0636705451186,779.4889572446059,0.44383828792869,0.21093273583513594,0.0693108349386087,49,0.0,0.019582427525856747,2.203942355059299,-0.8580005779822047,705.0636705451186,779.4889572446059,1678.1101620129734,0.0,0.0,355.72332738118047,15.208765246644464,132.79532399876553,122.92941728383924,127.84799074825564,118.29071181296615,118.27758736829696,138.78653663177113,145.65278908764856,121.343108797894,114.6504134646716,132.00762024826258,123.69353690307504,139.75328273340378,122.9358341255872,19.14600880853581
180,833.6075037853761,781.1645587771363,0.394687824127442,0.2640787264572034,0.3076447853343244,49,0.0,0.018592073717510975,2.9481510698316487,-1.1738743349360454,833.6075037853761,781.1645587771363,1188.0350092391373,0.0,0.0,355.6678277086538,15.20955138204354,90.51161102661018,79.23192887878344,83.54424418438896,93.06435295049101,82.82846556751278,84.17588492947306,78.96385567724545,107.06439948867946,91.93332292611079,83.74405988903136,103.30661555086175,105.65441800962412,80.95172912522946,23.060121035095488
181,2524.820239711441,781.8293042106317,0.4563097765367539,0.23978389491339744,0.038157820428409726,49,0.0,0.00925442113712001,1.0680883378837687,-0.0715179329226272,2524.820239711441,781.8293042106317,1015.6041569356772,0.0,0.0,354.93759880963046,15.209718685616796,74.89976293626448,70.74682983108404,83.0543212852287,81.09042808684114,82.68399867154614,82.80195944638263,63.47316244856315,82.44712306688673,83.61304572884521,63.26798514090083,72.96645647139712,66.6972196833871,86.45775584834179,21.404108290008143
182,1010.0849420578702,783.044315256726,0.6546571147492594,0.2790870921103319,0.3156523332683586,49,0.0,0.050120723559948066,6.648925768769949,-2.0568787108588666,1010.0849420578702,783.044315256726,1679.4243292918359,0.0,0.0,355.59163055691846,15.21043323671631,120.638736620447,128.8426700199961,134.0145099861272,144.97053963252756,122.55195430578368,122.34200677997762,142.95127455942693,124.46754345301663,126.63460723789274,123.75379663404652,124.99676844144807,129.78688127875768,106.11224807826699,27.360792264121052
183,2590.296237884757,786.2695970252336,0.6370257348951107,-0.10687755047717755,0.12186454456625667,49,0.0,0.02275961549371001,2.735397445896436,-1.0925510926876,2590.296237884757,786.2695970252336,1285.5528315071592,0.0,0.0,354.90932492419853,15.211517071822952,91.06547183780728,109.78733119239243,99.87867702893834,95.18005017836379,96.52586148385596,89.81096140618467,95.00656635751406,94.18469062159221,104.04669043812547,94.92743483236026,99.46333089837107,89.5851046609593,102.1865763624352,23.904084208259185
184,390.9471751958051,787.2433701767303,0.5937824229037177,-0.47006223231006095,-0.6887403827771382,49,0.0,0.006243377305001639,1.02662901482865,-0.028533835575322936,390.9471751958051,787.2433701767303,835.8563141607123,0.0,41.888333147885646,355.85895696753283,15.211723694021762,0.0,0.0,0.0,590.6748375136661,0.0,0.0,0.0,0.0,36.104797702517594,0.0,83.43724949884135,49.08005676081612,47.41177100364354,29.147601681227567
185,458.4615410778952,786.4149986251376,0.2015934177709059,0.26361616916582126,-0.30226751918639966,49,0.0,0.0055795436468885845,1.2598238380641733,-0.2507745542515404,458.4615410778952,786.4149986251376,1085.1715295462868,0.0,677.9581552746888,355.8298064544593,15.211443962654197,81.45930754833441,91.6551236876658,83.2905837161371,66.71410751621039,52.1310396533272,58.88378416395452,127.99924769200265,56.66048761141129,56.93960288860714,115.67276722082653,78.25728334787786,114.71069655333281,80.27123253170015,20.526265414899
186,903.5972321282903,788.073656413495,0.3395332923969069,0.6578305613475389,0.21437679143804225,49,0.0,0.0118622518424768,1.7044578840076252,-0.578965686442251,903.5972321282903,788.073656413495,1106.0352435213374,0.0,0.0,355.63761238820604,15.21247222826658,73.10985399132406,78.54514545336352,92.18687421426836,83.23321115256968,85.0336302143042,84.59543892621804,89.50619849339284,73.08923977163312,94.38957728178931,63.54816726551022,82.86587556290246,101.85442645923543,82.55098410224255,21.526620632583622
187,1163.5688497533297,788.7809513070949,0.5901513592701104,0.03147873248372831,0.692266004364953,49,0.0,0.010544605089918311,1.0540684739253683,-0.05717206059267717,1163.5688497533297,788.7809513070949,1129.3627743671127,0.0,0.0,355.52536160541825,15.212888354463798,69.27894398738769,95.51148879062794,86.16986905265604,98.41470392921758,84.98781959965999,88.74147431202503,77.74758377571199,87.10252369985379,88.71550256907555,71.04665379110389,74.54027952231145,96.69156845192279,88.00478161062082,22.40958127493819
188,1017.0186292712425,790.1626920447684,0.5950260117881357,-0.09975207144544418,0.47751461803175627,49,0.0,0.02392095462606704,3.09494903634564,-1.2266337550251594,1017.0186292712425,790.1626920447684,1528.791469772687,0.0,0.0,355.58864037270257,15.213402447032834,102.90161271558637,124.06120361330844,117.87725697516575,116.7927303341857,120.3316780980663,112.17402867198459,95.2141726916598,111.9147378595975,122.33042316481684,113.06884770100405,117.42696662166321,115.30933325882955,122.06618440543227,37.32229366138646
189,2533.3244032460284,789.37098628506,0.32320540911221946,-0.09680583562922904,-0.08532114322050141,49,0.0,0.01138196659078375,1.7685171424944253,-0.6190231846272123,2533.3244032460284,789.37098628506,1058.3982207024826,0.0,0.0,354.93392088618054,15.212854360059465,81.84867563838503,86.72075175282588,80.1305097345982,76.06482404917269,80.72287129036306,72.76586705407838,74.69274152989418,78.05733517644512,84.80652400838387,83.02848797723472,77.60358872640978,68.25880788375333,89.96110483398866,23.73613104694974
190,1014.1208320615972,795.6909078949606,0.8266539045037706,0.27459081423002796,0.08470249397317312,49,0.0,0.01651283529089404,1.56518029070131,-0.48641092618693327,1014.1208320615972,795.6909078949606,1408.8292154815217,0.0,0.0,355.5898944214556,15.215704371660848,93.00576701348778,109.95932468549601,114.37284461442961,113.87841758000522,113.39627834604295,88.8675726933558,94.46785360807016,117.73667214472646,105.52601120620182,100.34904915917218,114.28877313114693,105.29516095536069,106.53195406774653,31.153536276279528
191,1912.8190486843132,795.1582351044952,0.5104791572559575,0.16912005468806143,0.5208280786460904,49,0.0,0.013397345888429535,1.7704728277946158,-0.6202231646042676,1912.8190486843132,795.1582351044952,1051.2965153740442,0.0,0.0,355.2018416146795,15.215583921302109,65.43314938545667,72.70834849787184,79.14508244000517,80.4997967580677,85.16655307259755,72.35794725380542,84.42732861998456,72.89800600064444,84.86011491461419,79.1677477516966,65.70371506351874,88.25050767206143,92.5591522506469,28.119065693072862
192,475.80236590569416,799.6507338836902,0.661199512344389,0.39142030010796625,0.6754652278357999,49,0.0,0.01933444026167879,1.9013292609190793,-0.697643329798972,475.80236590569416,799.6507338836902,1349.5533319124156,0.0,1140.9320532408437,355.82233241761804,15.21697465452223,93.4713076885304,103.1084013535129,101.48848773067357,91.99250011023864,106.16390708826347,118.0855166081781,121.7114297169324,104.94629752508291,84.98126282442843,84.58875341272218,101.4929395153159,109.60388957613593,99.58171908908265,28.336919673318157
193,385.9911218047381,800.9505023173936,0.816306992681277,0.23181197044766813,0.6612246275682687,49,0.0,0.016582085836068315,1.97487580104367,-0.7388494706435993,385.9911218047381,800.9505023173936,663.931834057807,0.0,160.636604578693,355.8611112819952,15.217429614101531,0.0,36.10478194032091,0.0,0.0,0.0,0.0,0.0,115.48048517136793,25.94094204778956,70.4546317032557,175.0488136746111,95.60778346288573,92.63585773890031,52.65853831867576
194,1979.7793661091298,799.6856379332831,0.6228517598398334,0.29921728779683326,0.2790607959248305,49,0.0,0.040431669457158745,3.956027250801121,-1.493148186352157,1979.7793661091298,799.6856379332831,2483.814277392604,0.0,0.0,355.1729271061789,15.21745118502693,168.11690282615803,177.45231113806966,175.3228758137746,169.52058330640114,195.31228312737335,203.63427359393182,179.70846467408535,182.86376417230616,199.92782901169718,188.8148836734829,192.05616304075022,164.2779007996441,225.92684889956953,60.879193315359984
195,448.5993476623457,799.9404329889624,0.3863015043205128,-0.08040643820326937,0.2633046976539444,49,0.0,0.008029654144626976,1.2957043886270494,-0.28126482437657896,448.5993476623457,799.9404329889624,1027.2089187825172,0.0,672.0887642024154,355.83407810953406,15.217069834349564,64.37468094593842,46.97892916485456,66.80232942756365,75.74780080427443,133.43620401055557,129.40669816926732,59.39800153642156,71.75236902052933,74.49758824500884,71.3431877512219,75.4019224969241,76.85564128591592,60.23927611643143,20.97428980761033
196,1364.5180359826934,803.7902594891868,0.5001082911981335,0.32802860343263157,0.029588054594525508,49,0.0,0.015963421139485866,2.077018026155462,-0.7936006643347087,1364.5180359826934,803.7902594891868,1115.776209439061,17.53359616047134,0.0,355.43859730264217,15.219197717230545,67.02435716457605,72.38025842271787,82.88820246512131,80.54916820430807,92.65661409988319,91.65339203491172,84.74695442206371,76.40797070919206,95.71877677712575,85.27011390555234,113.10466570618752,79.55258380411169,73.45292758378542,20.37022413952435
197,1826.691231525246,805.9051409978634,0.41358262162878345,0.3868954593050047,0.1769456823006254,49,0.0,0.020170525778682825,2.8156878061756108,-1.1239612501351592,1826.691231525246,805.9051409978634,1331.5327968214792,0.0,0.0,355.23902899945824,15.220080752095567,99.7533294374519,93.7485881594008,97.72724886566493,99.53871300328947,100.44142269131905,87.17158507080012,91.69137508490508,113.8415225563981,97.53570913897485,84.56131165529901,107.5464105086931,114.67793276556024,117.0458370111927,26.251810872529845
198,1039.3077500326435,811.0838967204257,0.49490632737992973,-0.23608318458410574,0.05413465866597556,49,0.0,0.008978907552265694,1.1384443024621482,-0.14077946984375245,1039.3077500326435,811.0838967204257,908.1795694758055,0.0,0.0,355.5790265354172,15.222129753846062,73.27678933065124,66.05809470805214,65.7654504089047,78.53577542546911,54.81850516520993,58.92968278620812,72.16203242984145,70.16449015215645,70.12338790040857,74.78826991349852,72.64396152980868,65.39886739159093,66.75169442926043,18.762567904745147
199,1765.7390912998285,812.1929717323942,0.4684246782968364,0.261789532921853,0.5581672604307314,49,0.0,0.008970868781792225,1.1148293787908314,-0.11802101258662491,1765.7390912998285,812.1929717323942,930.1625648774829,0.0,0.0,355.2653475063172,15.222710426836148,59.77238204748637,56.12544772032955,79.30458795095592,66.82610082058491,64.51965035778271,74.61030839441602,66.33888367903141,68.26104868049993,66.07693439566634,75.12946116821792,85.76110186032706,78.47632704686829,73.21501405858021,15.745316696736234
200,742.1469621636755,813.3222080058513,0.7914366440183117,0.7742343971774085,0.5188247231720903,49,0.0,0.012006064970261437,1.0968506588432358,-0.10036875112579224,742.1469621636755,813.3222080058513,959.6220202218223,0.0,0.0,355.7073414999713,15.222888441489914,63.86170049205615,74.61009202145746,62.22326219641894,73.46445067889297,63.19339948822051,74.06277986448455,76.69101257771516,85.87897817180114,68.67260312172118,75.93655396005511,71.352901054353,66.85062025382634,72.97405098839242,29.84961535242734
201,1594.605864103324,814.0061522270767,0.8220346918112578,-0.029627042932132044,0.4227451789575021,49,0.0,0.012867767417872364,1.2538401870894051,-0.2456054634691744,1594.605864103324,814.0061522270767,868.4381911694309,0.0,0.0,355.3392446910878,15.223477135923808,59.0227981061863,65.552818114469,67.57976349905891,65.10671957922936,62.9785001990828,51.16733322336023,61.887428530780355,69.16283495492107,77.31795822534745,61.82002439596609,60.041727336892514,77.92996303352604,68.01872720744876,20.851594763161962
202,575.8878617701031,815.84940369612,0.5230944909124189,0.38239075552476787,0.4689319408337764,49,0.0,0.22583549890988427,31.40718695824063,-3.7425725994153005,575.8878617701031,815.84940369612,7297.8392158477955,0.0,0.0,355.7791328098675,15.223812316931191,494.9896758931936,565.9563722220817,494.9144353998219,535.7510897841546,551.3735849803121,590.5125112050102,506.18208845742566,521.3379726185592,599.6089095665831,583.356152316716,555.0826139276995,573.0645256957713,563.1447176790041,162.56456610146273
203,2029.2345223117227,816.5290939934905,0.5336580233266749,-0.35606738027187484,0.41778278552907894,49,0.0,0.01464976084270478,1.7447934696795546,-0.6043600677983402,2029.2345223117227,816.5290939934905,1096.154394383516,0.0,0.0,355.151566262521,15.224452554001571,58.92743435238853,80.6675479551721,75.71799064326775,67.08194041076914,82.75153701954919,91.23931424841024,89.3078138284028,102.61082577687948,88.12240611837852,79.3241324152055,76.26742333132069,94.96195868298219,86.63314567058653,22.540923930203476
204,2412.879186501388,820.1994324056437,0.820642700308608,0.35568221583283827,0.2155808480736263,49,0.0,0.03804360182473939,4.131640493645723,-1.5403063130855512,2412.879186501388,820.1994324056437,1341.6825105847981,0.0,0.0,354.9859039571468,15.225785469611411,94.44006723390099,83.94499346930958,94.19214708186749,121.719782752742,105.70096184930013,108.2181823578666,104.20984683696054,103.40397455212104,108.54473018353008,89.31710838897061,94.37037114667201,100.06503654638124,103.19403934471866,30.361268840457292
205,884.2541964106634,821.6983835548696,0.6266077061136347,0.2706633739256158,0.5790620764782871,49,0.0,0.017099682925973157,1.8065395514820788,-0.6421186855909693,884.2541964106634,821.6983835548696,1238.3846990515262,0.0,0.0,355.6459852916336,15.226470596809115,108.43971357629164,95.37875721336206,85.0877254282903,94.64788157421711,96.28301950610745,108.06067047578016,80.8241610187462,98.92558565656809,92.11768127303898,93.29869762241044,77.61928692052196,77.76520951077268,103.38512599264536,26.55118328277372
206,1268.479222066537,829.5081382339637,0.22130757790456346,0.15860795377184173,-0.011455829361636338,49,0.0,0.02129542028081457,2.517427482359293,-1.002392422528084,1268.479222066537,829.5081382339637,2466.34760384098,0.0,0.0,355.4800744745423,15.229890634878444,172.23758369903322,179.3704329380376,165.43434663461,195.50599233313886,167.07380178171184,187.5853871264777,195.9481454991971,188.65760573712328,199.09639459396845,180.39388219900758,210.88061529233164,186.336011857443,187.80394271698603,50.02346143191353
207,1514.1926111646221,833.084298411686,0.42317168685433687,0.20534463631580127,0.34474621038407155,49,0.0,0.009112982405343757,1.275001419178068,-0.2637766704364267,1514.1926111646221,833.084298411686,969.5601755401691,0.0,0.0,355.37396957801445,15.23142305129015,72.0240152893252,68.33291574139363,80.45867138182354,55.97477944829216,74.46799852983565,72.80803831032625,64.02008821943967,79.50839999058323,76.68911563725302,79.16809260638813,88.39125431392642,72.02022750821433,69.47108351186914,16.225495051498807
208,1831.1031485203712,835.88220126807,0.5282398421129124,-0.3070196241521847,-0.34947266636594404,49,0.0,0.008221704300087722,1.018205412722933,-0.019588503481479953,1831.1031485203712,835.88220126807,861.5573396731249,0.0,0.0,355.2371178834153,15.232569942754445,51.73342033492182,65.63829195325147,61.71886120991372,66.75621214407619,62.10702605552189,71.25219595337225,66.37506619210914,50.65429031378557,65.05382008746612,71.84249160043674,74.1194908750583,62.18563324016418,75.09082938310668,17.029710329940897
209,414.8099759950467,837.6538631674389,0.391694798495975,-0.22898205016624834,-0.8874949659536021,49,0.0,0.011922908798805953,2.1096324930718677,-0.8105170148648678,414.8099759950467,837.6538631674389,1379.9453400916932,0.0,602.3991518841499,355.8487062516688,15.23275007901139,123.81080347328938,151.78787853677838,65.82256581818402,86.1346677624289,49.638162664842014,69.62087645921616,95.09441883453407,66.36723458915966,257.84823382609005,138.10598876076222,127.70016687712692,54.164692848799405,68.4774733836172,25.372176256864666
210,1580.290208584662,838.8984685934515,0.9177581829998208,-0.19593920567806586,0.3253836308430128,49,0.0,0.016736936257873977,1.5478060832512337,-0.47429137302274715,1580.290208584662,838.8984685934515,997.3102026177908,0.0,0.0,355.3454268103392,15.23384845156289,62.859676342625434,72.29182661004452,68.87967139132596,69.90435210794803,61.63416304842724,70.42858545045605,74.61658581088659,84.92815694458946,89.68646503471163,78.83972730747197,79.45905308107925,79.35376578994106,85.20172957138186,19.226444126901725
211,2074.3407952929124,838.941047377315,0.6338055707754985,0.17827128002622658,0.22948996368595348,49,0.0,0.49821731241497547,71.26063851828883,-4.632124273627411,2074.3407952929124,838.941047377315,9218.894273034239,0.0,0.0,355.1320796658726,15.233773727615906,670.3143952092181,660.063070732836,670.9430703469549,676.8086908015242,718.9687441308467,722.5886407524397,699.2051054593603,724.7341673924193,668.3182256671629,693.6624398625173,738.5677153014851,744.3838994838167,631.3668363978325,198.96927149582496
212,761.8269316620361,839.8760892107636,0.5477362212497088,0.34978567155487483,0.3050490510899264,49,0.0,0.20792183395609604,31.526120369673745,-3.7466763234990843,761.8269316620361,839.8760892107636,5151.307919980418,0.0,0.0,355.6988632312329,15.233965754602291,359.923622347343,363.85343112559815,387.02497401950086,403.977656043799,396.25978715201785,381.07268078557456,412.40668770235663,385.77729640041036,373.40523839793855,395.88887076142964,421.54219440206657,376.81291718400496,391.6567551457978,101.70580851257967
213,2355.139255663686,840.6539414044707,0.29133748696983053,0.3627167761129308,0.35808887471543854,49,0.0,0.00790164631991484,1.1963266883017467,-0.1946244782971818,2355.139255663686,840.6539414044707,966.0256953886771,0.0,0.0,355.0108227607009,15.234345083969234,71.88998783154003,86.11394889413347,86.43859754084244,71.26595603945599,67.73876891804396,70.5288618062749,61.762209822916546,73.32641223113225,61.34452611033228,69.5994060395577,79.97145911905046,62.59228770228047,79.26363677738257,24.18963655573413
214,1495.1691660058264,842.0415473285681,0.4249932328866534,0.3402599046458625,0.2599302045034999,49,0.0,0.009185080191370855,1.3150269679777398,-0.2973366480793219,1495.1691660058264,842.0415473285681,912.8531240665031,0.0,0.0,355.38218527687513,15.235153618429582,65.42984056803166,81.49036509930224,64.6639604488054,42.66472257588049,63.418969712138505,82.00923514669716,85.90555998219065,60.130625761298134,62.8484268596397,73.29312811926567,75.10787967819029,73.29866878155475,68.55342187515922,14.038319458349275
215,1472.8715474882104,842.8971468433843,0.46215634225628016,0.3340223531261622,0.6180664342888085,49,0.0,0.00921368904489678,1.0304789100492766,-0.03259776965986596,1472.8715474882104,842.8971468433843,1203.7938806701604,0.0,0.0,355.39181430269747,15.235507963934205,89.1576046263769,82.66844652894324,94.8773123669535,118.58138913906552,103.34615176180446,82.70762894452487,100.24216743930654,89.49064058539562,91.27286327658766,86.5903572211514,80.2493047396536,89.05313520964371,77.9826349083173,17.574243922436104
216,1952.078226872631,846.7524177275368,0.7733267806418715,0.238072899367258,0.22728433048524777,49,0.0,0.012666273358704388,1.2984284406176545,-0.2835450491388503,1952.078226872631,846.7524177275368,969.1045634588535,0.0,0.0,355.18487393196,15.237069990805013,56.580674463515884,72.08672100573186,77.9078845802826,82.8726492533375,78.87174996365368,86.87420682846331,82.0164049465434,79.46179965448073,66.01942137627739,64.34076188398537,63.875196504292546,71.45535761488298,69.48701448074186,17.254720902664445
217,2437.527099173392,849.7290086832551,0.49457032572276094,0.3358942242557509,0.07340688445406689,49,0.0,0.02519102378089145,3.8391309008347583,-1.4605823007031353,2437.527099173392,849.7290086832551,1307.292421364528,0.0,0.0,354.97523938951116,15.23807206972579,71.18006551544569,110.28167226714021,81.78515578933674,103.8610140613571,96.65279494675725,76.56012624833552,99.60642473948555,94.6361731741851,122.96604806487541,111.96646447395031,83.06723018502825,96.66143604344717,117.74777379254094,40.32004206264282
218,1842.5587268778718,850.6563792909998,0.6033501903004758,0.3475410406413786,0.21448394940514837,49,0.0,0.40368445751325494,58.69946520750441,-4.421585361360611,1842.5587268778718,850.6563792909998,8225.197256665972,0.0,0.0,355.2321678968331,15.238723419578418,561.6041197729386,613.6126941088908,602.3723855119715,639.8838010934935,607.9317885941875,663.6456548463241,611.5706848013822,655.2804675018017,631.6643328452252,620.0649958464269,596.9580204089261,638.3449070126356,638.8432499886011,143.4201543331675
219,1656.4462881979412,855.8226219988579,0.9937903882010042,-0.21450537514138227,0.17681841056632872,49,0.0,0.013600642223824714,1.1137814744005299,-0.11699997491385628,1656.4462881979412,855.8226219988579,930.0249964069202,0.0,0.0,355.3125391771126,15.240898847135616,53.39759752117165,73.52547668423466,53.55310176663946,62.74677922414341,67.50329448169244,69.93518981113806,80.02607492858473,71.04283734897496,80.45813913332172,76.70766589479237,81.14131766411259,61.42261731556975,76.65435634230363,21.910548290240747
220,2051.449247100239,856.8780892587909,0.5933845825096694,0.1274470687311932,0.21247226716093587,49,0.0,0.6001830713027526,89.86001755566912,-4.883916247759406,2051.449247100239,856.8780892587909,11479.241707508263,0.0,0.0,355.14195784444166,15.241255961963676,766.4309514117228,883.2253208459852,869.5482543668239,851.8190360347169,840.7789877927078,863.2422116608291,910.9031477024766,890.9343886926833,857.8776636276959,860.1899615354487,813.9377942246439,910.1111051620226,895.0527024127903,265.190182037715
221,2829.8190692070793,859.2018461023138,0.78473444107585,-0.11622476094642593,0.30285208192682705,49,0.0,0.02078431482284733,1.0651240750752338,-0.06850050296244556,2829.8190692070793,859.2018461023138,3097.849668324242,0.0,2964.545274636055,354.80583078223094,15.241684286001908,88.54508554028689,45.4383208660853,102.5135795463805,540.7288129454367,521.4067044980243,481.98743321147583,478.85523598704555,389.7803908474507,282.9857271774412,49.10757243541072,35.46498094219699,42.04435351751508,36.73055819561554,2.2609126138769855
222,1906.210609469294,859.710408407079,0.5497069791597461,-0.01823159091701987,-0.12110360958225788,49,0.0,0.011903673957856317,1.2724198535886415,-0.2615760919809693,1906.210609469294,859.710408407079,1071.4625672774948,0.0,0.0,355.2046778789068,15.242481420944205,80.66305494588855,81.71379346019404,66.27680005560171,74.94052884450463,62.013943773906234,88.3842051994601,86.5934507469039,92.32726628529696,78.21826905876375,90.39642735729115,72.71265260510887,74.23141093407659,96.60731016183249,26.383453848665845
223,1561.722547315944,859.7648908312491,0.6112970725311827,0.34311734316483905,0.2751228646750625,49,0.0,0.3378380128792776,48.61875289315179,-4.217009536691532,1561.722547315944,859.7648908312491,6977.315369910597,0.0,0.0,355.35344566929876,15.242542082460078,490.0963817513443,524.0419563821222,514.6784439032442,572.5941123462037,512.435219774659,551.82794193626,543.8380128646961,475.4830672508006,499.3530818843568,488.77219085704246,537.3643172635458,574.5743054602124,551.9341715089954,140.32216672711436
224,1547.7832308007637,863.362428665683,0.5879941087541387,0.1934461517670987,0.2810055468154385,49,0.0,0.39634545096632623,58.97923457137828,-4.426747830017925,1547.7832308007637,863.362428665683,8203.834589050972,0.0,0.0,355.35946556309557,15.244040486652668,586.8339208917745,601.9438419210721,584.451756488499,614.2525725042474,610.2103716199359,623.6936139479861,660.4336803487838,620.4556581841252,628.1804575556547,605.6725785362039,629.2010651537546,636.5989766232478,638.5037661355452,163.40232914013865
225,361.1232793705153,865.561925087579,0.37739165958393806,0.638684624656322,0.5418481238232953,49,0.0,0.012936494425273113,2.710459953479848,-1.082607487618177,361.1232793705153,865.561925087579,3312.0486537635525,0.0,310.0315315650016,355.87191819521286,15.244323877934685,67.91524523720119,62.41628614657003,105.70448770057844,61.49122226661453,13.49521356102355,49.75306710206365,360.44839456497084,36.0826630975954,390.13428398862806,176.28712575895457,1817.3613703625465,54.206842591488375,96.75791238267169,19.99453900264583
226,1225.1838861303047,874.3225945046556,0.5355477543740615,0.10530306765546918,0.048748762370344166,49,0.0,0.01156003328143761,1.3983884418216552,-0.3640695642666152,1225.1838861303047,874.3225945046556,1043.6323003149882,0.0,0.0,355.49878507569025,15.248550065186329,73.62586026283297,83.91667477995999,74.52037097467306,62.346611307552486,84.02655324309605,73.24516915743823,79.49135192906958,75.32034271616678,70.3737627466742,76.42248525598052,96.36486000332788,87.48684845902298,83.28009874542124,23.2113107337722
227,2786.597929157651,875.3060879600018,0.7182903535360255,0.3209942499928939,0.21657560956099864,49,0.0,0.018801397076792722,1.8142399434013239,-0.6467368110052575,2786.597929157651,875.3060879600018,2120.491675862959,0.0,1969.5534898331925,354.82447770478797,15.24843701896484,195.82796984335855,193.72134049518024,125.54986853267594,127.3893944013679,130.25356741429835,153.17515772736027,146.78514180154897,167.72670091835124,130.1185951889068,159.04155018153332,189.46491381033493,225.88313884912924,149.06564497790063,26.488691721012316
228,2799.9294128612833,876.7506118653741,0.8304726586355639,-0.31181159673151543,0.244782829099366,49,0.0,0.020483163491295003,1.1262609763835294,-0.12909759145407776,2799.9294128612833,876.7506118653741,3998.0206455654825,0.0,3889.6426642528622,354.81871924247815,15.249025729319692,500.5405932591584,473.7239945208035,358.9671807110742,239.10755837155446,243.21326723695836,296.70092336809205,269.66783190902976,231.34880185480645,289.7700302914627,363.6736902279034,404.20995620275283,210.94308403486696,94.90738099187465,21.246352585144116
229,2576.6313639840328,875.7147287755979,0.48316055612736547,0.30013726207097485,0.1674533115884679,49,0.0,0.05025974198545024,7.698721866786031,-2.2160465751789937,2576.6313639840328,875.7147287755979,2037.1093340912375,0.0,0.0,354.9151487555641,15.248794762866213,132.07096912832736,143.2211228684215,133.86374599710499,138.67757899353654,167.91175336646512,154.2723434908296,162.90358938712365,148.29090801341113,171.24281021734078,161.7234189130487,171.98742168184413,152.02907144055226,156.17998383028242,42.7346167629494
230,2810.6842351740797,874.5937530308247,0.7596591069142701,-0.8834027687559872,-0.1326716816239226,49,0.0,0.018970398426807,1.061738024082161,-0.06504342761955233,2810.6842351740797,874.5937530308247,3869.76556462818,0.0,3751.9106760631944,354.8140772466722,15.248116398305125,325.876805863139,352.1151434772519,489.62130071579907,312.44780564742325,284.02493985404715,287.73147031713995,260.05897112474855,307.4878472732379,347.61867951236854,436.94935288627534,282.84010141024896,98.3514801155074,66.98362551854636,17.65804091244707
231,433.9065818351759,877.3556849154775,0.6195816771034024,0.7316135268813019,-0.05390474897002014,49,0.0,0.011957239479394977,1.1201854930580788,-0.12322486011581361,433.9065818351759,877.3556849154775,1223.8681875603552,0.0,959.3992460149094,355.8405007650511,15.2493099109604,88.12638905386848,118.41475672967297,88.44618222611166,73.30195398557584,88.35301570676381,103.66101987604408,90.22179947370347,85.22970381362603,84.45773475671146,91.3967105627043,100.77009125779904,94.93116662477459,99.91857692817811,16.639086564821312
232,500.4664243594077,878.3595541873765,0.5513543218506727,0.2662958837541957,0.4300314746015491,49,0.0,0.1625327454932623,21.038656770389647,-3.307545021233987,500.4664243594077,878.3595541873765,5901.720160534784,0.0,2.0258252005201953,355.8117587690021,15.249790470121676,410.05738441253544,420.65661414609184,477.6477062244405,449.47630625507867,441.66160441949654,442.77715493192886,454.2698628791425,480.776862223644,475.5431645406478,445.94945116586325,403.3188939976318,424.30090840481967,466.92803799958426,108.35620893387805
233,1254.3687952967407,878.6379717644608,0.7480918787033205,0.057923598517872356,0.23787892166046556,49,0.0,0.09163757933341077,11.413577539432328,-2.6435544839875726,1254.3687952967407,878.6379717644608,2159.552923009137,0.0,0.0,355.48618252501973,15.250356778777554,149.16890322643835,153.59937602785863,145.51014310407936,151.9830137535278,173.18556395137128,153.85293789982765,156.98317456134163,175.74536601070207,179.8892004397016,161.73309802839015,196.1083915029227,165.78051783550615,150.50684649917997,45.50639016828952
234,367.7407843019671,891.9383128441236,0.891855890235903,-0.5931298967144296,-0.7925557925966417,49,0.0,0.012386333375640716,1.1881360870786268,-0.18716546710633594,367.7407843019671,891.9383128441236,1051.7691923879934,0.0,475.13280387326057,355.86908899837664,15.255320014869628,119.72526675928809,54.94306138365849,68.70083923546346,49.92060827576567,62.0443584646771,31.627265572104,59.97631997029196,42.97709896107865,75.8687740213688,75.85077965020854,162.67868138862963,99.41914214991114,132.7963098249886,15.240686730559112
235,1378.4804756633025,891.752210191535,0.32718906285788385,-0.4347096084425775,0.2937429929868966,49,0.0,0.010700758685614256,1.5730177318291707,-0.4918340455794487,1378.4804756633025,891.752210191535,1105.7128894505988,0.0,0.0,355.4325853292115,15.255850014799138,81.77863455004254,70.90759992171175,91.30658679692816,73.80294623672975,74.38649466099486,75.77192958182853,98.31419841788832,99.75058397377718,89.31105117681224,80.67714785734879,96.74112468196297,70.96124125624758,80.17898499701184,21.824365341314234
236,1815.0171639796188,894.282995254168,0.7413757187520595,0.24446240384026913,0.39819283490908297,49,0.0,0.012865724669784872,1.3567140561944846,-0.3312208112964189,1815.0171639796188,894.282995254168,925.6948028308193,0.0,0.0,355.24405336881654,15.256905832541106,74.83947258612383,73.43527824304388,55.49662407887527,75.11342486204555,62.777221042751805,67.60804610294916,64.81264314614793,73.40984138118299,68.44997463665817,72.2659906344237,71.36031445118428,70.13440915511609,77.15757326551157,18.833989244805103
237,2049.8461487370155,893.7232803532369,0.6646365824057548,0.009400569143270993,0.17867000827370194,49,0.0,0.012672378183785832,1.4638655729287973,-0.4137529930085859,2049.8461487370155,893.7232803532369,914.8102454903923,0.0,0.0,355.142635685845,15.256608205317574,79.61921599496249,66.4095388221491,72.31114159391232,56.90233517219859,60.06221043215007,63.129111019657174,73.32161324303149,76.2901501844596,73.50325560023411,58.288611377953714,68.15324655888479,60.71922169961003,86.20820803288214,19.89238575830671
238,1782.3125804916178,898.3394476240647,0.643982277601492,0.23518214786778963,0.24257635100311484,49,0.0,0.043192307166728366,5.242178422119694,-1.7987794961350654,1782.3125804916178,898.3394476240647,1657.2840137899404,0.0,0.0,355.25817723566973,15.258601331351109,109.11590981056634,118.61132282382735,125.85306933644661,110.3163299230187,126.32954302085321,147.86922217311005,139.64839725864277,135.185197619038,130.1117326139136,132.7747204394385,119.91753729285405,119.91571861982105,113.29809408603259,28.33721877237776
239,2467.704157316685,899.9076369620674,0.554222219449208,0.29044675020056565,0.1739351879451333,49,0.0,0.8606692833097238,129.52535194843298,-5.280886952582316,2467.704157316685,899.9076369620674,19170.509414726817,0.0,0.0,354.96217017819055,15.258957577557897,1267.6445519874705,1455.6134929179966,1421.218159470418,1468.3862986759345,1425.759482134445,1389.5870826800606,1503.8626135902728,1467.6179612800502,1557.981829956319,1395.6685082305105,1465.7315578655148,1477.2705347570327,1495.0372589537155,379.1300822270747
240,1442.8282662310905,901.6327366355819,0.7453267277741398,0.5284840524631919,0.20636275123804462,49,0.0,0.01393133204540242,1.4642553253459454,-0.41404203046802834,1442.8282662310905,901.6327366355819,982.2070301267994,0.0,0.0,355.4047961942863,15.259976885543725,70.46082612430473,78.79600287985465,77.0465994588119,69.00340155251237,75.03387441760708,67.19309363513875,67.40569555819786,77.61159003826094,61.765978195095464,67.1529048428027,81.70313202565873,82.63971193513197,80.01740162226857,26.37681784115366
241,2184.547418923021,902.106623621617,0.8218545416562067,-0.3557486233472303,0.09936030983670822,49,0.0,0.016068542421590202,1.6231031729087777,-0.5258653168188714,2184.547418923021,902.106623621617,970.742520778256,0.0,0.0,355.08445722444463,15.26004362016323,67.93735107742303,83.31092125667598,88.41392455008003,65.75092925163143,70.38992981603874,70.68263546068388,75.85132382378495,68.34237083325661,77.95768657085799,63.44727285492958,72.72305500335806,83.29017811016911,64.79740895054229,17.847533218824335
242,2087.5138662851405,907.1668594138235,0.4316359981731225,-0.017893307630883856,0.2052820361090618,49,0.0,0.022913663263626934,3.0280555958914155,-1.2029096116533133,2087.5138662851405,907.1668594138235,1528.7285357600954,0.0,0.0,355.12636215901347,15.262194939083706,100.31497856653623,125.91890730161572,121.33667127431407,108.02278030166576,126.99706164249098,111.76916927548015,121.61335946151875,127.48545253666367,110.45716940238403,102.42754598898142,98.81584201960374,110.36317481446119,133.4141562391526,29.792266935226863
243,1714.9289746367822,911.1009045534856,0.6286106189388634,0.20761755837051507,0.21685887689235822,49,0.0,0.053488692333427214,7.393976414487496,-2.1721951522865695,1714.9289746367822,911.1009045534856,1615.8909356796048,0.0,0.0,355.2872779729292,15.263926716802583,125.45512554613327,118.88487046973941,117.37131911987301,136.3062388559551,142.5415788887644,111.47885341444899,125.34665133897431,116.1113907807771,110.27377679117056,117.41593428408054,111.05395025192207,116.8406217883574,123.3837623800452,43.42686176936351
244,2509.162432728695,913.1572656650974,0.54263621662015,-0.28346455194834236,0.10712009234970735,49,0.0,0.013668751166265515,1.6209225308017337,-0.5244056474709159,2509.162432728695,913.1572656650974,1249.4411890853025,0.0,0.0,354.9442551593208,15.264447558705468,79.47911803403026,87.76913025888356,87.51552105710323,94.9043485764155,97.07961187860712,93.0615626275607,95.7330711973556,95.47237940950288,106.32780275580488,84.8388275724655,108.86491506914788,90.57229615508221,102.9093519411369,24.913252552206256
245,1188.7269525911192,914.0742318932803,0.6407084744371735,0.1563547470299906,0.2533583787240221,49,0.0,0.06821218188093217,9.353391923551042,-2.4274228310708312,1188.7269525911192,914.0742318932803,1911.542368532374,0.0,0.0,355.51454370504007,15.265100879622922,133.61754549327742,152.12662941270526,167.3378372086957,145.02752270217093,120.03986804233142,144.8547149058072,141.35717187772,146.3594663811573,135.78188195281177,140.55898667706023,134.4980469061042,155.51097558168948,160.01178513070428,34.45993626013889
246,1164.9783239929247,915.400519795246,0.5943887097724849,0.2010591507600243,0.24948767265561786,49,0.0,0.040602187151214456,5.812652075600741,-1.9109358210806195,1164.9783239929247,915.400519795246,1420.505418389791,0.0,0.0,355.52480113543476,15.26564516311978,86.58599333421915,108.68189560801147,103.03903632800757,114.38851254230049,104.20973626338119,112.75570312566732,110.50892277928997,114.15179164578555,101.21914007707261,107.2651506464527,104.84566674125611,110.54206902178689,108.16324615710795,34.148554119451916
247,2514.76212508741,919.4067426833691,0.25506671821768523,0.11500995519528648,0.033589524906554695,49,0.0,0.013753109458488837,2.5378675492882903,-1.0111723815576297,2514.76212508741,919.4067426833691,1369.7399339487552,0.0,0.0,354.9418317843028,15.267047160785083,81.37199372366578,105.27778144771413,91.21583627606576,111.33139781343324,106.35430403355755,96.70518898356833,91.6443355191753,110.83471051042427,118.20285326580034,94.6737811540143,115.30695286734603,98.51887747517243,118.98615138250489,29.315769496312814
248,2559.255669161014,923.4470812649287,0.6455057459854335,0.07354974894148619,-0.39031376642916377,49,0.0,0.010098221046339752,1.0182114823808246,-0.01959497568011403,2559.255669161014,923.4470812649287,1000.5399009622879,0.0,0.0,354.9226123957516,15.268696089920123,72.06860290052941,90.84890585855027,77.33408292821163,68.92580965046987,66.49374378297532,71.1242040954483,71.89913358392006,84.07342627568116,74.99186250623983,64.3305990724208,75.90191169967935,71.60786048370902,82.805228736896,28.134529387556817
249,1748.2281053357058,923.9808912875747,0.49280200861019036,0.289492886958673,-0.054988459868774035,49,0.0,0.010756237408346074,1.4692340219592026,-0.4177274410597921,1748.2281053357058,923.9808912875747,962.0487809503321,0.0,0.0,355.27289452067834,15.269289633119216,48.67762527467091,78.40831921908094,71.06429738092174,66.38372622739465,83.00923377450042,77.06430162027732,86.83645105789655,82.58595092367452,60.884224690246484,53.38325887191945,71.45626390164985,78.20574319292851,83.39825309870967,20.691131716461157
250,463.9933763924254,926.1520561656985,0.5672031700794443,0.45849709298744157,0.6561293158936663,49,0.0,0.025852655947829848,2.83026598778122,-1.1295681308578414,463.9933763924254,926.1520561656985,1684.9668362590487,0.0,21.95159372166671,355.8275566238686,15.26966907634571,137.64476276825872,126.39356952845395,124.49432510514191,110.81811231914415,121.73143652760682,155.6328044953503,125.57800567975437,131.21693587376672,113.57551946882859,126.77437803473894,137.82548019423106,108.1250026970739,119.87672075951457,45.27978280718481
251,970.9899500755027,927.9802811491236,0.44828019810117675,0.19587991572000027,0.10048885315594504,49,0.0,0.012032882360062488,1.537991395963303,-0.467384764710163,970.9899500755027,927.9802811491236,1024.8030695273283,0.0,0.0,355.60859047091697,15.270801118034885,60.07424420242975,73.58025121790789,71.82534746368556,87.05419229741457,75.95248958874828,79.48615926642027,92.05919231497239,86.21564848107008,71.52269605552095,68.3585331403694,78.11214810454102,70.91632486366521,88.80561759326031,20.84022493732262
252,369.103108252139,931.2804798545707,0.5559768733982433,0.4079500197433084,0.4607227663511702,49,0.0,0.10392486723802825,11.990970437535925,-2.6971358306854194,369.103108252139,931.2804798545707,4712.05828499581,0.0,3721.967819692505,355.86854296962895,15.271712851957107,313.92224793156345,292.8744427268115,284.058017859323,382.633460359109,403.37748715176957,512.279143652839,488.1673904274452,311.883672150309,379.664235593944,319.9142841556025,312.8244245838756,315.4293048724847,310.1145437928139,84.91562973791929
253,1565.109979450045,932.5087637641628,0.5617906548836004,0.28480583758391664,0.29942904083500566,49,0.0,2.547745977900076,380.03145063049874,-6.449548848581984,1565.109979450045,932.5087637641628,54251.18694514882,0.0,0.0,355.3519850452012,15.272851336202296,3649.5821991354414,3939.590979614871,4217.869532181081,4016.074270386726,4117.906955475684,4135.360076799505,4129.758444893932,4121.316401248303,4107.954797384691,4116.630024046328,4240.129137157893,4153.131872363278,4155.442417641015,1150.4398368200577
254,2672.6726329400813,934.1539229266846,0.23203601900067014,0.10916621262203877,0.24036284419560813,49,0.0,0.02304591264869619,1.081709387908579,-0.08527649716640115,2672.6726329400813,934.1539229266846,10977.568283670138,0.0,0.0,354.87361954329873,15.27306176471662,695.1344371706904,797.4257490165065,798.6122663440951,790.7950365433816,810.8695132581048,864.0834330478447,814.7938976631008,861.3747732719703,888.5385390459072,860.8839006519447,829.0417942893808,857.923416486308,861.4706697614391,246.62085711946307
255,1272.3770383293056,936.7179863933417,0.7086359554320324,-0.157505425443066,0.10074211930227979,49,0.0,0.014760454862911212,1.5196985735048454,-0.45439363952438533,1272.3770383293056,936.7179863933417,1078.9156014711095,0.0,0.0,355.4784220071249,15.274561111243349,85.1233110916581,84.01688124759093,99.24952709381567,71.15182759414375,75.18877035756533,76.1417181690673,84.99021637451195,89.45065376512315,78.93456336446738,79.61247299318055,78.84214273547813,73.69104695477618,80.4652029209792,22.057266808751994
256,1855.3235716117747,936.5626519457755,0.5447903045115489,0.09639374673373835,0.19473688688126609,49,0.0,0.4934197272007115,73.36274501762732,-4.663688932462733,1855.3235716117747,936.5626519457755,11796.08493767554,0.0,0.0,355.2266363813867,15.274514068909312,765.3138211476535,862.410106663471,828.2418674793846,890.8147584610823,839.5086452985465,922.5705868491859,951.9505751313211,926.5895243352641,868.7116146622952,888.732877434604,927.5456515706586,948.0349037178486,929.5949890945617,246.0650158296636
257,1837.467009114405,938.4984448302091,0.6111174148644032,-0.658789808588689,-0.058698299104600074,49,0.0,0.023510601937432228,2.5900884144245837,-1.0332864731773967,1837.467009114405,938.4984448302091,1606.673862031057,0.0,0.0,355.23434855292453,15.275324262519757,111.9515972548557,129.58999387040382,109.39830536275406,109.27968717304964,112.87466613239528,125.48049770060486,137.4333479083371,114.6693063398477,118.50383035786143,133.40652479595744,125.0202873238775,122.48937550128424,125.01853490351381,31.55790740631452
258,1436.7042806425727,938.9250777355624,0.2710639457841762,0.523138827549688,0.46936963639029927,49,0.0,0.014695518954649411,2.470574260051556,-0.9819947809065545,1436.7042806425727,938.9250777355624,1278.5347286051863,0.0,0.0,355.40744640457035,15.275514155129144,81.0613849487296,111.66480517614639,107.80325052055858,100.23207971755747,82.30519630449552,87.75326585902363,101.00880263702666,90.06352245680299,87.96939192950227,95.76020768430791,93.47168287191775,108.53220979158439,112.45727750100394,18.451651206529178
259,1003.5433404730518,943.4697090153569,0.30671143050495975,0.2661444635825773,0.20483830179401463,49,0.0,0.019599713695581344,3.827493897915852,-1.4572862674632474,1003.5433404730518,943.4697090153569,1251.1215534468538,0.0,0.0,355.5945386408667,15.277271344058896,86.81413607157116,86.26284573379561,120.11682261448034,107.02113362878688,77.11479685010471,96.30748924143012,89.23490800164723,84.8095600540042,98.64692287982429,91.98581891377356,107.10607047989234,89.98624877675115,89.07710472633053,26.63769547446171
260,1516.6449465178923,947.0887093852878,0.563832100698434,0.1740737298157013,0.218722895280266,49,0.0,3.7454930848236825,552.6636484722543,-6.856152249354284,1516.6449465178923,947.0887093852878,81631.7003397951,0.0,0.0,355.372918931818,15.278923781291276,5606.1865049832,6204.976175500043,6084.872220956224,6126.417961213018,6259.542273174739,6107.775870012114,6379.4947093997835,6085.7796322638715,6166.370293799752,6019.026706443072,6251.222601856098,6373.202841187818,6256.507722706521,1710.3248262988386
261,2516.7076498432175,946.5294731231938,0.5518677425806325,0.2891688359651418,0.20898829709199582,49,0.0,0.595011887959127,88.58944959359904,-4.868455008551921,2516.7076498432175,946.5294731231938,13755.769255842511,0.0,0.0,354.94096985229754,15.278346289345405,944.2495921534614,978.5688438655761,971.427209949454,1033.3354946567229,1118.0910237810253,1055.198784576275,1035.9238196591045,1055.0453643937612,1103.947353025636,983.0514952121875,1030.4885390189086,1091.724599383057,1062.2281587191962,292.48897744814747
262,2137.147721102218,947.9472904699013,0.6451127679195032,0.1845490353819553,0.2124475311144072,49,0.0,0.1890754283880528,27.037253082283932,-3.579906415677164,2137.147721102218,947.9472904699013,3693.0157855791094,0.0,0.0,355.10490681677175,15.279165235904877,229.1943260151462,291.98377853452325,301.46073537186754,266.300833095397,306.3678733463246,254.27887727109675,281.0555725815716,288.48113600359227,287.1531492922455,286.99511435775827,274.4505573848033,273.166070592084,284.7439411310751,67.38382060162361
263,554.883920974734,951.3741535927121,0.6139464439259271,0.2675895721502391,0.014918572245282523,49,0.0,0.010584971698667432,1.052566512279193,-0.055623871728063656,554.883920974734,951.3741535927121,977.2440088483645,0.0,0.0,355.78832572358783,15.28025973848371,66.71596828636777,77.6460834577419,81.85952683737167,72.02697850359381,69.2127026651687,88.72407806557709,80.47656261153725,73.94637795445742,65.53171670289558,69.92668370420465,63.631283930466324,79.70828455518604,71.24110846073965,16.596653113056632
264,1347.5080390783141,952.5077226411449,0.6224119933818889,0.03027100189163707,0.23528462780590928,49,0.0,0.13730195230904066,19.26751325491152,-3.2120641660677767,1347.5080390783141,952.5077226411449,3238.751211712377,0.0,0.0,355.4459750924477,15.281158069886759,240.0701447417183,249.22371104414447,241.21750664102086,226.3435146910808,205.3382762761364,226.562653635733,263.07721289865924,249.04855456047687,246.66413697093202,253.03550776934043,240.21787198483662,264.1582053292659,247.34419965614023,86.44971551289179
265,2655.2662785344673,952.1641420620697,0.46015605602058507,0.04315173865506978,0.5857078924125879,49,0.0,0.014299958793653825,1.5117207315133045,-0.4486789224155285,2655.2662785344673,952.1641420620697,2141.470556378696,0.0,0.0,354.8811205863051,15.280580928373338,134.61456260505292,150.22290616119017,147.28247366552108,169.72919877150736,187.24903213529007,170.83506688645184,176.71707344341718,163.05561185250184,158.87076062757632,131.61814195167403,175.43255024205592,167.20164134071098,159.9970505411162,48.64448615463029
266,1018.4104656013092,953.3939416323825,0.5370387920326857,0.46707243275176996,0.2269758394764507,49,0.0,0.07425119439126492,11.195516008571577,-2.6226102882245863,1018.4104656013092,953.3939416323825,2231.618320548429,0.0,0.0,355.588122318895,15.281413561708646,158.21496093886583,190.68218052605147,145.27331658340898,170.58668224131912,165.78822632765554,187.11366459624685,154.56023307207434,139.35049462989298,184.3096836728438,172.81954548196887,187.3374921151663,167.2339044879282,157.80614247729102,50.541793397715665
267,1036.5792817446204,954.5397073927215,0.6566610401010554,0.5678703014980649,0.04424009516121489,49,0.0,0.01153217890084147,1.2585791848338088,-0.24970136209578486,1036.5792817446204,954.5397073927215,849.5445416956406,0.0,0.0,355.5802752954996,15.281899567819188,52.28306155156821,59.70386656939564,66.89687820220202,68.9455346544093,60.166628008989704,69.21655988446041,51.85236186621777,72.41544904338774,66.43013235279918,64.64708764966171,63.76717568940438,62.12603573315555,72.79014095362037,18.303629536368692
268,2625.184121614914,955.3167229921544,0.741039443284382,-0.03092170276105631,0.2442234575806117,49,0.0,0.019355247560005232,1.8155716487035938,-0.6475334808537753,2625.184121614914,955.3167229921544,1269.6281747664193,0.0,0.0,354.89411044954346,15.281920325692871,70.19397920106934,100.37934528690597,93.43943469218635,110.19356387999997,84.6015012632526,87.27853528361256,93.27618207639662,90.42324864267317,92.12332270474673,107.01029483949813,99.94761315649592,101.53565511535459,104.29684730410311,34.928651320124416
269,1933.6634771257723,958.2113176423082,0.5718127748544312,-0.026907835123123797,0.020431732797482834,49,0.0,0.012018897076938992,1.562796968830782,-0.4847564005120472,1933.6634771257723,958.2113176423082,977.8075027298577,0.0,0.0,355.1927937153831,15.283515056560372,75.77905494493825,73.53501191552681,81.15561538130888,58.65939860291353,71.83133268663646,89.68385769498786,74.35116603719717,73.52105785657385,58.35101127168517,54.461470898339634,63.78014177143205,86.76075852264209,99.29555581397638,16.642069331699524
270,2095.4951423256,959.7541864646968,0.6157775722530628,0.022126429634127056,0.11083886923484065,49,0.0,0.17531775686608989,25.443692345375926,-3.5139503390666373,2095.4951423256,959.7541864646968,3766.665209541108,0.0,0.0,355.122892419729,15.284102416661808,240.62022362527134,270.92436935372314,231.12217666531348,254.50450657503296,291.23751821705883,305.9913937667799,282.8252672636254,301.20286966796937,306.54662225578505,298.9935270613908,306.4422691962987,288.08319877430165,301.00584967139775,87.16541744715923
271,1802.4254257619775,960.9206620210134,0.6054457997066511,0.2252933392856489,0.2139828195678631,49,0.0,0.24524541900667868,35.413132746711284,-3.8729108684647318,1802.4254257619775,960.9206620210134,5236.48069626856,0.0,0.0,355.2494797631409,15.284672996261744,318.928079466477,388.7005381778281,431.6418567470192,391.9920555504885,406.0743781984088,379.32741576801703,364.09600298547093,417.65459441761516,411.839312614906,385.96343066694567,390.0025701708495,405.8591909117845,421.01453414634307,123.38673644640647
272,2193.67972411407,963.4282834716915,0.7706111624240187,-0.16680572428865073,0.1927529969796752,49,0.0,0.010962213777735489,1.0575382398662578,-0.060740200313079015,2193.67972411407,963.4282834716915,940.2674486901462,0.0,0.0,355.08048140415605,15.28558900934849,62.59255686667154,73.75635991515784,62.47674253283884,78.55320843243712,66.3721501009432,84.09185927435198,65.79597795163605,67.07383042562616,61.541233621982535,69.82783020884236,72.56055559865173,91.00124884798389,59.48651267249433,25.137382240528694
273,1000.0377681015561,964.314530284538,0.5869780670010813,0.38445223629310293,0.3915901978369266,49,0.0,0.009814090559172815,1.1084752475723658,-0.11181499923574605,1000.0377681015561,964.314530284538,953.0531157683629,0.0,0.0,355.59606368297597,15.285954667996677,80.0347121837226,86.57996992004128,64.20112908866182,85.11754071936602,68.87953873868238,72.49640180443706,55.41715394160592,83.05767084327087,70.67257206946846,66.08400541201726,60.865869381611205,86.28483890095742,58.1063831599461,15.255329604574438
274,1496.4705418321828,970.2563664171581,0.5341709083598358,0.30493354685256635,0.22774555304115093,49,0.0,9.680627355031035,1378.8916216160783,-7.8488253318939725,1496.4705418321828,970.2563664171581,258342.43728390068,0.0,0.0,355.38163493669316,15.2885751897071,17720.242876681783,19250.952492927285,19271.85515537196,19456.00660701799,19457.853204812534,20049.28327521646,19788.55539702782,19735.717139279455,19697.555863487436,19228.023036964212,19744.407120466763,19750.441085958235,19714.258626992225,5477.28540169659
275,313.8536473368263,972.9241524530319,0.37491214872321693,-0.15913759469217906,0.10042943293398643,49,0.0,0.03439337095916138,5.500988517907194,-1.8511018461433886,313.8536473368263,972.9241524530319,2827.3807285186513,0.0,1213.920817000802,355.89245065822286,15.289005635193067,193.15114930573108,183.27695818848056,168.29883970747846,177.92398094287188,359.10079679230455,615.4171824659772,136.36513282885454,150.589495942847,198.16186268338896,154.15518033483386,127.18386858044553,136.33853861085706,180.0638295395505,47.35391259503
276,516.0912595097841,975.537578091897,0.6201901605903494,0.2848274047257821,0.48078015677086583,49,0.0,0.02571992841592222,2.8187080430714606,-1.125125236815038,516.0912595097841,975.537578091897,1405.7854489495478,0.0,0.0,355.80510332830755,15.2902930806398,113.77805256158032,103.84001203402387,100.42860244374978,107.95518591150783,94.27699314352047,109.09829335118738,106.61137700958469,123.36097461607817,100.63614941943736,84.98703968602061,98.28796812105038,121.75853388906523,108.19890934053343,32.567357422208076
277,1964.8075405888053,975.7784394802242,0.599500030590735,0.33912890886958197,0.19346728807558725,49,0.0,0.0720613757754118,10.503316458095286,-2.5533161267304196,1964.8075405888053,975.7784394802242,1982.7923078401527,0.0,0.0,355.1793359026598,15.290825514937161,120.26176362173638,181.44616779562676,124.40164816043927,142.50285309611724,151.32867924742413,177.325965892995,169.3685052904176,156.99189702628794,129.17136584616895,138.4548594556685,160.70627409644874,145.79849670686153,151.71908093398307,33.314750669977514
278,446.02317950079924,977.2965742756454,0.45022200371075743,0.32028000320854966,0.39587550114086684,49,0.0,0.23122051996351137,33.088782392724056,-3.799201965508397,446.02317950079924,977.2965742756454,8714.621582517124,0.0,0.0,355.8353691026849,15.290960982323208,634.4322700254368,656.8206192757875,623.828285834915,663.1501138001308,626.4825914125299,647.7387405586688,681.4277725109363,685.2685816676019,653.9875193171958,640.0627543887479,678.7426855991489,680.110017939134,659.0475637057407,183.52206648114822
279,722.411167767594,980.2321938379838,0.589701006478797,-0.0001380528740815803,-0.026996753848199245,49,0.0,0.022119534144630932,2.9313335948835726,-1.1676631132856201,722.411167767594,980.2321938379838,1157.7484765340698,0.0,0.0,355.7159911996163,15.292416784018194,70.27113508930677,97.25983665172967,88.70008276558596,96.73540201907434,79.59961609611034,81.41501830836893,104.53515063978806,81.66324366420397,69.55443797723342,94.22953593409416,82.83488483880978,96.63274619551542,82.70831584892537,31.609070505323693
280,2629.7170514302616,982.5465769864118,0.5690345378557081,0.3665570736022248,0.337695924608225,49,0.0,0.023011481413041306,2.962963278869844,-1.1793156728420287,2629.7170514302616,982.5465769864118,1466.529388927905,0.0,0.0,354.8921281657551,15.293261662813437,96.7245892240791,109.0295713203841,98.95449537517588,86.18387755834064,89.56588350334721,98.15611717454757,98.45597083496594,96.58868627995113,110.18548205521151,111.00466893068017,92.12159792787068,116.55127014081452,198.8915174278318,64.11566117470478
281,994.0584131363911,985.3180056572262,0.61062979163246,0.5049848408059244,0.3408616283119283,49,0.0,0.01736522340142545,1.98386658456083,-0.7437811560155603,994.0584131363911,985.3180056572262,1185.1327912128716,0.0,0.0,355.59865749500426,15.294702855182669,100.42237811746247,86.81177951120597,92.19032643539447,84.6986058820878,81.42876904323555,85.25553256945233,60.28467951650151,86.09328748777054,124.31168228231847,88.26698106803342,89.0199673860782,86.84547305693614,91.63909890771443,27.864229948680162
282,1401.3558021375643,985.362852559431,0.292373512599738,-0.1690422688540914,0.02177075386206207,49,0.0,0.01020449105330281,1.5176282173690707,-0.45291348205944026,1401.3558021375643,985.362852559431,1183.3930521110312,0.0,0.0,355.42272222130464,15.294857480643088,67.69371766378904,86.20615097738084,81.68937897028205,94.08671130511745,102.30503489581852,78.31993771782335,91.13637571502545,95.18625867885032,80.26592754842233,107.45358752534392,81.53692086467396,93.27007366285999,99.28943380638576,24.953542779258328
283,2159.4877956096943,988.8928538523267,0.4632360650959169,0.1449300126705783,0.016432521300431362,49,0.0,0.05093898366797526,8.364602461435126,-2.3061132634529424,2159.4877956096943,988.8928538523267,1863.9321982501106,0.0,0.0,355.0952376625105,15.296215244990265,137.90547172724968,127.33770844792085,140.20335705122153,149.23192133355633,134.15637286162325,145.1765605646952,136.7565511558185,154.3282081767945,162.87531033122914,141.877688829855,128.174034286591,133.44263639511308,131.42467302640867,41.04170406203355
284,1549.5597124338217,991.8171776235155,0.6003942392979107,0.30632391579237916,0.22862737713403625,49,0.0,0.6240845781744178,90.05112461233472,-4.886222852297027,1549.5597124338217,991.8171776235155,13166.955217954051,0.0,0.0,355.3587040913732,15.29756208523189,917.4846810014426,953.2431738773191,1023.970698123416,966.4688933198144,944.7858653076098,996.0415232492887,1032.9910572564634,1040.5100620875069,943.8797457413168,994.0600232398117,998.09153563731,1045.4729316517223,1025.2924380204213,284.6625894406045
285,2835.2904776404466,992.8450235566222,0.46174836030451166,0.01641632430637717,0.1820777418375523,49,0.0,0.016124186630812568,2.0939745007101718,-0.8024284719288205,2835.2904776404466,992.8450235566222,1297.4581076256532,0.0,734.4875066373193,354.8033241140292,15.297359616149846,80.14834148001678,79.89824569622259,76.30663623141943,109.98039279878343,103.17350905401777,98.03256633550978,82.11398469364656,93.97649374044056,116.21773541899356,104.89484896929721,114.07207127718716,109.70892723325687,110.08703737854997,18.847317318311383
286,314.39279567179955,994.0609473487044,0.7263154199454356,0.3197659221477279,-0.27337862867679025,49,0.0,0.013262768772296409,1.5220432236551658,-0.4560674647400953,314.39279567179955,994.0609473487044,981.2469877010793,0.0,598.9379585657789,355.89224152640384,15.297812615249045,95.91169322098537,81.671464899621,56.0208672468021,63.74711911796605,54.828787573864886,56.417943613152936,107.94810436900669,57.57114846527265,65.00763435277692,94.11290277074744,63.38791496972819,83.09908409638146,75.32031425654127,26.202008748232373
287,1827.057936822546,993.923973530332,0.5490378654741415,-0.13856432728829138,0.23163479840323445,49,0.0,0.01919165761202931,2.205912840475405,-0.8589708717468475,1827.057936822546,993.923973530332,1399.7055512672173,0.0,0.0,355.238833475914,15.298419703700695,92.53934839291247,102.122641535985,116.28240064552267,115.86739900820564,98.27528021274067,95.1640017751914,109.35178769853444,113.27657283482387,137.36645247584795,85.2569585081367,100.78159625745364,121.15503418455525,90.87175150705866,21.394326230249185
288,1120.9299273889424,996.024337098911,0.5504302929872569,0.29516813663282493,0.3791495594602412,49,0.0,0.02391117060262134,3.4716512372806783,-1.3513402234814857,1120.9299273889424,996.024337098911,1202.0505718101056,0.0,0.0,355.54385921274474,15.299220794126274,91.46617428681104,80.99069710455322,72.27535898659056,85.7034368929512,69.96357480786727,110.14181583681122,93.58566243489906,100.98521340913535,114.05220554955913,82.51304794410683,80.12265356705834,94.3420441751641,95.30753644108428,30.601150373513867
289,1070.3067303650791,997.5211595082731,0.3682318020444718,-0.4936443614432846,0.09928634671915673,49,0.0,0.024515459943230358,1.9170350622735612,-0.7065751403233212,1070.3067303650791,997.5211595082731,3080.732352369435,0.0,0.0,355.56572736510043,15.299823268370556,199.18607883768686,251.85289936768714,224.66673202709643,214.56828448042464,241.20771170952798,223.38143185036756,262.1048369366359,240.21620523038123,249.28910967849558,211.41905024396564,240.83667552681115,232.51192713643354,214.56828733185066,74.92312201207054
290,1541.0111496255256,997.0276603995541,0.7741899738311174,0.5205942209783158,0.21657315226602036,49,0.0,0.05292464042618102,5.933459066655957,-1.9332698765754572,1541.0111496255256,997.0276603995541,3383.361088003059,0.0,0.0,355.3623970651645,15.299732686138869,235.47532565724373,248.69311623485407,257.22896409854576,236.72133637244363,259.1535094213872,263.7906585192062,272.73477934733194,261.2481258932727,276.48226590307587,213.68833266261663,260.51924968660205,259.48664410443627,262.4433750179527,75.69540508409023
291,1112.4615945701682,998.5194021754046,0.2466348629447423,0.8596499466774666,0.057805053130027546,49,0.0,0.006170939169227885,1.1008295031129869,-0.10430015121902395,1112.4615945701682,998.5194021754046,1016.6024748812811,0.0,0.0,355.54751830540226,15.300256981635451,73.60297234750549,68.94090034027388,72.57896449575824,66.0435491736548,62.28705782939029,81.7013057063952,62.70357471462616,74.89797131846437,95.58927973806394,65.48515052434921,68.11909490380316,93.34986169311611,106.05898794282228,25.2438041530579
292,1476.6146234660023,999.197109648442,0.4094803479730836,-0.46400912790956783,0.38210601246398807,49,0.0,0.009299632264905775,1.1018245383594099,-0.10528110042411953,1476.6146234660023,999.197109648442,1468.142326829704,0.0,0.0,355.39021480410867,15.300631711448935,99.27881371988838,106.41706520476498,129.87318213103987,90.44774038162731,114.38141014851568,109.53908488239213,99.91253265748489,100.87154315081928,109.00421014235518,96.82141268519942,149.07242779889197,116.71937403827354,110.80961550066051,34.99391438779084
293,2205.463078034069,999.8751926844092,0.8540928673493526,0.019218665592296215,0.1740590036866597,49,0.0,0.01243505434237765,1.1433734540583875,-0.14547026222276627,2205.463078034069,999.8751926844092,1156.3133193136214,0.0,0.0,355.0753725203437,15.300768910049422,74.55883537593988,106.46390209094548,97.52176448550914,100.3400052017076,87.41920969067435,72.17476845393804,74.97407103523756,76.12798201703391,106.57578595127399,72.15068015829466,89.97352686710876,84.18716866459023,88.16945649490239,25.676162826465262
294,2211.1355168203127,1000.8711624380123,0.7791084487317587,0.47562846229862094,0.12479774935358305,49,0.0,0.013964363882766081,1.2313838381742785,-0.2259836230213315,2211.1355168203127,1000.8711624380123,1186.2334797059052,0.0,0.0,355.07292169001767,15.301181027163556,80.86078146662518,99.78078337953383,106.26800744411099,97.0218562100777,83.88405106252387,73.27136231587392,88.46419742011294,74.95135113855324,100.4373626439965,85.04922951914652,103.03571780476668,82.88577708271127,82.02143037726549,28.301571840607032
295,2569.627146054844,1001.7049943284018,0.630135759446236,-0.3332439719437299,0.17721931590062756,49,0.0,0.013070120468337847,1.4964215923277238,-0.4376349153503134,2569.627146054844,1001.7049943284018,1054.3585043823928,0.0,0.0,354.91806689944036,15.301293709899058,73.50280583060254,70.3621266312222,97.030490734988,78.51265180394418,77.15567375539533,78.624680634118,75.81954331981962,81.09919539023879,70.09990546306511,84.89940311622173,75.773111857121,79.68915299707365,94.48393736232306,17.3058254862596
296,1774.2945742520465,1003.9469945206886,0.5005986273614675,0.15779062798873353,0.35787838197255334,49,0.0,0.016904140334743627,2.3648876861012007,-0.9345262998254387,1774.2945742520465,1003.9469945206886,1076.6118202243272,0.0,0.0,355.2616240729541,15.302604633008691,72.3223553020467,63.17996332595747,94.33986247576328,85.33390824094565,82.42784021108682,91.76444407158661,89.53398908749966,73.43990227117229,75.71042197615125,77.58655832044093,97.40467406391905,78.77635428216334,73.12223619698553,21.669310398608637
297,2320.8081525529938,1010.9287952142206,0.675613765247396,0.58590916049696,0.40411439640013386,49,0.0,0.031859336015166585,3.791208803526148,-1.446944260407928,2320.8081525529938,1010.9287952142206,1837.1908331332374,0.0,0.0,355.0255406464967,15.305311065780272,134.28751408044968,148.5240519779335,149.89886096020155,148.89617376577723,134.30772319379315,126.68441853719155,146.34703836241906,142.3538407612104,156.62840829150497,130.78865847722108,121.03919228899733,139.79829261077964,119.86369210755817,37.772967718200135
298,2560.1035648481266,1010.8194387646956,0.4995446967487875,-0.497901591502724,-0.6518392711046163,49,0.0,0.01158049361562934,1.3489976504098309,-0.325027983121692,2560.1035648481266,1010.8194387646956,1070.5827094180631,0.0,0.0,354.9221730079275,15.305098837851414,70.14993904110787,80.14008516099406,82.03375150395851,78.95723165620407,80.72292176096458,85.40543349363982,80.31553652970496,74.82671143780169,69.46406055942678,90.56338638007676,78.12940158282296,93.2366120700283,88.24006097175798,18.397577269574697
299,512.0343628655332,1016.4143703181678,0.603495084326698,0.21973705005511948,0.22612054670477172,49,0.0,0.018831802132601674,2.198339344139104,-0.855236831583312,512.0343628655332,1016.4143703181678,1213.0392080537804,0.0,0.0,355.80689444764755,15.307320522510448,95.90879751680914,82.7488453033736,99.1059616213675,95.5199267421581,109.55484226844625,98.14196386043417,90.97009931701092,89.90081238470421,87.78836578171882,72.97848060189915,94.66311001236616,81.89095278729937,94.37031674926499,19.496733106927906
300,1945.642083534847,1018.0370117823256,0.7862422509239653,-0.2347243248586208,-0.11973055838890101,49,0.0,0.012190154592772645,1.2836839704894814,-0.2711452953798099,1945.642083534847,1018.0370117823256,922.12720086274,0.0,0.0,355.1876017003469,15.308438486071466,43.399874443845,68.5578554107818,83.64282222445982,64.20662229781092,70.72104313758979,68.1026697369121,71.17260508415484,64.7364509084028,73.57027940537162,63.96847239739655,74.64535033515793,80.24384408721119,62.816232665315546,32.34307872833004
301,616.5282900485817,1018.8857380016661,0.5672185486041695,0.2667607249160545,0.03138391567439843,49,0.0,0.010484191145417479,1.053645013880873,-0.05673579075768968,616.5282900485817,1018.8857380016661,1022.7177334193585,0.0,0.0,355.7617590732827,15.308440006918781,63.43942753093439,91.92565782276965,75.34619437006342,82.09334588768583,74.15716988725752,80.52531612430133,56.77196567141637,85.0083194003488,80.85397911598193,85.6811867426093,77.90765774302098,62.97874615511493,84.89807290398635,21.13069406386773
302,1814.6137925698745,1018.6003674077468,0.6288665732093449,0.3337491065210463,0.19732322545393413,49,0.0,0.11290567522306923,15.995704375392233,-3.0100084228056447,1814.6137925698745,1018.6003674077468,2660.626217918666,0.0,0.0,355.24420434001877,15.30870360158342,164.8279214056078,184.17698763974363,183.96205004984,167.7748942766153,206.53836020392063,206.53031042692206,189.7260460589485,200.33049826562643,205.71289454264743,210.26596182500595,243.69204311634545,206.50391744580082,234.8366483162556,55.74768434538635
303,1084.9728588640069,1020.5227219363501,0.7288375699746124,0.3721523320127699,0.2942017104649846,49,0.0,0.01924745851322072,2.061686672962364,-0.7855566589847531,1084.9728588640069,1020.5227219363501,1132.8449842178215,0.0,0.0,355.5594024493762,15.309413359107603,67.14267167291517,95.03951092635565,85.02801677624768,80.72288427566838,75.19534774588237,87.74122986081485,107.50503144290411,94.37180823035398,91.80269181000568,85.81111441415078,66.82667489536874,76.7655594083129,93.83308977234657,25.059352986494716
304,269.3035112177478,1022.991588806944,0.4408830653456836,-0.05829149579966856,0.16904342887987125,49,0.0,0.008135495171348543,1.674205426538236,-0.5595218631430281,269.3035112177478,1022.991588806944,1170.8929790598945,0.0,204.56436670742536,355.9117504622544,15.309817317699833,108.07747622058722,134.25492307030535,55.801047826567896,71.33089628172242,15.029407719178732,29.580346966287628,326.35757866708497,125.58993471593284,65.46193509459765,57.0663753394371,73.07198374749417,33.21710663420541,57.672095353618715,18.38187142287444
305,1331.2252616552826,1024.5621010554548,0.6152835699586561,0.07359582551771263,-0.13720638001392751,49,0.0,0.01808981015636403,2.02749375962468,-0.7673988154512179,1331.2252616552826,1024.5621010554548,1221.2254322444153,0.0,0.0,355.45302508216804,15.311176550286737,73.5798629048426,103.9404117103798,97.33536492208933,79.84009708173416,92.13677359980471,105.17593590794044,78.51612196037969,98.8963594230808,93.39465015380341,89.09765044554472,117.42022166249673,83.98562592195832,82.99365077747973,24.912705772880912
306,2307.2469955134284,1027.1514950536266,0.5750035156983481,0.25778435637393016,0.2038972030945097,49,0.0,6.307174063776044,938.3354229476397,-7.4308952790385785,2307.2469955134284,1027.1514950536266,129700.64462799649,0.0,0.0,355.0313886748323,15.312078330587536,9010.974964996665,9699.871356003954,9703.342609919793,9619.022706992553,9831.642365473193,10057.973599546143,9883.36595767116,9997.63703951197,9811.891027775311,9634.009742176382,9745.956970724224,9950.320052276471,9979.919744251463,2774.7164906772246
307,1242.6440047548253,1029.6048225324548,0.35858103532096997,-0.659166202620058,-0.0154935652154132,49,0.0,0.008498731413663049,1.1413267165317338,-0.14352495871432125,1242.6440047548253,1029.6048225324548,1044.1228734619353,0.0,0.0,355.49129322527153,15.313254598350081,67.68401367389666,68.45062874429048,70.23409163569974,87.05789291797834,75.93186421794955,68.91180000659264,77.80048107541124,85.08043831722743,69.51935952942115,63.47237385689353,90.609608259592,96.04939510272288,104.3956353317318,18.92529079252781
308,1620.834220054999,1029.355927244965,0.8537598667014246,0.2542051864100148,0.3754982369170019,49,0.0,0.01644644315760599,1.5276362098503802,-0.4600498599690851,1620.834220054999,1029.355927244965,997.2332601818741,0.0,0.0,355.32791513439645,15.3132038467408,68.88698381042576,87.63538106637846,62.21992024467696,62.14742090258424,73.40040652681715,83.52237090313182,87.27253597064283,76.13728043269035,78.50846743894719,83.14594486010343,75.78038191472523,70.33793007068321,63.89107767023403,24.347158369833465
309,467.69813304363083,1030.8848128834331,0.4739341578810654,-0.1067701667236047,0.2180663150163111,49,0.0,0.01454847214628709,1.7910543173098536,-0.6327718922471393,467.69813304363083,1030.8848128834331,1159.629056235466,0.0,0.0,355.82606019320366,15.313308712091837,76.75336140757557,111.13513083114151,73.1835823480541,83.16775831712386,103.46527703892897,71.90911915321068,80.68710562453055,88.26251225670237,84.92447804022774,96.27354686290272,72.01099340481349,99.04037646847738,96.33029717950694,22.485517302270072
310,2483.6746893175236,1033.7759853648158,0.4527150563543317,-0.08446083259724065,-0.06047391352656846,49,0.0,0.018132383851958554,2.6432075098216994,-1.0553281488743764,2483.6746893175236,1033.7759853648158,1165.079690547026,0.0,0.0,354.95516979075137,15.314722075178864,89.4029607043726,77.56191718133175,106.90039732820797,104.4005824934084,80.86512393391203,80.47861549843303,96.80717227292365,77.99165810280903,95.86880984470667,71.51342112918928,87.4026559861794,71.70915227781788,96.85264645349494,27.324577340239337
311,289.25657847942773,1033.8038955962359,0.44791030434234563,0.042154126283568155,-0.1303078392545261,49,0.0,0.00781404131404536,1.1174277334503386,-0.12054861479273135,289.25657847942773,1033.8038955962359,1408.1039682452913,0.0,577.703499071235,355.90314407140187,15.314344012027579,52.750940075317715,95.54392393157606,55.359749096430704,116.77603267990261,89.43250796750732,146.72805500680653,197.50736129858257,98.88350307416655,69.57187282106867,158.9587560366278,57.29868335436366,102.46464541330225,141.1459382926936,25.681999196945306
312,826.6537212108724,1035.3250050413362,0.5368303327123329,-0.09231776800076272,-0.04053351271783919,49,0.0,0.013497026372601625,1.7532609448951537,-0.6096163967578414,826.6537212108724,1035.3250050413362,1105.093584842749,0.0,0.0,355.6710018020601,15.315442635032563,94.15262581590974,86.74335295346384,86.04621166593262,81.09049228072453,67.21836095037726,70.48586886418154,75.19014672081357,77.13943729159806,82.03486619111132,88.44255819707567,101.4513019758653,82.25883648451467,87.27970588990269,25.55981956127826
313,2860.7302384390714,1036.01357314347,0.4362432839746052,-0.2248241785662011,-0.18432655065979128,49,0.0,0.0176960347333059,2.293523216680888,-0.9012578518233328,2860.7302384390714,1036.01357314347,1347.1253801257567,0.0,768.1042477711651,354.7922884060237,15.315319071307982,104.52014779457124,87.45846008459407,96.68129511499781,87.36574212958382,107.40807342689284,96.07694873214699,110.38419752589161,110.46815539014196,90.64548875612171,108.4920498433967,112.73939228739835,85.4439528018542,111.33842183761195,38.10305440055342
314,2354.7669710952096,1038.0304642345595,0.4355003567858962,0.35882995697028675,-0.19637140813690054,49,0.0,0.010910103527541966,1.2251824291553175,-0.22050189945891602,2354.7669710952096,1038.0304642345595,1099.6853652614736,0.0,0.0,355.0108535672866,15.316582285680196,80.90733151325838,66.1177920238896,94.42219127998618,80.52333848693203,88.87984465944291,70.44631030498331,82.6924631626479,81.5672504198998,79.30028278785751,82.31837059815109,95.46393858759139,82.73196061955134,85.43158499071563,28.882705826566553
315,2587.2265326111515,1041.988184373178,0.45191160176026224,0.0658784382196154,0.25937501858960943,49,0.0,0.011535506792057884,1.3597785444012558,-0.33367046067580536,2587.2265326111515,1041.988184373178,1101.8853234153862,0.0,0.0,354.9104300850261,15.318063342572705,80.0019749778227,77.29058784141232,71.12830600225068,77.96532321650957,83.66713769437712,89.59364089196768,66.216024378507,106.08071144634758,93.48590232243913,80.593466039633,77.08281685512338,91.86746140595622,82.49017688198902,24.421793461050946
316,1464.7954241890877,1042.9871856111654,0.34429001825930794,0.03881688777276842,0.203799340692043,49,0.0,0.021922845590859955,3.995806432186489,-1.5040111041217052,1464.7954241890877,1042.9871856111654,1326.291782252828,0.0,0.0,355.39532557793007,15.318875971093266,84.92347706752005,101.21561618203218,100.15432317506452,91.15877348902546,85.57370934004246,96.08772681009907,109.85869267122551,108.45162576554925,98.69914661702528,89.52676344552778,84.6589149058389,111.69152768138528,137.7461340261049,26.54535107638732
317,396.18995566568753,1044.1966126155264,0.3411646444808653,0.2505589052765983,0.2592960108052066,49,0.0,0.011776735512869544,1.4013397700106855,-0.3663586186400635,396.18995566568753,1044.1966126155264,1320.0220324026961,0.0,13.325586339125646,355.85696346228747,15.318785649256336,82.4597291002595,85.66259356598447,113.00174331034782,101.29437905583987,126.6870168777547,95.88250223030661,107.75846925358834,83.97386586657578,109.54198570023019,107.99798670295431,91.62437796348826,103.96616862542686,86.79437554852298,23.376838601416605
318,1310.1592840556664,1045.860578530948,0.40665266872313255,0.331173231382494,0.2622544943304283,49,0.0,0.009356681131400946,1.356839944389171,-0.33132155104273786,1310.1592840556664,1045.860578530948,972.0679912172495,0.0,0.0,355.46213086792676,15.320045854858511,90.8060974077747,69.44382325050036,66.58164474098166,67.42102110560832,67.85099600068959,70.6308308783897,76.48935662659973,65.39010048407194,72.56039555967064,68.46476612613657,78.87471951759713,85.54332453223114,73.53999152616815,18.47092346082995
319,1325.3992240625228,1047.7369907951356,0.6483767160000197,0.09065405027712199,0.2129443470540695,49,0.0,0.08002384063209989,10.695914235951122,-2.5730447798096274,1325.3992240625228,1047.7369907951356,2262.169690194547,0.0,0.0,355.45554746624305,15.320831255376973,150.59153728204453,171.30094165758192,165.99676945702146,159.13291536396162,196.68463975966426,173.78324203231244,168.0393905975426,156.21474444307813,165.21786518381384,159.10675566934947,177.6392638334766,183.93289837551964,188.18021053758176,46.34851600159895
320,2119.610913870602,1049.7757697787192,0.44633243563315517,0.03683493353873364,0.3478304470733145,49,0.0,0.012725967460695053,1.7965292790812062,-0.6360857488694617,2119.610913870602,1049.7757697787192,1049.1835253140791,0.0,0.0,355.11243520690084,15.32160029165786,79.59002955124683,64.72693209014803,72.26384740168643,64.35207529996316,82.12600762782307,83.46586528442867,76.72618690630054,81.03375514706855,90.14630141112121,80.35706205124521,80.77527056393701,91.3937100905782,86.91781173524423,15.308670153287874
321,730.1464369781746,1050.6068351929432,0.6278426841051974,0.14431560741582844,0.1875415866294751,49,0.0,0.073108919671213,10.076538067812578,-2.508278374844752,730.1464369781746,1050.6068351929432,2058.1881749520394,0.0,0.0,355.7127035181317,15.321743989394939,132.3742330111212,156.0892931911992,156.95149157464738,176.441549726705,143.34453893422688,158.9823214155998,150.35532733479283,153.18198733604464,153.2306985751835,167.8207546184536,165.84677064119006,153.75154702020535,146.64706426811455,43.170597304555216
322,2925.8062722392083,1053.2260004987302,0.23507533449798576,0.28270779973321264,0.4311989783345998,49,0.0,0.009584309987501661,1.488049948604996,-0.43154377298341257,2925.8062722392083,1053.2260004987302,1174.8335097933475,0.0,1067.0632605041978,354.7641578957102,15.322420637245651,83.90776289253836,87.27209364694077,94.01328403084923,94.47030843093552,87.51814780673622,82.14720156934848,88.61861119796409,78.268192242923,96.69953324211545,88.73822987074475,141.59050984777434,80.0375464921573,64.92238775586324,6.629700766456947
323,1445.1605830557355,1054.2440586673051,0.5320725560744239,-0.20202116370743212,0.06662626472862869,49,0.0,0.08007943325349898,11.516107358535042,-2.6532642623026286,1445.1605830557355,1054.2440586673051,3714.336790507392,0.0,0.0,355.40380959110394,15.323563884542637,246.59429662639423,254.01781964368865,303.45209442374403,272.68640582842033,268.6612450453281,248.84971159313204,297.14816177212714,322.94774898633295,292.59356251864125,276.7670088766578,265.7640491191251,293.90353934227187,293.9785184915904,76.97262823993847
324,2389.937916980458,1053.752110263832,0.6810990944713186,0.025614486503079716,0.02940272167080156,49,0.0,0.01762382760246693,2.0521350414567254,-0.7805148406971241,2389.937916980458,1053.752110263832,1052.1990439276192,0.0,0.0,354.995649108358,15.323110221204555,68.61327960241238,79.80954848463634,69.96503536934303,76.28901926194412,78.10167637436649,102.72359604355714,79.10256008213483,92.0328844877699,71.05479354995298,79.45149017161971,74.912039829832,76.63343848284947,81.08987798709116,22.419804200109578
325,1081.4068710253714,1056.8809459018123,0.6876650384787597,0.286194274472556,0.13104346345226195,49,0.0,0.029416771521917837,3.560591872849509,-1.3788054905410587,1081.4068710253714,1056.8809459018123,1254.4803930038,0.0,0.0,355.56095938879554,15.324560719775445,90.50888268268542,100.54721391502014,103.16499010376302,78.04701411876829,90.84341937616225,93.84188155808866,102.65129876193629,98.68669960440124,90.89072476357732,82.15373429165686,99.764095446522,93.18304255850688,104.19888576879502,25.99851005391644
326,1441.1550968223721,1056.2211856576823,0.4368125202367554,0.04211673829727302,0.3401214271903421,49,0.0,0.057434479169205174,9.008074850872292,-2.3865799655226585,1441.1550968223721,1056.2211856576823,3687.374483449093,0.0,0.0,355.4055403232029,15.324387150648366,251.1240036699853,256.16343382064315,296.64925602259495,270.4785318706282,266.6609923452593,255.5162943915069,292.8191931259915,312.31322970819906,290.0033830920129,270.9287908024613,268.6947492925442,281.0171487605821,298.64102835626335,76.36444819042114
327,1167.0271750687912,1058.9907031630776,0.4221911969559664,0.7950145814127053,0.5019836393593075,49,0.0,0.010174861121115012,1.2377964461551536,-0.23162307863269332,1167.0271750687912,1058.9907031630776,1180.0509448825655,0.0,0.0,355.5239705876375,15.325473626605529,91.65493339010442,93.73006315951625,93.63513679433606,88.29000255208291,88.96800673587433,86.3009540717237,73.44475717169652,88.96676703465181,87.35541893878516,84.28686187323048,82.49017460682813,93.4839004769733,105.95794749512362,21.486020581638762
328,2677.930849715857,1059.2462470867965,0.6363182539316934,0.0772284017663002,0.117807917049789,49,0.0,0.09472223323984708,12.553812600492087,-2.746939103366853,2677.930849715857,1059.2462470867965,2665.4133398647436,0.0,0.0,354.8712309042053,15.325176158863751,220.28173238802123,210.3205763075806,201.05341437211666,191.09890438267604,230.08698912293914,192.4697177474595,186.61713383690332,194.74341005096525,187.24032001613665,203.82270324758747,184.99248925063955,202.80598313737295,219.4621400372468,40.41782596709871
329,2631.4317110190045,1059.8821987494784,0.4644225639717856,0.15633258923910837,-0.032769069426652524,49,0.0,0.02327336060188166,3.4528471886491863,-1.3454433959207273,2631.4317110190045,1059.8821987494784,1404.596366384078,0.0,0.0,354.89131793040326,15.325481827087499,111.71899063756078,117.83072780794949,102.53462814810314,92.7994633317862,96.15415541466162,104.76218524954719,96.99842780224049,94.72302587310944,105.8141926929332,92.94138215528119,113.55829843018452,119.06415306079805,122.72756994266186,32.96916583726073
330,2189.8076848116775,1062.880252656728,0.4567178052176738,0.10308288095735534,0.07623326879889195,49,0.0,0.03712208315408677,6.237424128720085,-1.9875131898938048,2189.8076848116775,1062.880252656728,1626.6755010609336,0.0,0.0,355.08210269600056,15.327028057898819,108.29692725815826,129.0019128581318,118.56768926856378,136.42224875111026,100.26547715616371,129.77083919327737,107.23735686774329,116.26250619931886,118.55005536922818,146.2951332422333,120.1913672443273,129.2504728518443,132.0632009713342,34.50031382949907
331,1935.8390849308196,1064.0834139248398,0.631544016718326,0.2517650785415964,0.17106430418861837,49,0.0,0.12165465226439691,17.495494831639938,-3.1073155757657442,1935.8390849308196,1064.0834139248398,2641.2075748313673,0.0,0.0,355.1918229919354,15.327626874130782,201.6566775710458,190.44044155116853,193.89641278175026,192.1153442234776,203.98363657197487,198.78545232147013,191.63552229182787,191.65896984023524,190.22623367827634,215.99284945625897,171.8270998750442,222.13589401299703,214.34737013598982,62.50567051985094
332,1503.5077965112273,1065.6499595448925,0.4794701239618415,0.27890735265035604,0.1278520419244183,49,0.0,0.01341421318016707,1.905263353129968,-0.6998875352078865,1503.5077965112273,1065.6499595448925,1100.6742551690731,0.0,0.0,355.37860328291515,15.328322380448807,75.88293513366531,95.70817277593427,77.78832136647601,107.94934580218558,74.31189430470143,81.11188172327844,68.46474321776559,100.20087363114942,72.50728634490534,74.17864438012074,78.16380717261677,83.117589670197,88.29024052663453,22.99851911944254
333,1647.5520941948103,1067.9687367272004,0.4196178830880624,0.1855997214484683,0.27396883391973437,49,0.0,0.021052094452744023,3.3667993680854598,-1.318043092477854,1647.5520941948103,1067.9687367272004,1347.3880836558192,0.0,0.0,355.31637141167533,15.329291510257441,86.9443375881398,96.73318336487016,104.26991660252136,84.58375169946385,111.342031312621,105.55261110195228,108.1713312098264,113.60805478840109,106.4382054880557,90.6558628305244,96.82027093702268,110.66228114223058,103.71769119613414,27.888554394055873
334,529.8549941287135,1068.8541554782166,0.6613441640942775,0.4632714131440845,0.29811399687778634,49,0.0,0.0331410214350019,3.8228965011500127,-1.4559813508624484,529.8549941287135,1068.8541554782166,1566.4985506544792,0.0,0.0,355.79924566401303,15.329185313869772,113.24790356087968,125.00123303106757,117.84227407866712,113.45508289521491,125.11786754348162,130.12837666074807,118.8401709718024,133.7090472753539,107.41976148592437,96.57297239096644,123.84409443159674,122.82430411579205,113.84120584845503,24.654256364529378
335,2259.443911009159,1068.563595305748,0.6749178932591843,-0.014976223069802334,0.07080614623402108,49,0.0,0.025115550449144843,3.1930490537626715,-1.2605139762850377,2259.443911009159,1068.563595305748,1144.9997576172786,0.0,0.0,355.05201516411927,15.329359959702202,75.94329238999102,82.89625508116248,77.36783702409414,84.9730110752133,77.03346960197875,92.85223771148506,72.86995699654334,75.30493307093454,102.05156870078422,85.60563740437456,93.59862651236426,105.19545805256169,97.05224907954344,22.255224916247926
336,2910.7118732565123,1070.70730958989,0.6668677472034265,-0.4639750850413048,-0.11201793473715105,49,0.0,0.010343249318209827,1.003647897696863,-0.003953448089765778,2910.7118732565123,1070.70730958989,1062.3234225375077,0.0,1020.256763147258,354.7706583536463,15.329720559965764,93.13851230286974,83.77502572527543,84.04650082770465,81.41110666712007,72.6010619242283,84.40272207629894,78.3929983616474,74.71262287454914,75.0376695909271,85.32841699514849,73.76360568688577,77.10175734778767,76.19063418479024,22.420787972274653
337,1715.1175145401896,1071.7378457415502,0.26210218467246416,-0.01146833441437033,-0.04201004908082539,49,0.0,0.007808355163356551,1.2077955439067083,-0.20498355742586574,1715.1175145401896,1071.7378457415502,990.372647779053,0.0,0.0,355.2871804673781,15.330857411991479,90.43341149478604,61.147090271736886,67.44678355010507,71.8413368107614,82.66741053765963,80.47792199767107,75.40097920066816,75.04402735491428,62.3032316502931,59.71162375798286,67.21423309543746,90.88939677965007,81.26876202457031,24.526439252816527
338,1061.6267113282836,1074.7811967184243,0.6534744629120456,-0.004683884376938108,0.10930760547735076,49,0.0,0.023118201505247165,2.8901560752225777,-1.1523032407821,1061.6267113282836,1074.7811967184243,1117.7224891043948,0.0,0.0,355.56951319304267,15.332010295331113,55.533850595184774,95.96031371497888,88.05366366608139,71.97875092497155,82.49025808002375,96.45207571149848,83.41695953744619,87.51276833105652,90.43110926205313,87.2395506937425,88.91088099041465,81.67067004832847,85.87661758627728,22.1950199623371
339,965.9445587459551,1077.7217447487847,0.5232386389034905,0.31563609782042135,0.23536042545496186,49,0.0,0.009112822437742018,1.113785120232639,-0.11700352893727076,965.9445587459551,1077.7217447487847,935.4499132582288,0.0,0.0,355.61085255210554,15.333188856288809,63.617407790904295,72.59045645686533,67.24879481396152,63.75711193416652,73.22338738992524,73.21072216017382,78.82611273986942,74.69498657636983,63.4540321730027,64.10156063155299,77.75661552710122,62.37372590441416,76.33893410944003,24.25606505048179
340,1733.4927125645047,1077.7453307669907,0.5463453531672463,0.19632601518412052,0.03343228632200599,49,0.0,0.019512560315329212,2.4606468956440324,-0.9776232416159987,1733.4927125645047,1077.7453307669907,1380.9467046879017,0.0,0.0,355.2792410003569,15.33335860315164,108.31033123263873,108.6910535397729,110.05027919169508,99.5713737186376,102.23089743728494,104.93422171107798,119.5582724378941,105.8791438365793,102.43378715637559,92.64661679766186,103.11996660615225,108.23130815035063,86.9196957353866,28.369757136394092
341,2854.6516439308375,1079.1130514093788,0.511443369083429,-0.010557289011704054,0.02054564901840861,49,0.0,0.2604032289356802,37.70616942465871,-3.941031036514386,2854.6516439308375,1079.1130514093788,7952.996440707215,0.0,1308.5650106996743,354.79486695823834,15.333282443346931,559.8559242786847,598.1075187837603,594.7969524809205,574.7629603915262,585.1985852687164,639.8237690192657,615.7321573562805,568.7940124269434,622.3116908515178,602.9675959859328,574.9192510513459,658.1910835125441,596.6678812504632,160.86705804931216
342,271.93578869790144,1080.4493019077927,0.30754062852717,-0.13734485087171963,-0.4477651198929098,49,0.0,0.008099635271814636,1.396256372054908,-0.3624129202634524,271.93578869790144,1080.4493019077927,1098.5594232286119,0.0,601.6774614398789,355.9106801062149,15.333759349685183,63.474585984922896,101.64288400618436,100.61082987691591,45.91337131166047,101.48113404667703,48.03716583637464,112.6507681604837,57.00767113402945,72.56269367618266,97.3569192576234,106.71838101403006,77.53159838872845,85.84357203437871,27.727848500420233
343,2510.7535446193183,1081.6304259339645,0.3714878800966968,0.42164699686470497,0.1902647344270551,49,0.0,0.010183022912894978,1.5548088455221099,-0.47919250681875997,2510.7535446193183,1081.6304259339645,992.5726687736469,0.0,0.0,354.94343409881253,15.334640496595878,76.51980636627184,74.38039701788571,67.06233708923422,69.30108522200896,74.96702222204314,76.53471324931209,74.74020463349137,74.82520272608615,65.01004591841401,75.83774026198833,73.9528394566202,88.08121263327376,70.84664790169887,30.513414075318245
344,2184.71408601474,1083.111530825097,0.595941567333916,0.1835957653156875,0.20218162581301927,49,0.0,0.2380860216419077,35.768835386878216,-3.8837619999889816,2184.71408601474,1083.111530825097,4918.455519345354,0.0,0.0,355.0842929166582,15.3354600330955,324.3750757615423,337.91074959231344,388.2878714046451,352.0602038000794,369.8144088060494,393.8690138781829,359.02068367980996,408.91828758195965,355.85363431309236,342.1968337464131,406.0773899878452,384.04658032955285,380.78161248588106,115.24317397798754
345,2921.383547058659,1085.2102862756399,0.4921327245494255,0.08618043397912149,-0.00043652962940457973,49,0.0,0.030529974049254005,4.144799567721386,-1.5437588349616638,2921.383547058659,1085.2102862756399,1649.8316766548296,0.0,1570.1849462351208,354.76603152239346,15.335751419341985,92.64120314669938,128.23334800605713,123.20273155650378,127.59491012288504,135.235330199077,125.91765314704134,131.0389267144226,115.13932622608857,136.8763981959001,108.27640155632221,114.35575821548495,142.22149263590325,122.20383773150681,46.894359200937274
346,1281.651691886089,1086.4699058088872,0.4833836028796293,0.04117603827521666,0.18539073226572408,49,0.0,0.026891700409974597,4.1708196802956445,-1.550553535304216,1281.651691886089,1086.4699058088872,1405.7240075705142,0.0,0.0,355.4744578185681,15.336958895664313,89.69196702713242,126.21138592823644,98.28863078403901,117.78144218370383,106.51048121086502,94.40005802863766,107.60111795142828,113.69742937991877,104.5954159200741,103.38781133443571,112.64706628849525,102.37985774937455,99.29343813449277,29.237905649680386
347,1135.2310648163918,1086.8231859579705,0.3842032075930611,0.4311971628223229,0.34689667794525064,49,0.0,0.022033986636670104,3.713771867780905,-1.4245380551821907,1135.2310648163918,1086.8231859579705,1289.780034796607,0.0,0.0,355.5377185006333,15.33705838773603,96.8424019498309,88.87833810948972,93.23913892253621,93.17292895220882,104.02255094768651,100.1963720797273,111.80891590703658,82.22367021046642,86.08810507415667,110.58786836135903,104.41391426889504,86.28165896294226,105.18399429201696,26.840176758254465
348,1105.734618691338,1087.8142855771698,0.5533306045572889,0.22719355682482295,0.21791072297535447,49,0.0,0.31022166766275283,48.391901131511055,-4.211931710505394,1105.734618691338,1087.8142855771698,6703.3291963122665,0.0,0.0,355.5504627238452,15.337459570999583,456.2524426287421,471.68930282398605,523.6362883012774,518.1514816821891,500.8048944451275,504.8000258398199,492.73990604524664,528.5152463914812,513.7544992436506,518.4291594607594,482.5476880116716,520.1992612215492,547.3378592596549,124.47114095711173
349,2450.830799763871,1091.21653330428,0.7448941256628929,0.1584711040296932,0.29762071427004777,49,0.0,0.0414619502433201,4.991135899136989,-1.7454984875994763,2450.830799763871,1091.21653330428,1376.0626088237918,0.0,0.0,354.9693152336951,15.338678397502656,99.42654538444943,81.73129511737538,107.9659530066481,86.31523870099326,97.22831919091261,97.76961918586163,115.07646633289988,122.7394203837182,120.7120551155614,103.6707066358668,110.26857625522649,102.2837236973832,104.82330289120955,26.051386925685737
350,1695.2912722077378,1091.4094572955273,0.7441151678324779,0.09107399053112952,-0.026509669198090127,49,0.0,0.011758361995847707,1.1826632232104086,-0.18215272986226572,1695.2912722077378,1091.4094572955273,1002.6889385700241,0.0,0.0,355.29574451513486,15.33905552237058,65.72303974192695,82.88983656612561,59.36279660946559,77.68677064980314,85.32015568802268,74.73110586078144,71.49237911951084,62.49363259930026,90.32009850171363,64.93402407623054,73.50352686619354,88.46764086645186,83.8422774690932,21.92165395540478
351,1287.964222865576,1093.2218307139672,0.8145527824829869,0.27337246257513426,0.12489233981734447,49,0.0,0.01729599541166036,1.8010635474196424,-0.6388225910532823,1287.964222865576,1093.2218307139672,1146.8257014732508,0.0,0.0,355.4717323453726,15.339773807158592,79.5015346134821,99.08410735363567,102.05004456484023,80.46290996772697,92.67542619755781,78.2088525251948,84.45168041923198,93.40277638013261,81.43763123622472,67.93197951426774,96.7076289956353,85.31921437328076,78.49903827161947,27.092877060420673
352,2147.6796866579148,1092.8444954213621,0.6441962586753096,0.2658495692716474,0.15881575437998033,49,0.0,1.1730984435548304,166.2515663375507,-5.551914364239368,2147.6796866579148,1092.8444954213621,20532.417689944356,0.0,0.0,355.1002885939815,15.339532752236472,1436.3832946346997,1611.4758871039205,1544.1199422034601,1512.3413055669903,1521.7123631668192,1550.2011036619201,1577.2170117600112,1524.4839555210015,1530.609844896399,1512.487258569927,1573.7024690007481,1589.0470520924437,1619.1140314261145,429.5221703399004
353,2428.2361673121322,1094.8843244150298,0.5950844523110956,0.10631363459573456,0.149725575812156,49,0.0,0.014594875108489303,1.807488619938349,-0.6426889290747374,2428.2361673121322,1094.8843244150298,1019.2758283333116,0.0,0.0,354.9790743059541,15.34022234876701,71.9535075727633,73.44394368080702,72.92885354347436,78.52953491145486,91.43451283062117,76.82746111226615,78.64506592772801,70.25001085559018,89.58733981819458,71.5282705612718,67.58171791547518,63.411669257429594,88.34583717088262,24.808103175352755
354,418.9545562128362,1097.6923008160697,0.5829659161591889,0.410969179921824,0.4597133497108523,49,0.0,0.04377718101857891,5.372798438689325,-1.825501370634953,418.9545562128362,1097.6923008160697,2020.2824632809466,0.0,0.0,355.84718484375566,15.341096840182718,150.90536277923758,164.31086699296694,158.64266971849693,182.57558939126676,165.4616240176797,145.8187921510459,166.6136865746643,133.35035604640825,150.58968901425757,127.09310261663606,134.46467652288925,147.50995402059607,154.55307922375076,38.393014211050286
355,1173.7921831488316,1096.9732885275225,0.620712483486664,0.4473772227106309,0.2989755045547659,49,0.0,0.1671950785339872,23.54486599312823,-3.429740557438405,1173.7921831488316,1096.9732885275225,3825.9879762074406,0.0,0.0,355.5210621118459,15.34130180915057,280.96127824097914,282.89638029236767,260.56827824616454,298.1527819566964,261.21906042854886,304.1751204200463,311.0078597214525,317.69771141960774,315.65454537586095,254.17157458619786,295.37583932731275,268.42402283409604,291.676526135826,84.00699722228364
356,1385.6178680271676,1096.9626501966334,0.21574239556669075,0.1062969431938464,-0.1063554542515767,49,0.0,0.005635486944858414,1.023601055371392,-0.025326812473527065,1385.6178680271676,1096.9626501966334,928.5360132185658,0.0,0.0,355.42954133898843,15.34135386363079,77.59609726068817,83.44850919323002,63.455078025748016,57.194031879262795,70.96504322195892,78.22065145409202,73.70863236218375,68.90619932968764,58.32336842723788,64.09151351746553,79.1526405255508,65.49398136451998,69.97460183258207,18.0056648243582
357,230.97296146503976,1098.6126554367197,0.9914980106427717,-0.0876845668776588,0.5243336519483759,49,0.0,0.010412496706128694,1.07688195551247,-0.08042024970441279,230.97296146503976,1098.6126554367197,859.4635895320725,0.0,159.84741433914613,355.92839779276284,15.34128099624206,9.390935726992549,9.115583010311145,155.2769782416018,47.00066011290038,55.47309116667476,38.58614919805238,6.93712389105162,44.01185258063487,69.84978880454334,67.03474408161395,92.97261805956833,214.05457015648005,28.285203013369195,21.474291488278176
358,1634.066072818211,1100.7629874061613,0.6396412971239414,0.42081856540623136,0.2552685440249958,49,0.0,0.06877669224444354,9.177687166746427,-2.4068331253144297,1634.066072818211,1100.7629874061613,2058.5486350547335,0.0,0.0,355.3221968733423,15.34295603988377,127.58028163626184,174.12403126397822,149.87036871686803,156.91245651278678,149.31302868488837,144.7736701791468,154.87139688699983,161.55139313953487,150.06634836321032,145.92859611989934,168.65591004008422,163.50206856753724,165.1485694220318,46.25051552150603
359,2057.1558343631364,1102.3177600435688,0.27231328247125525,0.13694154109315776,0.2911750387096795,49,0.0,0.007559849918653807,1.2044709952649548,-0.20199086565523588,2057.1558343631364,1102.3177600435688,958.4731456132652,0.0,0.0,355.1393956286458,15.34351763394878,67.22933862288525,79.03409077703287,74.51831067014592,71.36288838721227,66.02240555232885,86.00068229338184,91.31534854554786,56.60793665010848,74.94467197334856,62.803359427643336,71.76524443923464,70.58498223698753,66.98694648256384,19.29693955484385
360,2468.3702303598257,1105.640429196781,0.6167767804120496,-0.2801498876159173,0.21775321448959528,49,0.0,0.016037978367699268,1.9640292704155367,-0.7328698897439581,2468.3702303598257,1105.640429196781,1083.3185881936897,0.0,0.0,354.9617266260677,15.344675622050822,72.61018066128996,81.87645694602486,79.51503724335069,72.42023315046517,84.37021258811839,90.1204814017956,73.33534802105625,64.82890282815652,101.35862778312772,82.16809182251718,85.86683211722027,85.3979791152681,84.2178584462564,25.232346069042517
361,1879.4176346885943,1107.251678326001,0.5289775840892734,0.24368879607875343,-0.01573901491664768,49,0.0,0.009284897715811213,1.0695623333133777,-0.07301525002759507,1879.4176346885943,1107.251678326001,972.2519345313754,0.0,0.0,355.2161881539346,15.345627750119007,69.05309494713768,71.35589454978269,89.03779136192762,67.61950403825306,76.9862513159957,96.84267897753921,71.4153942887956,68.3930253196952,58.08483721827405,70.16891201970981,74.24216622110744,64.05096920811474,73.56181962107117,21.439595443971506
362,2806.0688322612828,1107.341635960265,0.49315811155943373,-0.10814322921415286,0.061469849820686186,49,0.0,0.021971430289114923,2.7204636732906344,-1.08660732772321,2806.0688322612828,1107.341635960265,1488.7855258347129,0.0,0.0,354.8158253429864,15.345093344094462,89.98398633949742,109.62370781191701,116.15284396334144,95.88279310917957,108.78184288683713,114.19144487772017,93.70049376064858,123.94629190848207,125.66586300391572,117.49434295207607,93.59374831683337,126.547691656534,139.11734796798925,34.103127279741145
363,1515.427993470342,1108.475655560708,0.6553014140464074,0.25380245127664725,0.30987849871435785,49,0.0,0.015099676562229216,1.83016803980638,-0.6562274175094309,1515.427993470342,1108.475655560708,1026.9619876865784,0.0,0.0,355.37345655789073,15.34616706909535,76.69136309494101,80.5680953766874,79.63069176248052,88.41645371442505,79.72800430977387,88.25743687113716,62.146179022917195,77.89786926495512,80.39761755805944,79.31373516142195,68.1346905600218,67.98547881051648,75.33535083573767,22.459021343503707
364,2714.0780582024986,1109.53780989843,0.39283507477343865,-0.5238662327565409,-0.5379514683013804,49,0.0,0.008763716237919111,1.0185121296634785,-0.019915513665808345,2714.0780582024986,1109.53780989843,1049.7149165678966,0.0,0.0,354.85556649874457,15.34609706164289,71.32924544558783,83.8288664001425,68.44207252991109,76.54560495563805,72.60108480750397,86.86687075961174,67.25987942644046,61.97865125396297,89.7787692767185,75.68721898109096,82.92793700829395,90.91749827315874,105.63921727617117,15.912000173664609
365,2278.832243141948,1110.534300703108,0.20684643685125093,0.3418439035810345,0.31350410820621744,49,0.0,0.007452275427185239,1.4232928443881063,-0.38323566485778493,2278.832243141948,1110.534300703108,934.0094957266564,0.0,0.0,355.0436140756092,15.346836515448736,61.79539839364286,71.85047741707982,73.99278867743675,68.08542744621661,66.38232774286271,81.40462573072995,57.364143588837365,69.89411258551019,72.84826770695865,67.23129197159014,61.25336986027803,81.0572231927236,76.74287705976559,24.10716435302408
366,543.4582503496741,1113.4335212749143,0.7294010493383394,0.14721882167841763,0.326537655042191,49,0.0,0.01113737247159992,1.155357798137432,-0.1567912499496751,543.4582503496741,1113.4335212749143,932.634359878404,0.0,0.0,355.7934101159336,15.347771222727248,65.73981621874962,74.4195303154784,58.06042892094834,74.24466381766096,71.57746746820274,64.79563891086954,73.45947711491951,76.72907225336115,70.02981389643811,66.74259081741764,67.9911883194331,78.09469839586504,79.40342537241095,11.3465480566488
367,1603.8274640973361,1114.2747227008965,0.6200934086342123,-0.022523617479080955,0.3479273207361052,49,0.0,0.025982145348908678,2.8805096398357843,-1.1486733324079106,1603.8274640973361,1114.2747227008965,1628.7070102889993,0.0,0.0,355.3352618157907,15.34858632096688,113.4500318429489,123.01781427077438,126.92610175023948,130.58523547409766,107.17399252437065,115.18710451576796,138.40468030644269,121.95884985940965,123.47153664654914,95.52500031865989,128.42112668371908,120.98290446598605,148.09942272002536,35.503208910008425
368,1448.4888104061642,1114.4991939852202,0.49188085539814247,-0.08392208872820367,-0.23586684803179556,49,0.0,0.016783886327202,1.7022008105813582,-0.5775269824721906,1448.4888104061642,1114.4991939852202,1427.1686096282879,0.0,0.0,355.40237972489774,15.34867024495844,83.91611638066676,124.45144645346396,107.78770455200979,106.71418278107072,103.75842257001983,114.01732402132123,110.40496886367396,117.91593309329738,87.33546461821948,128.2686930911854,93.48859443377302,106.60868980454767,120.28104861738858,22.220020347650077
369,1667.5139631261395,1114.9643653280643,0.4316751540644228,0.2529049149652993,0.009402572733978017,49,0.0,0.014995638323434634,2.1490606130625145,-0.8306216617478639,1667.5139631261395,1114.9643653280643,1138.2884898035948,0.0,0.0,355.30774445051173,15.348871805536296,69.04844497684407,83.35914956066412,105.42589015202537,80.44707247405306,97.15170620092475,84.87135397209283,96.3393569098748,88.83399262058941,80.42043617274982,89.25176451259446,93.69209622655072,69.61276816932288,83.2976419183996,16.536815936908923
370,2514.5279780387377,1115.9594929947295,0.6639671649353125,0.27108609718575166,0.026171477867981234,49,0.0,0.01893982674136146,2.1037195229324026,-0.8074695932640283,2514.5279780387377,1115.9594929947295,1181.2281915980234,0.0,0.0,354.9417760390929,15.348940883182683,87.99700844000643,89.85146040522548,82.71112017726212,93.91969419725834,88.48119066856162,86.73504187888474,69.27347612236451,88.72618709657148,102.92039632013795,82.40749008847949,93.48990541261796,95.93484202320607,92.45032096985946,26.330057797587582
371,2575.688708278312,1116.7255640207322,0.31702467935462003,0.5149582103068006,0.3312152441358207,49,0.0,0.009468966258478642,1.4345236415934057,-0.3917692750224066,2575.688708278312,1116.7255640207322,1033.0231837947454,0.0,0.0,354.9153506313726,15.349212018868306,72.5908404950742,68.63569284644318,61.28625839596642,83.48602050234774,82.73868427467656,82.96594617112646,94.2748407502583,64.29925187496946,75.40319073796879,86.86477842508614,63.25123162088262,83.7860821508649,79.1214308491588,34.31893469992191
372,2625.393747593463,1119.2329514950766,0.6030472696739384,0.1647521157262643,0.048896081891021195,49,0.0,0.023975828166150678,3.1142968587981317,-1.233400019290217,2625.393747593463,1119.2329514950766,1231.4886676682188,0.0,0.0,354.89387320998554,15.350215379129487,79.21564470161408,108.62851062005193,83.3519748621118,97.55721990636846,83.87041211423563,100.12645033848897,98.14847236010834,97.54602950347439,94.0981239332094,85.0266852665944,81.73696853281908,90.07454855747956,103.03996787109628,29.067659100566424
373,1150.7100545467865,1125.6195257830452,0.5273438955121046,-0.3468621440857296,0.13862798373162494,49,0.0,0.016605685629279044,1.866863416163753,-0.6777813629280658,1150.7100545467865,1125.6195257830452,1470.5088448992396,0.0,0.0,355.531046114032,15.353229112597068,114.4908717210133,94.79437229485873,114.81270119693252,107.37873841001074,121.10085735255822,105.61156775630478,107.25883693141886,107.68736907921462,114.94313475303079,97.89714787164456,128.47073350129867,111.87879392452558,109.99630339719054,34.187416709237844
374,1569.1065914806495,1125.9004740034152,0.7306783703735914,0.3757477202997748,0.507873156526327,49,0.0,0.012707865443188002,1.335824509290383,-0.31437351875291514,1569.1065914806495,1125.9004740034152,997.8613019601198,0.0,0.0,355.35026414630096,15.353429919516586,74.9031176797927,81.23170282419447,72.05693083540359,76.41858054593236,75.99013038754183,71.24711413084383,57.768613399815,78.76943111883631,77.92021161634214,86.17178993534793,69.51104203630841,89.07159612823973,68.71929293456267,18.081748386958743
375,2675.719752933519,1125.7324489996288,0.9678858106843891,-0.4144530957191594,-0.6982749262310343,49,0.0,0.02336825983854399,1.7093342921192556,-0.58206751348026,2675.719752933519,1125.7324489996288,1474.1331898442709,0.0,0.0,354.8721236555974,15.352879428135903,127.88256790800123,116.46731794023465,131.79113613615056,102.6169797507954,104.28768557235173,107.0174136364337,112.19690746546051,127.70148729575524,134.4918549755177,90.4836804689951,103.06558188509769,97.28307373916022,97.71174054406444,21.135762526252883
376,1906.8942492540825,1129.387950627001,0.6126260613617127,0.22064944590264984,0.26262585871616223,49,0.0,0.33502152305573496,47.267412312609146,-4.186404567999919,1906.8942492540825,1129.387950627001,7261.5872055230875,0.0,0.0,355.20431050444114,15.354844372429048,467.4386834673007,509.6072617375406,562.4669714509946,557.1169936071426,554.2853087024309,588.9571196538138,533.4910753625127,578.2937704308652,540.2249123850506,549.9090346035758,568.2205183173694,515.5509458526404,560.9704200268925,175.05418992495828
377,1649.1970760722518,1129.7918393878442,0.8496058196250725,-0.4691780761818708,0.048018411840675394,49,0.0,0.012584884361895593,1.1598278371930508,-0.16098382025245037,1649.1970760722518,1129.7918393878442,933.2231615634721,0.0,0.0,355.3156580934241,15.355050726001004,63.32934145992318,80.32401560878526,72.14415657725746,68.58319339677064,62.22507783728623,54.20582669064838,66.06063456573375,78.65747650559192,74.25942866940908,80.12621355377365,80.35209731684652,68.67454367917003,67.02865767220857,17.25249803006741
378,2738.9954118343003,1129.827595304361,0.34075938447290655,-0.1418694478098329,0.0969664051549484,49,0.0,0.018409521017493803,2.2616781040531593,-0.8860769838106626,2738.9954118343003,1129.827595304361,1647.933934857358,0.0,0.0,354.84478104115277,15.35452739353012,112.16226997844596,123.14003470800094,128.2930451309748,133.45768663920558,116.98063858167332,117.75174387526498,144.34242327696603,124.24013614145838,102.76910262450687,114.97588880950588,128.70860316831835,136.32234112407954,135.19476612739663,29.595254671560802
379,1174.7652555422267,1131.5246774253699,0.7568167188960828,-0.3454604057396743,0.2419094374164245,49,0.0,0.01177772045307766,1.0724366010714588,-0.07592906888162018,1174.7652555422267,1131.5246774253699,1071.5382574116156,0.0,0.0,355.5206545405207,15.355698311538854,80.37214417168423,82.0708943063967,79.0946822172366,87.17646616448394,88.03641869453833,78.11684397217496,70.66112696521982,80.78962990756975,85.13642828171997,68.96724016877117,100.15026531148621,67.70871172964634,81.65649971967112,21.60090580101643
380,1414.1258698564368,1132.7551730266746,0.3669953107610192,0.15027448779461894,0.42914675223510773,49,0.0,0.009540792566099202,1.2971107839803628,-0.28244267501489945,1414.1258698564368,1132.7551730266746,1078.907345110317,0.0,0.0,355.4172300382394,15.35627196844728,72.08992462915148,84.3254084463025,77.90770558067723,75.65307705650491,79.36091662978681,58.94150483400139,103.11849754129233,80.11610115483649,76.51030759447328,80.00390138598007,83.97259572469872,105.0827001977161,80.84763209012746,20.977072244768124
381,1916.819131304944,1133.036491430809,0.5334045152376301,0.37008060935710807,0.45424291955699586,49,0.0,0.010831398736944121,1.3247979533444696,-0.3053741212697927,1916.819131304944,1133.036491430809,1535.2995287412282,0.0,0.0,355.2000210980055,15.356362004567544,83.83558348572583,95.25490892757834,127.31247609174821,111.48882935209463,117.67939915161062,123.1565661229478,113.46151288504257,116.58386524585066,125.71585981669026,115.8770202031948,147.65667541938268,104.8333256104158,120.78138931894611,31.662117109999834
382,1349.6841028280191,1135.1040853880822,0.6013439413186801,0.30763474608418023,0.3390988575522011,49,0.0,0.047811766024648435,6.522678899111112,-2.0360649985917365,1349.6841028280191,1135.1040853880822,1755.5551746022065,0.0,0.0,355.44507517667176,15.357238947057303,110.83308512439956,144.50755590858975,128.41707050135727,129.66832767065713,128.36231603688475,143.0543332536476,108.20429423865015,130.37921282570926,139.65862209010066,112.58584778975383,153.3506929437257,151.3119997665601,137.8087940960338,37.4130223561369
383,1618.6002200921287,1136.233113269521,0.6855105223409401,0.15407287456101257,0.2419985511821295,49,0.0,0.06287737301215253,8.102944907399708,-2.2716072152815934,1618.6002200921287,1136.233113269521,1845.963835884234,0.0,0.0,355.32887853395397,15.357735409348459,104.4025493678459,137.1338732554329,149.6616736141031,136.27493360707902,159.14353245190895,133.16147796117474,131.4040501178161,127.60364682786765,127.93000304488854,159.472644710307,135.3973207918377,160.3999017343533,146.8192469815012,37.15898141811764
384,2014.1340508091987,1136.4336651732406,0.6450292965468533,-0.0654359014798852,-0.16781973812999823,49,0.0,0.02146022125862811,2.510973051559166,-0.9996051294307005,2014.1340508091987,1136.4336651732406,1208.390573816877,0.0,0.0,355.15797127752165,15.357747915320992,81.81835430967953,101.39125076479704,86.37514962994216,77.63421884053804,97.64852716160254,82.69180594822015,100.32318745863385,111.72415802859256,90.11718459851107,78.0889180495429,96.73027595410505,84.97899388071937,88.38736903824946,30.481180153743328
385,1010.0008842885303,1136.9432470650706,0.5905271474481198,0.1663617573381558,0.18532532585498315,49,0.0,0.038654615567321526,5.52362364597672,-1.8555602002716727,1010.0008842885303,1136.9432470650706,1458.187803761558,0.0,0.0,355.59184928666394,15.357886339030983,108.49256090947962,114.14793045300954,102.45855978616775,95.38378286983249,118.82106563459344,103.99837917737008,104.76457078957773,109.8051632295761,115.619696304992,111.00463670497362,101.8051086414187,121.40484748768205,107.7196438086533,42.76185796423144
386,2585.9260925329286,1137.228692666716,0.6557193149875838,0.40491811057072974,0.5760340836499839,49,0.0,0.015258417956545443,1.7736467632648998,-0.6221678267322633,2585.9260925329286,1137.228692666716,1085.3556564688702,0.0,0.0,354.91090988654827,15.357746304932197,76.85313039612569,75.57018747849293,77.52885686246444,72.85676632383928,74.6192160992783,82.5474115875634,95.69655543761945,92.59768352902762,83.53052013097465,80.83572453641135,95.23672706199199,79.11424205287352,81.31048465612017,17.05815031608757
387,869.8758577010691,1138.0659834965277,0.6989389521198585,-0.03467166160796476,0.14191657846037595,49,0.0,0.04530898811720915,5.847589532023666,-1.9174421999593516,869.8758577010691,1138.0659834965277,1462.1503212417572,0.0,0.0,355.6523957541625,15.358277104214906,92.4289525887578,88.64918486851298,119.12439103625185,106.50077307429157,127.13597538926376,97.543407407426,119.04250240558802,98.6495194132361,120.59658468492677,108.89936250614933,105.63684279177811,114.8339354230271,120.78486933916454,42.32402031338326
388,1751.1906330159636,1137.783547039615,0.42116449576803255,0.10850354557446844,0.5133398765233611,49,0.0,0.008673080952560417,1.1312559255054242,-0.13390216762169838,1751.1906330159636,1137.783547039615,1013.0203145766675,0.0,0.0,355.27158684647503,15.358372103210952,93.33045727209577,73.74751962695701,64.26507963956786,66.47505279445018,84.90529123926683,82.7811284326977,77.00893117894711,65.68257431534084,80.50729640909788,68.87639566416374,88.60959905440768,83.61035843059305,63.517136611483025,19.703493907598855
389,740.8828574051538,1138.766704772661,0.6362150988681792,0.27392101260619556,0.21725998601425045,49,0.0,0.3540505398134147,49.50318894575132,-4.2365829416235,740.8828574051538,1138.766704772661,7144.578839936865,0.0,0.0,355.708131569699,15.35848370622047,516.8928416165926,496.13881680410907,476.81643006527065,555.8382961938687,588.0589502530428,533.953407044129,518.0900556965277,551.1276435836558,569.5908651901966,527.9783086557912,541.0796728245718,560.1966710678046,558.3966207676208,150.42026017368423
390,986.3285714195663,1139.3564969436516,0.5316208672660933,0.2398619678396709,-0.0413007624535692,49,0.0,0.039944959716886566,5.377796116459577,-1.82651083295965,986.3285714195663,1139.3564969436516,1876.9029480613494,0.0,0.0,355.6020790475787,15.358879971532806,129.47967481059638,139.77843078851967,140.8357168936721,146.91231038361963,128.66257946711033,152.36293488887625,140.7354305160802,130.90271129525877,157.88264872235482,156.14453139816055,123.72677374957962,147.77322734881102,140.36226430920084,41.34371348950936
391,1498.5832135831906,1140.4768493820777,0.4110721529720069,-0.06177516865571027,0.17675142770952904,49,0.0,0.009488093343360263,1.2388609429266493,-0.23255640333148073,1498.5832135831906,1140.4768493820777,1033.7038779343648,0.0,0.0,355.38073752196556,15.359499426458646,65.91257538541552,77.66202389855313,88.22901647695957,78.28140053028174,74.82616631165698,92.36835103485069,73.81437078558531,75.67636528930193,84.941358953372,77.27093801527687,82.43007771207542,67.30644325837828,77.82429534718844,17.16049493546887
392,1852.1265975113429,1144.6802168353975,0.28917284136385984,-0.0025625460459767707,-0.043039858843159286,49,0.0,0.007837906790782466,1.19904311087482,-0.1970869954419852,1852.1265975113429,1144.6802168353975,1014.7314604412429,0.0,0.0,355.2279714794957,15.36122878037484,74.05989496506685,70.35070459157679,57.72666668639801,91.42569588875088,79.57298812300112,81.74435199305627,82.99522076207165,88.1259825804865,70.4843832583487,58.90510525322069,84.12134453764406,75.80825034905004,78.30371267097848,21.1071587815928
393,2202.395723954751,1147.4030764443937,0.6909095546644798,0.39569398988667126,0.1935884850455924,49,0.0,0.00906323636229277,1.0057391150140405,-0.006213352387593265,2202.395723954751,1147.4030764443937,848.7777331450758,0.0,0.0,355.076619958445,15.362238853363941,66.43816003255469,49.29210027138778,79.39348586735028,59.57445545413875,65.39996563643362,72.08948316748446,66.31530845815493,63.023436602905434,62.20437345534375,51.710857143881086,60.729975166769854,58.31993321681813,76.85855713830976,17.427641533543188
394,2756.8836219777722,1150.92634377563,0.3977302197482534,0.02935047125463438,0.26846093944692584,49,0.0,0.009620935009638567,1.3030382995745808,-0.28739295226966227,2756.8836219777722,1150.92634377563,1016.8490271817159,0.0,0.0,354.8370310192866,15.363301028720754,63.92647354819479,92.27112900321873,86.60971880935867,89.02661359922074,74.5663904705205,68.67107663920261,62.987572445110246,69.89718642062134,70.05696424440373,79.95119174792771,77.84430759638178,67.64432942101229,87.12755228704924,26.26852094949347
395,1834.622885875683,1153.347240740076,0.7624256796640076,0.10049947008588266,0.19889775669041834,49,0.0,0.21235569192442588,26.07455004498734,-3.5405420569204225,1834.622885875683,1153.347240740076,4076.608081246059,0.0,0.0,355.2355330578516,15.364843534504262,289.15450236539203,283.65873673872466,305.0144230307015,331.9735554071051,301.717483891994,329.1855992301147,313.37038999293185,320.45135434393364,305.23916252254025,293.1570951656697,326.86980722015426,296.2305142944041,302.68724401307793,77.89821302931527
396,2107.5634883960142,1153.6170125396295,0.22617349184392055,0.3897709082983258,0.08528710010041762,49,0.0,0.01142295957332122,2.305281214436058,-0.906809778141041,2107.5634883960142,1153.6170125396295,1091.8261626430346,0.0,0.0,355.11759384524265,15.36487171931597,72.34003402628309,86.64000614249517,95.40193231031515,87.34248396420861,69.99704545561362,87.86927009651208,85.68998728200228,67.70899419094795,86.27883311405867,90.62544232377559,69.67175900152533,78.69270920423551,95.85596927015007,17.711696260911417
397,1182.2359104724371,1155.392372819605,0.5761456168901005,0.0682394382998549,0.3178921728061351,49,0.0,0.017426950612585156,2.069195697151188,-0.7895039165794207,1182.2359104724371,1155.392372819605,1241.631074719946,0.0,0.0,355.5174353010105,15.365645648423833,79.03363568251464,87.11598693605411,105.33067454177319,98.56354650014096,107.4316155043516,90.48797508700156,74.177224593858,92.62916953219771,94.16567471961285,89.30589692492853,93.67216298977672,102.82674357671993,92.29132096877399,34.59944716224191
398,2265.2011547380107,1154.985941555421,0.3711996845461965,0.36385049593886504,0.17411693843489023,49,0.0,0.014803129422712712,1.9450331394593807,-0.7223175130768533,2265.2011547380107,1154.985941555421,1829.1735495269804,0.0,0.0,355.0494777167202,15.365365196694537,154.60145091835778,121.09891242795331,140.11520057748552,150.84335959545479,131.13024936228334,143.35149950191584,124.41603159884163,145.63071256956758,132.57951840527505,136.63715018796464,127.51154135605361,148.66168139644958,143.41103330331788,29.185208326060142
399,240.906305768697,1156.9556028739714,0.2617417705118385,0.8437927018751525,0.32602658122762135,49,0.0,0.005763588231878471,1.1899791820236845,-0.1888484093398933,240.906305768697,1156.9556028739714,1084.2080353678489,0.0,590.073738086498,355.92417572517843,15.365600256621596,93.02199163475126,93.06046462174012,81.8436885757504,43.75250053932109,95.84590268493425,70.20188748546377,63.5436836895042,113.47119869656001,70.82827290917201,89.07267371162024,80.90455365571904,113.57546276177177,59.408584448929176,15.67716995261161
400,1046.7881509417982,1158.1430034435602,0.6694494046611066,-0.001647296629822047,0.081009565609031,49,0.0,0.013256121539599892,1.3534041326805024,-0.32856874571811084,1046.7881509417982,1158.1430034435602,1073.052247441461,0.0,0.0,355.57596426103794,15.366736912611607,72.35015377150472,97.74820269297658,75.27796133131082,85.90398706878221,78.66222942331713,65.87602573333031,81.73601214184589,77.90971339055413,77.8183232617333,89.32515502046304,82.87820612144424,79.14081727584674,87.79626115742118,20.629199050930914
401,570.7889566885807,1158.8580029017744,0.29231778535763775,0.5540669932677464,0.2664102350688353,49,0.0,0.007448856453364437,1.0356506156398952,-0.03803316919061079,570.7889566885807,1158.8580029017744,914.6118157259677,0.0,0.0,355.78164282021294,15.366721016414276,68.88982562518012,60.39451204710815,66.99307678014875,70.88093653965413,62.34957714134764,73.52113358540424,69.513568365664,61.99433512818888,80.43967689645149,70.3450426683425,65.7064992540075,71.23438918462787,75.72167696276004,16.627565547082444
402,2349.769528048068,1161.0028278203454,0.6042905543460932,0.17187392167386817,0.09564300781173567,49,0.0,0.1008070229457861,14.567424322388556,-2.9084569265323057,2349.769528048068,1161.0028278203454,2478.811976046419,0.0,0.0,355.0129319524992,15.367822385277519,172.1137103492221,202.90733298073386,199.3140427922502,183.46446030843916,192.58906842510555,189.21277683350968,186.6504426598449,173.65845412755445,186.1579808167738,161.85371518317888,172.8219207246492,177.57571839051246,232.4584785075044,48.0338739471403
403,2813.1898554085406,1160.658041224988,0.36565179696880157,0.1410849926759215,0.05070949735450693,49,0.0,0.05073604000814659,8.254161167558697,-2.2916823612256945,2813.1898554085406,1160.658041224988,2384.368364205501,0.0,0.0,354.8126923470862,15.36730016766555,157.76098520621096,172.13058224380413,183.0177299314588,180.9241787030274,192.0515049881811,197.2184366604983,175.53790966907562,161.42568171683712,161.54076278436673,188.59240311271816,181.32740978363262,197.0008190086496,179.93485256682692,55.90510783021346
404,1942.8945137459505,1161.8073759239155,0.5434391599369663,0.1648838118375683,0.08101250534063917,49,0.0,0.010892142738981212,1.3168564068754038,-0.29884605262548986,1942.8945137459505,1161.8073759239155,972.6847932558092,0.0,0.0,355.1887456196592,15.368342556488452,60.73792426017097,96.06779480308523,58.26691343664626,75.00012601802433,65.81719029603161,56.936696108297085,63.56694088312767,92.45652710308693,75.19359669121778,85.51163330123882,58.1879823320775,76.92147896386383,82.67695941213688,25.343029646804258
405,2271.917096571303,1165.1825793238963,0.6180797866776927,0.22506490456293196,0.2022156359517199,49,0.0,1.4508332694484873,213.4215607625881,-5.823095728995965,2271.917096571303,1165.1825793238963,25548.32539728081,0.0,0.0,355.04656978123177,15.369609961927106,1725.0794495462799,1915.2085490998122,1877.3725965946787,1904.5298561809916,1872.5230034978608,1954.5793075999425,1902.5989154115632,1970.7049798895891,2007.1943632988607,1989.7485420112062,2010.5667914249525,1918.4337387837072,1961.993880179631,537.7914237617285
406,2135.2798208281897,1166.279492110549,0.654028280367188,-0.41601933735001045,0.3550316968396015,49,0.0,0.011458523562578173,1.2469342146475106,-0.23960885428735085,2135.2798208281897,1166.279492110549,926.866489144015,0.0,0.0,355.10561163404446,15.370135634147093,62.250179895610565,62.292037212973895,62.03389790369749,66.95687590476464,67.0098000732749,62.28801131013286,72.79444127870543,70.77134333117286,75.15277054268418,64.73170644498222,56.5116312344973,91.57718899624129,84.20150352178004,28.295101493497242
407,2959.085674625706,1165.5198699346736,0.34897126097667097,-0.3175681557764263,-0.06473074355677344,49,0.0,0.025238510824677686,3.7259089569739436,-1.4280805966321053,2959.085674625706,1165.5198699346736,1696.6942597688403,0.0,1618.1406112326154,354.749648699461,15.369169617832116,113.0443100640581,104.4500775316653,130.86569814989062,144.2501093636262,144.83154406904777,126.62338596783144,125.76343372433246,127.29770635023546,159.8480453591583,130.14949041586618,121.16066769817408,127.52183549998303,113.89277386914465,26.995181705826738
408,865.400558117947,1168.9270232656766,0.7910117193450735,0.5677141250153872,0.3002439476761634,49,0.0,0.012955177781733015,1.3982354929185798,-0.3639508052446032,865.400558117947,1168.9270232656766,902.8976989422438,0.0,0.0,355.6543492719531,15.371132807435918,59.0254074385235,65.44392517604945,64.13493264852505,67.51886944437688,78.24714981218871,85.74437387197344,65.51055782899134,76.99212027730563,64.40579452663192,65.86817282208204,65.0174697241448,68.33543259560301,57.91797368702234,18.735519088825676
409,1242.33405428916,1172.1481722469557,0.6161459454818486,0.34259773663512444,0.44397351572374943,49,0.0,0.009594634218074601,1.05724156707257,-0.06043557437128626,1242.33405428916,1172.1481722469557,980.0003005317556,0.0,0.0,355.4914717190401,15.372646562260664,80.75570011564551,83.09576610045285,68.4232617595571,71.13323535901793,88.65376141349316,64.14363617513264,73.96536174825863,72.75863323553155,75.06595539497134,63.940593984609784,83.44870979664196,68.96258723345058,64.503330243421,21.14976797157153
410,1288.8137820700206,1174.2818465676946,0.5878332366494645,0.1423889376532768,0.19395855766111564,49,0.0,0.18422272184173516,26.832148844867366,-3.5716386360311874,1288.8137820700206,1174.2818465676946,4359.039050268688,0.0,0.0,355.4713873622009,15.373548550590485,272.8199558755289,347.06415197435183,319.4998582303051,315.53823507204027,363.5213944354592,338.7605418243919,346.93228296899747,316.7174120645801,338.94177384777504,315.7061073721486,351.98028423450455,313.2110872380355,341.3112277639259,77.03473736664311
411,1720.3428582607512,1175.692208544296,0.9002103955152883,0.1982534425906944,0.3600468500719302,49,0.0,0.012638867326852588,1.0794876183442375,-0.08304416342038329,1720.3428582607512,1175.692208544296,929.6570740616995,0.0,0.0,355.28491204095076,15.374170680476068,85.38740655986146,73.11574342280139,79.775875998965,55.07363221722661,66.50719686632468,66.81242726863584,70.34834303972737,68.7845338461126,65.87904965416956,67.13083886462428,65.32156186247191,64.25373112032091,81.5156863345467,19.751047005911204
412,326.0223960946748,1177.3187758104232,0.4115322664679769,0.03780861961935714,-0.09191198890663073,49,0.0,0.01266226908241381,1.7744209582077266,-0.6226416460380343,326.0223960946748,1177.3187758104232,1301.2934057026841,0.0,129.4894554591612,355.8874223422268,15.374177768746543,97.9149291319116,102.35550541538262,113.47854839287052,103.33667591861914,106.43809599400021,109.72624552905384,108.3001185407656,106.89502742421698,78.40021558666538,86.55460474904487,77.61224982358101,85.13737953086229,93.14313692891196,32.000672736798236
413,1477.853962589468,1181.9877598238027,0.5055085626172653,0.17492057319407142,0.27952824618223526,49,0.0,0.02077885176425043,2.9168110166877126,-1.1622707290706282,1477.853962589468,1181.9877598238027,1273.91280638254,0.0,0.0,355.38969902395087,15.376793517891967,103.25624975155732,87.19137461839557,100.02120588562109,99.3215211361965,95.02788193517051,100.79695220363068,98.09684527145724,94.37032720489955,93.12545736615087,77.33341843481881,92.88837684647595,111.16297587187816,96.74030522966765,24.579914626620074
414,280.2065086971392,1184.2035923445937,0.512908081458852,0.029696335725886147,0.10796194121208205,49,0.0,0.04556307313809879,5.5284053600707805,-1.8564996984278623,280.2065086971392,1184.2035923445937,2490.0362748323414,0.0,1860.4470248967818,355.90722679958697,15.37699675460711,183.61331124614685,194.87903398801018,183.9875514869779,188.06137726796737,196.3658229478358,173.77236204463514,187.12717780456177,208.18259986018808,179.55726983343473,159.90761282696064,208.75157089485532,183.97232472886566,189.61501559509665,52.24324430680525
415,2054.2984103365698,1184.0096507074195,0.6092973133553417,0.197530756268108,0.16318204124496205,49,0.0,1.1515899348063696,170.72357333465098,-5.580733730471605,2054.2984103365698,1184.0096507074195,20940.61365066011,0.0,0.0,355.14059781745146,15.377556426007056,1396.1803455888787,1562.0732442334365,1507.5975595169314,1573.9036974523729,1590.7409116649912,1622.2475276119435,1573.1085138974097,1649.002180522895,1572.2363992946125,1604.6283617554434,1622.117449825303,1620.0130071804817,1604.2020402436005,442.5624118718076
416,680.4556719697486,1185.0608254758147,0.33059770584483295,0.3474595487290528,-0.09332441038078272,49,0.0,0.007428081634249265,1.0565367839130493,-0.05971155463591982,680.4556719697486,1185.0608254758147,887.9851371795606,0.0,0.0,355.7342779590913,15.37772751337483,42.58281823809247,66.36357411553429,64.94873201535209,83.94205476111736,82.05834693788647,74.6089959836172,62.21136198018314,53.07047088418353,70.0154930158611,58.44950617942561,58.52258568037405,66.05936879640463,76.07545866216452,29.076369929364155
417,2708.3124729298174,1188.4503041853498,0.39611229555071725,0.2538249019115236,-0.3925368103378728,49,0.0,0.008847311353326432,1.1388568557173409,-0.14117285128901688,2708.3124729298174,1188.4503041853498,1019.5996035750755,0.0,0.0,354.85798109207695,15.378981087542877,68.9792614755813,73.47867797866276,74.23102018447454,83.97382868947912,81.0759876796021,58.83168125785478,77.0476423703058,66.75379053318103,85.40936798344305,79.48264210496166,91.45923844758403,75.3882505178502,76.4105068495301,27.077707502564973
418,1021.782819905745,1189.6691786710685,0.2476757781123127,0.16835657740245272,0.6332554610912006,49,0.0,0.010897912644276041,1.4898684614162225,-0.43286981699909155,1021.782819905745,1189.6691786710685,1195.1638562813955,0.0,0.0,355.5867851354778,15.379860777344062,84.17801802562195,92.06023763346735,84.69022782757477,92.2032501187918,91.53428690033871,84.55935459005224,88.69430210853596,94.1954273821645,100.36275542588133,79.23141089414054,89.67337453696916,97.08022592456808,85.46023541569099,31.240749497597953
419,2149.9304260748104,1189.3149673354405,0.5967851539718846,0.05563460368909214,0.19701163115173673,49,0.0,0.024462356797734914,3.2612607550048875,-1.283463810823835,2149.9304260748104,1189.3149673354405,1193.8230092428241,0.0,0.0,355.099269859114,15.379726960506334,79.21433004463131,81.14481793084468,84.594824891402,76.8600787251456,83.06500040555996,75.0594225246418,99.60653879218181,94.53995719837044,104.1402139645762,84.50495417416542,105.65987466532616,93.93212821636205,100.86380720069084,30.637060508925874
420,306.12497694802,1190.7311985528393,0.523984647168226,0.2718645578572653,0.4672666534473526,49,0.0,0.015878507441666845,1.8895410061683149,-0.6908908031615355,306.12497694802,1190.7311985528393,1296.8315947088104,0.0,403.19001089016876,355.89603497186755,15.379744669568893,104.45479837228977,108.78892959866674,100.09562167905393,96.93624585046652,85.87876593486399,85.28030863286274,99.90528514822475,109.9640904730376,86.12185693589703,105.44769690702304,83.11858590963487,102.36187641519167,105.62557307059794,22.851959780999742
421,1527.4959468127554,1191.5355227131265,0.49834602462033417,0.36480151530320176,0.2199061643171484,49,0.0,0.01606326004161189,1.987747044957154,-0.7459027912384668,1527.4959468127554,1191.5355227131265,1289.9989880919193,0.0,0.0,355.3682476608499,15.380775762487685,82.14588350034472,114.18611215973434,91.84540196629229,101.7681318505349,119.49353032856997,114.26053451308879,104.00562562227324,67.09904250221905,84.93400852702362,83.96221774426601,89.03649576828637,88.7051658390838,121.23376233918324,27.32307543101885
422,2772.0140033764874,1192.310821088687,0.5596849764501474,0.08925093427226499,0.10099072079506502,49,0.0,0.35800558790456777,49.291600993335905,-4.231932310718495,2772.0140033764874,1192.310821088687,10073.753608569732,0.0,0.0,354.8304512243441,15.380529058379901,663.2012910886649,699.7148606789242,745.9393388784623,736.7706938082114,771.595057097498,789.0353873682648,790.2971111653094,764.0066475916713,777.3251322082883,775.0953392606186,792.1585743384925,785.5372654717931,769.534324539735,213.5425850737987
423,1909.061117857033,1201.401615294987,0.7041202409271693,0.5008895740657807,0.2007842396557681,49,0.0,0.01096787694533676,1.0416937104207535,-0.044350104922785974,1909.061117857033,1201.401615294987,1003.0038223779774,0.0,0.0,355.2033548168397,15.384849129202246,80.11707729081775,56.855771623697585,73.41967597032186,69.34733479770172,76.9947006735558,63.419069854721826,70.30706617176911,75.08349234405145,83.53509374580247,78.06985458922594,95.13479243899113,63.61705850391427,87.03755966324427,30.065274710162328
424,969.4927573426663,1202.266403903579,0.5930785271700543,0.48078324798399735,-0.2637456575904655,49,0.0,0.009280001700314388,1.102549941221104,-0.10599567608782967,969.4927573426663,1202.266403903579,921.9551777576601,0.0,0.0,355.6093882703698,15.385083155493945,46.0216858928169,60.626611318087114,75.56696230746215,79.96124948026144,60.167739814715134,68.09654975340223,65.19432489015796,66.4947445801381,67.18206831083363,74.11575908221413,82.2738784170804,81.62930917822018,80.25428250696974,14.370012225300947
425,2274.7353741786405,1203.4685892916314,0.6570437292652412,0.44156729691399105,0.21321892992755953,49,0.0,0.01887523824734456,1.953364256663525,-0.7269580914611233,2274.7353741786405,1203.4685892916314,1211.0098396347107,0.0,0.0,355.0453294251176,15.385560533990969,76.32876969764799,86.93074679504346,94.3154077210674,94.60541262200253,102.52456849988957,67.32489841238171,74.5569534204123,96.83089221873527,98.39160853962503,87.59142578626349,88.72562584702167,111.40396466445901,103.44976926912891,28.029796141032428
426,1181.0218048490974,1203.7387988698358,0.5615123207246033,0.21497242898662514,0.2648457958832633,49,0.0,7.465000861894185,1102.6317629813243,-7.606076247087743,1181.0218048490974,1203.7387988698358,168825.75434205012,0.0,0.0,355.5179776441942,15.385789279222582,11620.058654262219,12333.985677371653,12626.421283661803,12681.538962903654,12966.276111726302,12942.943432223721,13178.90204316819,12945.570629282069,13020.648837184131,12204.063224332644,12902.901294918789,12833.080388748127,13089.122100856242,3480.2417014105868
427,1199.0858458235814,1206.552539130741,0.5311541969064176,0.2417478553592036,0.2616963761768114,49,0.0,16.053706836855213,2241.9927598948466,-8.37658551446675,1199.0858458235814,1206.552539130741,464587.7353714366,0.0,0.0,355.5101722782728,15.386967837996677,31802.468160210818,34299.732794319694,34745.46076989291,34651.39156718203,35179.92089593361,35587.90283349409,35606.71808853054,35640.54327890542,35724.31164892645,34794.261894305746,35498.55685420969,35514.00416766597,35578.97643751908,9963.485980340181
428,1818.0216393764965,1207.4595482562709,0.6763871987182926,0.17796232067945955,0.3390053156812257,49,0.0,0.011831288430043009,1.231405156050186,-0.22600241926391346,1818.0216393764965,1207.4595482562709,1020.6719126361272,0.0,0.0,355.24269629795333,15.38739320960182,60.138511348315426,94.97804015509726,56.61521995381815,80.99368012720561,68.51501094810692,71.67804769949788,89.19007793738501,82.79289205789362,80.41472565087045,78.02968390270549,78.11955605922775,84.40350590646656,77.17580212713109,17.627158762405916
429,2987.8786935246853,1207.9043021962252,0.30805835101898466,0.041034929045625265,-0.12647065659638196,49,0.0,0.04343283589001212,7.530139513874307,-2.1920075565523716,2987.8786935246853,1207.9043021962252,2309.429879410579,23.767440364597658,2192.637002416096,354.73715663097596,15.386795748003046,162.95446129123468,199.8985995085713,178.19504921841852,201.71678097536423,206.7953314538753,223.5325916548043,176.67750321456754,179.60415855341586,194.87335335247866,169.5593823908813,159.65747093525272,138.00485024332949,115.810375091282,2.149971527103042
430,2424.5473438533622,1211.0245234198057,0.7104422603351609,0.2693572916540996,0.15925835849389122,49,0.0,0.03549226221184518,4.354344724982308,-1.5973070207838327,2424.5473438533622,1211.0245234198057,1299.9538225592541,0.0,0.0,354.9805844156156,15.388615179107358,83.32212085433534,109.4418980532476,95.15634982799216,101.81980476895143,99.55355650197839,105.4729997539114,103.29323848117156,72.34979991112624,106.95151930711502,103.76995664703267,102.71259484849186,92.33556280494209,99.16493182840102,24.609488970557322
431,1787.1799061830698,1213.2888168816266,0.4701764977884103,0.16991570881663884,0.7514669612615499,49,0.0,0.012639434200014827,1.8560829057744646,-0.6714934274390928,1787.1799061830698,1213.2888168816266,951.4749593685009,0.0,0.0,355.2560237607844,15.389827247374587,60.27769266928101,78.64724067485818,61.25870389473008,85.21280408500701,69.30753254315661,71.01466883445286,69.74070607699542,58.81694830472837,83.6554201783313,81.80644380079374,63.693067644868684,73.8649000456122,71.94364775826986,22.23518285741563
432,1484.5829559143313,1217.6044859245967,0.561941521167039,0.35249558512915463,0.20991063216353045,49,0.0,0.8075503103192566,119.43641465900008,-5.192841894754938,1484.5829559143313,1217.6044859245967,17973.55856049982,0.0,0.0,355.38679480798874,15.391634357497436,1205.359611597703,1358.4504864143746,1351.1965532988256,1364.5959556785904,1352.8564226711765,1354.8416746634537,1353.1666050828435,1385.7368405903558,1304.536216890568,1373.6324096988924,1410.247532316559,1385.8885192176276,1382.5854700279742,390.4642623508771
433,1073.408895228687,1218.7656908604833,0.40531614652395986,0.07274339369381704,0.19019715978039725,49,0.0,0.05564802005836822,7.875149321373803,-2.2406469930854795,1073.408895228687,1218.7656908604833,2722.9899151365707,0.0,0.0,355.5644892020407,15.392007917878761,170.41094459315548,200.46399946417455,196.20560324344075,200.89854862376524,203.50100281367986,217.90337501502566,205.73538016387204,207.15967596225755,220.95300652339216,202.23183157111202,191.96769403605555,209.37583357240905,238.74501572696698,57.43800382726379
434,359.23364686552793,1219.968150614767,0.9027367462811399,0.349878172701006,0.48126005644461106,49,0.0,0.016850716919250375,1.382989783144537,-0.35204742941221434,359.23364686552793,1219.968150614767,1166.3698522060745,0.0,0.0,355.87311831920897,15.391982212065722,61.72865409478201,81.5359435828351,73.67351418668045,91.64821327672374,96.77955067544258,84.25775925490703,91.33164266051472,100.11982791506239,94.58566813316189,88.62686312599234,71.76260993207808,100.5957703257582,108.29639427680115,21.427440765334936
435,2622.2946905530657,1219.345986890876,0.9709326607598817,0.3051016392515677,0.7459607084202898,49,0.0,0.016125843034561705,1.4629692832554977,-0.413088019256059,2622.2946905530657,1219.345986890876,970.5123833576577,0.0,0.0,354.895122793046,15.391930129055426,64.61938569708747,80.28300738211647,82.2220554386258,67.0589146572983,68.25119828602541,68.98575346744207,85.13826857468712,77.3894903698262,59.11409843532264,70.75259978791274,77.60562949194818,69.62767125770662,70.84619166699866,28.618118844660057
436,2228.7774240856493,1221.2897034998887,0.7873797882987188,0.44946771053432216,0.1768918474150979,49,0.0,0.01674544004122035,1.840655576750551,-0.6624313274379261,2228.7774240856493,1221.2897034998887,973.8201719740606,0.0,0.0,355.06518001193444,15.393010810905679,64.11787314439803,82.83468366804196,61.7788882710652,75.71062295850611,74.76242277035608,77.60476916174417,79.3593945199583,76.50767999512584,71.87919818017463,65.73453439288026,88.16277306467958,65.60610259841681,70.43613470894482,19.32509453976872
437,684.0713610785235,1225.822595216957,0.6262342725762153,0.10060100002669418,0.1078678257327687,49,0.0,0.022272865734544164,2.9539490765876386,-1.176007510490254,684.0713610785235,1225.822595216957,1121.733135041742,0.0,0.0,355.7327482048439,15.394713804127596,70.97941175859563,89.80990423701137,59.299404207108616,83.05416059072799,85.32631237038052,92.70460173936321,102.50105712392137,77.34317799012322,105.77651264329769,74.7666282428582,84.50804673447585,89.46691186530435,80.60127599425323,25.595729544320662
438,2614.261866722696,1226.88029141182,0.20425261714146545,0.09950654684592289,0.2758329606288644,49,0.0,0.006572841452012443,1.0944606189323765,-0.0980003483184467,2614.261866722696,1226.88029141182,995.1025017207403,0.0,0.0,354.8985874314186,15.395076126465154,82.56878840403311,86.07953169261286,78.58122395811087,61.65582408152012,69.0794949153315,63.99885641960893,83.27720431520862,82.18153812728553,69.88484701054071,67.93179704723056,77.03125750764114,82.75977262093767,64.31587061872133,25.7564950019574
439,960.9642225925373,1230.4560108576575,0.8879069419228544,0.2804116811661359,0.337891479167188,49,0.0,0.02331773859147324,2.4122028038289267,-0.9560345448241269,960.9642225925373,1230.4560108576575,1034.4096655741196,0.0,0.0,355.61308956065636,15.396824079299337,76.123350085644,92.38804935468778,83.74134850943636,83.24743471085971,67.62898743561803,69.42059514407684,74.63054316123385,72.88109350131225,74.35896761040009,66.09161123911441,85.06457606854048,76.97115181751664,89.65030038396,22.21165655171903
440,1030.337169534229,1231.45218303579,0.7204215189907089,0.42200182280246834,0.23791014318068696,49,0.0,0.1276171374300696,15.881890400427837,-3.0022554866653124,1030.337169534229,1231.45218303579,2900.0815679695834,0.0,0.0,355.5831093415374,15.397274156722622,221.96702503213982,217.49717428998866,196.55146717705065,225.07616010069725,244.54991553904233,216.37792524478266,219.40018591310383,215.64764880933507,227.9372874276479,227.82314365977822,208.49281433942855,204.65301886833754,201.0134692207383,73.09433234751224
441,816.8075849817104,1234.3272826661455,0.43401039319476903,0.013919614815485114,0.10126894332626644,49,0.0,0.015904832688127504,2.438263708298038,-0.9677016864146438,816.8075849817104,1234.3272826661455,1104.2791798064172,0.0,0.0,355.67539148643385,15.39835147211939,78.2466557549459,70.48461384354371,79.23275827750186,100.27467273854072,91.94621296930046,76.85893153472756,74.75238289234699,80.59249145440788,81.00805450336455,89.19344175262306,99.64247256363905,92.880584587696,71.22996823682729,17.93593869695216
442,1666.2575747774986,1233.6355974116577,0.40317953877361656,-0.0027332409807809604,0.3916875091408737,49,0.0,0.019225202656838532,3.2746515706243504,-1.2879127424948362,1666.2575747774986,1233.6355974116577,1230.7591219090657,0.0,0.0,355.30828048632924,15.39831773745286,85.40693055440462,77.07773061877094,105.07332319173685,87.0578654195962,94.12605359238515,85.55471775757664,96.61057107538628,88.032905411086,86.40732751347849,87.69056736963822,101.73869794044259,103.2024797570945,103.41359862642331,29.366353081045915
443,1357.2226839350637,1235.9602266040706,0.6104714473080692,0.16920740746119026,0.2194295182764191,49,0.0,0.13903472846289058,19.685769845163527,-3.235381008187592,1357.2226839350637,1235.9602266040706,3443.167324246052,0.0,0.0,355.4418392600148,15.399263433644018,261.63907742690424,283.95574316089073,242.9899421949826,229.90309011152527,282.0710058780271,250.4430945812831,266.9945275944538,270.5488802975559,254.15931218814336,255.36128257199064,274.52648148956973,239.27765708242197,251.62188093924226,79.675348729061
444,1810.4626346393693,1239.1623021117325,0.6780079087450994,-0.03986459991624933,0.5521092405503228,49,0.0,0.01034935972963399,1.1023471969583813,-0.10579600528854052,1810.4626346393693,1239.1623021117325,964.571927009247,0.0,0.0,355.24595714260965,15.400603921651477,78.67932221868864,61.87085959899104,73.8507523635366,59.21466044348986,71.13793824957497,71.67029653520616,60.5118219053371,80.63302219504084,62.528477561650476,76.66078596834693,75.10146201571013,81.18004990712521,85.33020189647877,26.202276150070276
445,2009.7761633986643,1244.0234486485901,0.5117280388644999,0.22295017628672112,0.2032989113948082,49,0.0,0.041135743523012525,6.308418297562147,-1.999801206846672,2009.7761633986643,1244.0234486485901,1571.9872848004866,0.0,0.0,355.15981579928837,15.402577868727217,102.51296622367585,114.70755554633487,97.26947023059049,124.76449693197006,120.66841189708077,128.79448574234948,116.78564498075568,109.23493651161814,125.18253894137378,130.2229796367605,116.60873911918839,126.04168164769568,114.99543377898324,44.19794361210965
446,736.8448184750002,1245.3759366898428,0.4785625460550586,0.001989005637086268,0.25132621006407674,49,0.0,0.011909652366055904,1.1952211642695998,-0.1936206869232076,736.8448184750002,1245.3759366898428,1278.04657293238,0.0,0.0,355.70995677032045,15.40289998604869,77.67806416323626,96.97226975588983,89.66812866952162,85.79374947899021,84.16077537478986,91.31597262969387,111.1778836440571,96.99863124203313,118.11131678563223,111.28061727641324,114.96888417396254,84.64452786031643,80.98976902864055,34.28598284920326
447,344.1806407981348,1247.47024160024,0.5379038544500514,0.08763805477201292,0.18830994923685468,49,0.0,0.01308729975262509,1.3256633168281593,-0.3060830971061699,344.1806407981348,1247.47024160024,1165.809371787327,0.0,0.0,355.8796533502819,15.403425140540405,76.54716133172596,96.99948624296297,95.10095037982063,95.96202782320412,76.59094579717177,74.9635573545211,89.43458102802504,95.0074164993658,87.92412871965098,93.43749067423941,77.61580556209479,91.35377150568003,84.76774412343683,30.104304745427694
448,1741.8949622548123,1249.0401462999941,0.47972973578335165,0.13035812186029402,0.23003328356472558,49,0.0,0.04385809448443487,6.994133459006273,-2.11183478767577,1741.8949622548123,1249.0401462999941,1743.0655582748034,0.0,0.0,355.27558971062837,15.404729714194149,123.54747147820399,134.36445066361827,129.9926484106877,128.05437591737945,135.6134199975027,128.9375243491626,112.89229527913307,132.33247366443126,131.72449873723485,132.1491912593777,144.98398377627603,123.03075454680196,139.16575676991312,46.27671342508073
449,313.8356906696874,1250.2281108776087,0.7383405197096848,-0.5080768350559043,-0.10151840001371246,49,0.0,0.01390734881340746,1.3101385760092725,-0.2932930857295078,313.8356906696874,1250.2281108776087,1111.6370362086595,0.0,1.0010285301364852,355.89277006315507,15.404541983900058,80.05004708585258,74.10098835276784,91.09932986516645,69.36190874146601,91.32468061498727,75.53829085808688,86.85632290855094,81.92400559607589,79.1189489524539,76.64553985922089,95.68486377194208,96.96138144929947,86.84961814993655,26.121110002852678
450,2804.165961556982,1250.673710798789,0.4648419090077121,0.28301551491492277,0.24817013319292766,49,0.0,0.011800997609769562,1.517324757072165,-0.4526963598602301,2804.165961556982,1250.673710798789,1081.4649756943006,0.0,0.0,354.816496709759,15.404813916644144,72.86665461608709,78.35801518482937,69.59819936083635,97.13102807605779,95.28107317906158,75.99552674077295,73.37038755227371,86.18723359762072,78.63981165868569,74.6371817881975,75.08343370880073,91.2212264258414,90.17872627810904,22.916477527126737
451,660.8211714465891,1252.2480448091121,0.4427451575145796,0.12009228237872678,-0.10985566727582892,49,0.0,0.009653359275508947,1.2707401656037003,-0.2601418933388346,660.8211714465891,1252.2480448091121,1054.2557405767748,0.0,0.0,355.74281749962626,15.405706053467782,78.04196263634311,75.24207993508874,74.81634597485281,56.8537550596058,83.35472717897264,75.66776777950786,64.50966723399111,80.6132632832346,87.37566944501967,78.26684352156114,88.10735614182158,92.20810941229712,88.60185214661021,30.59634082786817
452,2110.404180206325,1254.6553855358704,0.5901931320275551,0.2955028779386709,-0.09971608268069936,49,0.0,0.010734155620412826,1.309860139706551,-0.2930623158639285,2110.404180206325,1254.6553855358704,1056.1892535340387,0.0,0.0,355.1163213533294,15.406969175266353,71.33451642217402,91.07043212603688,73.66714809090158,70.82748286987263,72.43555363015022,92.16256417575117,75.35578788647106,80.45113189004229,90.38822465276621,79.27403077444137,85.75641218788462,77.40817538881399,79.17510420948956,16.882689229243134
453,2902.901582660059,1256.5817920891436,0.718040624163969,0.10780146695449885,0.07633608075084722,49,0.0,0.07308257352156942,8.389407291119795,-2.309328197873656,2902.901582660059,1256.5817920891436,2436.51253317501,0.0,70.79826139579055,354.77382086343636,15.407172199330729,151.7548221957025,190.299391041826,169.07273114171318,192.12439982122999,190.35556224783213,196.22741999444963,186.0696966629068,173.86440296655582,201.36885229222497,179.1243316602795,184.10712650385807,178.31143810956598,194.95190717583807,48.880451361027326
454,1246.9317252206524,1257.3995727207412,0.6787494208505434,0.28685179735052974,0.4186153873519184,49,0.0,0.016139231935165973,1.7649367197045192,-0.6168228468651111,1246.9317252206524,1257.3995727207412,1118.3793184220524,0.0,0.0,355.48951130480833,15.408168935005987,73.40022845945538,91.70365507544444,78.03163094295833,79.10540435897957,111.21561084875208,76.16914157009575,84.80188346458698,75.15210686257818,85.34372857608565,73.49635029324298,80.68592645234281,94.06896138962341,89.5770999501239,25.627590177782825
455,705.5385225220487,1259.409839436768,0.7524029621865818,0.11883451535357062,0.3890957206064391,49,0.0,0.01566772079152749,1.5701001964470473,-0.4898184198376945,705.5385225220487,1259.409839436768,1099.27065650227,0.0,0.0,355.72349739825023,15.408724295750089,91.5204518684132,75.20945272899021,71.85763495093605,73.24692371309021,73.6926398194426,68.72141901077222,87.53541157409254,83.38714103105718,78.40360447961707,78.25623597888566,74.62278732483256,105.57396427102589,112.84081154086728,24.402178210247193
456,624.8160547857311,1263.142886360871,0.5683410177023367,0.09523181362896173,0.1297710610618735,49,0.0,0.6494057705970706,99.06759206932468,-4.989829017966034,624.8160547857311,1263.142886360871,13137.783181076618,0.0,0.0,355.7583872203495,15.41021663083211,905.2142370154872,973.1715909976415,1003.6535900371094,990.0256139408752,989.6154073270568,983.0175029396586,1033.348803957303,968.0805647542852,995.4863523821732,1000.0147281555857,986.2983195232893,1031.7578137022397,1005.210691576398,272.88796476751577
457,1087.298073978745,1266.5154995407797,0.7438073372625787,0.2480641293207976,-0.27730710833578587,49,0.0,0.011079940994191812,1.032487306582509,-0.0347118028427451,1087.298073978745,1266.5154995407797,979.3569916871297,0.0,0.0,355.55850828063836,15.411909413531172,60.78281274907171,81.11568424822622,71.56320527798759,69.15039976444675,81.93910042465306,75.53600827016432,78.17987090072111,64.48036265250454,68.6731148672665,75.7221151998991,77.59289800935143,81.56554698071663,72.38864531081676,20.667227031303923
458,1274.2388828105638,1266.7031058019572,0.39928923915822834,-0.14218761142257655,0.4436762617739978,49,0.0,0.008035026984565617,1.1062860919932853,-0.10966863140670449,1274.2388828105638,1266.7031058019572,1032.5350268368634,0.0,0.0,355.4777118874955,15.412053123177296,74.52726321751754,66.59609207906277,70.12375619901003,86.99276842972222,73.05070209598459,81.50745076796655,63.142550486209544,79.50008255780031,84.75926767216615,81.51260105999529,81.12722640734542,93.3879632733105,63.646703923257206,32.6605986675152
459,2315.473903224449,1266.837720912217,0.4881538491917075,0.008688455782958267,-0.025005153443134333,49,0.0,0.037693260174223135,5.971811518298843,-1.9402652302787717,2315.473903224449,1266.837720912217,1498.442375706837,0.0,0.0,355.0276850478543,15.41194017404681,130.73925608876868,101.41728005498456,111.37089010507874,100.41069887639361,126.87113812332741,109.94994792799677,112.88803129269273,110.71981027353755,126.49754298860513,105.58259380944426,91.80487670595758,114.27087125280929,118.17189182259105,37.747546384649596
460,1695.3270023516695,1270.3269661317236,0.5981551320902453,0.2842798771018993,0.19754563537670772,49,0.0,1.0342141267042857,147.10565933572778,-5.419073452230103,1695.3270023516695,1270.3269661317236,21983.39671110222,0.0,0.0,355.2957142528571,15.413603757722658,1496.4047344497067,1586.742629315453,1607.4173496311366,1607.2925573989319,1726.5290122803247,1758.143001922504,1645.7191208582044,1709.2332653171918,1709.1553690276046,1675.6628252276191,1734.5167582135523,1622.730644815028,1665.9622161231823,437.8872265217766
461,325.32730429125684,1271.5550404243256,0.3612443178454061,0.11146924310792139,0.12661939669609246,49,0.0,0.1740307305421672,26.894953456259238,-3.5741769925980837,325.32730429125684,1271.5550404243256,7772.8785976444615,0.0,0.0,355.8878276943736,15.413440026917437,538.3306624458417,541.0010348865005,578.5704856208743,582.1882067323053,635.5144347600431,628.7755387407576,570.7642090743352,602.9544594797201,609.2549233225939,528.094847735835,585.6230428273307,606.847069807528,601.9615449044643,162.99813730633142
462,2378.1124656012835,1272.5140588180159,0.4754384426487287,0.09137242251846642,0.042512989818747876,49,0.0,0.0126825399335453,1.7347513882820225,-0.5980931092961004,2378.1124656012835,1272.5140588180159,1030.3690341558129,0.0,0.0,355.0006091572154,15.414266214112658,82.25332313508952,89.87591603449829,78.23936823581752,73.30367189175801,72.61992995308948,66.54402599259484,76.20281197940999,87.95135697944706,55.60058481840986,75.56066437250638,90.18326836675718,87.05092801698541,75.56141429481677,19.42177008463264
463,2463.5341248886066,1273.0557823976364,0.863104691399376,-0.08133825349503811,-0.31635176984729857,49,0.0,0.014151879137586396,1.2871506231920964,-0.2740734282430619,2463.5341248886066,1273.0557823976364,998.3086194096691,0.0,0.0,354.9636898108538,15.414433386890803,70.75422017501312,91.94496534459213,57.90477771795319,67.0362397733393,75.63195441621102,85.77900183933275,50.761059087421344,67.94201704891077,89.85079277249827,63.24087235015348,89.34638871828182,86.97528327542715,73.22765106740813,27.913395823126557
464,169.49923214540985,1273.6233765072516,0.29608535550866344,0.8367721888761397,0.4030179536760014,49,0.0,0.006988332758895844,1.6366080723157117,-0.5348617223389891,169.49923214540985,1273.6233765072516,1170.5211859186054,0.0,186.77644217902926,355.95517404731396,15.414125656699193,72.79558480952028,12.534229005568971,12.601471802116366,58.116275174938,63.40274791641194,139.15586574420007,17.241695799034325,87.0315418041028,52.98126665346356,27.39382915253457,58.0709064831153,477.1049246494441,73.02877856940658,19.062068354748565
465,2262.998666536133,1276.9788612958039,0.4931411428208957,0.02830667065484939,0.06908504623238042,49,0.0,0.012100778619926979,1.617640381206717,-0.5222049492219688,2262.998666536133,1276.9788612958039,1006.8081469381555,0.0,0.0,355.0503587825878,15.416195760564028,68.86781464523513,78.10229202238747,87.02093509033526,56.65167291732905,75.4388190163081,78.36136329622619,82.6533276046556,78.83289802898611,74.33063261605062,70.37560927892105,71.10230966891632,75.97149832747024,78.80196606292188,30.297008362412434
466,1461.9233159589746,1277.8804015481103,0.21145925587958478,0.22521454479824696,0.29866081949486667,49,0.0,0.008098080458650127,1.2483415075256659,-0.24083352775885192,1461.9233159589746,1277.8804015481103,1013.9032739645361,0.0,0.0,355.3965948033155,15.41674673778487,79.93913432960633,83.77177331850676,75.30363056964256,91.05571567682229,77.05198200935462,75.9571581245679,83.74884607574566,60.40449643597597,57.191643644047105,66.40906528973551,72.97194044959596,77.01203689484818,88.55410163972701,24.53174950636023
467,2216.9972648265825,1278.709385246233,0.7976490689549374,0.0018344371933943105,0.14491560818254864,49,0.0,0.01296217757235797,1.3197516243760354,-0.30123051302860604,2216.9972648265825,1278.709385246233,1038.102135062713,0.0,0.0,355.0702399710907,15.416941379718093,57.099200002384016,81.14787570381493,77.0478760251215,76.16190331279381,76.79916567888284,73.27020935239102,78.22792476490417,85.08933369273917,78.08201663910864,89.7516825239218,100.01471498090191,60.55197364261931,85.20721839478503,19.65104034834487
468,1242.0046222335275,1280.2847675940448,0.7672063468887184,0.178584615640817,0.34501223049468316,49,0.0,0.011271994496477538,1.1127703752880773,-0.11601388784958923,1242.0046222335275,1280.2847675940448,991.0594386449845,0.0,0.0,355.4916479536642,15.41770287756855,71.81098068697369,91.9924295041515,80.08825570821226,73.82829318065143,63.79248159958435,71.98975379499348,64.52082781169315,69.5352519555322,75.62171502432017,80.35621833773142,75.52528023302497,60.2899487415687,88.4066638972215,23.301338169325618
469,452.474131157745,1281.989572368271,0.6281833035849498,0.19169408713593325,0.09484981015303673,49,0.0,0.33011682439153317,43.78868347535128,-4.103404720368688,452.474131157745,1281.989572368271,8026.3319490545,0.0,0.0,355.832888352778,15.417916243614977,522.9606986511719,622.6012480141615,559.8168324566599,613.8279457146789,622.6383888077255,634.7240753936682,623.3556564057621,614.2335619147565,601.2005458776471,587.1294614543356,585.6716692583913,606.2086491503105,652.9797644796294,178.98345147560164
470,2006.2914493222504,1281.566063904434,0.5508816430990859,0.05357771599801566,0.09948038612995778,49,0.0,0.011016360555777151,1.1953524247953484,-0.19373991714130756,2006.2914493222504,1281.566063904434,1067.0340999997002,0.0,0.0,355.1613085210241,15.418221642736997,53.927391635538214,100.67077575535987,75.93693963193158,88.23867925374421,89.00720303887971,66.80156885595767,84.93837720738976,86.40130421373516,62.944799963836125,83.26510004273018,83.399636465256,91.10238020347157,72.37569620933024,28.024247522539852
471,157.85538027024285,1280.662478776165,0.5179941786696771,0.6949156183764985,0.8960836086215083,49,0.0,0.007408162271256996,1.4469724848247485,-0.4011506819745194,157.85538027024285,1280.662478776165,877.6613197997424,0.0,97.95419751152718,355.96021496742406,15.417044450653842,89.79176297124772,0.0,83.46265630814293,0.0,14.281230697471674,47.46495036065393,0.0,337.4259580331592,26.647622959139714,37.86408632366849,74.78832747257896,58.78091106057363,80.69140451269743,26.462409100408784
472,2645.1265155714264,1283.3922407630448,0.2809767556399447,0.6262355689248602,0.4044108498947731,49,0.0,0.008820518789734444,1.0581574485340666,-0.061375733383190995,2645.1265155714264,1283.3922407630448,1140.617071309538,0.0,0.0,354.8851977679411,15.418595389380409,79.21386658396798,90.87248456578229,74.90664552767132,95.82091156326425,87.22019393013488,91.15679757994556,82.72907934702567,81.38413719291103,96.41626595076363,84.48531010875257,89.34083731271599,93.25086404836925,74.13988760036534,19.679789997868063
473,2743.257657138709,1286.1906992277488,0.6912821214656247,0.0308770994182959,0.22088481767381946,49,0.0,0.015478419176406723,1.7118147450522807,-0.5836419073439736,2743.257657138709,1286.1906992277488,1098.0832807046456,0.0,0.0,354.84278337206626,15.419671680794766,85.38855879996059,85.5593230581613,79.02455309203154,69.86654228835849,80.58647307204416,85.43016601676177,77.86694087429684,102.08871716534422,92.72351111549665,63.14982033792353,87.79868707257056,89.25971536493056,75.95150393725271,23.38876850951273
474,2377.7853780544365,1286.5999465646498,0.4376964347828967,0.5950034846792985,0.19498887366233797,49,0.0,0.014988662776843523,2.243161895184131,-0.8771515473633642,2377.7853780544365,1286.5999465646498,1039.330638447258,0.0,0.0,355.0007409534393,15.420135413457233,73.37504073943093,76.54299473077936,70.48424407231576,70.85391186649744,87.2682594931749,90.36586606361615,65.55840458121708,81.59861470560736,102.29985299529653,78.29111886626936,60.77061525080971,93.4963807820579,68.79506486787372,19.63026943231175
475,2223.14468087657,1287.6091515986268,0.8561028828702583,0.6146130851460107,0.39685446169539984,49,0.0,0.014454468950767976,1.2404890778300168,-0.23398236194975885,2223.14468087657,1287.6091515986268,1025.8489088681654,0.0,0.0,355.0675781587153,15.42064637251979,65.08378014411949,89.03433899450368,85.00486335288252,59.50826946159125,63.574535456796866,84.08524555761196,84.21759569180169,70.59192424956807,88.74122505582754,72.5954459456112,71.2167058031068,76.61437148655787,91.20712285115356,24.373484817033138
476,1316.8379296545731,1289.6677458654292,0.5205031836859978,0.007447647109240498,0.1306862328142714,49,0.0,0.025139877338202936,3.2411237044648606,-1.2767390178313835,1316.8379296545731,1289.6677458654292,1380.3097926503362,0.0,0.0,355.4593060333434,15.421632500143884,106.5516268730826,103.43558800025062,97.45245963904969,98.92302946637491,93.27987584438455,110.5046789075838,106.1828650808614,101.93789717817162,105.87014764549508,101.90043147938047,112.0895685034489,110.00417583147751,109.230695988091,22.946752212684242
477,1562.5153912828418,1290.3818948487472,0.6521492157040824,0.15792153691051547,0.15322134943063576,49,0.0,0.031248499664810168,3.9680628544236503,-1.4964463569873319,1562.5153912828418,1290.3818948487472,1360.516558018353,0.0,0.0,355.3531175639803,15.421963085701115,93.5561351643641,99.48578246051554,95.15788543834955,104.49397786442123,110.91110995161256,102.05397320884843,97.66054697091485,90.86289817952137,101.98796190262401,108.55692564076722,121.13286957472577,108.66333154046588,96.24942572003093,29.743734401191567
478,335.3979540266333,1291.46182568227,0.4770402220963971,0.27258083438792585,0.16467933016080286,49,0.0,0.5648001646985563,79.30814389542637,-4.748294464739309,335.3979540266333,1291.46182568227,19021.728321425355,0.0,0.0,355.88349744909226,15.421744782564687,1308.246777713261,1401.0632887636502,1469.9546973640613,1354.6432615009937,1421.7393279915632,1476.5931418509363,1407.1278245418634,1477.7663044542824,1469.6536076661137,1393.7406568192798,1518.4526466555808,1469.9036346088005,1467.4795423385365,385.3636091564316
479,1384.4111544654975,1294.4612640187265,0.423339860341443,0.2660644351851372,0.8734948433001588,49,0.0,0.0353174755604238,3.2106051199166457,-1.2664672348077017,1384.4111544654975,1294.4612640187265,3444.189536752134,0.0,0.0,355.43010000292304,15.42364389988576,241.7415575618156,264.81266544089124,252.0691117828225,245.61795476241875,259.30895609764366,269.41645644132126,259.63975615669915,258.4683884445526,269.9218719544642,237.33645584297628,296.4600781526398,255.49465388882408,263.9612276842385,69.94040254082623
480,1513.2024003956537,1294.932034261158,0.5749511955072332,-0.01699359161723971,0.08312607822139566,49,0.0,0.059028926033570815,8.750792429503571,-2.355118456035225,1513.2024003956537,1294.932034261158,1921.0511854522626,0.0,0.0,355.3744323928049,15.423856385190616,129.0976413014394,113.96151688267011,159.74591022813104,133.7843641211751,155.7937515385733,160.5818852640873,151.47626813331715,159.28098390016,141.49099697651693,128.98678197593588,154.11901386244477,148.51837757028872,147.87049283057266,36.34320086694992
481,2263.0991069019356,1296.3862984289665,0.6024137361429127,0.059617937342775894,0.11640103308865529,49,0.0,0.021251414503999255,2.7000571034105127,-1.0784323728362069,2263.0991069019356,1296.3862984289665,1225.4491421849452,0.0,0.0,355.05030413073996,15.424281993837843,81.45181654316195,99.24065011913383,98.9190264613463,91.28324084996106,105.60664761187725,88.83009517727473,92.23886035857825,104.7291241374563,78.6928879358247,70.7403555254937,105.75981140985405,82.50588185466964,104.16245621677157,21.28828798354204
482,796.4383369600828,1297.3390610060349,0.8576307214734642,0.3838156310261065,0.13627866637170147,49,0.0,0.01443136523530779,1.379955397115049,-0.3496626234308833,796.4383369600828,1297.3390610060349,956.9399727747607,0.0,0.0,355.68423862944536,15.424592245880335,51.633319003401354,69.21388813943699,71.49251631194643,80.41547967172842,86.26834881436758,88.63058096320763,64.41013603720386,68.55161072650198,67.18079280857071,60.580751025862284,67.76686843560697,73.1557400304896,83.14294497261778,24.4969958338192
483,2316.0276679757853,1298.3055857565812,0.6153890828506752,0.2447829900315491,0.19239651550425207,49,0.0,0.6740573219272209,98.09912547380357,-4.979162839459191,2316.0276679757853,1298.3055857565812,12616.515816734893,0.0,0.0,355.02742603133805,15.425051192189265,874.5597612978823,944.5370650180193,932.1319635039863,949.6548488761146,990.262549468947,924.0748947327658,958.5589597425444,946.5062908653542,960.8519540216395,942.2177329423829,934.3476041398404,996.4762594517922,978.6917734727452,283.64415920087663
484,866.5461114609005,1300.121679508644,0.29762147353805596,-0.18340256483754377,-0.003921066522619024,49,0.0,0.008487625305668578,1.39994894444088,-0.3652804935671769,866.5461114609005,1300.121679508644,1002.2897873566958,0.0,0.0,355.65393842147915,15.425796718234544,66.01291799125752,70.62008171168233,78.76995386797653,66.63322703479352,60.36857657265898,69.05844394652821,81.0191446125389,80.1080307216287,85.95931206701748,79.86132544208988,75.24717479694527,88.62600904334677,78.35854852340279,21.647041024829022
485,2467.6765871846706,1300.480059656636,0.6885380367286639,-0.09452591722795159,0.38366152897964517,49,0.0,0.020111828109465362,2.4021616358591507,-0.9515055667845564,2467.6765871846706,1300.480059656636,1101.3258512946984,0.0,0.0,354.9618786708023,15.42585687096057,91.09758739752743,68.17619860586504,62.61912060234387,93.99081854260567,76.65778572774772,81.4717271100663,84.0612906416674,104.39656084660676,80.50933455705021,83.53210142011494,82.92867216842674,77.61301307972255,93.25122921369012,21.020411381263592
486,2627.5606464146135,1299.4682186404862,0.5288391721460217,0.135996155825339,-0.14868571799032462,49,0.0,0.008848243253752563,1.071890797722652,-0.07537635620387452,2627.5606464146135,1299.4682186404862,923.9633760248897,0.0,0.0,354.8927752358881,15.425308683097953,64.97967377672457,81.54088712813622,84.89367963647341,61.5122960116788,71.04307160514027,78.91244821849898,72.0716006105088,61.54847269616803,58.195205033161656,67.29129829808821,68.96826782189311,63.44309376464587,74.12556227621604,15.437819147555807
487,2773.5261744603827,1304.3899752185866,0.3369150424393872,-0.6152499589214363,-0.21072546630811437,49,0.0,0.008137019410611278,1.1190261531474375,-0.1221005917339395,2773.5261744603827,1304.3899752185866,1120.7482320641043,0.0,0.0,354.8296829002464,15.427225089243937,71.95215978411142,66.75114883188515,82.36400131925097,90.0810479274588,83.17136440415695,90.10266350384332,81.30168536637134,89.74830555883395,99.2557038259406,70.8807443640999,102.70506017284053,79.17436554737085,97.10174609617968,16.15823536176081
488,1552.133629365504,1305.829960387418,0.5809225441857667,0.31002929015549197,0.26194326832051157,49,0.0,0.03355866077185615,4.510388410996663,-1.6355348566290642,1552.133629365504,1305.829960387418,1538.8260339824737,0.0,0.0,355.35760551142977,15.428399373444265,102.79221257291256,118.77560998102976,100.13741165101573,107.3191920451377,114.65311948398809,110.40798801499845,131.02230628885036,109.33341123018207,138.56707545114844,96.37411341619972,115.4049404597013,122.82099493478515,147.0761082077509,24.141550244773526
489,2119.353071664811,1306.5591226892514,0.5314076901948145,-0.18431977733789875,0.2631650587640255,49,0.0,0.01467312928411436,1.4811427009872993,-0.4264922568124566,2119.353071664811,1306.5591226892514,1288.5003797947584,0.0,0.0,355.1124301832383,15.42859160564428,91.71528671543231,87.15981440452083,79.01091442584706,111.60079894901855,91.78312541320977,103.80027816141475,95.86121430141912,112.54403309296086,100.49689177767868,82.181945992696,102.08912609814024,113.2687486366176,92.35431481673501,24.633887009067656
490,2179.64287058375,1308.2341336094219,0.9004445009812547,0.008676061129659175,0.11602282689208122,49,0.0,0.013957840772224237,1.2055636555634013,-0.20297536679209938,2179.64287058375,1308.2341336094219,1044.6435916770383,0.0,0.0,355.08636995269904,15.429261838543582,75.60199999615543,68.81225421104284,64.42124035953987,91.78741393537344,80.11968719448393,92.45825542964985,61.46958434203195,75.55715812802572,75.0853489727059,76.42449429439534,89.47826945152121,64.84628233763814,91.40603121908089,37.17557180539382
491,2781.5722724946463,1309.9926805832954,0.3059399193123776,-0.2784836158771916,-0.09026257140088118,49,0.0,0.014806449078379068,2.0798257650672274,-0.7950673849557968,2781.5722724946463,1309.9926805832954,1489.0129516885522,0.0,0.0,354.8261995374308,15.42955152793607,98.61085138665806,97.63043940482814,139.8294522566485,103.47446054101464,91.59937024958239,104.08380908712044,112.7411571569695,112.49966407986929,120.71867768078594,107.58763450371437,125.20360074395535,119.66805065948805,126.38572229921766,28.980061638700025
492,1036.1673920897133,1312.6648836362,0.6177565950268847,0.17797469655836684,0.2784757440602523,49,0.0,0.25341099974099984,35.63040639913783,-3.879551939816386,1036.1673920897133,1312.6648836362,5609.867095385582,0.0,0.0,355.58062975957165,15.431115040628082,373.54318268797306,435.8169247959292,424.40150232173613,441.31928871772675,389.90883286375777,414.20464631082206,403.9460266205808,426.615274863669,420.2520099393529,435.06546052268175,457.3308964973087,431.1476028282583,448.6916673418473,107.62377907393883
493,822.650879670872,1319.1867825939214,0.6008272166442491,-0.00989979483885236,0.1112705924139534,49,0.0,0.09969507625338075,13.945318164829711,-2.861071068045795,822.650879670872,1319.1867825939214,2726.7540800141746,0.0,0.0,355.6729239185006,15.433712597770622,173.18552890802243,204.48762941653737,219.45488356749576,199.14386794219348,205.81157309260212,200.02989657027496,197.66593812785334,243.59188821588873,197.75262124960193,225.03730907756952,193.40144980487727,220.46647540771318,203.89606890399497,42.828949729549784
494,1627.5265070614264,1318.832147024782,0.5338832589616936,-0.18655865295171084,0.08977384273009995,49,0.0,0.025689195961881284,3.1653362511100047,-1.2510496288888877,1627.5265070614264,1318.832147024782,1481.0263507766394,0.0,0.0,355.3250172267523,15.43381760000083,96.22479859277104,113.66663205655954,107.99593866426488,113.10641067716683,119.78118141151728,99.60252798486168,105.34296899350078,133.83497192751776,90.15305956200595,117.95733121868167,120.20395276937194,105.13701375477419,123.86399927699154,34.15556388665437
495,2297.5261134723287,1322.8117523904327,0.698144237390818,0.24149176216098822,0.1104303412712707,49,0.0,0.07144350707020598,9.426512020944543,-2.4358775642198567,2297.5261134723287,1322.8117523904327,1819.501126761047,0.0,0.0,355.03540790103904,15.435272832723465,138.24357700047395,139.9803954485825,129.23669697846796,137.25249443720296,150.87037492989742,142.32346817195514,123.52547026642577,144.7956435325014,118.66781709384965,133.80194023007334,162.31143928987342,129.3871925443103,130.60540713662408,38.49920970080936
496,510.9420727393823,1328.1516710461829,0.5817497295960626,0.3157554059692295,0.22136350386245685,49,0.0,0.04151657202464654,5.83137994355931,-1.9144283469995318,510.9420727393823,1328.1516710461829,1627.5666145955784,0.0,0.0,355.8076630311863,15.437204370555818,139.42480484373397,130.837951113615,126.02312808401638,112.22482812494835,135.16717713832992,124.51282524083055,104.9724297276398,126.77627820149846,119.72407987680658,109.45262741900619,120.68901932009754,117.70339751264382,124.98461270936062,35.07345528305116
497,1947.6007310088332,1327.984229007322,0.5592223488362251,0.09155586325466027,0.14076711809142053,49,0.0,0.0872869983492478,11.74056714674678,-2.67422269175797,1947.6007310088332,1327.984229007322,3079.160102375983,0.0,0.0,355.1866615873471,15.437580851635326,214.00742043781815,216.0753197044903,237.44319106168757,226.70515059720947,238.96768300242562,222.78872753535217,250.9640726531242,217.49368605480478,236.03578451010986,208.3172257349536,260.25860043813134,234.0792447889633,237.43998215143475,78.58401370547776
498,161.05174761837804,1330.9716864879488,0.702285451554393,0.24391460117510402,-0.4202951296873279,49,0.0,0.009094301978258891,1.2085706943748327,-0.20568014798644702,161.05174761837804,1330.9716864879488,1023.3523164155067,0.0,273.3362990713753,355.9588968985826,15.438009135222032,42.738225318732525,112.91191328751432,271.6032181409333,154.63729342436704,16.795739830085143,51.74722241416158,76.52989621509747,27.544152124950138,25.197236517658062,30.29289928681746,53.87099415335699,68.49242633490255,70.82298941738097,20.168109949549205
499,2185.828045005297,1334.4962409145676,0.52128516707094,0.1531398890509033,0.30716938704090235,49,0.0,0.11570472104872348,18.438292398769043,-3.164301744596178,2185.828045005297,1334.4962409145676,2995.713039580473,0.0,0.0,355.08368305903673,15.440201219730088,220.39408842756438,220.09215328183316,227.44485629167067,212.94599221779507,233.31423361949527,223.08310265140258,229.98153812623605,240.8681695097861,223.49333731380756,216.1929565160728,215.9672128407198,222.8753951415236,243.1205328569234,65.9394707856425
500,2785.7058936310445,1336.146206112734,0.5583224892107223,-0.10547639892527128,0.0966218555648901,49,0.0,1.1681828436776176,166.92997781186767,-5.556335839139539,2785.7058936310445,1336.146206112734,28838.88136186276,0.0,0.0,354.8243858409183,15.440444260041021,1961.906686970478,2144.799703107912,2196.8636117920196,2152.3507258439904,2227.493316364964,2119.2462068869254,2279.6163799745573,2197.7537746654953,2228.6749016043545,2135.5992469528874,2159.489638400713,2173.262739567812,2236.949404406395,624.875025324254
501,2577.305487865009,1336.7851456377482,0.5310537581732176,0.15973387944815706,0.03534788688003751,49,0.0,0.02435914760596822,3.0170357921426465,-1.1989511559792696,2577.305487865009,1336.7851456377482,1507.1298028531955,0.0,0.0,354.9144642454743,15.44089900981158,98.72946432373793,114.61699703601036,134.40517949753553,124.18548814733126,110.42469261965266,104.19923702796905,102.05450920462398,118.60843924829031,108.29259237841883,106.38377470620561,110.08489217026955,117.9605768495472,121.17237410982563,36.011585533777634
502,664.0267036961031,1339.156185943794,0.6249030890113045,0.005762265527552287,0.11908822420598188,49,0.0,0.21256413064630078,30.2469408128327,-3.701703641248859,664.0267036961031,1339.156185943794,4483.647864171535,0.0,0.0,355.74150329783197,15.44191920577085,314.61420735069794,334.1836114598603,355.5189669979358,310.7729073226,347.0022063763022,322.0486333193982,364.1647713552516,328.47324068110237,345.0738488109648,336.45750729326153,351.30032654843734,308.0339709266858,369.88854097779097,96.11512475124697
503,490.81227892724445,1339.8165072096167,0.575647995905352,-0.058051647756755476,0.13400702341849252,49,0.0,0.04024872297885539,5.354043553574894,-1.8217047493089755,490.81227892724445,1339.8165072096167,1684.8859357464228,0.0,0.0,355.8163750871253,15.442046010041942,116.82825133479464,132.66047394126042,138.39148063036387,123.21582150252675,134.3259120835659,113.88101018913969,135.09126729030527,126.22083521897213,121.64123582587453,118.109719879323,123.04236627665298,134.08636312403843,125.7229939431027,41.66820450650242
504,473.8018922619058,1342.4234653399596,0.415502500238108,0.17454469188161606,0.016531666645395425,49,0.0,0.015627458024571918,1.9318507771202869,-0.7149339423931543,473.8018922619058,1342.4234653399596,1334.774749461382,0.0,0.0,355.82373024317786,15.44311627975078,87.61034827450042,109.81499402202047,95.58651167139809,94.36666098516459,100.59389856063571,105.18250877780841,91.53187531955408,106.05254557594367,97.90146835029503,86.38297446283846,111.56904121818381,106.28908809206095,112.9440534545915,28.948780696386827
505,931.2176601761471,1342.7987611859,0.5564910615900799,-0.3200817508700707,-0.4225943193663054,49,0.0,0.011710808868322221,1.4219615883585193,-0.3822196622409616,931.2176601761471,1342.7987611859,975.6442742046156,0.0,0.0,355.6260107311251,15.443616471678206,70.42483635702774,73.68246262263173,57.158753570560116,67.79531728219332,83.1545298733362,63.581002040793784,69.25498052040714,76.25929082419755,79.54301016050134,64.59779218766603,99.69432402260618,75.17801166952181,82.66129402087311,12.658669052299505
506,1434.2154320952582,1345.8687708877699,0.5886895299923351,0.260713976423215,0.2662792771808898,49,0.0,0.3775529561497054,55.52274563419249,-4.361177335272969,1434.2154320952582,1345.8687708877699,8028.9799549080435,0.0,0.0,355.4085805091615,15.445071548253452,566.1557567517934,602.5695983196947,600.780784385594,579.7960964553735,609.0524573992718,603.138098772308,595.1418340805237,608.1844639906342,663.2133943568035,592.0112263150128,631.8453249440963,619.870889266813,596.3634356605163,160.85659420960815
507,1568.0311850337919,1345.5138250364525,0.5151956037323409,-0.10455948030037789,0.02591905832616692,49,0.0,0.02004816103412186,1.7423327626832859,-0.6028277578441958,1568.0311850337919,1345.5138250364525,1923.1415580354285,0.0,0.0,355.35073504517396,15.444934787705664,133.00967745091907,130.63642138964207,157.12962273625493,153.151164221076,138.70511150654286,133.74929862136742,161.51433415162057,153.82249896306865,149.0967374468177,145.8828547006899,146.97553660786258,135.84536693820402,143.66097715759656,39.96195614376616
508,1275.353431591793,1347.979034879491,0.9919951086416902,-0.154642735781066,-0.029580989002571226,49,0.0,0.013927086455383734,1.1934410079927849,-0.19200239154420246,1275.353431591793,1347.979034879491,981.7624447638657,0.0,0.0,355.4772532765565,15.445918139957236,63.390364235563176,66.0938156474075,90.74791457575012,75.4129762063877,64.13343999299575,57.856861246562744,80.08886002504417,74.47297337601738,87.33570489413921,74.28296647247355,70.98752117797287,71.07881463118785,82.666833584686,23.213398697677754
509,2354.206283843773,1348.0357077471117,0.5793565162514299,0.0905357288591446,0.09350358091207994,49,0.0,0.129953023465845,19.488809698856993,-3.2244632872496366,2354.206283843773,1348.0357077471117,3117.777613987695,0.0,0.0,355.0108916137692,15.445748208914171,220.32022037294354,230.23932624411077,239.34900890982675,234.07531479096414,211.00542300137593,244.1670813867831,250.97481397171822,247.52355844959465,260.8216102313238,244.53959755702948,227.40134375452865,238.0769415000123,202.56433688887756,66.71903692860616
510,2367.5374940804254,1352.821814367676,0.36414971042518623,0.6104818429201719,0.5144993447800531,49,0.0,0.00903719102251417,1.1756377303514123,-0.17568378915572513,2367.5374940804254,1352.821814367676,1014.5589155628377,0.0,0.0,355.00512579080896,15.447733893565962,78.16800352182668,84.23857544870008,56.453272301256106,60.962851601193925,71.12365465392256,78.90660930397524,97.58655301986013,84.38082304953349,74.30655560039487,73.76398251640262,74.8904473793886,74.50283473436212,87.09946269260209,18.175289739419135
511,377.9468905480112,1353.6174157106311,0.7006265588055195,0.7902930029731086,0.16796032096148875,49,0.0,0.0178286183468964,1.7808665611911998,-0.6265784484202979,377.9468905480112,1353.6174157106311,1134.9197657025973,0.0,0.0,355.8651745899839,15.44768596917413,90.93470729113346,95.1388301879697,94.56176493245303,74.82226496822221,76.52600036643516,84.77647762924006,93.55592888382188,90.81495423540429,80.95456341064568,80.16600716174122,78.84704266572265,86.8022661713499,81.72457785706897,25.294379941389053
512,1748.617935632832,1353.8660115032303,0.45805562165190666,0.38355748817923124,-0.11321271718937129,49,0.0,0.009747905148993461,1.3669264226717872,-0.33936284624468727,1748.617935632832,1353.8660115032303,990.2478382328718,0.0,0.0,355.2726705218666,15.448406109539487,68.97382175288301,77.3719112225333,68.38746632185423,70.44666044841837,73.33918000893536,79.3267597241235,74.39946659158537,87.38587327848842,82.91961411969021,68.95554998658135,62.50145268660595,72.40236961305297,81.39114701050602,22.446565467613766
513,1677.2600706283172,1354.5736588757957,0.5239088064629361,0.08846704172210312,0.20498415431652983,49,0.0,0.09851246158734181,14.818326399760121,-2.926997891633174,1677.2600706283172,1354.5736588757957,2981.626418394976,0.0,0.0,355.3035173244093,15.4487076802272,176.57815954355522,232.53930971682644,226.03475618141965,245.20825517342183,211.49748436895027,238.5148804797878,205.0597791384115,225.11010792520133,218.7466698733445,227.43613115359284,242.53465515835433,227.38097149475112,238.94852122181157,66.03673696554796
514,992.1624863766763,1359.29457028439,0.586747873274191,-0.1516307561812005,0.10048926409469923,49,0.0,0.012608703735268602,1.4905293049058157,-0.43335129750628837,992.1624863766763,1359.29457028439,1088.9890652247732,0.0,0.0,355.5996752261363,15.45052221997282,94.62668922802233,79.95071078266777,82.66783466416516,87.79447628975524,88.45020679581283,86.37095598012917,84.22348088947416,54.816261252543825,64.41297057043673,84.82525374294733,83.56733152838788,73.92311251211676,98.55867497788829,24.801106010425663
515,2225.709365730013,1360.6498782613291,0.39382503297527977,0.19983292632697794,-0.03709175335829366,49,0.0,0.02839145156525617,5.05423780847344,-1.7591391804645,2225.709365730013,1360.6498782613291,1455.686665979249,0.0,0.0,355.06642973472873,15.451078208702427,96.53812334041999,105.15367345032956,108.09830547769008,103.85378180482797,117.57750664186219,105.10560687930503,93.25129882509452,111.16375968657026,115.79786347255167,98.65509878038823,139.34498679962851,104.32642418556867,123.53156416631819,33.28867246869403
516,1717.4417182213938,1362.4854017316964,0.6174362454637531,0.5054678447093658,0.28453775378660445,49,0.0,0.06099779970437882,8.359118545267673,-2.30540121061041,1717.4417182213938,1362.4854017316964,1948.9339915117728,0.0,0.0,355.2861466111389,15.45200096943388,131.28468074160492,137.64538880104513,154.55582679304652,125.95102014457598,150.24813355898803,158.19109849848167,144.91949874896474,155.04873924759528,149.02971582906525,133.05584359540978,160.020842298153,151.35246055615218,155.2862380801496,42.34450461854063
517,1738.9271898910076,1366.785724813769,0.6348203984083615,0.41671610406556303,0.3190977658153158,49,0.0,0.03206221837238268,4.229546956921695,-1.5657346272755834,1738.9271898910076,1366.785724813769,1313.625019933732,0.0,0.0,355.2768581087605,15.453790466682012,94.16860894795953,84.72166657471668,90.50340762899839,97.52381732720156,104.19732340329125,100.36487916554879,103.59081460882608,115.14304724477887,89.64528027996286,113.41176843137879,106.03661973211618,98.892224080913,89.19644468412966,26.229117823910208
518,2137.0640777212448,1371.3324746919996,0.5647312036126294,0.19782017037897756,0.23629825967753618,49,0.0,0.06946474259793178,10.306752943204762,-2.532804664916397,2137.0640777212448,1371.3324746919996,2055.071375003724,0.0,0.0,355.1047444626254,15.455572367155558,134.15396103885053,152.39662512541338,180.1036726453844,157.84326668456464,146.52024639533835,170.28098860352168,129.3837189249428,145.96661692576617,127.9246867034175,162.8721710676992,164.24191583112554,190.87827787652782,151.25939818022982,41.24582900094222
519,177.7283762026353,1371.865421498024,0.3982577712729044,-0.2247601018959842,-0.30358171038581994,49,0.0,0.006529896479349771,1.0173829953132711,-0.01871118623782416,177.7283762026353,1371.865421498024,1157.987343550691,0.0,721.5336140992972,355.9517398991874,15.455067121549993,111.17798609975304,100.00223803136062,137.75439098474894,66.11664831632406,79.54295873649599,72.74513775307848,61.773883684404076,58.29279197933677,102.8033853722271,114.80583230893323,49.323370805816765,96.73719605868654,86.4377768531107,20.473746566414782
520,2029.6176003780065,1375.1403591032042,0.5347495413257907,-0.31867290948557475,-0.29595241780804377,49,0.0,0.024505507453526077,2.924386864007279,-1.1650870610958795,2029.6176003780065,1375.1403591032042,1598.8212727133982,0.0,0.0,355.15119146335456,15.457202436433658,120.35208020966141,135.09788393743173,131.44238336401855,110.53385741414257,118.09689981789634,99.42972804519465,108.86858870452346,139.20326016001866,133.0151285571003,113.8541311765348,99.33020686174,118.6602862579798,134.2263595337471,36.71047867340874
521,2827.2185455295526,1375.1212751486962,0.42617720586632457,-0.035787571186201794,0.03242618067802003,49,0.0,0.08297333168365169,13.7425628181268,-2.845169327074861,2827.2185455295526,1375.1212751486962,2973.565220015248,0.0,0.0,354.8064009056146,15.456641229050813,191.03374244545765,193.98678979898864,223.55704171462952,235.45426536850866,247.4959338797953,240.42158763952503,225.3125290590413,213.2097690817517,215.5841337778627,232.17353141426574,218.06816711451205,246.3458835736555,229.31907918645464,61.602765960799694
522,172.35489918672442,1375.514392213008,0.42598142739126843,-0.45182210016101576,-0.3197808063871973,49,0.0,0.008213071197627896,1.206319557720206,-0.20365592243529854,172.35489918672442,1375.514392213008,1603.7372376667292,0.0,660.49652070956,355.95406714052797,15.456581017299602,107.86803337218686,115.21568381563364,76.37858914060106,93.91593628756947,61.435286462169984,107.53466004043324,64.66980222366647,520.9738088050481,93.59213563517437,123.65582947168153,48.07825683779535,97.66854214201526,71.9039893908487,20.84668404190526
523,394.9580341065766,1379.8414793258953,0.33751230882256833,-0.14138748932236722,0.06016274454738387,49,0.0,0.014832716971164768,2.110165996192622,-0.8107915510343623,394.9580341065766,1379.8414793258953,1287.6324791918212,0.0,0.0,355.85784920581057,15.458629469970656,93.46854234103405,104.62135554970286,93.28661019802095,92.21485415188005,118.83769894283166,91.99180213099436,91.98366854856357,78.7010768165105,90.7415899761917,103.80179609888235,91.64790821076107,107.87924686101695,98.74714653757117,29.709182827859994
524,1319.761474221567,1379.5233193220736,0.5928278303127638,0.23706962366928597,0.44396607066042887,49,0.0,0.024846229147167553,3.308444977995223,-1.2990597909644057,1319.761474221567,1379.5233193220736,1244.147287815464,0.0,0.0,355.45806445700777,15.45907278662365,88.92037874590282,92.37189553611387,101.59519738582976,105.71459376919486,91.5028179083423,93.95005998488396,89.8755370387984,83.77270489074755,83.33034226574307,83.73754566409893,89.91064585985086,103.91259323436431,108.01149454355203,27.541480988041208
525,828.6450671587133,1380.797402908353,0.5648464630519321,0.10142252403333726,0.07115794897552005,49,0.0,0.046272374774792895,6.737884139257212,-2.0713088470840075,828.6450671587133,1380.797402908353,1637.9029836011284,0.0,0.0,355.6703745762949,15.459387053540771,113.48389335545025,118.37029922100811,126.17141263081592,118.16350010858824,143.45649329614395,117.2665560304815,116.06563056041455,120.48202865155014,133.17082882918555,105.78548292166181,109.51156614620164,134.8429155547845,142.00221673442968,39.13015956041261
526,1143.3578949727562,1381.3106764893091,0.3162885696812341,0.25887511836004556,0.26851344669198657,49,0.0,0.01211890697526825,2.063598190846495,-0.7865628461402568,1143.3578949727562,1381.3106764893091,1031.504627813368,0.0,0.0,355.5343249958651,15.459762974916783,78.10207202719774,81.85716146114204,93.7125154313949,59.8063823826737,92.80732843377375,62.79431144098197,77.87824413051996,79.739211748001,102.37985430173333,54.45979109066895,68.80404002479887,74.65156664063002,85.96778839046264,18.54436030938904
527,2873.3369639300918,1382.0068477916864,0.5868627880773777,-0.05340233616297298,0.009605168714230039,49,0.0,0.014761858754969194,1.6158373610490573,-0.520994113940569,2873.3369639300918,1382.0068477916864,1122.2569173236304,0.0,0.0,354.7864578971436,15.459461790264704,87.18147418821124,95.78893558516734,84.63520061770085,72.92688314599515,79.5528255939576,90.23338431995936,61.99538060583081,95.63608758491995,87.62673652656083,89.52810564493795,84.9614838535007,80.11596256801266,85.5839796941295,26.49047739474645
528,710.4190268796457,1383.0072616247876,0.733458459479466,0.2462662173564448,0.31885635414881647,49,0.0,0.00977477595760711,1.034587693780572,-0.036918270638447714,710.4190268796457,1383.0072616247876,882.2637889561562,0.0,0.0,355.72148430970265,15.460225481075973,58.767761566261676,62.23289556565652,72.18168961101026,70.33013155453406,81.32470249946087,66.62484692090482,63.482957330741996,68.62046320088325,68.99240677657653,67.86144353382207,68.05559368463645,50.572104142168655,64.16848822557577,19.04830434392329
529,1879.0699855640928,1384.3923524802249,0.4846314902979614,0.12621871154080416,0.13260536163914516,49,0.0,0.03386562417692389,5.303100732719319,-1.8113246916171921,1879.0699855640928,1384.3923524802249,1498.285545106141,0.0,0.0,355.21627088480005,15.461102049016489,85.64863228420407,113.8468562018604,118.21250256132195,119.01215363573635,107.53966147438825,132.06607558942773,116.56222324079586,111.39827213738383,112.38964017900858,119.46952708848977,109.13407632498513,123.24877016069844,106.92765302867119,22.829501199169272
530,1973.9548763959774,1383.6160389079191,0.7688555577542249,0.015992621029579587,-0.04704569156293519,49,0.0,0.02469170762894545,2.5578221138373056,-1.0196758444289213,1973.9548763959774,1383.6160389079191,1222.4720510526122,0.0,0.0,355.1752516224319,15.460752661788172,93.28031138223855,71.69581878931042,89.85287914813412,83.60287754633264,94.11089868382753,113.90434753434705,102.56640295696646,84.6085074701951,77.56128097120998,85.27557341306624,108.81233072929224,90.46569379137736,103.58559629848102,23.149532337833342
531,2574.484349570691,1384.7285285567802,0.5921405318675107,0.23510441957682288,-0.014986706252383583,49,0.0,0.0949395016442825,13.809011704230318,-2.850406494281845,2574.484349570691,1384.7285285567802,2505.542569440405,0.0,0.0,354.9156428405266,15.460877121532654,182.16681759450793,183.43368233019925,209.43761597367092,170.444534841982,198.3084198562035,181.7329917787739,196.83392852696625,183.30850391566855,207.8488553984086,183.19450935801,185.1024244065044,161.27993542912034,202.15540868356348,60.29494134682602
532,819.8100325924971,1387.1885644096847,0.6294012490936655,0.016838342629507515,-0.12358410153403225,49,0.0,0.014554811958173248,1.6268524166011369,-0.5283703919258889,819.8100325924971,1387.1885644096847,1117.7109599177725,0.0,0.0,355.6741982618375,15.462044237495336,65.67312183513081,87.13496125708795,79.770495717184,92.0794989816185,71.26804849245445,70.98739095221475,81.94137117006568,69.99899762004206,101.17393755360513,96.30668182382378,73.94133008575871,106.78756763524467,91.22463268999958,29.422924103542282
533,457.1756844754932,1387.3425498692984,0.36349737022850787,0.20896002509506076,-0.0063474558545193105,49,0.0,0.01632088267899558,2.5839887695631463,-1.0307265545311517,457.1756844754932,1387.3425498692984,1128.7381816561963,0.0,0.0,355.83096170110156,15.461816017603795,79.48694068662756,86.76717281106369,69.99639144752938,91.03588251444049,86.77329467868056,89.6498911390432,90.53351352095515,74.44343375720008,78.18264864026766,92.99216377750497,87.66490676342404,84.13622607174275,93.89985211586867,23.175863731848082
534,503.85948495082454,1388.3566226690061,0.6083622134949466,0.10678093298266852,-0.07215762839668315,49,0.0,0.01708348692228902,2.115964042283307,-0.8137707080645002,503.85948495082454,1388.3566226690061,1104.3729224702247,0.0,0.0,355.8107820819756,15.462282351830018,77.4953345684624,95.59665290140445,91.81216888948393,82.03638555989862,84.86631216180075,84.66074729556945,90.48907062260548,69.24808496418947,86.28802186045587,75.89945991344817,66.63471797963899,103.62258520710948,77.13008316112372,18.59329738503384
535,1848.7971201992661,1389.7365061962055,0.4021227606370231,-0.5862793822494301,-0.32531690232021204,49,0.0,0.019439849741852595,2.1779077472896735,-0.8450986994635721,1848.7971201992661,1389.7365061962055,1867.58961759724,0.0,0.0,355.22935696014366,15.463335454187511,131.5081004847986,142.90282825641464,147.035005744962,131.8874410299991,165.16435391003125,149.85016865606735,127.47332505707632,136.8051635193474,149.64966374691608,119.77601684906114,135.59002026844595,135.56138127322166,156.0407066904982,38.345442110400185
536,569.3059037978154,1396.43408567128,0.9816274811936967,-0.17561172330449992,0.04092670521122652,49,0.0,0.015552735220722098,1.3798603612843054,-0.34958784753911265,569.3059037978154,1396.43408567128,984.4944887761706,0.0,0.0,355.7824977671816,15.465706209612838,71.80585986270322,77.30818849771336,81.75954764713252,71.56950381707927,79.6642444069698,72.60140586429081,73.85970244337663,73.93820543342699,64.5589988520532,72.75137582681947,76.80465091864976,67.40721738407206,80.10558732104965,20.36000050083377
537,868.2974139458044,1396.145921846781,0.634989675036342,0.1857005092749687,0.23367165390780895,49,0.0,0.13828995499374594,19.034222224364306,-3.198837838472511,868.2974139458044,1396.145921846781,3304.712831874678,0.0,0.0,355.6532429418533,15.465807145138516,215.82471337588436,223.28253387017128,272.04992897517263,236.03580706366034,266.66750774259367,259.65275055892846,261.49652946792685,268.07701377062557,251.58444543994867,232.43170650936617,230.24236937706277,263.0836050248598,253.5795546317227,70.70436606675446
538,2351.9890825607995,1395.968749064498,0.6026643795268914,0.13148294993289644,0.20128155920489776,49,0.0,0.3536217969334322,52.96931185719718,-4.310060827252941,2351.9890825607995,1395.968749064498,6765.5589221022055,0.0,0.0,355.0118185342303,15.465721329808101,467.57033991304303,482.66159860581956,509.75168996622847,519.1869733679795,523.5497947950662,476.6232783912208,531.7415854806112,561.3641061910557,495.2291908218124,514.6897959359333,509.60159307650645,539.0013151709377,514.2704312530275,120.31722913296348
539,1612.3751230779035,1396.9254163885344,0.7288148551676057,0.19406573301158356,0.10551789737079832,49,0.0,0.12531488680509467,15.699124727599527,-2.989688599722119,1612.3751230779035,1396.9254163885344,2913.7291180208954,0.0,0.0,355.3315656545161,15.466356606470452,186.32708200230016,210.05900927752128,212.78731165853435,228.75015640827309,191.93376775283735,222.83027163129466,230.83349873305548,217.31154127092475,224.86101336768286,205.96854233930895,230.829238298645,258.3910950918025,224.8830307743811,67.96355941433347
540,1251.7077244475984,1397.5216895373126,0.5842919884425507,0.48297530313258424,0.26815677646545544,49,0.0,0.31179617935207515,44.818501608617204,-4.128643332305553,1251.7077244475984,1397.5216895373126,7258.605144988589,0.0,0.0,355.4874898636193,15.466554113393272,475.436175840777,526.60326556818,550.3587975707335,524.1234733323166,580.0137042678443,575.7581460491695,572.572135869171,604.4520433756586,509.9251952410714,537.9189502612394,570.5311993240587,551.4329058166384,535.5598586915675,143.91929378016238
541,2469.933538362496,1400.117083445742,0.46482312154465816,0.14954810528460044,0.09520863130547075,49,0.0,0.061384393011740486,10.372642650039772,-2.5397235404707996,2469.933538362496,1400.117083445742,1982.4276989592875,0.0,0.0,354.96082743066063,15.467369625855111,136.91723625770646,179.79799126513913,134.47255676133722,133.2100115457359,151.7176367430937,172.08756340418824,150.90285963786232,155.89863569026244,165.66226702441543,138.66603860460162,137.45387080847235,148.42463019766092,135.0569538585376,42.159447160274084
542,1564.25484321741,1404.15899816754,0.5545258091959839,0.4865968767632341,0.3873140981240093,49,0.0,0.018802153558397844,2.5527333112896113,-1.0175136140913785,1564.25484321741,1404.15899816754,1156.4554252303503,0.0,0.0,355.3523693289325,15.469370100799265,86.65370708388619,82.17283759039121,92.26889307093674,79.98164065577694,93.13772561600913,87.04380363230035,89.42173915651075,87.53027616647782,101.97134804115785,76.3798608918959,87.08730176588256,83.35284808361595,79.91111967409576,29.542323801413254
543,1507.510446504523,1404.879153004302,0.5119038170475779,0.1216981045896484,0.14410658075465965,49,0.0,0.13016014011324217,20.839787694432925,-3.297233225675493,1507.510446504523,1404.879153004302,3515.491782606394,0.0,0.0,355.37690157943274,15.469667089866096,218.98612603733716,257.97785875024164,267.95226397595945,246.79241277033208,284.14643418063764,270.627284336807,277.1080112135868,285.19877026524233,242.53524738092108,283.97591983474626,280.576954423241,257.37487205782594,276.28350696703734,65.95612041247819
544,827.1881657408421,1406.162176171799,0.5545133271809628,0.3612038846600617,0.15972576821228807,49,0.0,0.03294657224298797,4.663032086199251,-1.6716710095837621,827.1881657408421,1406.162176171799,1408.5507287809091,0.0,0.0,355.6710215380309,15.469954561829237,118.45152025538474,110.47005017607253,102.5695474100007,91.31077489158878,98.74228171179334,125.542454435616,95.56704790602947,102.38731566294274,113.37744009749555,105.00484970057138,105.31898502364146,99.56397307298485,110.2044074090044,30.04008102778333
545,1243.1296882023496,1405.8629510744092,0.5534808031956853,0.233300054617841,0.24103920272176443,49,0.0,0.07727577384661016,11.134462211041557,-2.6166731141756197,1243.1296882023496,1405.8629510744092,2653.633033287244,0.0,0.0,355.49120092076146,15.470027079808144,183.94673299978462,188.04267640441145,187.7490862931616,180.87905477184484,228.31256760883963,171.30934748633706,222.18257812771014,206.86092640991382,207.07374774767914,184.2920631246236,206.86228004028237,205.60552367307218,210.86520147068967,69.65124712889371
546,1860.4959511416673,1407.702118153966,0.6433997363910787,0.02251509932107444,0.14752516580479552,49,0.0,0.7746290105743145,106.33436159361182,-5.066684070035153,1860.4959511416673,1407.702118153966,15195.73815022385,0.0,0.0,355.22429530771564,15.470818603068622,1079.7189362213717,1039.0309332458476,1116.0863148653698,1218.544090781303,1188.1534284932845,1127.679562278165,1168.022894266812,1143.7178924763743,1145.1217028635538,1101.2997156293382,1144.7475958111695,1167.2245757026026,1237.9690197880705,318.42148780058716
547,978.9302461878572,1408.9267277404379,0.3656186792176377,-0.19948475859760764,-0.12823957285268314,49,0.0,0.007956615583731112,1.2095207728818078,-0.20653332885196357,978.9302461878572,1408.9267277404379,973.8264961161054,0.0,0.0,355.60542223119694,15.471195191778135,78.81591991569996,64.06273029912745,68.43813731407116,77.55672901947014,71.12254337920896,70.76647145207141,54.2234394797509,68.77694584450303,79.0206830634908,84.54246782777675,85.19129054991936,79.89379694335406,65.08872105495539,26.326619972706023
548,2315.752608970571,1409.7207411144807,0.5797920991259188,0.3813563758889259,-0.11987610731762192,49,0.0,0.009139619533442066,1.0117789937504578,-0.01271414618857527,2315.752608970571,1409.7207411144807,931.8465862073649,0.0,0.0,355.02747523905634,15.47147350984066,56.40398416810413,66.70126422259342,62.62013910925023,64.0807142318074,60.81625084012013,64.01202111837182,81.64322916305503,82.79982987125373,85.13114409264,62.40849488768083,81.982130352596,70.9856788813118,69.84802520692574,22.413680061654624
549,1001.6549562973006,1411.3624029882606,0.5642631651524007,-0.005988003890240537,0.2472562945172974,49,0.0,0.13419748170815313,20.14679171216679,-3.260514741250117,1001.6549562973006,1411.3624029882606,3498.1323925402394,0.0,0.0,355.59559908929174,15.472221673656772,241.6878832108097,248.9058961934836,269.5061979284189,289.8061310401786,243.26545537315633,244.80401138274883,242.63424696683177,273.0071856579126,267.8306541288688,265.06821053191356,289.02005128557107,274.5227375356221,272.9043455713696,75.16938573335437
550,1437.691870406624,1410.9904193606608,0.618517740267336,0.12123770025099918,0.29411839166562426,49,0.0,0.019306879861689073,2.4709071703996255,-0.9821410742088655,1437.691870406624,1410.9904193606608,1274.7114221846018,0.0,0.0,355.40708699826786,15.472205955587185,103.60623226020171,90.56835056672253,75.81579015524204,94.57399764216869,91.13707903218159,111.36792515553748,90.94576862635898,108.1455400857057,98.8496809362436,78.41543981790133,92.21279008815611,108.75761947638568,98.92529747760877,31.389910864187573
551,167.6319328963391,1412.9092991521345,0.323737080555382,-0.202342475536954,-0.721948574522826,49,0.0,0.00771272729840781,1.4420613404837466,-0.39745933554073,167.6319328963391,1412.9092991521345,1119.4966675072978,0.0,665.9290032028871,355.9561555098642,15.472155622053112,71.72326558837104,95.38849266718955,79.93759022473043,92.66530492704943,90.56694977432213,63.30827571656333,52.83649348354386,138.93300411115257,60.87706597722477,87.19124339388097,92.53499171843475,102.62681336873877,72.68960038575167,18.21757617034466
552,2811.7604749586862,1412.8157035916404,0.8146395084722734,0.26661971548126334,0.35370990101931454,49,0.0,0.011936650709860167,1.0150033095871258,-0.016168645852347237,2811.7604749586862,1412.8157035916404,1320.7674429340263,0.0,0.0,354.81304297995007,15.472362335442568,107.02255962069674,104.21618079220201,85.49259635509364,113.42900588333126,109.40222061080885,90.47721783670929,99.07290119213083,112.57288592767478,73.66771188478725,94.06097942500304,99.96540456829749,90.1443041897814,117.88050526219405,23.36296938531576
553,1081.9591988923676,1413.772605884693,0.6506400741776341,0.24942951397465546,0.28417859080294944,49,0.0,0.04566687982618777,5.922698080977242,-1.9312989858706437,1081.9591988923676,1413.772605884693,1586.9518462507713,0.0,0.0,355.56088251257415,15.473263544850468,104.35558630901099,114.95494862525058,116.70869324857736,113.63160875680083,118.74757466346266,105.80311606434518,131.13070865581227,129.3871724761993,117.20700980351852,134.77156942985243,139.6646256642016,101.54844948802915,120.73122904449775,38.30955402121266
554,2427.9093619778473,1415.2821798807759,0.48649907937880166,0.041757680152153025,0.19526645418953242,49,0.0,0.026369029687320106,4.176993211443432,-1.5521594235978917,2427.9093619778473,1415.2821798807759,1300.3978326335096,0.0,0.0,354.97898379669164,15.473718173797526,96.70827112711373,85.77675819260158,94.7484167975573,79.50164067868144,102.80863865053391,97.03275340487231,103.3656949392083,91.73142717226635,113.51355335367634,105.85264641077413,91.52450966282768,93.49289502400197,104.60523393671978,39.735393282675055
555,2849.9456678081388,1414.8267869164652,0.5962127774496745,-0.17568574533468817,-0.11425463492015508,49,0.0,0.016374947504015695,1.9503586557269696,-0.7252862051761944,2849.9456678081388,1414.8267869164652,1172.1188069275368,0.0,0.0,354.7965333837551,15.4731608460771,83.10522890942778,96.18652999323089,70.79263795182062,99.39641350038221,80.74184965158506,83.19430472016643,93.59025148185859,83.2198569026501,92.29278400984536,85.6822964398452,103.87445307915274,88.96572406584694,90.46660781233089,20.609868409394124
556,1045.049961182516,1417.989041599249,0.48392336920040535,0.1667935511185302,0.08527133938196449,49,0.0,0.015322374097497959,2.1747923101911297,-0.8435444717959234,1045.049961182516,1417.989041599249,1102.2632106689048,0.0,0.0,355.57684151036835,15.475003749764957,77.1426025430276,74.19628940534533,77.20761079422297,91.53700873966207,85.04854404141985,68.52641733078663,92.11564815607552,78.2262864624135,81.84962630101742,76.15329464806885,109.06325623167746,75.77053342511643,93.83041614472224,21.595676445348893
557,1447.206476068752,1418.828208583079,0.6161202816469085,0.18530489432967784,0.211458390999643,49,0.0,0.5214332226620506,74.17847978078575,-4.6756948215519385,1447.206476068752,1418.828208583079,10552.552695390976,0.0,0.0,355.40297456656714,15.475472954238057,762.9480447072299,705.9107380531884,733.2015301240906,774.9862636623939,830.099222930247,823.4502545797457,831.5916726782693,820.6086186877117,796.5568154217688,766.3483418617683,816.5152067188184,847.089908670496,800.1581811336578,243.08789616159032
558,1508.8468547292437,1419.813190283628,0.29175920843750763,0.5690378609777293,0.47235695351926327,49,0.0,0.014367329521129239,2.5134555829662935,-1.000678037274981,1508.8468547292437,1419.813190283628,1221.7716682822766,0.0,0.0,355.37632500914293,15.475889695718102,94.05657319921882,87.79151823887034,104.53573399989887,94.10050555170339,89.20733764882773,89.28183136818471,95.08896070771411,78.52409559829712,91.8850248792856,92.59308645691115,98.35142369169736,91.76015217896955,88.53672191619286,26.05870284650488
559,2828.156946427541,1424.2559160612036,0.5226016468841502,0.03459246025370966,0.06245146978845105,49,0.0,1.092874999039291,157.8485267781151,-5.495601332293414,2828.156946427541,1424.2559160612036,30236.125910482748,0.0,0.0,354.80594251751756,15.477112108473472,2096.0466975362056,2278.484177451667,2271.767707873393,2205.587574451644,2275.8390118462626,2396.997172583726,2365.2671338725972,2383.2254423525537,2319.6874981421033,2212.6809232012374,2271.1967207597213,2296.253868101312,2264.308139331971,598.7838429783603
560,627.3524520666437,1426.6312086079718,0.38611365625251826,-0.24607301845276003,-0.001564235723298832,49,0.0,0.015617465774467255,2.5686113682199383,-1.024246000832065,627.3524520666437,1426.6312086079718,1051.210974250073,64.60353820517746,0.0,355.7574301397498,15.478336748092865,72.18429915903215,67.20065495889307,82.43304599049634,88.79628958209554,70.18475330807449,89.97362436877441,61.87475282953358,76.36431349253897,88.0813322169815,80.41593704265802,85.02956155237835,87.21293976240275,82.79238999787069,18.667079988343048
561,1816.036034102587,1427.1384514445729,0.49056766675370944,0.9498473815579138,-0.00045470351113247823,49,0.0,0.013084184169223632,1.5290778690136688,-0.46107400656845904,1816.036034102587,1427.1384514445729,1202.3386859579132,0.0,0.0,355.24351299161583,15.478925915617795,78.36668323621171,91.9272998130075,85.73689097555732,93.75447544067057,90.78768096629895,93.38335805358426,100.85526413050141,93.87272350989726,91.45393699737164,90.45881710711359,86.7601360728678,90.8499330353522,92.55450314135715,21.57698347812169
562,3056.0438100112633,1429.662503302991,0.24718190164955467,-0.4220718593527943,-0.7239034170888565,49,0.0,0.031033938109514103,3.1853462396355705,-1.2578916150617967,3056.0438100112633,1429.662503302991,5966.663831184444,45.287532043770035,5818.09786253046,354.7074198518725,15.479108226594315,549.6298728109481,517.5257688593686,605.888868941931,681.1991647847693,634.4939097276038,669.7821711920643,467.2753517315549,401.7011985464743,316.6339615197931,302.76755895775386,307.2327257574909,255.8940237870642,256.6392545676267,0.0
563,1269.923886085441,1431.0046680620285,0.865133060474646,-0.151244963599904,-0.24802358031388896,49,0.0,0.024047982931128527,2.263912886162799,-0.8871492786992863,1269.923886085441,1431.0046680620285,1221.4321850702663,0.0,0.0,355.4796243430371,15.480510473191277,81.10543166824979,89.4512501972926,92.60556291172,78.02165590371189,89.74164182895731,95.50881511578811,82.18483095624839,93.48065095982444,94.85528349705177,114.00800975174317,98.37982461375874,97.21374882073053,89.961043693041,24.914435152148435
564,3052.6397405436455,1430.4705815427387,0.5277645641073525,0.04922828758559972,-0.5617748034499603,49,0.0,0.05102804883446197,2.6920887339594795,-1.0752234264298561,3052.6397405436455,1430.4705815427387,7593.1350428073565,14.07012438598155,7371.154620271351,354.70889039938044,15.479449057471662,714.707548752709,654.1762235179921,766.7707084236713,860.1369633469494,733.5324906029944,866.7843897216,613.5715097416288,491.01706335034135,420.7677691345257,382.70495691871383,413.5148261137124,334.0622575239837,341.3883356585354,0.0
565,1113.3549405681604,1431.958196466218,0.4897736526273522,-0.25894411799163164,0.19484659854345857,49,0.0,0.008908206816025978,1.1296238316224532,-0.13233461523813622,1113.3549405681604,1431.958196466218,966.1575761030617,0.0,0.0,355.54731693061984,15.480854052337216,84.93647173525846,63.1661604897719,69.14237592050527,74.68741506426068,77.5539958573018,67.92359707237773,66.32291338872415,63.62700904251457,62.4558451564884,71.48528198687227,80.21014477233777,82.15080426096816,81.00338380045885,21.492177555221648
566,1833.9911428307305,1432.2603653004921,0.5631544653155525,-0.36597541783650167,0.15525382011140676,49,0.0,0.013060604473837275,1.7124721450300946,-0.5840587900343556,1833.9911428307305,1432.2603653004921,1048.9440064123196,0.0,0.0,355.2357491086735,15.481056657178701,70.81895073037421,79.88094938979029,83.89590094069581,78.11982089604021,67.55631068921494,87.24001738256081,83.30958243471886,65.74439878217424,86.5124075504162,82.6699024266609,76.40221601462892,73.44090873258659,85.01885296838496,28.333787474072807
567,2087.732818502488,1431.7736171759304,0.2994232997367473,0.34571926177877566,0.18194914338886228,49,0.0,0.011041678719539691,1.4651753583986975,-0.4147240150142634,2087.732818502488,1431.7736171759304,1226.120719142201,0.0,0.0,355.12604426364277,15.480777109054555,80.15152275207043,99.86214541758767,90.95377039410505,100.92565917936334,97.36492876335475,92.33856899817275,95.53299725733386,109.89422135863393,78.5814919038956,89.4606299023888,91.63687089233133,95.2481387134294,79.84105786023187,24.328715749302283
568,3016.6606420503304,1435.3450453216428,0.4315612419638081,-0.13624491993535767,-0.758049154500872,49,0.0,0.01677159651763175,1.1963209222305384,-0.19461924523883883,3016.6606420503304,1435.3450453216428,3453.9637424634666,0.0,3323.5459176659015,354.72443814428084,15.481523259780737,96.45318492768618,131.69807282258677,102.22977511642532,127.08981151636807,108.97032219864701,126.69548868217049,102.30835806701396,279.3572910772745,750.2577904282439,447.4771589486682,388.4534370736597,338.2449014160087,385.40610809019745,69.32204209851625
569,1518.073904577929,1435.265668282655,0.8558205667446749,0.30569775419138945,0.4525823994463203,49,0.0,0.01712869977847925,1.6470030681048589,-0.5417360204801979,1518.073904577929,1435.265668282655,1029.9729312247523,0.0,0.0,355.37233688550214,15.482328890548965,77.83842907578597,79.49115986945411,86.87270881827581,70.12869347499974,72.42786956225882,88.7024486583417,73.91834783121621,72.89322600370883,88.91892197128132,72.92958309407184,73.54210717987728,67.04335049657166,84.35984088008834,20.90624430882071
570,2172.6849957549503,1435.5078323969085,0.544492820755774,0.33935886146051286,0.23815321655654215,49,0.0,0.07635188109587718,11.650290805609707,-2.665841915056456,2172.6849957549503,1435.5078323969085,2240.368065112726,0.0,0.0,355.0893137162827,15.48229525098456,154.67172505619976,159.7301250711103,165.9163705784151,165.28344236786717,174.9591215251944,169.32274436578476,171.23476250100327,179.25000191538993,169.85878201897316,166.75717500025928,176.88496188526506,189.57651064161752,151.088843357275,45.83349882837136
571,2817.0584723251736,1437.8491757563015,0.5629912130775275,-0.04420653903154745,0.0855610750809025,49,0.0,2.121431832889779,299.1313417136732,-6.189654797374329,2817.0584723251736,1437.8491757563015,52658.01066401097,0.0,0.0,354.810726023683,15.482787098355427,3518.467066895828,3892.6809047101715,3950.4726439304727,3837.4927861469832,3975.813652566421,4053.9643943802175,4181.3544612980695,3960.211004907842,4074.656582487625,3978.7775661283285,4063.632334392131,3958.3062548106986,4120.985639051034,1091.1953723051442
572,290.56589706221524,1441.2617818342642,0.38544636398565085,0.30814556713772473,-0.26970201560647805,49,0.0,0.014522824263387307,2.007654167541747,-0.7567222616413096,290.56589706221524,1441.2617818342642,1313.0003454836196,0.0,0.0,355.9030449361426,15.484109949769723,76.03668833693526,103.94080186968682,82.16287754659066,105.39925036539017,95.0074864215102,107.96120933632636,104.05761066081715,125.7985760176455,101.1297497917516,85.56719747540316,107.55039660360458,91.63838986477083,101.01998146355606,25.730129729631447
573,2327.511211661396,1441.1713706296846,0.9062154585164875,-0.0512147705091754,-0.3037884423558433,49,0.0,0.014547614312200785,1.4289107181060867,-0.38751273459953384,2327.511211661396,1441.1713706296846,904.0079437385881,0.0,0.0,355.02237175946874,15.484570608708362,61.32450190420703,84.25968462416537,75.88914851959973,63.646729641600345,82.85252786832373,63.40387745387111,64.94408434988826,60.187562422532,77.56994467800989,58.68507907512957,56.93931069261268,63.087995522383075,73.57214749589534,17.645349490369966
574,3056.2418893976965,1441.7459603499174,0.4767074291676062,-0.02317664579847053,-0.01210299199699475,49,0.0,0.033359645158223226,4.559609968013277,-1.6473192360557123,3056.2418893976965,1441.7459603499174,2219.2826904501276,51.399234790066956,2212.804073113346,354.70731883818195,15.484142447272019,199.21946101393428,161.60299227458592,199.52580686091096,220.31815732126614,222.17044090777932,229.49907876368457,181.34142571714318,163.66373688125026,143.02836042824043,125.54327904621343,135.67379702857824,112.19656696120983,125.49958724533106,0.0
575,2681.5748216954844,1442.0604834174871,0.8397405867729578,-0.016801171999800038,-0.33375866741973276,49,0.0,0.014123088354302652,1.14726740780905,-0.14916164022063477,2681.5748216954844,1442.0604834174871,1147.7317598658833,0.0,0.0,354.8692950183674,15.484672379631437,75.4080344548735,98.04091198280702,93.64663501247352,94.35281163765033,75.12747759429124,84.29764045317087,75.68253661707885,104.27874791708633,82.62441842487115,83.84068662424212,85.6188330939343,94.0325964670744,80.00681004060253,20.773619545727335
576,2401.7965805088115,1446.014147327826,0.21015369741761467,0.35777943668968953,0.09445821987003854,49,0.0,0.007597421157146627,1.2001030626698486,-0.19804636017492888,2401.7965805088115,1446.014147327826,1004.2670819880667,0.0,0.0,354.9902513756172,15.48654074330962,80.23915813861439,84.92914517998162,67.3834277252486,59.65984184886524,82.00596541329213,78.51410683440031,82.62871886586308,66.73962848848547,74.96879973513506,75.65140720607812,76.64099623238818,86.64234020651966,64.21728024035227,24.046265872842564
577,2196.4032000973452,1447.9157733140337,0.7873145805765366,0.11431153720107656,0.3072519111902941,49,0.0,0.014779707729274647,1.5155391125888125,-0.45141787248213555,2196.4032000973452,1447.9157733140337,1017.492124216305,0.0,0.0,355.07905275112233,15.487453540893101,61.01118057065763,76.00766733676787,79.90911310017697,88.07351896726308,64.96252702132007,80.41037613064583,81.0138870206618,62.957071712424494,87.10307867945403,66.4974272670808,84.82023503289466,83.15589492276474,76.06340189041421,25.506744563778753
578,1435.0949136720546,1449.8780385315317,0.7026524109756765,0.22559802686902147,0.3601930065033798,49,0.0,0.026847248948811745,3.1343149517599374,-1.2403565860580663,1435.0949136720546,1449.8780385315317,1352.1016579158968,0.0,0.0,355.4082153755473,15.488408735272282,100.58489001242104,109.45250514826202,100.66025069079028,97.41739940930657,111.2509840423954,104.60907031967533,88.68756264212314,98.93964576432342,91.49942356414081,88.02976947175716,120.73357501523184,95.92930671850363,112.98210191189547,31.325173205070655
579,2461.654387846757,1449.9016767600615,0.28926214482666607,0.5849056962684572,0.1332729052993842,49,0.0,0.009739176261270894,1.3717303238277145,-0.3431718484244657,2461.654387846757,1449.9016767600615,1052.045097962367,0.0,0.0,354.9643690615966,15.488118740544886,73.6242430516497,69.60451190863037,75.09716823535521,89.42274534317716,75.38158513184156,88.7042717884249,79.78318867775046,53.787618986216266,91.25162791017365,78.61565855482858,81.74268707674598,75.61506696061379,96.25300035174516,23.16172398521421
580,133.24253284616495,1452.9227496432638,0.485726789382313,0.008905549711816505,-0.7152972673414854,49,0.0,0.007876996388948542,1.456901617024337,-0.40857556331984285,133.24253284616495,1452.9227496432638,905.2618215285855,0.0,228.9369775534584,355.9710728440381,15.488785025705194,65.34771551794617,84.07030122022994,219.24110007171424,115.60620949655258,78.64460169199587,28.968585530755604,25.899595887151264,13.700056277057346,34.394208438083155,53.477004135297506,61.80823671560858,67.34287646796591,31.756760302177543,25.004569776049813
581,1797.3265832699017,1454.9095832567107,0.6296856665909432,0.16803550989306207,0.13542234337200956,49,0.0,0.04926630147180328,6.429126749143169,-2.020379969719813,1797.3265832699017,1454.9095832567107,1791.5309850322315,0.0,0.0,355.25159718844327,15.49050042908028,139.0999377426927,140.29958243747336,125.93969875431696,145.378780772825,132.25352225534374,130.85107528962047,136.1660488306157,139.7450490946271,132.94646784511383,122.91029013691735,120.6853469070178,137.21907394101208,151.87001155994415,36.16609946471132
582,2000.4168037455988,1456.2719817431314,0.6377246292275961,0.29775091167004314,0.19659209357689877,49,0.0,0.07468960493083802,10.088691236610558,-2.50958707674592,2000.4168037455988,1456.2719817431314,2222.941072732985,0.0,0.0,355.16378654657433,15.491017204926743,148.92855438421608,176.61561162111911,182.89344563831304,166.389764948303,180.23201864778758,178.42959992188992,158.62482160949537,150.32915728716227,164.93157862686547,157.43129320934867,144.74745405786075,186.67658931710952,172.44408641202853,54.26709705148606
583,1459.9009881489676,1457.4175996599051,0.6618288411609266,0.26324485215872895,0.5518845961946469,49,0.0,0.016011916282975814,1.8125989128237756,-0.6457542879302713,1459.9009881489676,1457.4175996599051,1070.644536659951,0.0,0.0,355.3974909617518,15.491553400532952,90.31672625410441,82.54381372598766,81.91914364020344,77.58929012123761,85.46522697031811,65.76130570075878,75.87110017778532,81.57655132633938,73.79258344198354,77.20373189140128,81.64759530517168,72.06198138028073,99.81403557353882,25.081451150840167
584,1244.9383304858595,1459.8743130779835,0.4867569346180414,0.31349788950130064,0.23708578504599695,49,0.0,0.01157207860293265,1.533759650003085,-0.4643932705192425,1244.9383304858595,1459.8743130779835,998.0805683573685,0.0,0.0,355.4904357944011,15.49253223985267,85.28331205205379,73.97257613773917,78.62994370312674,81.33872358569921,69.19609553269942,77.47889339455978,77.55184994008098,64.76988542467001,67.75749484351152,74.22251583134455,95.38945678228333,61.80903709312001,73.63929945188062,17.041484584599253
585,2579.794036185807,1460.415911654387,0.329623124511051,0.22544535339888072,0.09635781082640617,49,0.0,0.007532569461257357,1.0519368798266466,-0.054974203238688506,2579.794036185807,1460.415911654387,898.0890410580096,0.0,0.0,354.91328270323964,15.492408270180231,79.43697652230787,63.34815742695695,72.96693168043586,76.43454218275963,66.53425393594128,64.28599473877048,69.42829125498977,65.63594122306792,65.63713645890712,60.31368612459303,57.342261200529556,62.45451545454377,74.60625136316972,19.664101491036476
586,2121.3456631843683,1465.0247208891028,0.45755302914358864,-0.018567989137858832,-0.28437111355557687,49,0.0,0.010266176888493416,1.4502932318605808,-0.4036395505941342,2121.3456631843683,1465.0247208891028,990.1373686756306,0.0,0.0,355.11149673523084,15.49461739346138,75.2997419712411,54.208840219860406,67.9612539900852,79.2640755513246,91.53745043458011,74.67768479454774,88.224754241856,62.99654258439066,74.99760096501501,73.17511315536619,80.40711556293762,82.36976197594328,60.993657634024984,24.02377559445769
587,1834.9190136076113,1465.972819137632,0.5840028421838893,0.16471638132712893,0.18564287054598794,49,0.0,0.4053732418688877,60.96030206664536,-4.4626177758137775,1834.9190136076113,1465.972819137632,8278.674733103002,0.0,0.0,355.23534102959104,15.495103291677726,557.5067710633009,571.985326562412,555.8205381181492,611.3857496126305,692.4823437437379,642.9492320620185,675.9755568482858,637.9541136797161,655.6528381014368,612.9038022284954,600.1301095665654,676.2687014609108,627.5050945477352,160.15455550760655
588,3049.1468983049626,1469.128529334623,0.3420761412047878,-0.26142854074420063,-0.3321084134805595,49,0.0,0.013730170968416873,1.9113296371953319,-0.7033389851273955,3049.1468983049626,1469.128529334623,1235.708667564916,0.0,1208.0995768491432,354.710351371621,15.495559803981497,107.37354321753614,86.78607802852221,118.66419793566288,107.70663736694503,103.56201775255317,107.43522194471355,90.86062841136152,105.3708821082068,110.57725323846924,79.77305252870855,82.17288484303198,58.14678077264648,66.62892450151526,10.650564915043095
589,148.01195126321122,1470.5184030441005,0.715276347542782,-0.9491359389120733,-0.5969370360468869,49,0.0,0.009586480884385637,1.080966561197439,-0.0845306490552259,148.01195126321122,1470.5184030441005,1267.0305388362617,0.0,490.79753763368086,355.9647101087701,15.49613420251596,115.17321660307323,202.71719557089799,129.19834804162144,146.0596013377513,88.9379690872806,56.78731624617054,121.91544581653298,36.54235738819628,51.391444041750105,36.71128508094377,102.45921167321741,90.80381168608102,66.89967014166794,21.433666121077163
590,781.1614283741129,1470.9336193624765,0.5983557487739076,-0.05237182450842206,0.21503138945069383,49,0.0,0.10661664963104736,15.335601673161413,-2.964252049134684,781.1614283741129,1470.9336193624765,2976.8762133485816,0.0,0.0,355.69096597113696,15.496911373413296,199.13609162446193,214.14694103322597,214.87194219752354,212.7590416280308,222.71602387947644,235.13778219727624,236.81565101424488,257.89772663148,230.05491699567875,224.9981003174892,218.0025815307736,240.34367839294308,216.27375910865135,53.72197679732574
591,2376.1592675890747,1474.3950946682535,0.50725515754471,0.17929140512785535,0.14340975229849315,49,0.0,0.0902973567739363,14.542237441652611,-2.9065780785164264,2376.1592675890747,1474.3950946682535,2531.1547575193945,0.0,0.0,355.0013163962585,15.498382893485477,172.01271238619552,177.70976703563008,185.20183582676208,198.56973816326848,173.9558670846009,207.34311990740838,196.87034227330201,208.33263939898814,166.80623631468347,179.0399351852689,205.7190419223134,210.28501309605628,195.26514383073527,54.04336509418196
592,1367.1050831608693,1475.5833542771873,0.6381993213727036,0.4557117531839273,0.2030113573619452,49,0.0,0.01510072374129427,1.8706816845840437,-0.6799997354661145,1367.1050831608693,1475.5833542771873,1080.9820061054688,0.0,0.0,355.4376171907766,15.499107872764363,76.36543836086913,74.8328586617698,86.80077227245675,80.40886733123148,79.64211172167597,66.04198083860493,90.71404804818917,69.6296192929398,74.96078003305715,98.8794295769348,73.53619476773034,88.8413779205303,90.52241425799689,29.80611302148231
593,2763.539636960577,1474.7075848746902,0.33312754185064797,0.29284207652118943,0.12368804511412426,49,0.0,0.018819904764351223,2.1283402853077265,-0.8201026636354349,2763.539636960577,1474.7075848746902,1675.2853544428738,0.0,0.0,354.8338259362361,15.498197602233663,105.6261301581439,129.8565947187439,101.52360622664887,133.48458623580086,115.83914156540143,133.23311774530168,117.49856374971073,128.27927101522647,136.36319787433052,136.71874883595297,152.35194149376377,129.15558012808668,125.82080264346234,29.53407205229956
594,2830.2762487747154,1477.5009713409536,0.5860382153635711,-0.23433160498562025,0.16725346001853697,49,0.0,0.05016972059474799,6.351758063293969,-2.0072348689437542,2830.2762487747154,1477.5009713409536,2048.6761556513593,0.0,0.0,354.8049690520723,15.49929438119512,131.81778077816912,138.18575692165194,168.23277475748478,144.13008784917417,161.10760398144802,148.38747928092425,155.99360432247875,186.69239955223293,138.26309649062142,148.8803028384847,145.7279946200425,162.43577262567902,171.60064682670503,47.22085480626261
595,1139.9086576305835,1479.188231943838,0.5267533716358169,-0.0927132100987617,0.04562226483265193,49,0.0,0.01719104124572555,2.1218678483301607,-0.8167958304776521,1139.9086576305835,1479.188231943838,1149.0482057912868,0.0,0.0,355.5358555424669,15.500543652619086,88.22598070137872,87.93063595076356,82.66747064722377,75.39632112935175,79.68488091249698,76.64639338807936,90.74535412809234,104.60674323424419,87.19189362049215,82.90120264272166,75.50434621536972,99.38743673289164,91.7118528131011,26.44769367507975
596,1693.5235692794683,1481.1700883558456,0.5841835473708601,0.2754515358846657,0.25206460660043817,49,0.0,0.032120070463085945,4.361479946559593,-1.599084699986438,1693.5235692794683,1481.1700883558456,1461.3953053255939,0.0,0.0,355.29647656476806,15.501454926602262,90.44480905810924,125.01220094991409,112.56410397860739,100.09397872119214,111.0084446924421,122.32707570521292,110.81620729186184,106.70418398621106,90.7320184626132,114.27591689539511,109.52198326386808,124.07201595264054,117.62839175255905,26.193974614967082
597,2807.9624102677253,1483.1549489715899,0.3743295042883881,-0.14676993438233144,0.67773808642255,49,0.0,0.00896826365946028,1.1516817745105716,-0.15333123533501003,2807.9624102677253,1483.1549489715899,1019.3368325829334,0.0,0.0,354.8146105952963,15.501672952639442,64.53863067234462,76.47856429360642,76.8058538613178,68.32441527095997,71.83966548210623,74.92944851030748,62.42805460461257,90.47974047556696,76.05545486084654,81.99218012337246,76.49906624411919,77.7821369251562,91.26936580036136,29.9142554582556
598,1486.4081634189374,1484.0208664527606,0.48842199471562503,-0.5975834412655245,0.16567282090854923,49,0.0,0.009247638564547194,1.2006653114681827,-0.19855490893304295,1486.4081634189374,1484.0208664527606,1018.3699299251552,0.0,0.0,355.3860325956663,15.502640915929124,74.73850016074977,75.70328967732584,66.09427868660761,70.74982291840234,68.11750024508997,87.93430517352512,74.85966775678915,70.38067109963981,64.52507063712326,81.69534267562932,76.21771240409427,100.55986708359686,86.77309635974356,20.020805046838376
599,2529.872085090266,1486.2408489364882,0.3221264095891758,0.14416946763789326,-0.06189300404033337,49,0.0,0.020183150532734995,3.4964890923922156,-1.3590804443955569,2529.872085090266,1486.2408489364882,1346.3868237676618,0.0,0.0,354.9348457074721,15.503208398722318,79.25820537348082,86.37428390315677,111.53907484473525,102.63546443070982,121.03744145329982,101.96519640641111,103.65508157166713,101.80671551121092,88.18520102081254,107.58633827249187,90.62579352292593,91.22671821834551,133.88515021816846,26.606159020245823
600,805.2229464848216,1486.739782556722,0.9768111640253712,-0.03316860201198839,0.44217069070568454,49,0.0,0.012349010670378672,1.0214866707751056,-0.02308175990626591,805.2229464848216,1486.739782556722,900.0178351507994,0.0,0.0,355.68057347778176,15.503513470134687,73.76112770078112,78.7304110154024,64.72919825132881,65.01112842202956,67.19956881481839,78.97773627678708,53.66810001783225,65.09614753183449,58.07133938683195,58.399260081187066,72.77083943213032,74.831258750474,67.85009451390638,20.921624955455606
601,1082.297285910438,1487.1357050446484,0.24482796204671237,-0.1651708712244788,-0.2001471660455086,49,0.0,0.010506140329354383,1.6062861647384699,-0.5145572967772143,1082.297285910438,1487.1357050446484,1272.1744743181894,0.0,0.0,355.56076960203706,15.503831378863861,97.85182125544858,100.71807496527319,75.85054226137672,94.00707641887864,97.76572501291976,110.96910067553611,89.17475602767124,73.80988468072651,86.6813327173511,119.30722092302187,86.801345562678,103.04708801192861,105.94110435345581,30.249401451923216
602,1925.849233262605,1486.8446649170983,0.7422510960847684,-0.13513195609860054,0.06601152391793896,49,0.0,0.014591680445619605,1.582334542025224,-0.4982457718542612,1925.849233262605,1486.8446649170983,1010.7150930554036,0.0,0.0,355.1960186588921,15.503778481978879,79.63670104218058,62.09221564576357,79.78514084233782,76.34042913533996,76.70188155824012,90.86141245798908,78.1687382486024,64.41925379888318,81.1213310140889,79.77346617000107,84.9442787804515,74.02281653867486,61.277728419395444,21.569699403455154
603,598.9662487041933,1490.1922482324412,0.39397862914097453,0.4521099107462358,0.17079871873940666,49,0.0,0.008226722162853597,1.1741984186908987,-0.174353727929271,598.9662487041933,1490.1922482324412,900.3205977693838,0.0,0.0,355.7697578537756,15.504796213475762,51.694258748543426,64.58926712789624,69.58570838845168,74.21798891151246,77.97481528182101,76.00935511143344,58.68171579433023,60.30118875822555,80.65262020871609,61.94083581749772,75.91155040491903,62.30730366837045,62.77744834037331,23.67654120729313
604,2964.901649431597,1490.5096096088603,0.4660045316058844,-0.0238609408617195,0.10364848063503762,49,0.0,0.17330393716410128,25.823294832034936,-3.5300291343380708,2964.901649431597,1490.5096096088603,5849.625863532473,0.0,374.3742377884463,354.7467481254602,15.504567639647098,409.88953167458413,465.0398332645914,399.6955189551745,434.0297324638269,426.3926620380501,463.22847199106906,451.2088857260552,426.5127017636903,451.92690310413565,426.178550713439,477.60614920443726,453.7741158121913,439.74648850569065,124.3963183155372
605,1961.101669098723,1491.0992391761501,0.46346865889756084,0.5607717738231328,0.21843317131615103,49,0.0,0.009732712488713588,1.0236263849644611,-0.02535367930395988,1961.101669098723,1491.0992391761501,1086.183534063373,0.0,0.0,355.1807742499752,15.505541050953346,65.56024477807934,87.83680435912939,85.50750842218623,64.44438718161376,76.62857016691123,86.54764241271832,78.41765961958316,86.42740167227015,76.14042113205764,83.39817847745466,82.2976372777068,98.15556209845329,88.64237970247483,26.179136762734167
606,1078.8386150344043,1494.8335727208428,0.23265874969639072,0.8172164359714749,0.024788485165716443,49,0.0,0.009807423626546184,1.6162297980007787,-0.5212577736900083,1078.8386150344043,1494.8335727208428,1260.0452414009849,0.0,0.0,355.5622686239267,15.507037285337326,99.78247149304117,98.82217738362304,86.29831160113224,95.54391904690867,80.8607801699218,110.94526985149369,102.13645551516444,80.91293655244357,92.9363796311195,98.09688060901055,93.7556831368467,101.83545709579816,93.40948722819205,24.709032086289387
607,2209.2588144983333,1496.2499678177744,0.5636832557579877,-0.22727920868178558,0.15578754392453778,49,0.0,0.010835442813176313,1.2379152473856707,-0.23172728042450758,2209.2588144983333,1496.2499678177744,1001.8786895724887,0.0,0.0,355.0734687903318,15.507586057020674,73.06629405285807,74.83508496509822,83.8201765814028,61.629288031645885,82.67682899820551,71.29929721065223,84.57049311246077,67.37476986224968,70.27313788409244,68.22262227167792,82.07319738139952,73.26645766742685,83.11151756701456,25.65952398630421
608,946.0460306173075,1496.7626374961987,0.4369961346344061,-0.23133916033432936,0.1302379095348291,49,0.0,0.01100309289554154,1.6716958450984973,-0.5578931576208634,946.0460306173075,1496.7626374961987,958.9394825609155,0.0,0.0,355.6196890932548,15.50777540204766,81.07075813039943,73.3580751755423,70.21903085178593,68.5784751124005,72.5393987758415,63.506887462572614,77.9309884858185,77.65904685956559,73.2359591701024,63.699381898130916,76.04413457896516,74.26161653680046,70.16269277651686,16.673036746473308
609,2082.4116144244795,1498.4332081612522,0.8790837537702172,0.20644336555305856,0.4944542502596919,49,0.0,0.014278209412017963,1.292370675835171,-0.2784677380586652,2082.4116144244795,1498.4332081612522,1039.5845887844707,0.0,0.0,355.1283167659438,15.508553891307638,60.470181475508795,83.68800177847251,96.88239892664257,85.06378543873562,77.53469355674609,96.69629427034782,62.33113178926557,96.71090972024481,61.69660782911605,74.70369735126417,75.72878657448459,84.61070213621305,74.40063122485378,9.066766712575419
610,2114.933776801431,1498.40944917624,0.22318654719112513,0.26050451892737003,0.09758243585773684,49,0.0,0.007939349705896664,1.5496952508968642,-0.47561575531852385,2114.933776801431,1498.40944917624,1007.6654454882857,0.0,0.0,355.1142540483176,15.508530369584205,63.9476499967931,84.66348138916034,74.3809908281566,77.7310147064112,77.48777155091554,67.8102898948155,69.00581649455614,71.52762998960534,87.26270801794551,72.50308680916373,82.96643016937836,76.48781773670652,75.8123725278324,26.07838537684552
611,2523.4239764032786,1501.3598983323757,0.5075872294926863,-0.08298422575008535,-0.1781737855231396,49,0.0,0.013496226154562446,1.689267424839764,-0.5692460184489885,2523.4239764032786,1501.3598983323757,1020.8072416993921,0.0,0.0,354.93762152542797,15.50951286512487,68.86987153086896,75.51011535006764,82.79631799604871,84.77787627101287,63.187725682842355,80.39950099690553,76.22875075391403,89.86997917902582,73.71626439233276,73.14529991398678,60.71323532012725,82.67888450751533,83.07705304218022,25.8363667625638
612,1730.9558897795346,1505.3648439692338,0.6356481148231224,0.5142639961102279,0.35528839015994484,49,0.0,0.01583069234407687,1.7900333075850285,-0.6321527801952677,1730.9558897795346,1505.3648439692338,1167.3639706103077,0.0,0.0,355.28028824875605,15.511532548613781,86.875509526473,82.31167847332632,77.81303866130992,90.31342362471909,79.74962777993213,96.12739373578688,84.19554636321736,95.99483866668623,87.59136421133735,86.14732928025279,82.0625647874029,84.76120205091098,102.72161877620904,30.698834672743594
613,2210.916883163278,1508.3994413204584,0.3366321659803197,0.590918906666695,0.5815524857042869,49,0.0,0.013287891221745379,1.884535930134734,-0.6880110550616907,2210.916883163278,1508.3994413204584,1328.2119347555595,0.0,0.0,355.07274535369805,15.51264743156547,106.44672242549696,102.13074432092496,120.16694958553327,114.12384411283324,92.9609103851588,98.88291923518369,94.58097914983006,92.32752674324774,98.57496188308815,90.73010610850707,97.3110095240298,98.12509447718338,104.68591212857619,17.164254675966056
614,1138.2471032123178,1511.0571094373304,0.9171228945238319,0.23511621006387587,-0.02233907822854026,49,0.0,0.013004970592795933,1.2120987036671194,-0.20884496688708487,1138.2471032123178,1511.0571094373304,904.9370751239951,2.3216070521609953,0.0,355.5365868679388,15.513821618614836,57.629395082309685,85.69789435176448,81.12020681820616,68.07965119149222,82.66924419431606,68.81791208480752,65.8283641737979,58.156723795223755,52.94844586139781,59.520421106561116,62.269249388306136,65.06177279377809,83.07155642328802,14.066237858746097
615,1248.5772094063652,1511.1246605901786,0.36678658757863036,0.1605255189627349,0.16694347454648498,49,0.0,0.016747474870484752,2.632503896538712,-1.0509225567131444,1248.5772094063652,1511.1246605901786,1242.6827292633081,0.0,0.0,355.4888782177624,15.513887541909213,72.23261599148024,99.85556139912808,103.40925704703295,89.66159264633484,85.52164295914874,97.5979081300172,112.49038862860283,96.61296794991867,94.07986284639715,94.48631635788796,85.79269388200956,86.37475459997775,93.62735238577204,30.93981443960009
616,1301.036358692409,1513.327470716708,0.686575583248218,0.2834876380248434,0.5006141312961002,49,0.0,0.011717039900284212,1.1892363035746278,-0.18817039588632517,1301.036358692409,1513.327470716708,1111.7856863679854,0.0,0.0,355.466194458487,15.514819747485179,80.89659677736054,79.00680385430844,87.44542768527971,84.16616501085375,85.55685452159231,93.25408344266316,79.56250364821162,85.4797329876362,78.92878760921744,73.07769663635861,74.71031289526704,103.25807388781254,82.24816315084881,24.194484260575294
617,1652.574152513841,1512.7132523376124,0.483753766780735,0.5752665713730608,0.12890116822186987,49,0.0,0.00941731180095275,1.216646744286488,-0.21291124574487327,1652.574152513841,1512.7132523376124,1013.2924966575587,0.0,0.0,355.3141814648913,15.514600399753474,70.06745278269184,77.79363733211763,74.28625288336355,61.9653025560052,74.45756372050397,78.95888853138962,70.5718112186116,73.48559153185025,78.54716766488707,68.65520126383336,80.62385240418178,83.54900844061433,95.68294122136331,24.647825106145156
618,836.1286055150748,1514.1796408707837,0.682442337765165,0.27022782736579476,0.23033047341396665,49,0.0,0.01709085212616265,1.9005318493825016,-0.6971878799216981,836.1286055150748,1514.1796408707837,1055.5547866821685,0.0,0.0,355.6672286730354,15.514966804674588,61.893331674346726,73.95899567079957,77.60260666979337,84.41935016119156,77.74816274236773,80.92869307429413,73.79748146546038,80.44655904335897,79.28754940546524,66.36646996132912,82.89300459898118,100.24823202344257,91.94238903038126,24.021961160956735
619,476.870089022702,1514.7327512197542,0.8714894097130672,-0.013706519259882862,0.22863631438385554,49,0.0,0.014126267845196445,1.2888460811364193,-0.2755026384097632,476.870089022702,1514.7327512197542,998.0404212204533,0.0,0.0,355.8225733703015,15.514912001271167,59.430077142645914,66.42827851223058,78.65919409311138,81.07711871668106,82.07689836751776,79.08335296924494,73.42582342990156,82.9688860007434,84.03922710510665,63.34710733349587,77.58047030131542,78.32322077709199,74.80733819581982,16.793428275546905
620,632.2307430149901,1515.4627696475932,0.3019503757595341,0.24517269779324208,0.23677457480353892,49,0.0,0.010483612179330788,1.656378574615334,-0.5478990105850989,632.2307430149901,1515.4627696475932,994.543068294696,0.0,0.0,355.7553963761741,15.515352849049798,62.252479242666524,70.43514712260021,79.19714184964388,70.42912500090637,82.26223324044417,79.58803132475927,68.96426310535814,81.386631666936,72.69306174846811,61.14412332861043,80.13521431719798,73.96215052581117,92.43035932547559,19.66310649581817
621,2126.9321723239314,1517.9213553198297,0.28700146681565436,0.4557787762589239,0.7601695276157046,49,0.0,0.010309324673450719,1.6396446722690243,-0.5368743554963138,2126.9321723239314,1517.9213553198297,1070.8937617456984,0.0,0.0,355.1090569083531,15.516655012412576,79.8819976180173,70.1076083851416,78.29970229899689,76.1936554243659,70.37568799751908,69.30287361030436,79.65603389048503,83.22567759281799,87.25164893969179,83.60438134703004,80.41539750897186,107.33957898985108,91.09301954191204,14.146498600593308
622,2792.0179463917893,1517.6902756676684,0.6243697777587628,-0.1919878361131558,0.06731925961644555,49,0.0,0.04961226131946301,6.4302812478340785,-2.020574921311788,2792.0179463917893,1517.6902756676684,1768.207575144383,0.0,0.0,354.8214683725642,15.516078154267241,126.15048000543997,119.67489302874705,139.90591754977356,129.70478924552913,156.51225475287748,118.85430357839883,120.67024855417526,134.54794782870167,128.7778934517382,128.24294383252797,149.02557771309546,153.52857323093298,136.8804860517019,25.7312663207435
623,2212.7094350114294,1518.1770880151603,0.25621297045603325,0.408357215301719,0.13885315572414345,49,0.0,0.010155308348963821,1.800095300261674,-0.6382387450946017,2212.7094350114294,1518.1770880151603,1220.1488645372133,0.0,0.0,355.0719649987697,15.516720484280928,94.74041919056434,95.25449215404907,111.04022860351205,101.15611756013259,94.41366520367562,99.31757948228352,92.74265979940677,97.973491305383,89.0380161850844,72.70822229439213,82.5782526730246,93.70703622069746,74.77635414160217,20.702329723405505
624,220.37947761139216,1521.047569752962,0.4329429721213811,-0.2163136900084798,-0.32629267161910996,49,0.0,0.08877387980451439,11.683278540846748,-2.6689118270608816,220.37947761139216,1521.047569752962,4496.528601464285,0.0,1931.1511263379193,355.9334839728703,15.517272963443297,293.3883199212303,332.9183689747625,337.1954963643774,328.89599048239666,380.80949500638883,337.31270025890126,343.6056210156354,377.13542655668914,313.297604328067,337.98488219418607,353.48720092768696,339.22290507431967,329.05093602196405,92.22365433768007
625,695.8606053811748,1520.9011140146426,0.7414240472295222,0.18412935329054025,0.09843844819424312,49,0.0,0.03932030951060132,4.802895706432039,-1.7037578903883512,695.8606053811748,1520.9011140146426,1331.2975455619926,0.0,0.0,355.7278868816379,15.517668893591333,94.84276941248177,85.2875970616185,81.27861577621621,83.69646697381457,96.56391556725592,119.47335358415194,105.58127113800367,106.21642602574642,111.99016422738845,98.53683004311404,107.05884691594107,102.94154886183603,113.23319587628247,24.59654409814161
626,1533.9882476935488,1521.7788372864059,0.4876755640563924,0.21771678137105635,0.20952027426692424,49,0.0,0.011021852063966841,1.3378683297918577,-0.316033432946696,1533.9882476935488,1521.7788372864059,1005.6566941098092,0.0,0.0,355.3654612706927,15.518377004890317,66.61027899059565,78.97483407800003,68.67822424425955,80.62279982902751,74.16408693965653,72.69617615903346,74.99523007539818,82.98421979287346,73.71751483082141,81.88094646709678,65.40423793981097,72.73407908680925,94.63591425789005,17.55815141853636
627,110.95815143878286,1524.3403022919258,0.2530718887037168,0.5291937984946895,0.9825152916872293,49,0.0,0.015725798156756683,4.8040122779882415,-1.704010271731276,110.95815143878286,1524.3403022919258,874.6806745100296,0.0,112.19100163264005,355.9807998174067,15.518512778021993,66.90617878584396,59.206715706208925,97.96696348015266,207.15701030775762,0.0,0.0,0.0,8.357630724015166,91.91924424678385,28.998303426671338,185.12653433393973,30.46846166542565,73.72329547576729,24.850336357463323
628,2218.11263284195,1525.031902898666,0.7652181697243642,0.2538404978355055,0.20745415736316372,49,0.0,0.01405236967164969,1.4928147392815683,-0.4350147860573935,2218.11263284195,1525.031902898666,1026.572063188785,0.0,0.0,355.06962485151314,15.519573830121377,89.48143499897438,74.9667523379614,80.41747786539219,77.62388574610321,92.20778690267767,84.51065717066463,71.60864377198467,84.45409098207725,72.7795010897457,70.40434683323183,65.13471683347808,74.36679632994512,67.56963390317148,21.046338423377403
629,964.350913475616,1526.9339246705529,0.6157748201263896,0.30780060270366544,0.15191727968097493,49,0.0,0.013461799575691954,1.6244043803537573,-0.5267353798351064,964.350913475616,1526.9339246705529,1024.3798339218083,0.0,0.0,355.61179087581644,15.520356552468778,70.59468603755994,65.49882105940368,71.63345032709657,83.78161273277844,95.87453726143006,70.4176999081082,81.77947138978902,68.84880736059725,73.4406582645125,73.60734121995486,81.55589921966981,79.63802094860367,82.48183395996217,25.226994232342328
630,2811.62932202878,1528.2290877762525,0.500429864623609,-0.7906634786915034,-0.19143825014723773,49,0.0,0.009069211769283722,1.1811163506185887,-0.18073170411567863,2811.62932202878,1528.2290877762525,936.0183603114854,1.0391898155400836,0.0,354.8129774054206,15.520449323503444,60.40202206584655,58.20379688899035,64.22193496528676,54.28636266291222,77.79181279780546,77.55015427531791,83.5662191869668,69.55705423730366,66.31610527137404,73.83368196274891,74.25531415054795,69.69573374991,87.31781522923652,19.02035286723818
631,1723.2052231834123,1529.554830148848,0.4449116297218928,0.49509292709051134,0.06570927237002384,49,0.0,0.011713736430341933,1.5505194128304534,-0.4761930201650069,1723.2052231834123,1529.554830148848,1048.7829572536841,0.0,0.0,355.2836371658082,15.52161252656154,76.27352253939281,92.8580846822085,72.61707652994312,66.84806903086347,95.46098049468767,86.8421833412531,81.76192920471637,91.94075595041186,71.77643995642006,66.03285361781937,75.67521036154639,80.91636364578044,71.01905418940935,18.76043370923165
632,745.1327373196644,1531.5029759114386,0.6047758729994291,0.23322712853343897,0.20836751651215832,49,0.0,0.15469338323801118,21.873042397345397,-3.3497729869131088,745.1327373196644,1531.5029759114386,3799.338051131271,0.0,0.0,355.7065889965525,15.522122720699677,266.55743275761887,289.75470467711034,290.2815924511456,282.8922453801797,276.4324444410049,288.001447932485,268.0886336241131,329.8488821377226,296.30212175614656,286.2469163233382,263.02165527191244,277.28554924668913,294.7472315155958,89.87719361620864
633,1142.189983885062,1530.5155192726868,0.471707488624538,-0.006046815632351203,0.21292578887238411,49,0.0,0.01317490823885443,1.8052744507686724,-0.6413580895566622,1142.189983885062,1530.5155192726868,1024.2215726253098,23.481184694398834,0.0,355.5348897047156,15.521930764571875,86.86649243635821,56.29702695319191,87.21337210332992,84.99733376691836,77.9944893281635,68.91489200738987,87.51897828444507,73.27199245746895,81.7990969953079,65.28261755633397,75.55315102405538,69.53322360121382,84.15913905083333,24.819767060299448
634,1212.1099432597882,1532.624009586274,0.45521288381417346,0.03219910672906935,0.29004340410747653,49,0.0,0.01582107717740466,2.1382730619201604,-0.8251579118086193,1212.1099432597882,1532.624009586274,1227.3288355906648,0.0,0.0,355.50465463760156,15.522834208862735,81.54552196666481,71.40450257552232,97.85844740624033,93.18972870256479,92.48376705211241,107.89238919791762,91.75981767834136,92.36154054266282,93.16787670610029,99.02305833075411,82.70296396504925,89.58578084626981,108.32097636690992,26.032464253554924
635,2303.4489668995507,1535.540519034488,0.6250804255249619,-0.08297913653433954,0.14159684194116087,49,0.0,0.14250222394330792,20.3953532424409,-3.273828078976413,2303.4489668995507,1535.540519034488,3274.080982126004,85.49205724657602,0.0,355.0327169856303,15.523904947305326,211.02489167380145,221.85004086157696,250.29723762205305,217.62371257528707,254.90100620662048,203.63842006445742,234.46298431218617,236.84418239643134,237.8764033718127,281.14658392731906,290.6389226300423,298.5252354763816,249.1568846748924,86.09447633314207
636,900.0181830937207,1536.6705951149752,0.566433410556429,0.045682439578890996,0.14801509358070924,49,0.0,1.3287056425924013,198.56924682064232,-5.744779971296126,900.0181830937207,1536.6705951149752,27834.96414269907,0.0,0.0,355.63961589302835,15.524377262760606,1874.949608313867,2096.131881033587,2027.7581718499505,2093.6644051900794,2187.748412607041,2137.7630563656157,2155.6414651074397,2178.8070396250237,2225.7312116431635,1942.2698529893794,2151.8368129694745,2067.8689367435204,2132.0888024768597,562.7044857840744
637,2472.784450219105,1537.1735786146833,0.5632306581027439,0.12766246408752302,-0.10699185446146861,49,0.0,0.011420674475761656,1.3373799157925452,-0.31563699215378554,2472.784450219105,1537.1735786146833,1106.2691118383268,0.0,0.0,354.9594903838331,15.524473122164832,88.72737881480543,78.36786086111522,95.52263937460927,74.21962288447472,90.87050101321023,79.79773913462864,91.94707891359582,81.00382953073532,71.58932385130763,82.78205596215898,88.59619946438974,81.19707768444056,77.50447196600334,24.143332382851703
638,362.1618060114881,1537.9077262933247,0.3951315539622878,0.11646879728990206,0.19778158454163816,49,0.0,0.01861358363753007,2.1217121788226874,-0.8167161731980744,362.1618060114881,1537.9077262933247,1569.3639976325817,0.0,0.0,355.8721972474964,15.524453873441749,102.67606322930567,115.39230210133721,138.48741296930058,108.33723203060637,122.92224104311019,139.22995553235626,123.83583894551114,114.5375238285072,99.20925770944532,108.12448964934313,122.7932508439551,118.78576627033934,121.34141483694643,33.691248642517905
639,429.4181035140728,1540.0132840508306,0.7885367901386826,-0.3964740130299544,-0.03922783996489757,49,0.0,0.022193209395021857,2.185630084032775,-0.8489416496864164,429.4181035140728,1540.0132840508306,1284.3634700878747,0.0,0.0,355.8431171522975,15.525399348617976,97.17051330014958,81.32248296548222,99.31564962679623,97.04187294327049,100.16151298451345,90.72926666267855,88.33311336867733,106.72311497647402,109.64480092617353,90.05594251832711,95.32294171668192,111.40467285534186,88.51223968896764,28.625345554340825
640,2157.4188049377135,1539.6383213249019,0.5701075847409116,0.16659767327092942,0.23596946173589206,49,0.0,0.0805819988536883,11.947774827829013,-2.693217572838087,2157.4188049377135,1539.6383213249019,2230.292637072608,0.0,0.0,355.0958632835165,15.525689773493236,128.69984824861487,161.21758469792593,182.87990715074375,179.03868177230044,157.92802761858002,176.30596188915672,174.99701841814812,165.17962267399804,160.17429089437638,153.2338442070108,188.10619279202552,168.74603638876727,184.92741481197686,48.858205508983374
641,2479.0479091307957,1542.9470724728737,0.8283081556568473,-0.04336881180448834,-0.21354156545897326,49,0.0,0.018314536149938106,1.8341908614222358,-0.6586113132718472,2479.0479091307957,1542.9470724728737,1204.1516640980374,0.0,0.0,354.9567774654769,15.526874076218323,95.5503253959443,71.65482835436181,99.27589602608735,106.59439024559103,96.16900329864083,87.20813414540937,89.21421669646344,91.31296739268623,74.38383014915611,75.59366398977528,91.20575880598214,94.09008169194024,104.98044353857088,26.91812436742832
642,2565.187088161648,1542.9838321643347,0.39022241124855245,0.587727633332698,0.10384452827421126,49,0.0,0.015080193399788624,2.1658441316434467,-0.8390679968325523,2565.187088161648,1542.9838321643347,1645.475233803171,0.0,0.0,354.91952839049463,15.526822563430533,120.30211657449814,131.32627105671511,117.66355167617522,128.95311850978794,123.38294071375644,115.71394825378032,123.4573973629185,132.07249112048066,116.35231114492541,125.30604898550376,124.51045200285056,130.00102534177162,125.96349800515902,30.470063054848413
643,117.00544876430284,1544.1971942145713,0.48999969574794466,-0.08314219692260544,-0.3669992435797956,49,0.0,0.010211615836018395,1.8896620379708773,-0.6909603461887183,117.00544876430284,1544.1971942145713,2033.4041761864373,0.0,223.08308808329042,355.9782108674526,15.526793524908221,49.83927058570522,53.55050971386561,92.15275509161508,460.1405152729034,2.9123914955609482,692.1439518066229,73.0215870601767,253.02967723301572,49.84765364912474,126.14504288791282,49.96468704419284,50.16626840241558,56.17966726256517,24.310198680760568
644,1506.8082488761547,1546.1836408262643,0.7792193428325327,0.27801844407920245,0.13391839041462664,49,0.0,0.03040337727088017,3.360444722906261,-1.3159918898462126,1506.8082488761547,1546.1836408262643,1272.9227332817695,0.0,0.0,355.37721674146326,15.528543836295821,95.80462493478282,94.42169874430587,79.6319776546631,101.0482386936082,69.8192636586252,96.58943329812638,98.29019628658328,100.37576790919722,114.29058335828876,93.7166337340096,95.32310065594942,99.35144193836368,103.25863065672439,31.001141758541696
645,1598.3115443878544,1546.2168481385697,0.43745691464337433,0.12952706580782308,0.0881306836263592,49,0.0,0.024637878881990295,3.882938627960918,-1.4729013158265198,1598.3115443878544,1546.2168481385697,1448.634753035123,0.0,0.0,355.3376459318341,15.52856136600494,104.21073305505467,83.80331342632438,110.13833246251191,116.45627013128885,109.80142510322011,104.55895108962913,105.39608535668363,100.65912537036225,106.08051523749374,103.7222751577387,131.24397904344696,118.99035319878028,116.95005647373657,36.62333792885177
646,2559.381815060605,1547.0939659190667,0.6678117404580265,0.22793536442110332,0.03231371034532056,49,0.0,0.03313689196167591,4.292672118009881,-1.5818192938883433,2559.381815060605,1547.0939659190667,1604.8031770060286,0.0,0.0,354.922035297407,15.528539774168944,114.2099752160606,122.79095978954393,126.0001848346948,130.28036999453326,106.88778630539419,112.63242047282495,116.60115056002033,126.18218971104525,112.53598715775999,134.86509221803573,133.54650571267825,113.4467128371297,125.23624995372944,29.58759224257804
647,1044.3226888612637,1548.3051240173363,0.8277129918032908,-0.25369932398800726,-0.010262640588494427,49,0.0,0.014916746180720537,1.4599324813754138,-0.41083192774168525,1044.3226888612637,1548.3051240173363,1116.6848257059498,0.0,0.0,355.5772193416094,15.52930125622365,64.45351038218155,81.58881035245594,87.329885076834,86.03501195190682,79.66695250013026,83.49964678059239,82.69887509684145,87.63131355729249,84.92222085692177,97.56424877644535,80.7234164088483,86.18056950495887,88.96192552402744,25.428438936513217
648,2716.2389792681092,1548.1582281220092,0.5455186791289802,0.3925031848055143,0.4317674025331399,49,0.0,0.01433384578638964,1.5396244468980218,-0.4685369960353031,2716.2389792681092,1548.1582281220092,1160.8078376225171,0.0,0.0,354.8542050477152,15.528846217322307,79.0610924076842,78.45178691282541,91.74855405463273,71.79030819746083,95.4478479803202,84.81225213013572,110.14963097698055,89.02387050516222,90.37913444599086,72.21605837895258,78.18472182415871,93.9958749732484,101.67478916539943,23.87191566956553
649,120.79398128590373,1549.257636491281,0.4440457296606392,0.48279715981686344,0.3038058148937523,49,0.0,0.011472843538142687,2.079591130269138,-0.7949448911054027,120.79398128590373,1549.257636491281,1318.1736246295454,0.0,274.70794046181084,355.9765792708356,15.52890663547927,37.765729903544525,22.77223377508009,72.0790463556023,456.0419457762102,64.36499311893964,17.927573562879505,71.05856513934768,183.72600210756093,68.03067025613697,141.9422178547972,49.051596107337645,64.40611068803736,45.750717990566514,23.256221993504738
650,1583.1652329804785,1551.2968074313549,0.6301424454804591,0.5603686470206138,0.21669518319838094,49,0.0,0.013478467456032405,1.49154470968835,-0.43409069013845913,1583.1652329804785,1551.2968074313549,1107.4154422924803,0.0,0.0,355.3441960674642,15.5306778909088,67.32924950163769,77.36917614208747,99.4012596018151,76.19019014699848,85.2159783094462,84.09757659220737,91.97965278863421,84.21803015258922,85.50565397017806,67.86425678116927,84.42388028088095,89.76954377090924,90.10760235719746,23.943391896729686
651,2584.674563582185,1551.9843989822737,0.3464532080500453,0.1976877063691328,-0.036153301517132086,49,0.0,0.0075499150323167265,1.1718416247568322,-0.1721723010867862,2584.674563582185,1551.9843989822737,959.3616246665363,0.0,0.0,354.9110937448771,15.530556710417532,66.98541853957117,76.9632244312829,88.6939346992823,82.09059769188583,58.8344234438686,67.95922838238826,70.07174051131699,67.13211107197836,74.6491285976573,60.95971969074615,75.61673997854493,60.5942470277657,85.59079026213107,23.220320338116665
652,2846.3444903097966,1551.7717188390488,0.5678411138743158,-0.13846647879515672,0.026764402317374165,49,0.0,0.3154607118753613,43.905544078581094,-4.106298408276777,2846.3444903097966,1551.7717188390488,8376.979510189558,193.2434851295215,0.0,354.79794092113025,15.530222433581361,617.1455806913918,656.0596617909243,599.8491132332622,574.521949979309,625.889011269812,648.0127993328226,614.5590928640094,651.9730323356898,618.9335480341758,575.396698468858,674.1714709787,690.9159048867552,633.634607354946,195.91703896890138
653,954.5179494301834,1555.1957393509556,0.6339484056712374,0.08451792346575887,0.16701805771296477,49,0.0,0.0693600706162792,9.069232012897206,-2.393926280857964,954.5179494301834,1555.1957393509556,2321.2483918177854,0.0,0.0,355.6160588745373,15.532126862157217,164.8472094890497,193.5532678400445,165.46951148945612,166.84610539366952,162.14675310576075,188.24504512213417,165.44767093542043,182.34870071429486,168.50617913158234,169.5204198599188,189.02150343522328,191.2073357428008,167.30188940794918,46.786800150480886
654,2038.3465709601492,1555.0910834956678,0.9178570950865466,-0.1749733561738626,0.04358525806804554,49,0.0,0.012826932192595742,1.0626286053975333,-0.06595375676952878,2038.3465709601492,1555.0910834956678,1053.3444319892187,0.0,0.0,355.1473490207173,15.53217824166968,79.66704788093966,88.05163629277214,93.14218161144268,76.28504396604414,81.18048236840428,82.06569038271769,65.86888463889919,72.6682399498092,79.65005189764052,84.1420316521926,73.10291354540416,84.32550800003132,59.50017551617208,33.69454428674913
655,2570.328155774086,1554.6987832417788,0.3707687824056611,-0.850351142474774,-0.11137097632318665,49,0.0,0.021945457081017507,2.818941549772411,-1.1252151773745727,2570.328155774086,1554.6987832417788,1643.9105534886803,0.0,0.0,354.91729531471833,15.531699475494587,122.30494780731033,131.64228966189359,113.69328905941065,137.7600864385303,112.33626991928162,131.5510456590849,115.17074857686306,118.20320113545823,124.45937132464485,138.13647921098195,124.80658596730771,123.55614593616502,126.17404912599982,24.116043665748165
656,2130.916803233804,1555.9567426785472,0.23131152585540646,0.740489459692798,0.636937660982199,49,0.0,0.011084813057536773,2.04751629511145,-0.7780684169221952,2130.916803233804,1555.9567426785472,1135.2739025295546,0.0,0.0,355.1073162177344,15.532501188642703,77.84068219862515,93.99011690407536,91.44957279823134,85.1647676935669,85.1829076242485,81.4394135695672,82.13791456682192,81.22959289417173,90.66177082727245,71.96503222851922,77.59311274552294,82.0849483840475,107.25262661625004,27.28144347863429
657,585.2964544064363,1558.0958186097814,0.7631297808256101,-0.19558892439208844,0.005313882822238573,49,0.0,0.02315868603959016,2.3861699106771637,-0.9442534125041222,585.2964544064363,1558.0958186097814,1245.0557685985566,0.0,0.0,355.77572869237207,15.533076941557761,80.19512030501485,103.70038839377806,91.80530463706452,95.89354878227198,108.80395056263053,101.77166505697804,97.58787585149273,84.75545096131889,86.91267740251175,90.5754238333827,96.16763093213359,79.52900223467395,102.40841343317405,24.949316212130892
658,858.5412557600472,1558.1291504243281,0.7700086369636355,0.0900591503342246,0.05716674253515518,49,0.0,0.031354112834575947,3.579542020557008,-1.3845686625117584,858.5412557600472,1558.1291504243281,1315.3646874616898,0.0,0.0,355.6575657435558,15.533293007833644,110.16942147330207,86.01866943036663,82.29611857225007,109.20749587173796,106.39153146659045,113.79542644242943,94.10036134924363,107.96904744797051,93.56527218061967,76.39528425723432,94.22605538408368,115.59822514268261,99.00908823091274,26.622690212265965
659,933.1797021238136,1560.1094274390866,0.48339226075896885,-0.116314016317098,0.068872782474748,49,0.0,0.011044726237107944,1.5454996975810473,-0.47267231104458046,933.1797021238136,1560.1094274390866,980.3532750070406,0.0,0.0,355.6252894610711,15.534162406311793,76.75796032077325,82.72010097248669,68.37475284743887,71.24483289784573,80.18091888479799,80.87780081119558,70.31722118719952,69.58214359698835,65.79884805419272,66.08849432306621,73.68947928283686,66.28154770861026,79.57343938157905,28.865734738029506
660,2115.9759193000214,1562.3472968339527,0.7696724764889672,0.036318464551920275,-0.010841080140125242,49,0.0,0.015146738170198182,1.4189107410893138,-0.37988769077260814,2115.9759193000214,1562.3472968339527,1010.2891257922049,0.0,0.0,355.1137745826338,15.535170479146126,73.22232909645635,76.32328533995336,81.48882224834529,68.65853777911772,73.18142978024302,66.12678420260991,95.37535332058052,78.68503082157288,70.99028338242454,86.17213398236566,70.55020527397666,73.18879119552187,77.96765330683961,18.358486062197485
661,153.77088639327974,1562.6553442238105,0.35208782445677905,0.1620260382012883,0.39145338856369294,49,0.0,0.006831917531996179,1.0117268543617994,-0.012658194166469038,153.77088639327974,1562.6553442238105,1170.3951173642006,0.0,781.2890785812867,355.96233694109634,15.534529302467,92.50403380157417,100.10570925119157,110.06305515596566,77.1789381774619,83.1375050040207,87.08964261461644,135.4340829671391,79.77843330984435,74.90360813391302,64.11147279456016,66.53520708745071,93.75215385928777,86.71396887161637,19.087306335558733
662,2043.6513066779335,1567.4057659439975,0.7684507220800755,0.2708233162526362,0.09381787835616122,49,0.0,0.023270331861193674,2.202672491007748,-0.8573748199061227,2043.6513066779335,1567.4057659439975,1343.0742344590099,0.0,0.0,355.1450501834275,15.537307362369907,115.27474028525944,109.65466466147748,110.88704526746368,94.40644060461099,107.70804007259702,103.65056033887359,98.9918059717441,88.02237426049632,103.37012849471262,96.84174996920987,97.56858069410185,96.36725614935264,88.65427704330597,31.676570645804276
663,785.6320339737338,1568.3730379534707,0.47728557912762604,-0.037484380017233934,-0.18870080861722363,49,0.0,0.011612032399874518,1.50087269423665,-0.4408596411090498,785.6320339737338,1568.3730379534707,1050.009291916396,0.0,0.0,355.68910248673825,15.537513416288249,84.74083107839019,75.76088445372444,92.60386875318395,72.89919251371367,84.19332196497422,84.07806777736198,79.79538008670939,78.69774861691076,80.94625467273491,64.07327847163754,86.07330034465241,68.8939247079733,73.96591875472404,23.287319719705195
664,2776.9675797247755,1568.3925248365047,0.8143287074554286,0.5531117105741357,0.17064296598094564,49,0.0,0.014160897424335808,1.33752886498807,-0.31575790807853044,2776.9675797247755,1568.3925248365047,1000.5070453967795,0.0,0.0,354.8279238507917,15.537218243764242,71.21178247453713,73.60856391865215,75.17287326784353,84.60571140195032,79.06493040292608,70.5438814848489,79.11250132039993,71.70702950779233,66.68638058251283,74.10659944325357,71.22456363426433,74.6702354006113,85.13922173833858,23.65277081884849
665,2682.252086348748,1568.7871113097997,0.5935679475573403,-0.0042490099724865555,0.11302486638061235,49,0.0,0.18613298743092213,26.858631611988628,-3.5727097063770783,2682.252086348748,1568.7871113097997,4413.381310187099,0.0,0.0,354.86888228034155,15.53747273725031,315.5484676519051,318.86436739883567,355.0700922020094,338.68635190601447,362.6839431098011,310.7305035881127,320.69232356502044,320.1048020812317,340.2560020474649,339.013612201907,332.8290766428403,347.8425604913536,319.4183145213781,91.64089277922494
666,764.3580665090197,1575.1135004489468,0.251092935629217,0.0026857629068825243,0.2756514656942969,49,0.0,0.008478526701021949,1.6372344866343587,-0.5352772100730431,764.3580665090197,1575.1135004489468,928.3978359830219,0.0,0.0,355.6983074524209,15.540307091828035,63.58442882364571,62.92373888914714,74.18534481870131,78.21820997612758,72.44431736188085,56.38820376976284,84.59149211121537,72.7724125170312,68.8608537305297,66.78516625045461,71.02235676318085,52.30957906708567,74.36632739236032,29.94540451189881
667,284.6083737716881,1575.84962304773,0.4981539647953743,-0.03340244085874071,-0.34332961707003257,49,0.0,0.012024226980449694,1.485862184688276,-0.4299463250334534,284.6083737716881,1575.84962304773,1190.9489335777203,0.0,0.0,355.9057754224187,15.540178856141896,72.83171558179686,88.24203293510928,87.61377209784465,75.96173546118692,102.33338706623218,80.63888609189452,104.79957302585873,86.7453410772952,101.43933950601712,88.31908540090208,82.49057705074073,93.46056699892812,96.99958875317121,29.07333253074279
668,1681.965844619869,1576.2217110802096,0.6508629955946514,0.7839722760140014,0.6797587869006593,49,0.0,0.012691862753347782,1.440503894183816,-0.39628609166821716,1681.965844619869,1576.2217110802096,1112.1317959027665,0.0,0.0,355.30146729480265,15.541060596956472,90.89866461191399,82.15016918941741,79.11806325776607,101.32744565753289,81.81067815677068,82.85048324627903,97.41879147672292,83.45246821483356,82.35016138109847,69.40880891550216,82.96539702331874,80.874688868764,75.70151030277137,21.80446560007529
669,604.2054390512177,1579.526493256137,0.6287662698092552,-0.09103836590756767,0.3004401132560966,49,0.0,0.016490369672241066,2.021514795336124,-0.7641923106364172,604.2054390512177,1579.526493256137,1065.0833103907103,0.0,0.0,355.7675704161623,15.542022152201575,72.94908565638724,84.77423836988109,88.53840109985643,86.96994834874508,73.75792756552653,67.33177373107057,66.23525307146468,71.83462594352496,84.73672621957638,81.04122087091054,82.82716161847111,90.42703702587406,84.14000204185507,29.519908827566724
670,953.0997935510208,1583.840786014849,0.5285320918050884,0.05284516971745258,-0.11452218884277204,49,0.0,0.011121348709547329,1.1975881368976082,-0.19576871327439546,953.0997935510208,1583.840786014849,1078.8645954205222,0.0,0.0,355.6166883853613,15.544061382777068,72.23814253442244,80.6634246237198,83.6003066401945,83.31529289106348,97.67567968021946,73.5432020057024,85.93140451537029,85.9214702539277,75.04375329974934,71.85467084418728,85.81940118967194,80.63891478284354,77.43616826875916,25.182763890690964
671,1413.6775620992491,1586.6617985719242,0.6934046709794299,0.4164859829129678,0.10111880366956438,49,0.0,0.07726686193669832,10.037055472957343,-2.5040158110551496,1413.6775620992491,1586.6617985719242,2034.918809537737,0.0,0.0,355.41749789842106,15.54539871978603,160.80770031740127,141.2813249493384,146.7551065129322,153.40163315548,156.20913226328184,167.45071383366204,169.4757823069993,143.23232267205933,153.56524996533074,130.8936191038859,172.05850824331114,144.38214252946486,156.6295403780839,38.776033306505994
672,1396.5573959351061,1588.6284881481502,0.40807518584533214,0.48811244077419735,0.2939841521573948,49,0.0,0.008503578460680183,1.075456221168905,-0.07898184040762311,1396.5573959351061,1588.6284881481502,1046.5498471756855,0.0,0.0,355.424902496156,15.546215353308499,88.95712716313449,70.94377259793904,90.77599038782361,70.36557293677075,75.90479593004886,82.69177171608379,85.02282187701843,82.3124436651643,65.61149666266566,73.30742832937574,68.85206221591073,85.09866265591526,91.23437479675229,15.471526241082653
673,1079.7687123086173,1592.5753098198045,0.5162701156432385,0.14190943277283677,0.2258739740957358,49,0.0,0.060624661527747675,9.328812198588915,-2.4245658755940145,1079.7687123086173,1592.5753098198045,2055.4931332269202,0.0,0.0,355.5619109872887,15.54776309339371,133.32768879229798,150.11530306186214,163.5719552214871,133.1040150334118,171.91106192984228,156.25260924988007,134.3671180608823,186.41090834158385,152.19134853027913,154.2719528665649,175.99887289727604,163.45965526853382,146.6859857365041,33.82465823651481
674,1188.0528945210458,1592.760324563114,0.6841839968889344,0.21392783552520794,0.32381002976007134,49,0.0,0.0587828863452855,7.471390419940885,-2.1835035780044283,1188.0528945210458,1592.760324563114,1857.7097180339638,0.0,0.0,355.515079490665,15.547882775902272,125.9997521942086,123.22579783607893,155.1312832721934,147.34450155053617,129.21590013488068,152.11752494542108,128.578411022037,153.08275144735228,153.18035553757056,128.88340093030723,146.93211274628493,150.91194604625247,124.73582764478732,38.37015272605322
675,3005.996336016916,1594.6379347489403,0.6263696980041339,0.11467717308163945,0.2996712634896885,49,0.0,0.022391815406315636,2.5468546906631193,-1.0150104181182937,3005.996336016916,1594.6379347489403,1370.344498708212,0.0,641.1601689412335,354.728852520318,15.547904154755877,97.24468932822742,86.79507363377405,111.32468373424017,90.27011077002821,99.7271328011924,123.51222232660305,91.26964474848788,90.13770562542092,111.97319182447342,106.27123251494025,102.10426917835355,115.49472400741887,108.45135958673504,35.76845862831694
676,252.60196527939206,1596.110761720263,0.6437761655423165,0.008094128752085266,-0.25065848350396197,49,0.0,0.015230840912093377,1.529831150185763,-0.4616087492837896,252.60196527939206,1596.110761720263,1210.5270465464282,0.0,0.0,355.9196400012676,15.548584644028544,98.39257428598583,78.21388368125332,88.16203969971203,92.01334954884601,93.33540083250905,82.62343461242419,94.32461523932979,97.18517065356707,89.84724544269514,85.05439382876125,97.68273805412315,106.61784176238987,90.07988004908478,16.994478855746696
677,1256.3081256661987,1597.0104058197596,0.8183349661430309,0.12370091665688017,-0.015178630051206288,49,0.0,0.017781821630915757,1.8561727833567658,-0.6715460010510914,1256.3081256661987,1597.0104058197596,1069.2477770720152,0.0,0.0,355.4855610941118,15.549675406303415,70.28999924797506,95.68520285652194,81.19420305461222,81.06488361689809,75.28829796571885,71.23381625085969,83.16764839903553,64.7714359795724,79.01796145706105,68.69933988965454,78.38004799700755,88.9970437691408,93.89372356618051,37.564173021777094
678,2532.537688011299,1598.0673662072138,0.6747464890505726,0.14622530220075386,0.12434796712825757,49,0.0,0.04494159482310138,5.776730668231818,-1.9042052991428502,2532.537688011299,1598.0673662072138,1466.350602483144,0.0,0.0,354.93360195700916,15.549799531754543,108.09090470126328,121.39750513521348,108.13489082701783,112.42495535019216,116.7548437787984,114.09350667819423,109.45519866902418,104.44428941396404,109.07070843319528,92.89497098231524,115.19453604444865,111.4401267340022,105.7625963473854,37.1915693881298
679,772.1191444563485,1603.7998422509077,0.8602027600072921,0.2736780823295294,0.1545811538665244,49,0.0,0.015525706061710767,1.4521187449396789,-0.4050053290704081,772.1191444563485,1603.7998422509077,1221.8835190621564,0.0,0.0,355.6949718894935,15.552264942899539,83.06654891253581,75.56730464148683,76.84956599747724,95.0106079027316,98.65334588485447,100.22274978735459,105.67842733350494,79.27292514685652,99.17314644302795,95.6336826158565,102.18136881634251,89.23593723104442,94.92496312699075,26.41294522209218
680,778.178679669791,1604.037018314182,0.7754954420601953,0.07326709190269896,-0.07840203672819492,49,0.0,0.015453829235258601,1.4840647142046588,-0.4286320980603519,778.178679669791,1604.037018314182,1246.6610996507761,0.0,0.0,355.6923513960444,15.55236798172527,77.12972538427807,80.21802457916479,78.6654259223309,99.46865214907962,105.56756207130432,94.89722906655119,97.1123785575127,74.2682284037618,106.00747228841382,99.6333963582814,112.49333793982632,97.23234171214816,97.65781254022187,26.30951267790115
681,547.2327587851945,1607.228311208203,0.6178712492520957,0.09279387559296978,0.052639286587829875,49,0.0,0.49780454007427827,70.74202248092392,-4.62419367982452,547.2327587851945,1607.228311208203,10106.579309307448,0.0,0.0,355.7922341101946,15.553515013037686,669.3981998756708,777.7912465941349,733.9708966424208,739.3213889754566,762.6484654255925,772.822191734741,791.9141649155126,759.4266864209426,761.8849778540077,703.1742123054207,818.1379143625919,820.5404550693389,770.5519102152707,224.99659891634667
682,1826.8886003480827,1606.6658270724113,0.4185694903608616,0.29956494389876065,-0.4445846274795599,49,0.0,0.012506364626846104,1.5772899721092295,-0.4947788555643663,1826.8886003480827,1606.6658270724113,1275.6838350216995,0.0,0.0,355.23878535539137,15.553726829100773,89.85208749835476,96.82455823757135,97.97308698838027,92.46363253240695,92.97796979696855,106.73502709568567,100.59713753424612,93.6008610887887,95.28619694476733,90.70318363278253,103.38554891322215,98.77329874290437,91.43098631240963,25.08025970321087
683,1980.7725061960984,1607.8041707693153,0.45407985465092504,0.5483081972509376,0.7273477461180268,49,0.0,0.009708172084612169,1.0822424534739399,-0.08581141535123417,1980.7725061960984,1607.8041707693153,1072.7683558668991,0.0,0.0,355.1722297284743,15.554161770350385,72.3070615647384,80.55826513054245,84.96882948862229,78.66663093119172,87.67792475985159,90.25914439808655,72.62056163486727,81.89179026400858,79.49764357781073,92.33310464818959,85.58779768565782,63.87557792877789,77.01465262930238,25.509371225251677
684,2422.7091156560177,1609.4506536853175,0.6628372540664837,0.12906371327555102,0.18465294932762755,49,0.0,0.08686506125878557,11.780402943064368,-2.6779003638519248,2422.7091156560177,1609.4506536853175,2308.635238395674,0.0,0.0,354.98109229295846,15.554623697483008,160.2896326775029,165.68135815865128,169.87537293960594,183.73612309414227,166.51275758019443,168.36159541959464,197.07072967668495,152.769015675856,175.5345838820419,194.94983767151064,179.02731561129593,183.19436941903626,175.5237388116962,36.108807777860974
685,142.30124716779332,1610.2523165750817,0.9913543973251092,-0.43019096570116583,-0.5466047596645519,49,0.0,0.020141358455159568,1.9804505223978737,-0.7419099922383144,142.30124716779332,1610.2523165750817,1693.8400981517725,0.0,629.5763819178112,355.9673573213212,15.554346142324887,103.8274949128971,142.4175372559466,86.37604014579203,60.10976694139343,64.06680438943758,444.4622641902529,249.57529616717454,94.6921236335397,83.7523610654057,91.28474476359703,100.1600974943176,80.51452481289724,71.04645610600616,21.554586273114978
686,1721.4774313914813,1616.9738543241465,0.5338742807874022,0.25924206001512506,0.3522633396604968,49,0.0,0.01605051459224644,2.1822463095906235,-0.8472594193188593,1721.4774313914813,1616.9738543241465,1120.7855361111913,53.590170035933355,0.0,355.28437507203427,15.558037279283928,93.6103026489337,69.06714898388768,81.49640396814513,80.78652651258591,84.64702385095251,77.61424248950256,90.07421879874254,74.4376207494164,93.49510547794802,80.96361345145789,86.88187298836888,89.8482359128084,96.25102021843206,21.612200060009606
687,2302.1261018867667,1619.036355797971,0.460527046893343,0.6627751390235292,0.09303025742557386,49,0.0,0.010206417456966281,1.2913655668309696,-0.2776230053242493,2302.1261018867667,1619.036355797971,1002.891559628977,0.0,0.0,355.0332377634698,15.558695171234296,75.15158966263084,75.05998683366101,74.77244811577464,74.05784032216356,84.00061549885595,80.96149981203587,80.04958180113425,74.96965606174297,73.53464876474997,59.23800617155642,70.2737432918131,85.46325645247869,76.66288467573173,18.695802164648075
688,2059.452490977566,1621.8761909274026,0.5177008170597246,-0.05419049446446383,-0.1854583086761924,49,0.0,0.010610124250840463,1.4246965319047624,-0.3843059177829491,2059.452490977566,1621.8761909274026,913.0142672940024,0.0,0.0,355.13819482916284,15.559997232092387,57.80113537206346,78.13102145265691,62.857151605789916,56.419509657707806,63.59680375111722,59.72454243410028,66.98449967109305,56.30921761444428,92.27966609183866,71.29877750342763,73.07124989920078,69.48295051458769,85.35912746697159,19.698614259002987
689,1869.663586470235,1623.5959231070458,0.8185476979893747,0.6480089209968394,0.13184433478628188,49,0.0,0.012527786219053821,1.0876319117773543,-0.09120485391216995,1869.663586470235,1623.5959231070458,1132.1426767963087,0.0,0.0,355.22028102336435,15.560772082525144,80.97235076211066,93.15100300829863,100.32923086735502,84.43086105944212,96.34874933419805,81.46280119720448,93.83312445301613,68.81676269334179,84.20293026192988,70.61480644066644,81.387407345271,80.54813526514182,88.3538120475184,27.69070206081416
690,1201.1409003227516,1624.6824028590534,0.6689817218682451,0.9018482919758366,0.04255514600570279,49,0.0,0.03366830401381881,3.6514037746875494,-1.406149650453491,1201.1409003227516,1624.6824028590534,1658.7712424775873,0.0,0.0,355.50943022986763,15.561188059919726,118.71947524263426,111.7961333802411,124.15305248219299,126.5671235165581,138.3493385998661,120.70652103560604,131.95638863101044,102.95446696624262,115.98710846305747,144.30459371942078,117.63373440925865,137.22999051794307,130.7936267827547,37.61968873080086
691,3080.0606612973825,1625.4156497980994,0.3480225136747957,-0.6995723289476262,0.25071930851464236,49,0.0,0.008996859987857339,1.1901794650271882,-0.1890311320410749,3080.0606612973825,1625.4156497980994,967.2092360505046,0.0,906.8978475519234,354.69678403100124,15.560637342084506,83.97036135550324,73.56684831896334,95.83991139897847,80.76871384587216,75.74944595858113,90.21651182850556,93.16941662197027,76.26378245852462,83.19862791627455,57.87848912985201,59.36848222788016,45.92345691312561,51.1932950971782,0.1018929792951895
692,1336.4082885660393,1625.9633139906805,0.38101365901476786,-0.6763307972901328,-0.5187907731461133,49,0.0,0.04591814680014225,5.607117646230543,-1.8718491709546057,1336.4082885660393,1625.9633139906805,3177.9407482041856,0.0,0.0,355.45092490275727,15.561759634442632,220.357109470237,214.9389015333241,230.921239352542,232.77899522108598,256.11166841258296,257.18540786802765,241.114257938016,224.64990501423836,262.45446686962424,231.76169240474437,259.44310324271487,239.75837461997412,254.18175156418746,52.28387469288637
693,2293.8208549046285,1627.2722906775764,0.6321857660160459,-0.023274383922870602,0.14449185632682,49,0.0,0.04706796041384155,6.670633332393751,-2.060417673137019,2293.8208549046285,1627.2722906775764,1479.729539316246,0.0,0.0,355.0368248188673,15.56213165061768,102.67009467274252,120.5066750788053,122.31782737122344,110.90261348971654,93.91331946279394,106.87027585020795,101.41775681486403,109.38050610155611,105.39280413715494,111.3613113931534,114.00891232953109,132.59951238418054,109.68024238586669,38.70768784444947
694,473.59534432314877,1628.6601232631465,0.577513363987789,0.1410075180167117,0.24611519697383477,49,0.0,0.027251573743612263,3.4802266938417876,-1.354018834491479,473.59534432314877,1628.6601232631465,1392.6429017891587,0.0,0.0,355.8241017003706,15.562376918009244,103.69270593881936,88.29649289482046,100.9752815140383,95.22566186630304,98.18586929619424,107.11853740502835,105.55271448345721,101.30541589321044,102.10089192638063,112.0954881621083,117.6429545006414,94.80918043771264,120.28333031946798,45.35837715097631
695,1368.4502326700076,1628.2687573035796,0.21536824383677508,0.5183856362490965,0.35352975419657007,49,0.0,0.011034283509809537,2.416740186333241,-0.9580749093178187,1368.4502326700076,1628.2687573035796,1128.936821427119,0.0,0.0,355.4370665679251,15.562726941661463,82.64599204555032,97.94941778999231,80.79714596158507,68.74472727029172,92.71283262151425,80.36064781873225,90.55773329891012,91.71828951298235,77.98885815610087,95.63398959556027,82.25527497056339,70.82911327708848,87.6230911106539,29.119707997593665
696,857.7429185273718,1628.6587151250656,0.7434254646400368,0.31901656055777555,0.022891872015594682,49,0.0,0.012560303706835524,1.3439397939191717,-0.3209495338586065,857.7429185273718,1628.6587151250656,940.2867069777542,0.0,0.0,355.6579568335854,15.5626793647207,61.260222213116066,64.8962989442201,92.1557584852714,72.59732232568385,71.92164720659991,67.963609701902,54.21923931695643,71.64587998936906,67.79444920743626,78.88393365353838,75.20876500867269,71.14518589579325,69.2112682605829,21.383126768611838
697,370.5892849254893,1630.2101567683676,0.5430183431480182,-0.11463447710315289,-0.10068029312837305,49,0.0,0.8160042778666202,114.1746489914778,-5.14392421281061,370.5892849254893,1630.2101567683676,22477.902001344224,0.0,0.0,355.8686524908754,15.562920313672624,1514.4753577780052,1603.8234592305707,1687.0196532497391,1720.9096593641036,1716.8301384307292,1799.4467123129646,1698.1327070932916,1616.9134348234497,1753.1188195131574,1700.6675241875828,1684.835301368671,1730.1285125145207,1732.9890904326526,518.6116310447914
698,2398.455550670941,1630.740699165841,0.5572089341986576,0.0066713034935847884,0.12163341487907693,49,0.0,0.500962643778327,78.01472172706197,-4.7304414093397265,2398.455550670941,1630.740699165841,10112.94416997814,0.0,0.0,354.991566884879,15.563510959253579,728.74238020908,726.7886979748391,776.6280026846475,784.912338840521,760.4055603846239,795.1869967758732,791.8080388280182,801.6989313566777,779.3599357271049,732.0257671759886,772.9354642780377,761.1946645876374,708.9485489059048,192.30884224918498
699,1885.0412732393388,1632.8542540992491,0.5904453659213693,0.380178505620717,0.8426144521781944,49,0.0,0.0108431518402216,1.0129533275125018,-0.013973588546955674,1885.0412732393388,1632.8542540992491,1106.2324493324945,0.0,0.0,355.2136275874943,15.564626119133644,88.89775708534606,92.78349492835892,89.94936225598724,70.91602663613973,86.6216118605179,74.04774165272163,65.31408510174046,107.8522811814914,76.51393744335434,74.45723385902237,92.38817905257929,78.73891632186677,83.83051961861604,23.92130233475258
700,1341.5055337966458,1635.2679052198703,0.8010599054830669,-0.007889460694440879,0.009976069652645001,49,0.0,0.027306081730500812,2.7956760474349105,-1.116217113890774,1341.5055337966458,1635.2679052198703,1728.5170872672873,0.0,0.0,355.44872234920706,15.565637664812849,112.40541488243329,105.91941453272746,135.42855205160632,137.17583775366177,123.38409301074766,152.54046419986435,144.60695131782862,125.63129017455529,144.6276174111723,118.12077850682867,131.5479653192728,129.9328457289371,136.63479481572227,30.56106756192923
701,1477.7218819547659,1635.091408331319,0.5586817306130084,0.03308098246127789,0.1892691898070744,49,0.0,0.017015055863210747,2.347918649081909,-0.9267076133949892,1477.7218819547659,1635.091408331319,1089.262780246767,0.0,0.0,355.3898047552021,15.5655860714624,78.82387920976274,71.92604915312248,77.69168147472465,78.38575310291134,89.7272448978179,79.2188703065698,83.01243760233103,66.06359463100986,92.68087336646252,89.74453250070582,91.40624356070829,72.81136447757862,91.21821752960687,26.552038433455127
702,2423.482899033495,1635.3463226132958,0.7433519348875519,0.3772720324746467,0.6641484901969767,49,0.0,0.012356983651900433,1.1974777507580054,-0.19566863232967258,2423.482899033495,1635.3463226132958,981.2928983294379,0.0,0.0,354.9807389840362,15.56541281419641,92.24341232301605,75.55109847046717,65.11220258952706,71.88950585079809,77.98769788814457,67.45417234631066,72.58157456837046,69.04862208140446,81.86974582682831,65.40936408478979,76.38425814163962,69.21704268767242,80.7315637122927,15.812637758176411
703,2327.8379561345437,1639.1149157514226,0.9325316013134548,0.2765919097323819,0.29426306361970533,49,0.0,0.02975995605524646,2.782614405892459,-1.1111325729718269,2327.8379561345437,1639.1149157514226,1257.469147431409,0.0,0.0,355.0221045118969,15.567045613236386,76.6271203616834,80.62935995729322,108.10071741019175,103.61051180878923,92.62271900408585,94.66114217217341,105.11543146491886,102.76257516319644,78.90668608798046,89.44162210897392,94.41082330918293,104.74029356163399,100.27153396333378,25.568611057971715
704,117.57403375337925,1640.4545296652766,0.26977063043104177,0.3080655537275267,-0.2745364149064844,49,0.0,0.0046327230025798635,1.1902729525041025,-0.1891164122488892,117.57403375337925,1640.4545296652766,813.5574832705497,0.0,213.66308172097445,355.97808993252045,15.566898943543357,12.318752872275132,19.70609540348318,86.73373799041882,32.80450377672841,0.8406692568128079,10.211162013324556,44.72785878119493,37.17293112351067,24.89939189756832,56.79476538867049,341.6004194307997,55.4257485936587,70.07347465560434,20.247972086499573
705,1828.3699788516608,1643.154539266409,0.527191984331525,0.014140563823642741,0.121102060270143,49,0.0,0.021771062144992165,3.2771573534095593,-1.288743236563072,1828.3699788516608,1643.154539266409,1203.5629241764827,0.0,0.0,355.23813737489195,15.56893015235585,97.60542121234988,100.67259352005775,81.00702829748104,79.52545101352166,79.7127777489954,103.01833427026953,85.58773610124122,97.44623903473749,93.95493585586212,86.41349137909151,80.85597323252449,94.32425623744074,98.78524299064057,24.65344328226943
706,180.31641402771464,1647.3205340296959,0.9727615348203321,-0.3076010563712735,-0.2916817662519683,49,0.0,0.02522494089609975,2.0463005787688067,-0.7774235677130639,180.31641402771464,1647.3205340296959,1486.6961570114604,0.0,1228.3694785153457,355.9509634590883,15.569836483802453,94.78732368639014,121.47100652056307,104.72769566588151,112.61764435182621,116.3726323338712,131.0926937765442,106.62694624218396,110.59263219560202,113.53102660934897,106.99948837537286,102.09740849186,121.37433652728038,107.3155045292599,37.089817705476044
707,2586.771244912044,1648.3975403442246,0.5477363021672143,0.9627457142626425,-0.0808029033637977,49,0.0,0.009821022351483612,1.028414286183655,-0.030420252501042334,2586.771244912044,1648.3975403442246,1051.6361565510374,8.431321250968226,0.0,354.9101038447991,15.570725998398903,85.61905433523725,104.6744657378824,76.14910281652386,67.54356549117499,73.95712578767684,63.74830297835937,80.80880008009363,72.25952340868446,80.39152607182785,75.13829272726525,79.32848258244326,87.24706295454456,80.66568862979037,24.105162949533195
708,1344.1835048159244,1649.3888967749342,0.595689724114003,0.27023388883850374,0.23994078810708963,49,0.0,0.02291620450845649,2.9318273230584557,-1.167845969790345,1344.1835048159244,1649.3888967749342,1338.882850792307,0.0,0.0,355.4475672184231,15.571521982123246,95.12290510390821,106.20168201913248,117.26949781974876,110.82564456243409,115.02485734325364,121.90341144812714,82.1968340585705,89.99809943590833,89.66075337102444,84.98037916211591,98.71353472853944,97.3922091571967,103.55021231764238,26.04283026470483
709,1741.9297845132778,1649.7460053484258,0.6795996725377902,-0.038023783565361575,0.27245182188033,49,0.0,0.012634683143171361,1.297380203371513,-0.28266816694353825,1741.9297845132778,1649.7460053484258,1052.577443314044,0.0,0.0,355.27552508772624,15.571690069788932,65.84766156588745,87.77904762430764,91.82475323005721,73.64622555874598,86.56045704685863,75.72416951413018,71.11994902623665,99.41313226342248,76.27353387591694,67.97259771428489,75.69379830881003,78.7123783612532,78.69432408716884,23.315415136964102
710,240.3983716961042,1651.0475388906748,0.601159582895693,-0.06969842245977242,-0.2920120003987392,49,0.0,0.15345078068551596,18.26259996154145,-3.153906515220639,240.3983716961042,1651.0475388906748,5495.9252450613185,0.0,93.56886940020593,355.9249828555295,15.571459831095895,426.11443552186597,368.14245418283815,412.15751518913726,429.6332916258699,423.7618558552613,446.0724396728001,412.96667918943336,388.7795355602965,416.5373628915737,399.9732141231089,423.9858514399224,434.1409981814846,403.4287482637777,110.23086336394836
711,1117.941587336509,1653.5125254485415,0.5545912304685516,-0.08341753799458843,0.25602453791860436,49,0.0,0.03654283973342266,5.305645200112312,-1.8118455110318268,1117.941587336509,1653.5125254485415,1492.9919240241811,0.0,0.0,355.5454274643932,15.573169573677104,107.14277761655106,118.6335200309455,108.18884714750267,112.134449563504,106.757228248085,126.2495726945757,113.4928431123539,116.22810838140391,127.34853035042751,97.68703854476338,97.22286580786854,109.6487241589814,120.50636541323027,31.751052953988232
712,1748.6303021381866,1657.582371584546,0.32726374669540065,-0.3046406053508604,0.048401572241096355,49,0.0,0.00834750223058568,1.202985934144826,-0.20065137350547596,1748.6303021381866,1657.582371584546,1068.8547423039658,0.0,0.0,355.2726258128973,15.574954400703316,94.79873298286665,73.6394996967692,92.95430503062138,63.07905550546937,82.935433002071,76.691291388126,80.45506343241954,73.26241510775088,95.64269457665472,74.90417876182676,86.2120295718627,88.18332528511654,66.65493528894248,19.44178267346882
713,2591.243649073598,1660.131605872388,0.5533527540842603,-0.07225947683547126,0.003738084125477369,49,0.0,0.011410192697423232,1.1670404567992363,-0.16771477905968785,2591.243649073598,1660.131605872388,1206.5713504637085,1.7837822721562322,0.0,354.908159273538,15.575611322228506,89.2477504383937,102.90235986851968,105.02975752754111,85.54015077539177,91.00768334158666,92.55090274300764,103.59456848561817,81.6579312606074,75.84357943909423,95.61368411824205,93.40267083062335,76.12654817620952,86.74929506326558,27.304468395607728
714,3040.1506603854195,1659.6742627321114,0.8260879164553773,0.21952776132374344,0.060387266116446,49,0.0,0.01877015582569592,1.6939419547161902,-0.5722463113586793,3040.1506603854195,1659.6742627321114,1218.5637955985237,0.0,1143.771576699101,354.7140007060353,15.57496006655857,89.3081643262419,82.85377466172886,85.37171684791412,88.2737895194202,97.6035368350633,71.28630645108234,91.1321333203689,96.7414901925089,104.29795928299608,104.01903188193947,100.50514613154508,98.44771433189501,78.20832706551076,30.514704750308837
715,978.0328859286554,1665.1992967758445,0.9364674288364861,0.4357441411593375,0.07658127533625517,49,0.0,0.012880273753235395,1.0510491067332999,-0.054057518626927085,978.0328859286554,1665.1992967758445,1056.8210794266429,0.0,0.0,355.6059497665424,15.577973728423467,71.51883294113078,78.06681606079319,79.40481616431441,73.51077994010214,81.78703947601797,78.7175697745223,71.98822354815277,89.48417100516585,89.02462444691847,64.94503819935397,67.08691063882154,97.52784469778814,82.59765905692251,31.160753476638853
716,247.66741449928418,1669.7705447631179,0.565195658512402,-0.05889823534325708,-0.31873694767339933,49,0.0,0.04038848931675443,4.267713202142562,-1.5754880659438957,247.66741449928418,1669.7705447631179,2242.382253710751,0.0,0.0,355.9218611762784,15.57926900034792,144.7488108629612,148.28925523980638,183.66352087306308,174.15538308181155,155.51951353195454,166.72565577738814,177.81641800479036,192.8615928717918,168.4578525529336,157.50396956357218,173.77518491969477,171.5375045836567,179.24436533234467,48.083226514981725
717,520.4592854465952,1669.4832822557398,0.5541865768217009,0.31222343413671627,0.10135825907494884,49,0.0,0.010475671238304765,1.2320355820463198,-0.22655812684216398,520.4592854465952,1669.4832822557398,1032.9714825354736,0.0,0.0,355.8038718984804,15.579429636472822,71.32659927233925,71.20116760029406,62.477037537880975,80.97883280353781,72.23191810384881,81.28683238796333,67.86367058400847,79.3051123592338,81.904233730985,75.3088272019204,88.0902052749177,96.68670330550822,86.1854975020212,18.12484487101453
718,1031.557116879932,1671.8733591175417,0.7496484802893928,-0.31723440983969636,0.4400215773395827,49,0.0,0.015431648442296615,1.5998682625783762,-0.5102105579042878,1031.557116879932,1671.8733591175417,1148.661012728599,0.0,0.0,355.5828013035185,15.58078149578148,67.53188987389748,80.4509460156504,85.7829439224605,87.18816502265139,102.21133728220656,88.38707679417584,91.52874387866248,89.2077844804186,85.8196060098779,78.79717707190444,70.79179534231403,101.07373510092653,82.60381235640435,37.28599957704846
719,510.4045706686796,1674.3352982003616,0.5665467749667132,0.1640641348953385,0.018409964002410666,49,0.0,0.10798778897626997,15.655395065961883,-2.986660078924551,510.4045706686796,1674.3352982003616,2955.867933854618,0.0,0.0,355.8082255074532,15.581442024100472,193.09336642694592,212.66358705639124,213.5876605896829,228.990508218198,203.11825728831582,218.46557904969046,232.72343198706926,219.26422037077066,232.00698596988263,231.48914581644235,243.95318109333743,231.92241988926645,232.63967570362257,61.949914395002764
720,1965.385661492387,1678.6414899951071,0.6769008350160571,0.31156730178646824,0.41762934086823444,49,0.0,0.013132047187442243,1.42958774485236,-0.3880270413051618,1965.385661492387,1678.6414899951071,1010.3068134057312,0.0,0.0,355.17886195556423,15.583682039602921,71.14375229210643,66.38380865574092,87.12216727123723,59.37864563850937,81.35422944947672,88.41370357625794,77.75832148156749,71.3443933648214,81.40595403196926,74.28411232053472,80.63361019238138,93.50279611821155,62.930286221855766,14.651032791061086
721,2781.8850747113497,1680.1819448118065,0.33435398192830285,0.07894706708199861,0.4284767582485169,49,0.0,0.024027809923727148,3.974448969900556,-1.4981923130346293,2781.8850747113497,1680.1819448118065,1538.9045430724514,0.0,0.0,354.825681744931,15.583790429217714,93.63168609929073,120.3953955958554,107.83626787314657,102.62647547958564,121.79899127444153,128.24647719067167,106.74035201856387,104.36736361555396,113.51973990127289,114.25128557046088,129.54580823818935,122.0119475863618,123.778016998611,50.154735630445956
722,1719.9222981456483,1690.3132785872285,0.5917888639741974,0.40687375564896133,0.14281924052645267,49,0.0,0.011746802656215641,1.2494709932190784,-0.24181544581179878,1719.9222981456483,1690.3132785872285,1020.242126496192,0.0,0.0,355.2850400212581,15.588595512717557,73.50588227748435,79.51800712585874,83.66257974878556,76.5037469815006,80.93899401205479,73.6458281032597,76.63516977746072,76.51897835970165,66.82006804413012,78.89077426017445,98.56100047839455,74.90960363424465,66.9877150688479,13.143778624294242
723,1929.133015015843,1692.541152956058,0.5439992362974919,0.3001532631970519,0.31566832155462027,49,0.0,0.08063508465601328,12.409432754690679,-2.7343798249921707,1929.133015015843,1692.541152956058,2349.847101447188,0.0,0.0,355.1945395943722,15.589484169240869,179.34634181531183,184.89204379164073,191.83524115083287,167.7671643770969,151.00962649024476,178.4932340747177,182.33081718294,165.93551142765676,177.21216433261287,175.26373360781207,188.30383318970593,195.52928339113987,173.98648045832886,37.94162615714663
724,1583.2609107228363,1694.5548925203077,0.39223454557550536,0.47255344568731217,0.020203308140205035,49,0.0,0.008495382084244886,1.091219864700569,-0.09478065833626188,1583.2609107228363,1694.5548925203077,1007.292381516419,1006.8376260970787,0.0,355.34415685278094,15.590368753596815,61.30873086888373,56.83020816953335,65.57006481144029,72.11742321487732,94.81853414854247,99.82079842189478,84.2116527188092,74.50954272616237,82.14217183921389,73.38822754304715,68.80507169952818,73.96268812283643,72.40595824603145,27.401308985618392
725,3011.543808799109,1695.5478026534101,0.8482061445601818,0.33089060131327463,0.6112074010922646,49,0.0,0.02034197029075324,1.9067352997382325,-0.7007260170380357,3011.543808799109,1695.5478026534101,1238.2254157675388,0.0,633.4888660455405,354.72632890118877,15.589940956379763,85.33099079137595,95.20413683406233,100.06486500629688,98.74815519326148,76.82495408150714,99.54785406233307,104.70681795706625,85.26977691506669,93.90602304739318,84.4870474830195,87.11080917142561,101.05016814182108,95.34331657938168,30.63050050352785
726,2183.943220612638,1697.740552353316,0.38727629854701445,-0.20584481568034657,0.08530398586000723,49,0.0,0.01117324394631661,1.6498998005188734,-0.5436439250755294,2183.943220612638,1697.740552353316,1080.5858516056028,0.0,0.0,355.0843123586641,15.591552325180963,83.76219492938074,74.42783511154737,81.2481729763679,70.62232423132194,75.55462460348915,76.38552289516494,93.27316755563044,94.65975901381375,65.76055213144483,63.747067579094775,97.54233959850878,76.8945136492364,91.27390670177098,35.43387062883087
727,983.6256450875293,1699.2086415737795,0.5248942968170761,0.2745527812600276,-0.3284454329913454,49,0.0,0.01956652979162019,1.7046525326542001,-0.5790896701548292,983.6256450875293,1699.2086415737795,1688.4021340573609,0.0,0.0,355.6035490034562,15.59214705764688,133.24903035622083,111.57650516610884,143.02590734474416,99.79547833189199,143.03410364385303,104.11959033831812,103.62222019585131,127.92664143505664,130.33837417712775,139.517978491636,147.5172328440052,139.72886750221778,126.59258217951368,38.35762205081565
728,381.0881341379626,1701.306069387895,0.5098088589517521,0.12739281265296062,0.18439006236504954,49,0.0,0.010476188442426928,1.0606868272047314,-0.0639679383264587,381.0881341379626,1701.306069387895,1117.9255390464912,0.0,0.0,355.8641877504654,15.59255319799645,74.4569038681489,89.00737440002482,80.28479226726063,76.14428374044266,92.30710591212352,90.218915220192,76.8604668612964,78.18954964996635,90.68052984456155,85.43562540228689,91.06575974499205,81.84235655742624,88.60165328721763,22.830222290551617
729,1895.5221941595871,1703.7437446841304,0.24751059658412872,0.3843243419830338,0.2617503468664101,49,0.0,0.0058561248405622586,1.0188055320085017,-0.02022823618007101,1895.5221941595871,1703.7437446841304,973.7782647155934,0.0,0.0,355.20907600469286,15.594160762432685,86.16733041707315,74.20364811544665,66.66157017033774,70.38066887836175,70.3673878746626,58.23889262477179,61.27744023207961,97.79619054592516,76.46421042817805,71.39471152816883,63.206883743606724,91.50930147122216,65.55447338229695,20.555555303462256
730,2156.0820331994123,1705.8716962789258,0.41082390864757806,-0.0011724481373733664,0.18332942915605113,49,0.0,0.008053501579730215,1.0082469466209332,-0.008917288656274718,2156.0820331994123,1705.8716962789258,996.5150331830303,0.0,0.0,355.0963605127461,15.594953686283379,69.82558337027734,69.18630005154029,79.1577950820502,78.80796223364186,83.92173243973906,77.15592196288537,83.10581185019672,67.36410744942002,63.19443496190996,79.03344425644829,64.64291773709948,68.54718398069015,83.8019160330913,28.76992177404014
731,569.8757161361033,1706.6713668211892,0.5617200581239998,-0.21016353764226153,0.0038152342416446893,49,0.0,0.009722627164068496,1.099800188838169,-0.10328447478801801,569.8757161361033,1706.6713668211892,1002.5022269408403,0.0,0.0,355.7825312265176,15.594968253070459,58.875482885499814,89.03096457918738,91.99220820301295,73.79473248054155,76.09165538091824,72.34547016257135,82.80496365428561,76.87422085860359,79.22741684340838,70.28498857641424,83.67803953294145,56.65425986126385,72.555724013108,18.292099909083824
732,906.4475995830401,1708.9478018070515,0.7213688386786323,-0.09290433570687899,0.20167915366128045,49,0.0,0.010322651900605266,1.0285502085588674,-0.030563741457119934,906.4475995830401,1708.9478018070515,966.7752138570277,6.491681827283111,0.0,355.6369402699156,15.596162209097876,86.53473046192295,78.94216173282265,75.14966735621147,65.93018926269079,72.73240081971151,65.67304027943611,81.5908917827397,53.085957514438974,69.53459281540592,72.62435518919042,70.86524954940269,81.75829329678544,69.68376373311148,22.669920063157434
733,1699.266158962461,1710.42879703661,0.5845386344376734,0.29413777301393595,0.20471114066540272,49,0.0,0.06566041062084721,9.63553155038139,-2.459689194476576,1699.266158962461,1710.42879703661,2090.192305336163,0.0,0.0,355.2939736777799,15.596978876971614,134.4934649690687,199.89162118245503,159.48137297471663,132.58308097546546,144.39415658635966,142.149881692564,162.34791452735598,158.1127753044306,144.73683795430236,164.31693863954007,148.31185339011492,162.8717176651408,197.25313986994018,39.24754960470854
734,2637.4369117708316,1710.9369984467992,0.5404117237595375,0.3916225573052715,0.5381491341056467,49,0.0,0.022920728361791803,2.6019295141608474,-1.0382388185485225,2637.4369117708316,1710.9369984467992,1441.9351556796014,0.0,0.0,354.8881333271087,15.596740025234197,102.23526246941267,114.47921526659997,111.02369189138008,105.37600352527657,106.15370167241332,111.03268246075541,121.70005680432843,88.99708486239695,97.4659406979273,125.05315780107469,109.2704546484445,98.52037166972156,120.27430887372263,30.353223036147206
735,887.836887991662,1712.8139948195117,0.5187567383434365,0.39060797421099497,0.17271769675420875,49,0.0,0.014262419133299445,1.8837579009594965,-0.6875627171699126,887.836887991662,1712.8139948195117,1000.9823777838698,0.0,0.0,355.6449933533679,15.597762027342092,71.03201343022447,86.55616196465947,70.37340439414317,75.5224749125227,84.14993237319732,66.44587956579778,70.86624842706361,68.97055461846452,66.97274298535484,74.6663210392708,82.02096355534239,74.6011607089898,76.75742889556534,32.047090913273706
736,284.466561074653,1715.6127584850105,0.31729067594517224,-0.38184667017726753,-0.5615705018737863,49,0.0,0.014309896264308876,1.8499048409765433,-0.6678734722214495,284.466561074653,1715.6127584850105,1525.6606710408319,0.0,0.0,355.9059977528367,15.598410454031727,90.24332513326954,125.16578926392062,110.47281350017518,116.21601323327832,122.97510541656827,125.92323169838531,128.01868311413097,114.7476502951564,118.439255378132,97.72231787339325,123.53683352772558,118.60751151276236,98.57381551286718,35.01832558106675
737,2508.546247631291,1717.2943657350693,0.6733825412425443,0.8074415298192171,-0.06916432693595137,49,0.0,0.011479810139639439,1.104509959245502,-0.1079240905273833,2508.546247631291,1717.2943657350693,1067.4635141203075,0.0,0.0,354.94388292307224,15.599494879757893,81.0692465177929,103.20173147297476,84.30965351269128,85.6119474036531,86.55129788956835,76.19672342144706,77.51492152170557,77.35902132818617,74.16458301074985,83.5858720822103,69.0129927633717,63.777045671667736,85.94913417965415,19.15934334463462
738,435.7806126406466,1718.9638618504757,0.9510229035723674,-0.12126898042041699,-0.06799982834759809,49,0.0,0.0133151365236309,1.1987768962303438,-0.19684591072497076,435.7806126406466,1718.9638618504757,926.2444928183118,0.0,0.0,355.84054835679615,15.599965448402054,63.74784900028834,82.91024455330876,60.21810553592623,75.3159491221522,81.43909308473805,65.9623933999739,64.28673247830443,65.21569578603163,74.76158811179525,72.64206892566636,60.10308804810137,67.34487366763085,76.30819978842695,15.988611315967397
739,208.98051189820202,1719.7283373541782,0.2440058741270717,-0.35434045420989735,-0.14848987980885972,49,0.0,0.02342374357274167,2.7284998806885925,-1.0898098478210136,208.98051189820202,1719.7283373541782,2204.730350002098,0.0,989.404761537806,355.93865467115376,15.600038745349282,138.6157443151401,171.7107397606151,168.62000852767233,164.43533836554192,175.32939235358944,192.46128885265802,147.9246496004808,145.65073750785547,170.90615938550235,161.5985489404731,169.17082656825568,172.9345976881094,161.58845580108613,63.78386233511837
740,2330.014575734672,1721.0385253580735,0.6267950659065745,0.1462075925873102,0.158802658212276,49,0.0,0.2615406880442519,38.12840499960811,-3.953121595248348,2330.014575734672,1721.0385253580735,4993.786110331706,0.0,0.0,355.0211107534087,15.601178582222628,381.9070753542484,383.9486661711526,374.88307770596856,337.30060051057194,364.34107998021557,401.4078328172277,380.89922945367175,346.82048298492225,423.8732519170079,333.3303623816056,352.2493419814464,423.5879039695011,387.05470430176877,102.1825008023978
741,1333.393165210892,1724.9234914553847,0.46211050281658783,-0.13347992546801404,0.13718769512506032,49,0.0,0.010399015262792459,1.3683083556927387,-0.34045994756332487,1333.393165210892,1724.9234914553847,993.3983845630762,0.0,0.0,355.4522521482913,15.602992268123907,62.16160648269681,80.08355724601385,79.41119089512465,78.10030414520695,71.47294983038103,67.63669257178128,77.34927390927069,66.4177920509141,76.58189653544393,76.48113154774367,70.34740115530212,92.46036407726352,74.42681523522788,20.46740888070572
742,369.883776315768,1728.1980101010815,0.7415217094437478,0.26553611859408793,-0.48621141298189,49,0.0,0.022226623398388882,2.2160462080464898,-0.8639470296833822,369.883776315768,1728.1980101010815,1347.1317171202304,0.0,0.0,355.8690631852765,15.60374607686948,92.62763615948185,96.05889119333057,113.24620108364223,110.28575434465208,104.5775596316218,92.37553110135536,126.06494020019181,96.574012326931,99.98498695988526,96.56153861563891,94.19669637859505,101.03592327500992,93.35762375543558,30.18442209445896
743,624.2946233818319,1728.3811486030527,0.43905714307147486,-0.11997066116143025,-0.08741237872164097,49,0.0,0.01138555521217041,1.4463092589754598,-0.40065291618958687,624.2946233818319,1728.3811486030527,1086.69783903598,0.0,0.0,355.7590099054355,15.604059921667007,104.2023688703151,84.82668852675036,78.48544215040997,73.64594301893041,72.04505938827194,63.544083840551544,72.97241134886146,68.88282054200765,103.5145969317078,87.50990817280402,82.60502404146709,79.6816827267294,91.54699197028384,23.23481750688937
744,2361.8350952517517,1729.879639184033,0.9867131758510752,0.02494879812363782,0.23462518246889377,49,0.0,0.03064146244316114,2.903814939004162,-1.157422337981395,2361.8350952517517,1729.879639184033,1155.3017392109791,0.0,0.0,355.0073395656671,15.60484224748479,85.17612437121136,91.50002095099728,88.74794159933955,97.95865516203295,72.95410652006568,94.76830324417189,85.2338603708825,86.7370464398945,82.74536508078565,73.187664174772,91.71365127560064,82.8234909506518,98.77430872580672,22.98120034476664
745,2068.041385366623,1731.9237042631698,0.7373965476503802,-0.012491861231189904,-0.09409322554184907,49,0.0,0.016372708496798876,1.853382724914946,-0.6699127767857394,2068.041385366623,1731.9237042631698,1165.7710109810555,0.0,0.0,355.1344349700937,15.605846703481676,80.92223113814359,84.28243857565846,86.43867011415429,102.71556083560716,97.04299568758466,85.90956766243664,91.38669789669453,69.32339869996844,73.8805680323446,97.55310097765815,96.68063737483683,89.69827004015106,96.63115350141787,13.30572044439902
746,139.16488996700573,1734.2833760555966,0.3275515885478761,-0.15987780457808767,0.23724578915445765,49,0.0,0.006050969588373585,1.0158030862373497,-0.017023819946289438,139.16488996700573,1734.2833760555966,2405.186814547961,36.85343178353393,636.9930662833062,355.9688723288176,15.606018727840924,88.18510800455823,66.67804943177636,370.2225468649266,70.17768703262992,57.38190333438943,40.22361792277352,50.357082829404526,51.55436447136279,964.4525240968244,51.96798610844648,130.7552095807617,191.81971639918734,245.264455706578,26.1465627643421
747,2042.1430503612912,1736.709708839821,0.6453810319977168,0.2844588499133335,0.17429543787541968,49,0.0,0.1640778025140796,23.165893511296613,-3.412122639131448,2042.1430503612912,1736.709708839821,3418.009375215821,0.0,0.0,355.14563699424133,15.607850823183226,250.88926207144448,237.8235528860055,271.0693369805715,257.18454132072634,266.66962797227336,272.9831393925966,259.48119299486973,234.65065250704185,265.254313241545,245.2651152512841,249.8698695727444,256.4704405215436,275.94415683998153,74.45417366319253
748,2406.8036282817875,1738.425544860615,0.7940339024668511,-0.3293464827308415,0.39444188293744853,49,0.0,0.014033513123710227,1.4041272580343636,-0.36851617574789614,2406.8036282817875,1738.425544860615,937.5579456647472,0.0,0.0,354.987880233258,15.608373143825148,63.313256262573326,73.68872508679132,69.08648251587285,65.88709952444215,66.05558181974456,69.0072963761694,65.5097500821531,61.43696835915655,74.3171338713552,90.1608411334145,62.29948995999332,75.07651841362929,86.43670991690847,15.282092342543107
749,1200.143069005518,1739.0768160379375,0.5540721323902884,0.09438472988890248,-0.17941518287973166,49,0.0,0.014208192414936826,1.8355906772433512,-0.659439608239641,1200.143069005518,1739.0768160379375,1049.0199479774235,0.0,0.0,355.5099019082199,15.608851824968125,72.73611977525007,64.57760511427895,85.77278837112154,64.14892541679208,82.86187533161359,76.27672310226396,89.4283020768369,72.78559318005064,81.91309357498423,99.80182567002618,87.36524651746609,67.28001487378572,83.47119746282566,20.600637510127875
750,1578.3107609745928,1739.207749279716,0.2819727223222066,0.13640217193772827,-0.5711963423483885,49,0.0,0.01546499591559976,1.704058327596579,-0.5787111399848652,1578.3107609745928,1739.207749279716,1755.5961580671901,0.0,0.0,355.34629906724234,15.608974014320935,111.2369854085553,146.61769081433027,148.99564440607298,119.74913742074345,143.09286464554165,155.70901497801754,152.36706672804814,119.15458320016532,131.76139317232915,115.2909445216334,130.9259433387196,128.55236872289998,119.58259803427839,32.55992267585517
751,2588.073287789773,1738.6338394635463,0.5641826010490202,0.2088182183497433,0.07705873829387647,49,0.0,0.01542133839203819,2.143555613271188,-0.8278368887599495,2588.073287789773,1738.6338394635463,949.8679054123725,0.0,0.0,354.9094626629017,15.60832230815408,65.5155871133421,77.22718738113426,61.098008732066795,66.08642289290755,77.4259660365542,62.33738808864593,74.38477541611886,69.22002296280971,88.07224505289658,66.73502325728427,63.21656692949228,85.61211823659886,78.8412890243282,14.095304288192935
752,1261.2582449884871,1740.2152306432918,0.49230083214016873,0.1103695445085268,-0.24662030277668903,49,0.0,0.010076375292114954,1.2703172376918532,-0.2597804783235424,1261.2582449884871,1740.2152306432918,1067.3256519903864,0.0,0.0,355.4834627306038,15.609345293843141,86.40975817279747,73.17142298576195,78.28147105275531,71.6299787680912,88.2438566329805,86.22754680353773,61.1217558290342,86.55261398102573,68.27599221865717,91.90876210688636,84.22153054783931,81.87820285034582,95.97575858556716,13.42700145510667
753,1244.5208192497694,1741.0701079252224,0.68666287790148,0.6963955821691037,-0.1480549131158008,49,0.0,0.010253399068348013,1.092251491185547,-0.09580661574564366,1244.5208192497694,1741.0701079252224,968.8128324967975,0.0,0.0,355.49070392957464,15.60969656578822,72.21323817030954,57.640260092113486,67.89914385449964,70.48091715804374,66.5906477693546,69.45784184681023,67.35355390096362,62.89554272407119,83.32086211092755,80.42737390519383,80.09931731136835,88.04293658225299,74.90643803651051,27.48475903437823
754,2067.1865005854784,1742.0354188102601,0.6993652802554998,0.17902197658301683,0.14619428214904867,49,0.0,0.009822953215562301,1.0010893787375257,-0.0011821341569617048,2067.1865005854784,1742.0354188102601,893.0556078298631,0.0,0.0,355.13480066878543,15.61006022554696,64.63963218325068,63.79736338325032,53.286938285574486,67.22282609152498,76.27395375336336,73.92975520803114,69.76611952711369,61.21649579732957,66.26288012661394,62.487386813849575,78.99797760023499,68.24844493795271,70.85368862452262,16.072145497251043
755,1172.4591752992694,1743.9621601541953,0.7219525517311036,-0.1460061324165613,0.43712715469119445,49,0.0,0.010064864553849506,1.0152697720963235,-0.016453640021572874,1172.4591752992694,1743.9621601541953,1019.4080923652161,0.0,0.0,355.52188026244147,15.61087766561597,82.62362951729664,62.24092879407854,82.12644882714825,69.90609531566547,91.0921691007531,82.39829208129952,62.66167454660877,94.45430313269495,64.27696646725457,71.75131946919922,85.77479352350632,66.17863533456926,82.98151464661271,20.94132160852882
756,2656.222771583472,1743.6796841053629,0.5520392173034063,0.15692345462183757,0.3746871786880629,49,0.0,0.01223882791943248,1.501328865668638,-0.4411895868726601,2656.222771583472,1743.6796841053629,1036.326575127373,0.0,0.0,354.87997686606076,15.610365741242662,48.456168070064024,80.86012187761509,75.33827845337339,84.45039354212302,72.24061700587923,106.02525886513763,81.87079619492002,77.64195919568307,67.8261080584147,88.54054362671008,72.58160660938276,77.4297863614259,74.19806899226874,28.866868274375125
757,2828.2711718423493,1745.480214540779,0.5678063110023978,0.024070307035046777,0.10106565312441189,49,0.0,0.020290662735476347,2.398900928258625,-0.9500307812377851,2828.2711718423493,1745.480214540779,1274.808757331241,0.0,0.0,354.80554798860044,15.610949638173434,89.6123611117138,118.01629474995995,103.85780122220957,87.07670672448741,97.869895865068,94.38078777281218,105.88177163740762,87.92928054917492,80.00445402121343,82.15939566683174,85.07113895795382,114.92011248142853,95.79198911132531,32.23676745965477
758,286.0653625771043,1747.2534596865098,0.7910238254727997,0.08811864328498889,-0.20947964357058113,49,0.0,0.011993306172149061,1.1300025486144538,-0.13269855748719,286.0653625771043,1747.2534596865098,1072.410383355973,0.0,0.0,355.90534259650707,15.611595197243293,66.63016324893181,91.1751057849803,69.97445862407994,88.94824345765984,97.24112025909989,77.90090684743257,91.18361743787668,79.17229577915974,85.34732469939432,91.61973643324123,80.20095998131742,61.5783793757907,61.10004557557251,30.338025851435912
759,2357.933354074527,1747.2001319218332,0.355255157669465,-0.15927927028763395,0.11717133438838054,49,0.0,0.02122473871568307,2.9905046381490985,-1.1893612008036014,2357.933354074527,1747.2001319218332,1452.1745755256484,0.0,0.0,355.0090159659242,15.612061501630272,101.07376267979168,99.1734236771128,106.991702732193,120.57542816381633,92.76239963171102,105.45488391695201,130.12578470599436,108.92274332494628,101.85276284994922,104.85731748083626,116.33832624100113,109.84106623189098,124.12938561518216,30.075588274271297
760,2375.0085858020802,1746.411169740075,0.9125419890348931,-0.5649608660775342,-0.6136633704983703,49,0.0,0.014929843880229976,1.1515795476590376,-0.1532348577396295,2375.0085858020802,1746.411169740075,1273.530958422225,0.0,0.0,355.00162951899534,15.611721699602231,90.37514258339573,108.7383739444477,96.76048895096909,102.98355969278417,73.21210135070834,79.88951905139257,88.62004230615393,110.64703571775456,91.89961996911339,108.56937455603148,97.01047739758815,102.75431890963456,87.20779290895666,34.8631110832947
761,2876.247299248971,1750.8642049430218,0.43281684427056666,0.2395548228165709,0.1255586516229,49,0.0,0.012837634821062344,1.5591590237611357,-0.4822260314291992,2876.247299248971,1750.8642049430218,1201.002780602073,0.0,0.0,354.7847880677551,15.613142020708429,84.11090346424683,105.75438939182793,97.9953657368844,78.0022494664775,75.19220095452852,96.77362414365803,85.7078912998131,81.85366349105242,104.37231778053838,90.912670299066,81.16717600375347,96.10672802942383,98.58776248556228,24.46583805524049
762,1908.4809202017645,1752.125371088622,0.24465610732006554,0.07783306018798988,-0.08641124156016258,49,0.0,0.010900768328416698,2.1573958989518385,-0.8348246220903277,1908.4809202017645,1752.125371088622,1019.8112566269162,0.0,0.0,355.2034571659405,15.614316397308167,66.85325325198662,76.1050352813088,82.11587296756308,74.22289771262459,84.55652618857778,86.20960433281749,69.79085056129242,84.79103635240523,82.01032513896445,67.52330065439378,66.43775436452442,71.01296650561885,76.20948183410664,31.972351480731984
763,2632.0526531882538,1758.8636274695664,0.5017064154344691,0.22135793459641553,0.3716570538241965,49,0.0,0.010644980210881859,1.208921171016847,-0.20599495788282807,2632.0526531882538,1758.8636274695664,977.2310591958293,0.0,0.0,354.89041910344673,15.616713539167582,66.31016579343384,96.34739886231495,65.53878652203956,69.64392816183566,66.03902351991198,68.98789449579527,89.54453940932203,78.32519923591907,64.79066896353984,68.26531178660503,76.15209744042866,66.91344116943071,83.29913606103285,17.0734677742198
764,2780.479977897947,1757.7709209029158,0.5065637401444514,0.23118252827838812,0.13806871266117138,49,0.0,0.16408821906710824,25.906517667276532,-3.5335225985079477,2780.479977897947,1757.7709209029158,4484.484126028677,0.0,0.0,354.82620933235034,15.61611926388063,318.13876164677464,327.3406122521287,332.6097849538915,346.10602437350843,318.0510450370572,348.67024265274586,333.3878604510998,328.71791401637404,356.33017840902636,319.78783214975414,358.4442453701416,349.43463729945154,348.630452641549,98.83453477517348
765,1646.9899420700385,1759.226820107926,0.6985185920773763,0.07747043846891098,0.14995352411187274,49,0.0,0.08415056283307716,10.814672856269688,-2.5850334664267374,1646.9899420700385,1759.226820107926,2313.9054549291836,0.0,0.0,355.3165861735717,15.617314577142402,158.1809187554678,174.6584075200354,165.04957630300242,172.10575062838905,175.52218908548343,176.8424146444972,167.615149068716,187.3248684446554,187.1614159043279,176.00108686970515,171.8052878035542,185.18034934067214,164.07848602541935,52.379554535258066
766,654.234558158337,1759.850197352589,0.5466883903590766,-0.04785085546538013,0.07384736671744527,49,0.0,9.32067096077898,1381.87826195308,-7.851174462713441,654.234558158337,1759.850197352589,219833.98461117348,0.0,0.0,355.74608429467725,15.617196029666498,15143.719122047727,16373.23951591171,16417.86695963704,16546.233162979566,16724.830979666083,16762.05055799565,16460.519460425865,16970.21995958148,16838.36085305614,16247.485623088916,16882.944275690938,16828.83989693822,16907.86483261583,4729.809411538214
767,2885.5055669194116,1762.9695457042856,0.6400522585533669,-0.5082929776167562,-0.009751803123017714,49,0.0,0.014372596018424383,1.670500238859339,-0.5571163551812379,2885.5055669194116,1762.9695457042856,1077.0392689306148,0.0,0.0,354.78076940078154,15.618175632167302,71.86438370378553,78.97779547789705,82.038163565907,74.94602101378119,83.32312150170931,78.63829482336287,84.34318968783145,88.75227636565211,75.39084199440619,70.00963366456818,85.97045420978513,102.82202980523212,76.48806619019348,23.474996926503167
768,2663.430347673673,1764.3656088164157,0.7687892498966438,-0.04761201300806541,0.4577277280716791,49,0.0,0.018423022572178434,1.7242069223860474,-0.5914734609402015,2663.430347673673,1764.3656088164157,1145.7304814921058,0.0,0.0,354.8768396300685,15.618978124745931,72.91836922697956,86.2136135788125,94.69441840023725,78.92783694925602,71.88457265882153,88.28997309916363,82.76953841900627,88.88378394789984,96.07437560256218,77.77359731385914,106.34178561079827,82.96808327372585,84.95489149527727,33.03564191570663
769,414.093374500592,1767.97231449086,0.4012888105768449,-0.06159539542897436,-0.34782766291827216,49,0.0,0.008842217010643642,1.2063249757872656,-0.20366079890299596,414.093374500592,1767.97231449086,966.3911531542034,0.0,0.0,355.8499805126322,15.620363228589104,75.39206527150881,65.62261049141236,67.63569510839807,71.01479384651398,79.27673907987366,80.98005189468236,78.44321728021978,66.20010009658691,70.88342153902659,62.40917182950509,72.60740715719518,72.99731248055191,84.22008407088573,18.70848300784305
770,520.7834658138468,1770.691630788631,0.6248942766491139,0.16326197964398523,0.09627538089545844,49,0.0,0.03815365251883048,4.95479576610596,-1.7375643945400123,520.7834658138468,1770.691630788631,1572.8734548497687,0.0,0.0,355.8038273670634,15.621598643038388,104.79212122315789,132.77046038835698,116.78925631042247,115.25321648304225,111.47665494105478,129.852805168594,110.42617487199304,121.76159313253466,106.51195532115017,97.60897253350342,132.08930908027736,111.54707774759481,144.01148719271228,37.982370455374564
771,505.4114038748263,1772.1385634994251,0.31777473453456717,-0.3909089460463154,0.5026882477755134,49,0.0,0.006728528789464145,1.0496683804176352,-0.05263028743109241,505.4114038748263,1772.1385634994251,921.8206998884289,0.0,0.0,355.8104790123713,15.622187348802255,70.3974722172339,69.35687983460632,75.2496223253913,72.09428834483299,57.68946750250697,73.26842769902842,61.80691866130745,48.48525699506386,81.63347516583943,81.64168810198122,60.164250109662255,76.35850330693441,70.3605206127884,23.313929011251993
772,1581.6301981792276,1772.5432479084734,0.4074472903612119,0.4519238015266598,0.16660801854967972,49,0.0,0.015429121486862988,2.391255583338784,-0.9465649926750441,1581.6301981792276,1772.5432479084734,1165.776121736009,36.96511843490599,0.0,355.3448635588234,15.622863845161632,75.64043559049665,76.54967536199239,76.48792086183066,74.75043066786924,84.95012035503302,93.20430895074368,83.74046698485375,88.68394239458604,83.58610735327593,102.35432412799133,97.81828040865966,94.78489874385355,105.3784076083182,27.84680232650478
773,868.7205985118431,1775.0981036884932,0.6639626096189469,-0.2022767243725416,-0.04792452414538481,49,0.0,0.011083275992835076,1.160144484924166,-0.16128019957101686,868.7205985118431,1775.0981036884932,956.5033283063539,0.0,0.0,355.6533026958759,15.623701636592582,67.42806206874818,73.6109081396139,68.63149592024212,75.06278076794695,76.3717610889831,64.90820316759701,60.71493762446222,73.70466205437492,67.29419796156044,62.66991477518947,84.42659837487896,72.197456658528,88.58140489177727,20.900944812451353
774,1822.0222200974706,1776.854902333947,0.7923021181586957,0.16904269091176302,0.32927732015440164,49,0.0,0.021952705804067246,2.2208037755908303,-0.8662754677997329,1822.0222200974706,1776.854902333947,1191.4367643695562,0.0,0.0,355.24085707405675,15.62463972351982,102.60710500114888,74.96100990576096,95.54400699581315,79.00840188169138,90.24926713693452,94.8292256397714,82.64315192704143,95.04353612956906,110.35493469556533,90.41757493107627,77.2561295706503,101.96093991776226,79.27469142985501,17.28678920691621
775,1270.287708865022,1780.1211294420202,0.7586594286786673,-0.21155848546896405,-0.38362911772615466,49,0.0,0.02041446127097627,1.8041496451088321,-0.640681393089138,1270.287708865022,1780.1211294420202,1410.6809337244583,0.0,0.0,355.47956795006536,15.625975236078157,101.57364838505873,123.32210766445012,104.95821043459102,95.92825540531965,97.22972566861569,102.77602501616236,94.49187141529995,91.81316409675162,115.06369368836567,117.79154111957928,97.18216835944926,110.40337578843699,114.65159935924092,43.495547323137046
776,2593.1176585283974,1780.4658159809117,0.48032264416396453,-0.1547018061948474,-0.1930369724884808,49,0.0,0.010022304719002775,1.2445545504185913,-0.23753484261177094,2593.1176585283974,1780.4658159809117,1018.8162165347098,0.0,0.0,354.90724411940096,15.625747558145735,78.99034081615237,90.72662787496495,71.99230052856538,77.53582641479056,75.40707673039867,62.31132153277491,75.54325922697072,84.01252240976626,74.41367152374671,69.39512366987725,74.7567538220555,69.06458438875984,89.06096254754345,25.605845048343213
777,1220.9452800961226,1787.3680097820577,0.6699870998670311,0.07706565701937199,0.042138691216241336,49,0.0,0.03481457204070471,4.463194088814011,-1.6241144330256574,1220.9452800961226,1787.3680097820577,1393.7761792135389,0.0,0.0,355.5009185616585,15.628979911582897,108.29256429005683,115.6029146093193,101.80057281961128,76.77444245955613,88.96693065420487,108.65017618059211,112.68547472381863,107.74882054364215,103.48874760296454,95.5873608702558,108.81958978500882,104.01225552375897,133.3526154909932,27.993713659756082
778,2480.899840120873,1788.7021217417948,0.5699091674108973,0.2129649252193923,0.2334229916023131,49,0.0,0.15932671811805307,24.41297650182844,-3.469051832761805,2480.899840120873,1788.7021217417948,3671.0074409713084,0.0,0.0,354.9557872154334,15.629268330756437,260.72333100380865,258.17884296770455,279.53703221889896,280.0316328286951,251.71515107433106,282.28024407284613,287.4863315789071,287.3511003176186,305.8407818933717,264.9364232526399,272.3425445789916,275.7453292864573,270.4758175712676,94.36287832577028
779,2327.460768281629,1791.2635881474932,0.4929280159716559,-0.11363427962179372,-0.328626641814356,49,0.0,0.012759745445305328,1.40746305791432,-0.3710925115535548,2327.460768281629,1791.2635881474932,1132.1675367444634,0.0,0.0,355.0221708006063,15.630440119843227,70.64389262619977,85.7984023785254,83.41251091985214,73.44229510671755,74.48946719414532,96.93069340135712,89.70437473565168,82.39197369897553,98.52469123491558,92.27324844101032,93.24833505624761,86.24754377812673,75.61002527961924,29.45008289311943
780,237.487867983376,1792.6630242566173,0.5138390440338967,-0.09519090473250906,-0.3679511765716093,49,0.0,0.06541196924329579,8.480673484665026,-2.321075856779587,237.487867983376,1792.6630242566173,3037.2749040566778,0.0,318.985395508725,355.9264106577968,15.630459763307526,211.97969010834794,220.71576738421686,230.91212345732404,225.95702457973198,235.99919988960477,230.25830494679022,226.32242096361892,251.86647715483286,228.05089246977673,236.9681833131578,207.5310162146451,237.48380984272694,242.10085498259446,51.129138749309064
781,2643.595873869187,1792.8835870300002,0.514251350071606,0.18542627346572715,0.18962763299699187,49,0.0,0.05138790931148868,7.9015701566658,-2.2442835012066253,2643.595873869187,1792.8835870300002,1870.5065427918796,0.0,0.0,354.8853942872786,15.630877918728224,145.0870075759906,150.3890338686495,124.37470180704582,160.19320472545166,137.05962964634512,129.61411868346593,126.26764207160167,141.3156489722204,168.8278795839517,130.10375341834424,118.73833330318324,151.76150199000006,147.78462767555533,38.98945947007412
782,1257.1838458088428,1794.1965109235045,0.8120872404549113,0.0019510484426706214,0.07107937416844022,49,0.0,0.01620284685395866,1.5375364950737558,-0.4670635825349668,1257.1838458088428,1794.1965109235045,1127.0672636139916,0.0,0.0,355.4852416265417,15.63183620795939,70.38043933265521,92.71690995285607,105.05824749173911,74.33306637895262,91.17607887418185,77.82458344516472,77.83608597518608,70.59076975854381,81.24741424412859,83.50551089566125,79.09868002043675,103.799990036867,87.86484006691498,31.63464714070367
783,1428.431294041921,1794.4770057518563,0.45319503177246717,0.6080555818784272,0.3480511728679242,49,0.0,0.008650340566399935,1.0549958575585767,-0.05812688594924621,1428.431294041921,1794.4770057518563,947.43093449837,1.0,0.0,355.41114841111965,15.631990494347416,76.27724822234455,50.72560343910102,68.11949935941215,67.94705204608455,74.9592294048108,74.74312115691866,72.06825916174793,68.5124258942017,69.56097685339543,71.98437947765746,76.66821267186248,73.6905708005948,81.1696627901602,21.004693220078227
784,3043.418627087567,1794.9911569902815,0.5009686965183658,-0.13146883848284902,0.012602231960630593,49,0.0,0.03450010973023969,4.664512415546798,-1.6720156334407252,3043.418627087567,1794.9911569902815,1815.6708964999293,0.0,1713.330872322687,354.7124163427469,15.631334731446925,137.6920628387353,150.0709113989172,120.00858849297819,165.85494719194946,124.53474510526326,144.80227899631547,140.31481719046394,117.15622278501172,143.46490901962665,142.5343324689215,135.44864710698866,127.8107151859514,132.51192919590505,33.465789522901446
785,637.1511480257452,1796.854408720495,0.29010359788538775,-0.15747783709450244,0.11238642134903806,49,0.0,0.007563879632603514,1.0176223031724418,-0.018966542042721392,637.1511480257452,1796.854408720495,959.700018280327,0.0,0.0,355.7535060897674,15.63260020255743,70.66404039209284,84.47952041079726,69.14088224538473,59.9641276190527,73.73139399657906,55.799195967896296,91.76370782134836,75.08210537270119,72.79542723211758,65.20813337148942,77.57653099457931,71.88907444052654,78.59475462505957,13.011123790702083
786,309.4768367186884,1798.1828018412702,0.34322691038767633,-0.008317900415972093,-0.45500690705761093,49,0.0,0.011261562505181235,1.3878476045255042,-0.35585445033442586,309.4768367186884,1798.1828018412702,1296.8795787127751,0.0,0.0,355.8952726929888,15.63284053557971,83.59440878749014,84.86559934485597,92.0335896377646,89.46440737248946,99.98375288606124,107.0276222689213,99.51466062922873,101.86538834550305,108.49698102252879,93.96899215939592,91.02431465412783,117.35326361053296,97.45046116670251,30.236136827172558
787,406.7004315985818,1800.9396122503888,0.6219332004620477,0.06037435152160311,-0.09699539878648795,49,0.0,0.15082360436587314,19.949799487593474,-3.2498463375419644,406.7004315985818,1800.9396122503888,4034.2199521939665,0.0,0.0,355.8532132559645,15.63409156708172,281.75433419107253,294.6549863377533,313.8805634826267,309.0348850592025,298.2635069929699,309.401100047144,300.88599885766405,324.7156798069961,311.36117468526544,316.4129039340382,301.83479328350114,294.0243237855392,296.27562319380434,81.7200785363896
788,2286.527963062241,1800.5802342670306,0.5983599199801857,-0.27049943419711436,0.1859751691013405,49,0.0,0.019886427838388603,2.676888754699954,-1.0690758082215093,2286.527963062241,1800.5802342670306,1087.8248285087657,0.0,0.0,355.0398749692097,15.634346511085864,88.44139740766694,82.91721343189934,88.40562787128766,83.52925275531604,82.20968218731613,71.86690768439766,72.20773852518825,67.12620967582532,82.72410172641693,72.80849908276073,82.45756942957814,97.10737628313791,87.68264793552748,28.34060451244692
789,685.0442616348648,1802.0698101972919,0.5600884161487645,0.0727549269744396,0.10915144567668608,49,0.0,0.20416192978735206,31.600485304540754,-3.749234380870825,685.0442616348648,1802.0698101972919,4482.957698373422,0.0,0.0,355.73278931364916,15.63481137486716,306.41623550788097,334.02556164316564,345.3412132955407,331.077015039519,345.17841194039136,334.8803627235493,328.0322150296733,315.7976257825221,356.95342973154345,333.95600695643145,340.8855155117461,366.5116787299662,337.1755929986017,106.72683348289087
790,1748.252065224251,1801.5693987030916,0.6623697730906016,0.09321550867606279,0.21826626592148893,49,0.0,0.019461814162053614,2.299246461090034,-0.9039638167709096,1748.252065224251,1801.5693987030916,1199.2784400237556,0.0,0.0,355.27277078837324,15.634948946938323,92.79818923068004,101.87867868108276,88.48643857997565,79.9388225753971,99.87649362523044,96.87378451391749,73.9584759960884,107.98444597424871,94.04326145443852,71.4129781030413,90.58839845102595,89.59354347493188,96.9411236248773,14.903805738820028
791,367.23904954767323,1808.897935375661,0.5350982753151143,0.10582896109357075,0.0544255636173049,49,0.0,0.029017356272533244,3.732467117628731,-1.4299899758919887,367.23904954767323,1808.897935375661,1494.4245191735763,0.0,0.0,355.87029438870707,15.637366780641697,112.42300505699274,99.61634021196765,124.5072462588095,120.65580982718652,86.92779809852416,106.3477322477874,106.37689145094086,112.63153937766243,117.92651358329174,114.09340225283594,116.4741118860499,120.5710476240126,114.3043659667113,41.568715330803386
792,2827.964747619484,1810.2366695022358,0.5679917419403456,0.15782185866723888,-0.07626983003357798,49,0.0,0.01827456871454376,2.266564299829187,-0.8884201100143405,2827.964747619484,1810.2366695022358,1190.894637588401,0.0,0.0,354.8056109282042,15.637930609291297,89.68751066178987,80.34088658851283,95.05908844364686,76.64789240579793,102.89205573528307,87.44644179130536,86.130054228802,107.62219096252208,77.35306962679303,83.03819301135866,79.08059486219801,88.58055452070595,115.9850290278733,21.03107572181206
793,1685.2579983682285,1814.4553079441587,0.49589722950183557,-0.02062740228792641,0.24005192748110615,49,0.0,0.01533623557264789,2.3589367470835136,-0.9317907394957936,1685.2579983682285,1814.4553079441587,1049.4091604487828,0.0,0.0,355.3000258286354,15.640324272722845,86.37901083018829,70.77333160379877,74.9510588693723,85.76488419295342,70.52877828215722,68.19798111462927,67.25116585068818,72.00816461634018,86.01270810716849,90.95397913256328,97.20358863646611,86.62129575991219,77.94361565843519,14.819597794109946
794,2097.2397798848033,1816.5725634723108,0.9499138358589619,0.12076254245818058,0.0871199722073487,49,0.0,0.026200999702718192,2.3710894788640005,-0.9373698586312897,2097.2397798848033,1816.5725634723108,1317.1445697266897,0.0,0.0,355.121766645835,15.641104841600502,102.72946612359034,86.44633899600385,80.69169709695896,97.13771149248296,109.56313317092561,90.72399328035837,103.47996830828721,102.56073036217035,112.4653531158804,87.97360649670597,104.82049629746189,118.95623538417826,87.67943826961218,31.91640133207331
795,2669.534253822692,1816.566279960594,0.589103449925587,0.3165953745228305,0.16596024783561236,49,0.0,0.2805299823524108,39.742675920313864,-3.9981427632695072,2669.534253822692,1816.566279960594,6770.092550518122,0.0,0.0,354.8741501080808,15.640722143006764,474.6823609718735,478.9232524750721,529.234336101817,539.1762342630926,516.2649391726034,500.25161605084895,537.3343763062423,534.3217818234857,516.398934122657,468.72818696227614,489.4522873383887,504.75751164619663,541.9369583990281,138.62977488454044
796,2294.6863540401096,1818.3079582110943,0.5620158383571895,0.16491664410649148,-0.08570390892971043,49,0.0,0.010361847038667066,1.165113237971391,-0.16592034180893847,2294.6863540401096,1818.3079582110943,955.8959851461248,0.0,0.0,355.03633435221553,15.641728170150694,82.5073162241534,58.66144478381523,64.54449109762098,60.646407016732624,62.22945628408862,68.43889968094075,89.469176349375,76.68632965713115,69.22602269869924,69.15619145693285,77.81293086428235,74.46174340751455,78.77299755116593,23.282578073672145
797,2516.908640965099,1819.198638615958,0.5983848414818862,0.12835382892142647,0.19141635561007256,49,0.0,0.5752885882663508,85.58393672554556,-4.8309806486643305,2516.908640965099,1819.198638615958,10997.43244172824,0.0,0.0,354.9401837153078,15.641947459172394,767.9744035262651,856.4815878708739,789.3527010887351,801.1141773022939,822.6787458536273,796.3987141574515,824.2507638212521,854.3712496464077,868.8831272803449,811.5006161299716,842.3160384235409,919.301992333147,825.5931117476458,217.2152125466812
798,2073.698872898078,1822.176692227598,0.4940833567672501,-0.14409439652232295,-0.14521231368376653,49,0.0,0.011436957391213079,1.416491960960196,-0.3780352852623299,2073.698872898078,1822.176692227598,942.1859315781072,0.0,0.0,355.131950080043,15.643449559682535,59.48747851716289,66.1024794837544,61.63442651042608,61.951545597504065,68.38368669519011,54.81439277470131,84.57049540993272,70.65333940828025,77.06024973383902,87.91860203852661,73.6760136957135,65.30151106290585,74.41191739680191,36.21979325336859
799,2125.758343242283,1823.8308530804052,0.29492043335813234,0.4826638280566176,0.4610176171700762,49,0.0,0.009799298682477626,1.534767846924806,-0.46510673060061614,2125.758343242283,1823.8308530804052,1041.406023828622,0.0,0.0,355.1094238180694,15.644116734551286,86.414071918312,72.74399268650563,69.78779973691022,73.15650872664335,60.661505160365444,81.08251428714576,82.83417374310682,74.4292892834336,75.0923947269807,95.13057885332688,76.51422487550147,97.79923063616991,71.43430507119616,24.325434123023946
800,2651.723778307646,1824.18248241188,0.6083294560483643,0.14933653553455023,0.14790029045220127,49,0.0,0.14391010434819632,20.52598918225475,-3.2807602392098993,2651.723778307646,1824.18248241188,3496.570613812868,0.0,0.0,354.8818489992476,15.643911469477338,238.3999344158775,240.8574157649618,277.1597446211141,294.4825972415697,259.43444504545056,271.91202571214933,226.04544276110084,263.3806877214232,286.76543684185515,253.0675751878549,275.6609683608127,268.64032810099843,262.4129331691703,78.35107886852937
801,704.2848577217527,1825.6792101963185,0.5282124884834931,-0.026106125636143264,-0.017625685241230954,49,0.0,0.023615227968219233,3.596681349346113,-1.3897549072021298,704.2848577217527,1825.6792101963185,1188.648458936878,0.0,0.0,355.72448328651046,15.64466315500885,86.79032230096894,95.24891340271822,97.87464071033567,91.98176819234862,91.62642460792514,81.60700744483455,89.81076438112638,83.77402508361587,79.16865733784434,91.28205850246474,94.96533068349635,96.24016456424354,96.72243185420129,11.555949870754068
802,815.629863418487,1826.7356467555985,0.6726080394888272,0.3391821616264274,0.20700133500033746,49,0.0,0.01792027174107934,2.075201053064179,-0.7926504478087704,815.629863418487,1826.7356467555985,1081.0873570078666,0.0,0.0,355.6763072976861,15.645182742102689,76.60755850062154,83.64366843593758,68.56665247730017,80.38416733624351,88.45656484021794,65.65259615841167,84.38921955434697,94.28271301090625,91.7708500857147,77.75532474892958,76.37110907596158,84.1040097595827,90.81422778556544,18.288695238126934
803,2632.619371680567,1827.7021030509072,0.4468471381555989,-0.43044832574771613,-0.0071135046966705725,49,0.0,0.008488583778062891,1.0776851223472412,-0.08122971844671886,2632.619371680567,1827.7021030509072,1001.8909016248663,0.0,0.0,354.89011170139827,15.645394814587213,56.70260030329946,76.3202208857514,74.98858104469802,83.6463440227113,77.04883773699876,57.42232037249185,86.87388855975806,91.23026693127798,69.93323543604217,69.2410749897625,90.72569061298161,74.46158311959668,71.1950378101943,22.101219799302164
804,413.6364073852213,1829.785765738325,0.8316134616917193,0.20443947646596725,-0.1390526158861881,49,0.0,0.023764742111223838,2.3972988606786307,-0.9493054474671724,413.6364073852213,1829.785765738325,1092.502247480618,0.0,0.0,355.8502424622375,15.64611728625574,88.68272236963648,70.04227945114253,86.638854176733,92.57860410786077,81.11719230341535,80.87909374326293,79.86299570778604,92.6152464078477,74.06669930995376,83.00739179054504,77.59471759904362,79.07019689590601,79.70014826052656,26.646105356958095
805,878.9386818578329,1832.9869159867876,0.6119835673685514,-0.06182963138945956,0.0675894536498603,49,0.0,0.017632428405369764,2.259885037129026,-0.885215866662301,878.9386818578329,1832.9869159867876,1064.6973681611794,0.0,0.0,355.6489185364482,15.647827855708792,81.4552830272371,80.78940052240144,95.88124731110165,73.19655553793271,84.59976981877438,88.54263646500681,81.31196549429293,80.10913138359672,58.82590539209828,88.01265530495445,66.91091231013414,71.02674067553136,89.083470153966,24.951694764151323
806,2071.727443796124,1838.5008646327585,0.554783943542691,0.30517025167869294,0.16467293279535125,49,0.0,0.01557413604028138,2.0078432234945858,-0.7568244979885834,2071.727443796124,1838.5008646327585,1105.0081737399746,0.0,0.0,355.1327963556217,15.650252026021866,88.77283558962546,74.09054446418921,77.70954316100404,90.50435113072785,76.07778475186839,93.34267239357123,84.7025504407575,94.33384349260695,78.17967891643167,74.47177172490493,87.25151802193182,75.67065113126428,92.78621118935683,17.11421733173458
807,1652.9238308638285,1841.1227796117446,0.5322145566716457,0.09089997571311881,0.17382635380472625,49,0.0,0.01922689592481415,2.528487462012778,-1.007152011104753,1652.9238308638285,1841.1227796117446,1245.9428859064744,0.0,0.0,355.3140151821024,15.651437569401265,93.90014933716041,93.15109575791944,86.82694785210077,79.79786612100025,102.62432946272645,90.8486500027827,110.98015045697159,95.8807606505064,89.21651954316955,74.8872177303462,116.5655617797863,87.70305102772214,99.22579079943824,24.334795384844092
808,536.8384204565475,1841.421685839579,0.5812348794548451,-0.18199881203029453,0.080844662414907,49,0.0,0.014298446191614207,1.680330252826549,-0.5634866163454304,536.8384204565475,1841.421685839579,1100.5730704551052,0.0,0.0,355.79694756321896,15.651083059613619,64.62310182504233,77.85943582362025,84.16294012112178,75.85458122130906,76.48579979103116,96.16637812227503,96.55869159727827,94.81268365634709,82.80583456462944,87.4566330832997,80.29602707374418,80.25935626275539,82.3851258543578,20.846481458293557
809,843.9432083888172,1845.2569873764114,0.5271126433684523,0.2574077459314466,-0.0847772666489745,49,0.0,0.014981119061388132,1.6815817371007018,-0.5642949550842004,843.9432083888172,1845.2569873764114,1171.4706981947947,0.0,0.0,355.66406886078727,15.652918335761399,86.65261054877331,102.79411812020518,84.92089736520586,90.64295197436323,90.26242854665541,77.21740821241048,87.4066940041822,74.4132058422488,77.10670004205092,94.65155593024298,96.68700124341905,95.66211166903449,90.75054194669057,22.302472749312088
810,2142.4657689299524,1845.8136480046567,0.587680957810312,0.08022099799782781,0.1426920500482097,49,0.0,0.4012207384788711,59.33888109004208,-4.43334838221015,2142.4657689299524,1845.8136480046567,8346.801967903191,0.0,0.0,355.1021842704693,15.653268564411084,613.9709541273246,588.8023394503093,679.5124563361512,607.3023417676692,625.4062157248026,641.3489351275471,650.7441023357206,608.941154186328,643.3822040815501,652.3542788004297,600.4469915228027,624.7212866507798,651.21294859272,158.65575919905675
811,1118.3199344015138,1848.1627270627253,0.7536189140755574,0.3747404387813454,0.1199454104955038,49,0.0,0.016635464850206453,1.8995063013216316,-0.6966018464966216,1118.3199344015138,1848.1627270627253,1062.369440909864,0.0,0.0,355.5453460130849,15.65427333074021,79.50565953518827,80.4892628496356,69.19656219110777,72.06211629455507,58.75081044988077,86.10731059301361,74.14412620301084,82.07453034677145,78.16013252575947,94.45393938934328,87.96571491968302,88.46096848748545,80.89760144716212,30.10070567726741
812,1919.2450309932346,1849.864155287917,0.7856928674557118,-0.04453523077586241,-0.3304360149574522,49,0.0,0.013422477091658853,1.2238930569025035,-0.21935867764023342,1919.2450309932346,1849.864155287917,1063.9278114255942,0.0,0.0,355.19877299609345,15.655037828143705,95.23445312787425,91.84180645182275,76.29764189858736,79.74347566614885,63.778560938045615,76.11319302696393,69.51404347969383,77.50942867258613,81.52375717198353,82.85515695614521,75.18806791733334,69.88539950741932,96.32906225966269,28.113764351327504
813,547.7864629719937,1852.1001132914828,0.2337356280698411,-0.33872410643579837,-0.21509714418217724,49,0.0,0.009012774204760553,1.1105752416218924,-0.11386996847695909,547.7864629719937,1852.1001132914828,1190.1826849812842,0.0,0.0,355.7922203771387,15.655542083922077,79.88521846031725,98.9300307675909,87.28557907006034,91.8460910554247,94.53070000303777,99.62373967453425,73.55853371828348,82.92123091750884,91.09121725818027,83.6884815710788,83.36256896717035,97.89546767453002,95.18628308490884,30.377542758658244
814,1144.0456014699787,1854.3962576209196,0.5983492805491315,0.42400113091216957,0.1685216667078005,49,0.0,0.010133424953127987,1.1222700322208619,-0.12524341545897516,1144.0456014699787,1854.3962576209196,983.7512268589135,0.0,0.0,355.53421671803665,15.656880862660206,61.826797327033155,70.43107506545537,80.3580532009843,79.28512551743583,53.48318789381027,83.5283443578054,92.60828078105597,88.52486087095524,67.46170071139875,78.49708700220903,67.00170195544973,79.84609973601908,64.1212903119132,16.77762212738813
815,1868.2896088036389,1857.624078097838,0.5495065893014442,-0.5692667797125712,0.028264129922472073,49,0.0,0.013551450296163971,1.673320194501794,-0.5589476309471996,1868.2896088036389,1857.624078097838,1032.2434995809037,0.0,0.0,355.2208204092368,15.658283801022982,65.97247686865745,82.75534926148552,80.42650182665906,71.08851442971955,69.73317131802389,94.01841962707458,85.3044537181863,82.20311784498367,71.54473871311211,66.67511312233077,87.41171043020299,66.23618847764182,80.81662541525083,28.057118527575227
816,971.4171542680327,1860.3418473133215,0.4361733219070196,-0.11821637699995402,0.30557078558081807,49,0.0,0.008846731732130029,1.086933822183905,-0.09050775732872568,971.4171542680327,1860.3418473133215,1043.8205137930186,0.0,0.0,355.60891889835204,15.65927858363253,71.45466871318723,74.99823910109623,90.41433616160975,97.49771942399178,69.45410011277559,70.97268691722047,75.58660322160169,74.21768043948053,84.34068206219976,65.76865248658002,75.38493212032277,84.82624920455208,82.28558857962355,26.618375248776964
817,1893.5582054788126,1859.9452046970134,0.7673935212415773,0.5449415274976068,0.4144767385437648,49,0.0,0.013479362931460787,1.3821711294559564,-0.35140454315502045,1893.5582054788126,1859.9452046970134,1001.2882294252032,0.0,0.0,355.2098855069978,15.659244913030184,67.76942784957265,90.86214151064812,76.4668851854392,73.42900441014078,85.08190489946122,69.8115135278428,68.30314911980389,65.51410738681548,67.27678875804706,85.75037043186838,71.19830918322559,77.90323861924202,80.827526385173,21.093862157923056
818,1711.3031694903104,1863.7402188703838,0.37410844797515314,-0.06666632163161146,-0.3633701490941539,49,0.0,0.019587295409201552,1.959342493139053,-0.7302758933042126,1711.3031694903104,1863.7402188703838,1728.7861711469611,0.0,0.0,355.2887516368859,15.660857422641103,122.27709331835732,163.20893072962815,123.56062428586927,114.42384616869819,132.0529826983455,130.94241524630144,113.02467183671831,122.45813072375759,138.40400414018902,111.91544090419131,127.76876351449809,157.49940577991435,132.5024164288983,38.7474453715942
819,2381.1112434069305,1866.3578156687822,0.6828975410252067,0.44184378198944974,0.2349792518223456,49,0.0,0.009538567423575207,1.0232143714795547,-0.024916578408792613,2381.1112434069305,1866.3578156687822,878.1810889346106,0.0,0.0,354.99890741258514,15.661694468330815,70.44757905376198,61.42165811931881,76.53787571898286,58.04926119153939,68.54739856617056,64.59155808284989,64.40594693165986,52.73479707337325,71.19293883501211,63.80258130717847,74.87057054411646,67.84320009825296,57.048515057607744,26.687208354786087
820,1860.1118738373902,1868.108052025351,0.5988483374341842,-0.06066237392611022,-0.3226511868451681,49,0.0,0.0117493103269943,1.2408295049715177,-0.2342802794179072,1860.1118738373902,1868.108052025351,1013.5606663747166,0.0,0.0,355.22435672133565,15.66265393076409,66.2423827158971,79.16203398827741,60.03330142260868,81.55395748000288,72.14623355419317,89.79035124199234,78.87082850856314,68.61833170588037,65.44601861156099,85.50693240945142,79.9588758377015,87.7216662835083,70.4149502052633,28.094802409815877
821,2037.9400393337287,1871.6769384052977,0.6292736293098,-0.04592000875962058,0.17789883554194516,49,0.0,0.05042223035712762,6.284951219733466,-1.9957547782121432,2037.9400393337287,1871.6769384052977,2061.925112765798,0.0,0.0,355.1474035589116,15.664088298061857,166.3854018632009,138.96111424612718,132.04399650592845,179.64205706806095,159.89109659509228,175.5545912883148,162.83361054989768,174.37521455604957,157.8154728330245,114.28060255418038,150.57759515654863,152.00868469517167,156.5353401716937,41.020334682507055
822,769.6869602152383,1872.722721194806,0.7616588960708925,-0.565180946035368,-0.15831821343914715,49,0.0,0.014006984018312072,1.4152921292731566,-0.3771152286911509,769.6869602152383,1872.722721194806,946.8138291535774,0.0,0.0,355.6962194341578,15.664312089255247,60.98947045746973,78.98131663685474,72.46548995907948,67.65550089013838,76.86377797656789,63.352445829885326,72.12194663847185,65.16679737198405,67.73058560470676,64.38404120858544,75.65469058689749,83.27694066077012,83.5835746848613,14.58725064730493
823,907.1456359155314,1873.896561860074,0.7183113488720532,-0.15422768874487486,0.21507130362135723,49,0.0,0.01438570794711458,1.4939801836467972,-0.43586209244355767,907.1456359155314,1873.896561860074,1104.0902061576908,0.0,0.0,355.63673848936526,15.664890186574162,74.46611688557557,84.03057385605717,89.69733198997817,71.00368642936917,87.42560060044485,95.21900808498275,85.49512334278616,82.76104911506627,91.56123269187036,84.1706486373561,89.05510446567143,70.7258278105443,76.85755739181255,21.621344856175757
824,2255.7381968367376,1873.7292168006625,0.6157225505834876,0.23084580190106282,0.9190130987003854,49,0.0,0.017008504254619024,1.895452595105679,-0.6942823181980571,2255.7381968367376,1873.7292168006625,1213.0732306436155,0.0,0.0,355.0531546014243,15.664842299037401,96.43745202995284,89.24325635411702,91.44666866603622,103.16519888052028,87.57418153309143,92.96273974057873,92.22077601724868,85.85938212802363,99.17408969607789,77.41137940268924,85.45163691323646,92.33234762565337,98.2128693229981,21.58125233339159
825,970.5751308589979,1876.0578609795723,0.3626829546741726,-0.00965724738837513,0.06317888973994332,49,0.0,0.016282248200940357,2.1796687748308248,-0.8459762567266005,970.5751308589979,1876.0578609795723,1400.1275377059624,0.0,0.0,355.6092919311057,15.665826373585261,94.01965397598477,84.43824212515598,121.80624263101357,125.41281312296164,94.06379212100623,116.45164378646632,109.35289907341908,96.48145334444163,97.29023634882273,111.07317293704256,111.64640585543967,98.53450332845091,108.29185073570139,31.264628320055934
826,1009.0002502996825,1881.7696363740417,0.2992345684308002,0.587255864701425,0.06586280063254762,49,0.0,0.007327238543104264,1.1019514988860517,-0.10540619992440722,1009.0002502996825,1881.7696363740417,921.9682544859022,0.0,0.0,355.59266711217856,15.668226187324708,74.03004571617431,79.0966445725162,81.45477438844682,70.53175990035035,66.8810250835205,50.41047065184846,66.38470961904937,74.78408661714828,68.01177691265617,76.36410535725712,54.733600385588296,64.43275181223484,76.09034416366643,18.762159305445167
827,3073.417796333165,1881.6510981808049,0.2946497015036203,-0.3505467558901669,-0.48865661256658444,49,0.0,0.04358896690784895,6.63165010568341,-2.0540540105399514,3073.417796333165,1881.6510981808049,2966.3175400887335,43.06094848598476,2744.0169682421433,354.6993263527811,15.667403623870173,239.91982859783766,232.2814968267983,278.17173317557064,271.0133933801274,253.39573446692194,274.45728950608145,242.62216641938562,217.45091297155278,225.85173526142262,216.3912681093649,193.97330101780884,168.95316460381233,151.83551575204865,0.0
828,2952.458974229431,1884.073956086626,0.6505465573442845,-0.22467340350451875,0.08894550052887493,49,0.0,0.01065539719368162,1.0207334391718266,-0.022280856168859248,2952.458974229431,1884.073956086626,1086.3702886993033,0.0,30.94233251434774,354.7516619843024,15.668558271664008,64.6144808569332,84.32550430870731,83.74630311905057,105.34131735952147,73.69869064457957,55.492786406547765,84.1513530371565,74.94301374648572,86.42516196170493,90.05064735935821,74.98234884274254,98.01613614797304,79.78145352550399,30.801091383038393
829,2401.077811636834,1886.3473833587095,0.5534105970495526,0.19788823070459444,0.3352400807811416,49,0.0,0.21073185701232983,32.29082069145024,-3.772697707559845,2401.077811636834,1886.3473833587095,4843.344212299991,0.0,0.0,354.99025351082736,15.670009859468664,341.1142727848484,343.52893064372245,347.9143379055385,344.3166391288772,377.0449117926373,381.70123610476094,356.1521654544274,348.768627847188,394.6614046618928,407.21393926909695,373.21396599734186,361.0575123923172,380.18841242972155,86.46785588762171
830,932.3551773951161,1886.863206888923,0.6198049728578754,-0.20729910173473656,-0.011848298797452111,49,0.0,0.03298324199454903,4.104611260086595,-1.5331800804999736,932.3551773951161,1886.863206888923,1453.7248678484445,0.0,0.0,355.62583720911937,15.670307446118326,113.86305290737513,106.3879794510212,133.2248306907707,105.67209038238602,123.309985268541,94.83057523501422,103.47455933776168,91.19016416874068,100.47786701376809,103.85007597712226,99.81471968936799,128.25738302085017,113.97106902062285,35.40051568510269
831,1665.4011116513468,1887.4258876138504,0.2937574558611881,-0.10315462649322424,0.07411803644620883,49,0.0,0.008733556044263237,1.354103668437591,-0.32912978662412823,1665.4011116513468,1887.4258876138504,1091.7154421649946,0.0,0.0,355.30861349821356,15.670729836197545,80.03688348462757,73.63607949556776,88.38648327525421,87.32635809293619,69.44140618555839,92.99352960666499,73.14385767942642,81.40848541512008,92.91665523459835,78.5746181056012,75.68432242748094,75.29999709804073,96.86487811854462,26.001887945573152
832,2795.248805551974,1887.8535937598822,0.7248789979409134,-0.3725115627925485,-0.2556217795653759,49,0.0,0.011624552940973658,1.1651720488752328,-0.1659751446503841,2795.248805551974,1887.8535937598822,968.5755676414188,0.0,0.0,354.81968415250816,15.67030317694997,62.499722063313925,66.98007799416733,74.32382116013602,62.70211281640931,83.98064985297262,83.80357837939236,68.39714106170265,75.84373575152907,69.0804657658613,65.82993086335765,73.63547780278043,83.80551154048612,74.51968825927659,23.173654330033514
833,2755.081975669744,1892.517052222872,0.5265482165095777,0.3510014300761661,0.24992021047922805,49,0.0,6.117030778910359,873.4415984805634,-7.353084679406264,2755.081975669744,1892.517052222872,173132.5030392111,0.0,0.0,354.83706032457496,15.672286305514167,12140.324936162328,13108.17405542287,13088.28887977859,12965.554009422225,13255.3923356434,13325.273883390511,13125.87335195109,13352.65512396364,13201.591485883851,12889.309199965948,12987.506057327966,13096.96477435828,13097.371982631696,3498.2229633086763
834,2998.695377925271,1894.6848913049748,0.537275533337126,0.18001530374561772,0.21044356521599794,49,0.0,0.2541450964935256,35.29503170225054,-3.869283940795738,2998.695377925271,1894.6848913049748,7745.071012110191,0.0,4390.728214098397,354.7316424203356,15.672925197598936,545.7471848644919,586.3946851644148,564.1121363428522,556.3254361776933,618.5767366431893,589.2823362445581,596.8868026340215,595.9548311931094,598.9534436360041,580.3065552131395,601.944733552617,585.96631965664,587.82700689284,136.79280389462156
835,813.042099618696,1896.717301827275,0.9257444878359165,0.5178156137066477,0.019432147621219132,49,0.0,0.012580486560557796,1.0630867254578014,-0.06642173809895688,813.042099618696,1896.717301827275,1035.9327091728883,0.0,0.0,355.67747526211855,15.674339417712039,79.90089745413752,78.49225360466153,72.97597636985489,78.50115310640172,71.77395430828301,84.71760446758472,85.14744365103707,66.94734098750621,74.10597208333812,78.50656398536236,71.48517429664957,99.70879701760757,78.40716008958267,15.262417750881344
836,1670.053093418872,1897.3960877924746,0.7856837189125275,0.11675368777472694,0.2614239935291945,49,0.0,0.026803470255324563,3.0392622220454637,-1.2069204295964417,1670.053093418872,1897.3960877924746,1124.4277351547303,0.0,0.0,355.3065997404238,15.674883801134426,70.7845455025088,104.44818881964919,82.21571316596996,91.67958959057091,87.9956657594685,82.22623369098866,70.0193836217887,74.4445479588679,86.49648467187885,87.2311818211675,86.98760696693213,84.79972363512522,96.17193827929688,18.92693167051724
837,620.6620442373138,1898.4586301724216,0.5582058440141542,-0.09795837908566665,0.1342195859295886,49,0.0,0.8775202284456289,133.94500197587723,-5.317316282453074,620.6620442373138,1898.4586301724216,18350.266913993226,0.0,0.0,355.7607272975541,15.674920415295956,1252.4275712493613,1400.3395951689492,1399.9145277210735,1368.0891501391848,1384.582883722875,1340.998283371621,1417.9664085250315,1350.7912839734481,1487.1702207042092,1355.1578871362728,1378.106963754401,1400.081349250534,1434.5376872282482,380.1031020480142
838,1818.2801953964483,1897.9431373845152,0.3995002376422955,0.20549079685503188,0.32937358454295157,49,0.0,0.03489628292987171,6.12064536895815,-1.9669930428640008,1818.2801953964483,1897.9431373845152,1644.8146125280011,0.0,0.0,355.2424529690994,15.67509363013393,126.17122079834468,119.33475369813357,128.06192136876672,106.92511778222556,143.10065564998214,142.55286596090298,136.60434238849507,110.57045395114059,116.98783170223709,112.97875911952816,121.10641101773346,113.53121415396055,132.36867951158717,34.520385424963266
839,1581.6355921913719,1899.2004106674908,0.6187213704124354,0.05164033614920973,0.20663284966281611,49,0.0,0.009567014073808892,1.0038632080984067,-0.004186343736956442,1581.6355921913719,1899.2004106674908,1003.1190315357057,0.0,0.0,355.3448633184009,15.675637504180626,70.40078330156749,78.62002240178865,61.63911881455921,79.59871256514326,95.06332848422309,52.855384195665266,80.80592569918579,84.82514801283308,67.80105574397334,67.82370680825079,77.20174450280925,90.7759041112292,75.51944001539803,20.1887568790793
840,1605.1692576653911,1905.4325207666773,0.6083625577317331,0.17250612818458327,0.21831266521141124,49,0.0,0.1723211353842284,24.862994238857635,-3.4888835733453263,1605.1692576653911,1905.4325207666773,3827.953329270929,0.0,0.0,355.33467882849965,15.678234346241782,257.4123532247611,268.542504555614,284.75097184579454,283.14754241069056,286.6598188162275,281.3838547310245,301.3473861723943,318.3886522938053,285.9350722389754,272.12657758251555,287.8369849466791,310.0980604607428,312.7550610186606,77.56848897304323
841,2824.7703136462,1905.0989220313666,0.5305291595783992,-0.2725633117269743,-0.0866917424359369,49,0.0,0.02158754613447583,2.315306070647575,-0.9115210261894291,2824.7703136462,1905.0989220313666,1525.7852188835388,0.0,0.0,354.8068912397446,15.677458041336065,101.57731848935855,100.94920787610619,101.47211915814972,119.922690073773,120.73825038307152,95.2402552163299,126.67770282804946,112.27850924400383,110.38219068661066,120.5043324806268,122.2087446026193,127.05412673460846,130.35288019174118,36.42689091849026
842,1297.684154962505,1908.3734716915917,0.5164939732603553,-0.29762245187795056,-0.18051363011097715,49,0.0,0.018779233267993762,2.1664963266611417,-0.8393948925395902,1297.684154962505,1908.3734716915917,1489.8878435250913,0.0,0.0,355.4677487751408,15.679420749515163,126.1344340513591,112.28253798200281,107.76663164922594,124.39213487326941,93.19189565805615,101.23707962430446,106.93452327241748,119.20163721681325,116.78297780932822,104.40345215287866,128.74312233623843,114.30288528627865,116.35371551162342,18.160816101295378
843,1908.5540519569806,1910.4440162779135,0.804485564407778,0.6399604691997983,0.26268933189054694,49,0.0,0.012714822451138866,1.0592261734464192,-0.062471759079016934,1908.5540519569806,1910.4440162779135,1019.9947907802284,0.0,0.0,355.20338279946816,15.680282108940492,58.70997378722841,92.81407746844324,75.87992652233058,74.8393899776008,83.59541528593213,71.57536271012351,75.61745273668666,86.98097786420948,76.16263456653822,58.279340324808175,81.71775142198176,71.43925574115794,91.85718084776353,20.52605152542405
844,400.55006255303965,1913.795830667277,0.6856470068315689,-0.13774787062711147,0.1977361935241909,49,0.0,0.012699989734450195,1.2444475000305408,-0.2374414489706604,400.55006255303965,1913.795830667277,1050.3048688938607,0.0,0.0,355.8559927969932,15.681106654144958,61.3160597979503,75.54608145264564,70.4603097546053,85.56005325461284,70.91778248287598,80.67768525739595,92.43068644167455,79.22984674998708,95.2133577318076,69.19268366995166,73.72275195622976,72.14283610613157,100.89251797988332,23.002216258108906
845,433.7527149715138,1913.780302326642,0.5072691116466973,-0.029293573516620937,-0.09173068138012869,49,0.0,0.03522718047026121,4.954737498478515,-1.7375516263760649,433.7527149715138,1913.780302326642,1609.0866017681585,0.0,0.0,355.841624674613,15.68113360361147,116.31451644935628,135.3386469421816,117.80086543244192,116.72045681751402,120.22862714324589,110.52727217388937,126.87885053643913,104.70407588117479,136.6619249786031,103.2331110987639,123.54368874929723,134.46427263187758,131.65318216928242,31.017110764091356
846,537.1766798610596,1914.5985725162682,0.5471188747853177,-0.059871625865593726,0.10278803967940685,49,0.0,0.23046081660656526,35.62575124360029,-3.8794100778052902,537.1766798610596,1914.5985725162682,5464.210346527616,0.0,0.0,355.796869382072,15.681572627335418,369.6293474124685,385.9368358985215,356.31917215070695,433.34210630490827,425.36329866140784,424.0154934945905,435.8696093683298,435.8310119579473,423.619655946678,429.67718628979605,438.04267917506087,382.71822741828254,410.34151994884485,113.50420250007227
847,1953.1783931272955,1915.3972846563631,0.8839849603077661,0.3516255998165535,0.07448650299618431,49,0.0,0.023577180620975986,2.362333952613079,-0.9333532297276153,1953.1783931272955,1915.3972846563631,1303.2474612812957,0.0,0.0,355.18406925226674,15.682333413169383,84.02512334962464,102.82225915294993,95.87198466880784,101.58308372381057,109.54397602909609,97.23039558296631,106.85288085436754,93.52992063566113,94.97106672322505,76.8987879525703,99.24723936433963,105.00477681789488,106.32682702515501,29.339139400826774
848,1092.5879147055477,1915.9765175743548,0.7278239160494998,0.08510687799671583,0.12231843009965677,49,0.0,0.06089015225956205,7.611202754102609,-2.2036332280616984,1092.5879147055477,1915.9765175743548,1862.3967392406212,0.0,0.0,355.55651071560607,15.682517933821327,140.93568542846907,148.04764257515214,124.62299451112173,129.2263944019005,116.09615962260756,162.40504753769414,140.4620794593634,137.9657139875581,147.65100042843994,120.85434498430905,151.99607824784434,155.09238354395796,154.98518775471882,32.05602675748473
849,313.712662600261,1916.6118154494316,0.2509035252363573,-0.40028095445997924,-0.2578207391618462,49,0.0,0.01134649870181237,1.5577058346545676,-0.48121361657558487,313.712662600261,1916.6118154494316,1266.7939815076309,0.0,0.0,355.89357365109333,15.682188083485896,92.78503347242996,99.33611899697144,101.64508757423263,91.46766205349832,94.70607408675181,92.16195037179222,100.72904209135761,89.65446192259854,88.79581646655548,92.4963473795166,89.04035526951368,88.97609881380825,116.78556030943952,28.21437269916477
850,1423.5844341852057,1920.5084467039112,0.7419636404213595,0.3645449366929663,0.140140970234983,49,0.0,0.011258602465846373,1.211549395264424,-0.20835281290577126,1423.5844341852057,1920.5084467039112,934.4590085600071,0.0,0.0,355.4132650333488,15.684502643773069,57.55590803506533,68.15545592939728,63.384729433510216,64.23895437765445,59.57608029145011,58.247907934551144,73.41083734689892,70.90053110904218,75.96728084483519,101.56596270566607,59.44652503217051,77.61120344341671,88.7870222981258,15.61060977822312
851,2226.9855735688557,1920.2619019613292,0.6148548463744182,0.32152770413081094,0.3701283531185103,49,0.0,0.04315625078960372,5.787773977592252,-1.9062789071018167,2226.9855735688557,1920.2619019613292,1548.9923487403341,0.0,0.0,355.06557115044853,15.684246267519164,112.40935701279327,110.63400242614253,111.66170773834587,116.70817299033757,122.51592049854385,103.79428497727392,111.95205624095732,123.56566036349676,112.66280774770104,121.55379702146854,115.27854056532607,119.03271610134219,132.42688739017115,34.79643766643407
852,2779.2565214795177,1920.9048377350043,0.45305936200621166,0.08410608669744446,0.17529962202326757,49,0.0,0.021812451295997688,3.2182752027988903,-1.2690579474083266,2779.2565214795177,1920.9048377350043,1365.5695013275456,0.0,0.0,354.8265701429494,15.68409004737224,99.6662866955096,105.02635222013161,95.39543084516198,102.77080285428828,120.79776234674947,99.48074572102884,89.28747694813852,108.63025904387325,100.43639377007862,96.1113654205071,116.14983640267964,94.63940974319644,104.73346927240539,32.44391004379685
853,520.0691197293112,1922.7043396768795,0.5907747721349235,0.07195179387111043,0.12213204525569793,49,0.0,0.0705258630031348,9.532525747469709,-2.4480199674551217,520.0691197293112,1922.7043396768795,2507.934228104203,0.0,0.0,355.80428029587057,15.68493430209265,168.59255194912078,192.0939590991143,186.5848190010259,205.3705094437936,188.7115424438735,219.4435618633741,159.87752251727773,188.50431725647815,203.84560378225052,188.89231732345013,172.91373388241834,203.9080811305149,187.04344759645565,42.15226081505548
854,2039.7533307837907,1924.5427999273634,0.6999647212638995,0.31547720036037263,0.2762525926633557,49,0.0,0.021531819313886237,2.473979990226729,-0.9834904567359287,2039.7533307837907,1924.5427999273634,1115.969334257085,0.0,0.0,355.1465985390213,15.686114840469145,95.15883385858936,91.13819113586435,91.63808270721826,81.51575752593183,75.9768738643773,85.25587507968359,70.4424804975656,86.54947594240844,83.76523372640258,90.35574701409837,69.29140762710387,79.81406441863618,92.10544240681412,22.961868452390977
855,1954.985832424717,1925.2466048253382,0.280506407216351,0.6318860540077409,0.12216187487188687,49,0.0,0.015953016634958423,1.8798406013899234,-0.6853025634894423,1954.985832424717,1925.2466048253382,1634.7602686101623,0.0,0.0,355.18328398213,15.686436716014457,126.25088899127388,132.318909043503,100.26799265800977,127.00688707919436,123.44806063777088,149.0687145219302,103.90292317058724,118.70151971529259,126.6658499790426,110.63601636046792,123.35334938911807,126.3580723353653,137.62418470939667,29.156900019209747
856,525.7299863114193,1925.2291671417536,0.4391521984855517,-0.17272196920367408,-0.7204384356956496,49,0.0,0.010452669932142203,1.1339756065703257,-0.13650928091195774,525.7299863114193,1925.2291671417536,2440.345580020888,0.0,0.0,355.8018329145487,15.685991463115586,157.96347880933388,190.40867961336684,170.45904094138942,191.72712879601042,181.38894577969552,216.157216680264,171.33783613222562,177.41919511341496,197.3719264507282,191.63574942213046,170.7683500245363,195.35184007662323,187.80613932357824,40.550052857590615
857,2098.0053702327323,1925.2723409489483,0.48865487075037806,-0.259776005018538,0.1462982921352087,49,0.0,0.015584734612490185,1.670112342006121,-0.5568642136060337,2098.0053702327323,1925.2723409489483,1341.6600788206792,0.0,0.0,355.12138800295133,15.686395595757775,86.59650534113769,108.22626369042644,112.89293473287208,101.43401337981396,95.5727959827425,106.04322051624573,85.86786578112786,92.53050022822373,112.73159531401438,104.21867312945778,103.93103385882132,98.70386820981635,97.7777593180199,35.1330493379595
858,1856.4909502832456,1926.8864630031549,0.36214276286216607,0.46238703794242764,0.22045160849456016,49,0.0,0.006876205584058398,1.0056208841260725,-0.006085709841465075,1856.4909502832456,1926.8864630031549,978.4959358427058,0.0,0.0,355.2259104272263,15.687145568057863,90.26353297696551,70.15629243990509,67.79428053786185,75.91710762797152,72.2607229814228,74.35153709021665,68.25837325567427,77.9680257508236,82.59356725963822,56.5368146871965,63.01288479836973,83.56876447668887,74.93864329560242,20.875388664368735
859,2356.3958560461438,1929.3712302275883,0.6565073001317269,0.3156583125742585,0.23031788297344638,49,0.0,0.2240062646470997,30.333136069304757,-3.704793283210365,2356.3958560461438,1929.3712302275883,4762.8559304550145,0.0,0.0,355.0095604697972,15.687965637173967,329.080804715255,378.12281183042273,347.51264087825575,317.4251350959822,372.56978390962746,362.07631850784867,323.9559984510993,346.1871627593687,360.20513860111987,369.3499838050384,371.52134648014805,382.1292420788537,386.15205676739794,116.5675065745967
860,1015.0112659142471,1932.8973403869516,0.5314194761097094,-0.09529092997856152,0.16069180776316608,49,0.0,0.040994808104889376,6.202829010025053,-1.9814745234322801,1015.0112659142471,1932.8973403869516,1518.0417043159205,0.0,0.0,355.5900921523829,15.689532089379822,110.10954055038522,112.23194720054647,113.58147093591181,89.94157361920351,115.46846312337408,112.69782702329917,129.11841985950144,111.75380655505487,106.80127802546602,120.16322013800124,124.64265215882651,114.08471397123347,121.08449070184231,36.362300453274216
861,1827.654065658675,1934.622373006153,0.3573443000688718,0.021382467155674295,0.08080277002609451,49,0.0,0.00932908284311752,1.3991608843355026,-0.364669138198592,1827.654065658675,1934.622373006153,1009.9006335493239,0.0,0.0,355.2383890387341,15.690374768641673,70.8689905731099,73.6189486782836,74.12420921182662,81.95801903399055,72.54353881633297,60.264670943514915,86.25707593427231,69.920298813226,80.3277830920167,88.61024870494458,72.57033906314496,88.15617250044255,66.85291136884558,23.82742681537264
862,2127.2578505777246,1936.1773898428917,0.4964460426227776,0.273723808066503,0.06221028250710709,49,0.0,0.022298587275002772,3.300019698736067,-1.2962913307756585,2127.2578505777246,1936.1773898428917,1244.563289153016,0.0,0.0,355.1087231421752,15.690926556185628,109.83014634401086,97.69174377807107,78.26712048550517,91.30234382169652,103.51207638660955,85.92335549428606,108.04221220766493,79.79420737897905,89.00366725703873,71.48285588826766,109.4710794182441,96.03794997258736,96.17346230864487,28.031068411410082
863,1261.1266621968186,1940.078626116135,0.23569181546263726,0.01762539244438456,0.7901824567995579,49,0.0,0.007765136920909294,1.3280159309268142,-0.30800821218863433,1261.1266621968186,1940.078626116135,1094.188690067467,0.0,0.0,355.483579081547,15.692621129966,77.85425157714326,87.36967171504614,90.44446273954763,76.90806056962015,75.36011203828971,73.17561237508922,75.03615311924277,99.25733873842279,79.68341680088145,90.20561798208504,82.59976958629775,77.86461380828993,83.66475053340392,24.764858484107283
864,2115.756346263935,1939.3359840813798,0.3775877542015463,0.6161187293187355,0.044066520936230646,49,0.0,0.013934144746914649,1.8381018944430396,-0.6609239566455993,2115.756346263935,1939.3359840813798,1281.600702689232,0.0,0.0,355.11369941967865,15.692247719850391,95.93520069689868,105.22012193472825,79.78862181851888,99.02836673547182,84.49206442208276,91.45558151938158,107.33949162656371,110.3640253676397,106.5772360497864,77.18407574001846,94.18033284477593,104.34461539205398,99.61428316321721,26.076685378094794
865,666.4290823806954,1939.5317641008207,0.6761349021477797,-0.16629471315941383,-0.1103602814350931,49,0.0,0.03285637048868344,4.160007435104522,-1.5477352670848743,666.4290823806954,1939.5317641008207,1308.6688028196631,0.0,0.0,355.74095577173455,15.692070941832256,107.24405394884954,108.29097814794167,99.86133797595457,96.50184051155443,104.69974663930942,114.5212059422318,94.28636390199586,82.55505905849331,102.2936609045797,105.65109232487075,104.42615124176562,93.8383957445726,72.36184221947435,22.137074258069482
866,1285.3220486353302,1940.0551663867411,0.7136810855346719,0.0870436513247639,0.021770758322542223,49,0.0,0.02932722401449851,3.5308521141399547,-1.3696988199924438,1285.3220486353302,1940.0551663867411,1250.7433562661035,0.0,0.0,355.4731074404549,15.692618096139732,95.03656945884948,109.17309791825988,83.43376780906237,110.18978476618453,90.47558119250664,90.48618845296446,103.19626898481206,84.58709074361946,77.9958621766408,73.68165710710821,100.6232299747847,95.99983876991449,99.34738251960837,36.51703639178794
867,2284.934548887227,1941.3742703587093,0.5843361468462601,0.312515805520948,0.22585055664401132,49,0.0,0.009633068311628227,1.1511342295482254,-0.15281492018042742,2284.934548887227,1941.3742703587093,1054.2463623730432,0.0,0.0,355.04047994593617,15.693010603551945,68.66599759851219,92.92380130340334,53.82461202632912,81.69178283746713,101.94905816870738,74.5883877243272,61.057170014718004,83.54954997790597,81.70229246446942,86.2723868845132,73.9605226919676,79.31298125531987,89.48145982468941,25.266359600713226
868,2277.2244991458083,1945.0504262246259,0.9479622146038309,-0.01346680289347992,0.24588254864077422,49,0.0,0.02980348905502154,2.880002848723623,-1.1484822933428152,2277.2244991458083,1945.0504262246259,1270.7666235464274,0.0,0.0,355.0438145750127,15.694546772658107,88.77700121358994,115.35425871831593,81.07080982148148,83.3394515182364,100.126027519826,100.97301019591826,86.40207655157303,112.4111480548269,100.39415981980895,88.24068294071202,76.67023527816318,101.65790719205731,102.61744887574308,32.73240584617477
869,1586.7503512730339,1947.3729701608863,0.4364227665630999,0.4496815079695938,0.21709925948884254,49,0.0,0.010486049535873922,1.418117026248506,-0.37928017824042654,1586.7503512730339,1947.3729701608863,970.2665491548032,0.0,0.0,355.3426504281056,15.695709363980189,71.90022397785305,69.28852958224843,86.77382236996833,82.44046679898125,71.21840213511263,77.99725251055287,62.92980944761307,76.80684149389654,80.91192454344258,70.59977310707471,69.76242879615798,66.07004943063976,66.89544600901344,16.671578952248588
870,2102.579663077874,1948.0648747011874,0.5670659595356052,-0.05554566112805153,-0.0034890359748859946,49,0.0,0.010598360355444683,1.2510881887043757,-0.24321981004045173,2102.579663077874,1948.0648747011874,971.2931262803096,0.0,0.0,355.1193983189411,15.695890414445278,62.50394048037572,75.01025274773788,96.79708190259673,69.49469041203947,76.55167710600752,62.65639550994881,63.13294640348215,79.08923191135555,65.19683279346238,79.76422327146082,63.088325090912335,79.14562890518016,86.31250169772223,12.549398048027848
871,1970.427652517479,1948.3033680436158,0.49102053606439655,0.6002431099080573,0.398150946599165,49,0.0,0.015128454425151702,1.5788195591427057,-0.49583124499138237,1970.427652517479,1948.3033680436158,1301.4547169151479,0.0,0.0,355.1765935787705,15.696038846370465,88.53768226781231,100.08403976155667,98.8102502213369,97.24788969882425,87.58804552107996,108.89799172892842,88.04361360401943,117.26346742981707,84.71753370893829,93.16056846750506,102.1766138861968,82.71202461209539,121.17911173919408,31.03588426784344
872,1872.8675417849242,1950.3867962021827,0.619296836508817,-0.3065670387876783,0.07738321906883405,49,0.0,0.011016917922795761,1.367513098253518,-0.3398287369140049,1872.8675417849242,1950.3867962021827,906.6774396948372,0.0,0.0,355.21881728968987,15.696933611999686,74.43483199244835,63.866646139061864,66.54231215716459,87.01845093785266,73.02790679066266,57.98600237413265,60.82660464130508,73.39303667536225,64.70530103583677,66.79099486411477,72.13130115161364,69.67780508924405,56.9626526162121,19.313593229825816
873,2820.901262688795,1950.8850552371853,0.6626171811130582,0.02622310429470065,-0.7165756727491217,49,0.0,0.030783782259789835,2.749947979416395,-1.0983111959701186,2820.901262688795,1950.8850552371853,3217.6620294490203,0.0,0.0,354.8085165244565,15.696538700523691,226.06976187484983,247.5358985498354,242.15183011986718,233.14577737684135,248.9559747466521,242.9992638869321,238.88471443140344,233.89149918148965,214.90496194787832,260.55107915019903,269.8995061660323,255.26057235407393,235.42716033772422,67.98402932524209
874,1190.0663919943158,1952.4002835516126,0.5634915525707394,0.07369644463345215,0.1514260833753018,49,0.0,0.03464301937018997,4.8765686739745195,-1.7202858612996372,1190.0663919943158,1952.4002835516126,1496.3437780490704,0.0,0.0,355.5143379619665,15.697732417923365,101.9539137361113,120.1975465219605,103.73789233500351,111.90495998547425,123.6320960557923,134.03401888952527,120.98802768484657,109.24220075272308,96.1457306220077,105.06107512060646,107.81654376976655,100.5289443179719,126.57663660741581,34.524191649865045
875,1659.2792880597087,1951.4985533652625,0.6370581881654717,0.3721742733363381,0.4622004163196952,49,0.0,0.01982097436749859,2.117700668727378,-0.814661434392127,1659.2792880597087,1951.4985533652625,1407.2602255090226,0.0,0.0,355.3112594233783,15.697426955316852,104.23808644147363,117.79877581620218,106.26418200934897,101.91557026571778,104.91328173094028,84.47290791214279,102.95344884343439,85.75298515080468,105.98454988390952,120.80312904574609,119.42612499522363,102.57700595946397,120.14518128601986,30.01499616859495
876,2827.714439226777,1951.9374539919293,0.4834507249292043,0.31688901829649546,-0.34143869083643796,49,0.0,0.04546600584333069,5.190370751279178,-1.7879959521759914,2827.714439226777,1951.9374539919293,3295.2337573473687,0.0,0.0,354.80556685535356,15.69697007894471,233.1060373654564,249.16389838911067,251.2071840026132,236.80883586551036,264.162782346223,249.54640820283103,258.4418542270528,238.99648800277436,237.86334127511475,275.88605583177997,232.87546608138106,254.05699150486936,252.51364708243457,60.604767170217045
877,1751.1169079621704,1953.228856611224,0.7715185216214232,0.2268880488201386,-0.19778779979793054,49,0.0,0.01116121434522634,1.030953689646421,-0.03309789312457784,1751.1169079621704,1953.228856611224,985.5308477626451,0.0,0.0,355.271511225499,15.698139721823678,81.61560618825915,80.22998131951292,76.64040130398092,79.66103688206519,63.337875536268896,83.98365577091187,76.83589004137508,68.46920345908069,78.8682726409169,78.19795040322842,64.70635478603437,65.16067774565362,73.19768320361077,14.626258481746301
878,539.1141611026648,1954.9942113111206,0.5588585032610734,-0.013512584019200842,0.07472256125801197,49,0.0,1.409622937655878,213.25900811842087,-5.822268462359695,539.1141611026648,1954.9942113111206,29506.270645355507,0.0,0.0,355.796068518772,15.698405254478766,1978.9715745446479,2219.29482921284,2167.5130923319603,2101.5259823533047,2214.223140138247,2294.798203331745,2267.801317255713,2293.080311185267,2242.154374334473,2224.3218894131933,2247.683606886227,2220.971020307536,2406.2895179102334,627.641786150116
879,907.8745543574879,1956.6903088525974,0.44894883446109773,-0.14818638710158463,0.34060278965307256,49,0.0,0.01201096187755346,1.6393858537479882,-0.5367029581048564,907.8745543574879,1956.6903088525974,1069.8465128343519,0.0,0.0,355.6364733216725,15.699387357007199,63.88177913052626,89.04984137438382,83.49234104545187,77.13129400849799,98.37221622046818,85.43000415966135,85.118837126631,90.58580290524215,85.95338522475505,72.87997895264533,73.34547024947861,67.65528174687103,76.08462496471495,20.865655725024354
880,963.0085561416347,1957.016996568227,0.7903802843026652,-0.005312457424995382,0.2944118020688975,49,0.0,0.010486439201409575,1.0429096620754392,-0.04561672753490973,963.0085561416347,1957.016996568227,856.028268848085,0.0,0.0,355.612611455309,15.699554702458792,68.8446592980954,68.13438948079326,67.14088818351968,67.39025857771145,70.73721889781282,53.30117381864006,60.03530228429028,64.24000179225207,57.677024621434185,50.054996479686764,63.53426565887757,68.99163073746178,80.21584228095108,15.730616736558519
881,2212.937175940964,1957.4979079824177,0.7005111581674502,-0.1138548257026641,-0.022022767324556058,49,0.0,0.02289395264564197,2.7101362893963206,-1.0824778288875363,2212.937175940964,1957.4979079824177,1151.0644331757878,0.0,0.0,355.07163089497794,15.699768414197449,74.80774707559863,90.37207047688347,77.0463211086351,84.52116041622867,98.17558724473102,84.101074796678,88.82130690822075,86.04427040626706,80.73778963679132,98.7595755686886,78.28538710186183,90.2825646217203,95.80731879371648,23.302259019766513
882,1253.1863728657431,1962.0599235418606,0.8658543651739684,0.030751463150131376,0.10866240435138438,49,0.0,0.012877696922420918,1.2027681608575018,-0.20045480782686903,1253.1863728657431,1962.0599235418606,1109.188671881524,0.0,0.0,355.48702228609966,15.701777592049154,83.91340503075273,88.78808766659112,92.30419318928897,77.82395114882084,93.10525278134114,79.27717081319224,63.77548906392401,75.14478101900283,92.4006214151183,85.49266605823242,84.11749420604825,82.52168750617894,86.2143025184881,24.309569464544154
883,2633.747538580504,1964.3126301484626,0.3194066121901008,0.9953734895741778,0.44684643828743026,49,0.0,0.011013627706680849,1.4337216838839226,-0.39116213410958023,2633.747538580504,1964.3126301484626,1211.7716478375453,0.0,0.0,354.8894998869089,15.702312880024193,81.2724145732474,89.77916432431476,93.30527503512978,87.88635904630928,76.41120605859133,85.75212184991781,92.65213016424039,94.0763932178932,114.80255070845196,85.88196917999352,95.71573967707424,80.82179784383857,107.4613864641567,25.953139694386287
884,1642.0287444523242,1964.29848461082,0.6065391239816393,0.16671202282145564,0.18491435080716567,49,0.0,0.01468767658313432,1.8280113673036436,-0.654947230056207,1642.0287444523242,1964.29848461082,1054.066960505207,0.0,0.0,355.318725118234,15.702760960470757,59.155039234066365,88.96356524361161,85.17108768219754,71.46691477458293,95.27048275395802,91.26796689408849,84.14636160188375,81.97580294155375,88.65001740656453,73.60069502843149,74.61698858360921,61.86552761710853,67.7320298214355,30.184480922115227
885,1371.2398253885779,1965.1452110071357,0.5819026488115363,0.14720213930385662,0.20609517173557512,49,0.0,0.030388645520859403,4.152343135803628,-1.5457330874312958,1371.2398253885779,1965.1452110071357,1373.8362959511555,0.0,0.0,355.43592765829226,15.703092107516325,107.70443173955584,107.46250675127682,111.99314374457303,106.3112190744382,113.79891668091409,94.14258864686664,107.04496105128077,91.14671943596156,85.65460127874313,93.46869131347195,99.75474293583082,100.06232334433994,120.21105278563063,35.080397168272
886,723.3671682058159,1965.312996470222,0.4350517169765699,-0.3739913894667475,0.14554221388389887,49,0.0,0.012304723573393425,1.4500408093447836,-0.4034505625251081,723.3671682058159,1965.312996470222,1210.993034316501,0.0,0.0,355.716334121449,15.702856708055107,98.53760379724079,86.98973326500574,98.76200520931528,87.49821883506849,100.67805669999474,102.84124878299224,75.59451369381588,85.64689412393842,76.92517994034824,95.07373875973596,101.13685738155125,94.0733570736239,91.39875371327813,15.836873040591989
887,850.0929193655345,1965.5656438655121,0.7748433240313707,0.053133047618601444,0.22611658897039708,49,0.0,0.06175226678586879,7.22732418594273,-2.147443839233209,850.0929193655345,1965.5656438655121,1749.4378039276176,0.0,0.0,355.66148699479453,15.703049822730586,125.57185841096185,120.50429981039488,130.42871245583743,122.3417137785506,130.16910188881803,140.0718133109841,144.2596063602461,156.92673354541202,130.29672661883382,119.30188402262833,122.4101651692535,133.4127893902113,143.82387344913894,29.918525716346743
888,1276.4432568128477,1967.274496344546,0.3875900106300127,-0.3444459166303056,-0.18724203436453019,49,0.0,0.008599441888468895,1.033779760141339,-0.036070062699274846,1276.4432568128477,1967.274496344546,1138.6656774490898,0.0,0.0,355.47695786672347,15.70395695904501,84.95814991748011,93.23882076897921,70.88805972225165,85.69612099372637,91.08204251843462,69.39150462900778,66.39180372568936,87.74988333604585,99.04725633362686,98.73793749857953,86.36937156145515,81.08351228470508,94.98831845946924,29.042895699639047
889,2665.197200504802,1966.9744003682702,0.30348921082247377,0.6393165610807132,0.3150981399248987,49,0.0,0.010948592237555356,1.9026133676750336,-0.698376359386849,2665.197200504802,1966.9744003682702,975.333097039851,0.0,0.0,354.87588625986393,15.703393806764105,67.82503856592616,75.30706415423327,77.08625319132436,68.29787022566322,78.30966532316005,64.6704665590706,78.69129337168371,85.42738183166506,72.4406227514155,62.4633819711207,88.87047262280825,74.36081811165438,61.27577321180878,20.30699514831715
890,2821.7783437095477,1968.5197276656827,0.38619187873522537,0.2821579694336982,0.08061892670877903,49,0.0,0.009301828286209584,1.31831047691931,-0.3000442588270487,2821.7783437095477,1968.5197276656827,1046.4060184996472,0.0,0.0,354.8081180736117,15.703885206602168,70.31195531802973,86.4961106092114,63.68516887081428,87.48846198499885,79.27442076456738,71.80987766396777,95.38605433786472,63.89958710366907,64.0590229491108,79.87872353680498,79.90636229197646,77.96497438981847,100.4790863945629,25.76621228425035
891,1041.0122986067472,1969.1549847712313,0.5096517301653658,-0.10233613031376879,0.08638411521539763,49,0.0,0.02070351186751114,2.9221275053139486,-1.1642479054896366,1041.0122986067472,1969.1549847712313,1229.4653990845645,0.0,0.0,355.57885712946313,15.704651877108494,95.2810261884361,108.1114379975329,79.94861989468703,96.26880972297968,90.24204564856859,81.95760014307024,84.96905705362437,93.38100934425728,118.16773009859686,84.80357144180091,86.39394171368836,102.08309025569284,87.43029380798167,20.42716577364772
892,1256.4564895013582,1972.074351379737,0.5093770141677977,0.11662499588268256,0.11016215586997288,49,0.0,0.03083348692946341,4.494281772426546,-1.6316507434019294,1256.4564895013582,1972.074351379737,1478.2584262742398,0.0,0.0,355.48560995512923,15.705951189481258,92.85377799556373,108.71449079415325,107.93131112805192,85.30517709854479,122.5484248042909,110.29319853392948,114.32174875096945,126.53653826336054,109.54534721042154,113.5860124692829,123.2742754865402,102.6187832863042,122.30884150687754,38.420498945949454
893,2219.90604199198,1972.712777770172,0.7384418059288311,0.20373444869667423,0.2411739687759731,49,0.0,0.10741731737002617,13.613593925472838,-2.834931980157165,2219.90604199198,1972.712777770172,2313.224519839229,0.0,0.0,355.06860648649246,15.706104173744396,149.35163950800433,158.82851049938836,177.7733951365601,172.40447393242192,197.8357066534108,160.60786812381303,189.10938748794106,175.7899945165199,173.20101009223353,159.6166319584801,180.44552627578258,188.11793338963395,183.5202330865857,46.62220917845329
894,1777.3447854709966,1975.2908694601012,0.6303763670203546,-0.005118147790693786,0.36251971353630014,49,0.0,0.01808911440514758,2.0485081694365372,-0.7785942506400785,1777.3447854709966,1975.2908694601012,1186.0541966586643,0.0,0.0,355.2601561652874,15.707328497579041,98.80857577029136,97.6251117573049,85.7410901350996,80.44557688217684,77.84651927003586,63.525798315890725,105.7739570588183,103.15466981134246,88.41625650906596,76.07288334845934,84.25999127254637,90.57710802041305,100.52960639767298,33.27705210954656
895,485.12604053736965,1981.93212300326,0.6646124052762941,0.5155761114639655,0.17786382384123536,49,0.0,0.017227318368145398,2.0675618035341063,-0.7886462508609239,485.12604053736965,1981.93212300326,1053.0848995867364,0.0,0.0,355.81945989505437,15.709578868375315,67.06516816568688,90.18397642426048,82.59895085823206,84.60471050924261,64.49397435728912,78.86313022410424,67.45796169235194,85.43051240547118,81.40326187138626,76.93224691079232,84.54375943486939,70.19030805749867,97.36460589588216,21.952332779669135
896,1277.072988647757,1981.5229202762291,0.32964306790209447,0.21733999259466122,0.20721223313774656,49,0.0,0.011176878173308296,1.7227305693787969,-0.5905434005530761,1277.072988647757,1981.5229202762291,1170.5723663888393,0.0,0.0,355.47668934672555,15.709893914441409,80.51537405408631,80.76577250575383,77.91567926509035,84.89614416253809,85.73374175567857,88.09338951095997,91.62142090457613,102.8826792260142,84.08176653920987,101.90602592290173,79.30910768037032,85.68123494290637,102.46063472451848,24.709395194234933
897,1851.0416791712687,1985.8729908388511,0.6275858405454091,0.025010485670332757,0.436161378907451,49,0.0,0.009258699622573271,1.018010845673209,-0.019381012268392884,1851.0416791712687,1985.8729908388511,889.5175763714326,0.0,0.0,355.2282558316395,15.711724253485272,56.25324736385201,71.23104766517348,55.098215093454286,59.28543052078176,58.41061083882285,75.59565903318348,66.11184201439528,70.09374421787143,66.23411242345067,60.62347759733174,84.4638647160014,69.62014774494928,78.56353125927515,17.932645882889926
898,374.0234779505174,1987.9166281266025,0.7020055304421313,-0.3312707977622171,-0.31614550534920066,49,0.0,0.024666303966354268,2.8002420877376117,-1.1179889469481905,374.0234779505174,1987.9166281266025,1304.4623458695824,0.0,0.0,355.8675515320592,15.711961421573951,97.27611525472949,99.25736461534817,86.2299164071334,84.59692769205228,99.27286733803197,102.97542998512327,97.68401179236683,104.6673507799046,92.97382567281883,104.91145517966235,101.30037787299273,101.109885149382,110.79616249182138,21.410655638214976
899,1155.781038035442,1988.7211826409232,0.6031233088900849,0.14245262755579452,-0.5201333480331721,49,0.0,0.01683226439958189,1.9092032477394836,-0.7021304111794409,1155.781038035442,1988.7211826409232,1228.7873815980831,0.0,0.0,355.52919094600423,15.712853447153396,86.3566498821327,93.810131002171,83.19840822133358,80.68513891345066,85.14809833758355,111.07239369497215,94.94105882434845,96.19419564665198,102.03622400994539,100.64858062573548,106.13258452175319,83.7139341758133,83.66658502730095,21.183398714890625
900,347.2469511436738,1991.2885509723335,0.4815344959493378,-0.12350582147181952,-0.41283359559698046,49,0.0,0.030176474724675554,4.038947010656472,-1.5156703886005998,347.2469511436738,1991.2885509723335,1667.9663990449535,0.0,0.0,355.87914415172554,15.71333801875742,132.3505798830047,126.27530842881221,109.0211267548875,114.04598948360939,126.37718960950343,135.29441044414017,140.2607601012918,131.64729579926336,129.94669060813152,119.23236420959675,130.38978051141436,117.92528064187826,127.85321477538002,27.346407794040008
901,169.5647210329145,1991.5122109210442,0.6628336206748702,-0.1868904745844688,0.5596027437911908,49,0.0,0.00995598456242694,1.308230473225013,-0.29171065284625436,169.5647210329145,1991.5122109210442,9799.915581544017,0.0,603.0359268178263,355.956044886294,15.71322793899838,1167.0613107437134,59.978817500498025,231.81806743511385,386.754994418104,1987.2515608598046,96.37710166911984,51.060686573262544,4107.417496497219,51.075161305605334,728.1308975148215,419.9184823526918,74.33111340427055,411.59252893834514,27.147362331447226
902,2930.1160840591315,1991.714824475236,0.36800707061887056,0.062069983228796616,0.1775720871581945,49,0.0,0.009170252364241904,1.0487749866082878,-0.051705802093281884,2930.1160840591315,1991.714824475236,1148.6041150048045,0.0,22.013879968413004,354.76120441051364,15.713431560936117,79.7407559862703,82.83712749965377,84.56852067197588,77.49335546656584,87.61589034319971,68.2218427739356,70.43876727181632,91.76037574112375,81.84082105992795,72.68911669012004,92.21718065173877,141.1087913361976,93.82292320389845,24.2486463083804
903,1352.6105412700745,1994.283485813331,0.45262933374851483,0.09587351366385911,0.21270901439499917,49,0.0,0.008683135929483126,1.2881567797347766,-0.2749218090153019,1352.6105412700745,1994.283485813331,959.5694848589217,0.0,0.0,355.4439970776889,15.715229155527595,56.84387332505101,62.91123813074782,65.1332769817965,63.56414302247626,79.78635911706411,66.20020689857391,75.51420113847249,60.39626048219101,73.17531302864325,69.95658575713946,89.09583383085244,94.95039148041357,81.12247791221253,20.91932375328726
904,2485.5412454922034,1994.372152246698,0.47278486345314613,0.3239691635289935,0.26998835143049077,49,0.0,0.01974963607277579,2.539141026466487,-1.011717056748411,2485.5412454922034,1994.372152246698,1285.5528003355535,0.0,0.0,354.95361962845897,15.714958391593536,80.16446713330865,77.47716657641452,93.36932343783553,94.75157977437749,82.09814649637876,109.16161535560212,109.65418495141157,98.46166542993267,98.72532075523046,94.76349203691083,99.39430026547416,104.93003931788672,111.60203226565369,30.999466539136304
905,2978.719063459749,1994.6625555725338,0.4201135710390037,-0.12723068044730415,0.22500609713025205,49,0.0,0.010640544117962912,1.2368379176993523,-0.2307819773249587,2978.719063459749,1994.6625555725338,1353.3141298588935,0.0,764.0527390700408,354.74016561059443,15.714603614444902,88.49326277568548,101.30661498597226,80.7907951007433,103.04673922203628,88.42964327977606,91.93705006477057,97.2431404672455,119.58194197476826,126.45887898594454,119.29330921879537,97.24928993781171,115.00177618293675,97.48539719741649,26.996290464991016
906,1037.922634583358,1997.5795749876931,0.5575499406131678,-0.02061319641645879,0.1537576949201386,49,0.0,0.01890453424557154,2.6737498004158304,-1.0678019129033258,1037.922634583358,1997.5795749876931,1162.797955049375,0.0,0.0,355.58020840054155,15.716493780912103,69.09881319757235,92.54586212151031,82.33473579681792,90.07854299064832,82.40522883497269,110.7370765497455,71.01028807762478,86.3445341178529,63.603234837927346,78.25476178033551,86.81723655586222,108.33214527352962,109.58505718547569,31.6504377295
907,2407.9632132589063,1997.1294924307954,0.5947353894805439,0.46797516498945796,0.05527401654147369,49,0.0,0.013775964107843966,1.391022319772801,-0.3583352463970762,2407.9632132589063,1997.1294924307954,1123.1305448105713,0.0,0.0,354.98719556062684,15.716163221889662,72.22165551243518,75.10548868287688,65.86839010239231,80.14292749233189,103.74612261231897,73.53441465919755,86.22268183430808,80.37153629731799,85.45596110863141,88.52131549778527,84.28550265115292,96.56571249175083,102.81860657326649,28.270229294805546
908,1635.2021352033485,2001.3174194613518,0.6064287829790719,0.09880865336810102,0.1312168976017805,49,0.0,0.6513173999992494,94.39024892757578,-4.937317828550235,1635.2021352033485,2001.3174194613518,12935.145205574194,0.0,0.0,355.32167867501323,15.718185618466771,946.8718398064366,968.1756168624202,924.5737654982893,972.0775581662131,976.5608751783087,914.6647616794345,1003.8626435652426,999.5737629994635,1024.1743478737435,1026.8131526100988,981.7648822961442,966.700925973354,938.8764329149847,290.4546401500601
909,2971.487664856939,2000.3125437023018,0.6573461416545799,-0.09862318468358737,0.40858153413033743,49,0.0,0.014528196323564063,1.2962278267195242,-0.2817033510419835,2971.487664856939,2000.3125437023018,1492.196734708115,0.0,746.5604792226154,354.74328855897494,15.716966104189211,94.99553641980876,103.44316310677172,96.76655134612147,87.62818645939097,114.62271391767592,102.25154102475295,86.85073746237896,118.86642725190725,147.2869976897377,130.20526284211732,131.33727063216634,121.25948375517174,125.0985633935802,31.584299406533564
910,1288.549594804436,2001.7483510520171,0.5020081250446206,0.13666559104113568,-0.0318810882621183,49,0.0,0.009519022998258757,1.1232326167213629,-0.1261742653128748,1288.549594804436,2001.7483510520171,1109.0744817853306,0.0,0.0,355.47172744504263,15.718324193075457,73.95513420796546,84.24505107076405,76.99732182637395,81.54523519602776,72.12696361902091,82.75396110425413,93.51909002844747,80.46600277141276,79.90823177562348,87.12896609702058,94.72302469906134,89.30190894616294,82.61538915199043,29.78820129120522
911,2134.7089168022853,2002.8343126466095,0.5917157329005329,0.40701175024648556,0.7421659846792491,49,0.0,0.01746876455966929,1.8924476924610698,-0.6925597109329638,2134.7089168022853,2002.8343126466095,1245.4515635296148,0.0,0.0,355.10546720434127,15.71869648320174,101.11512801061625,92.73096674265648,85.42004730680881,98.19536755222856,94.05121307502714,96.49228061688602,105.88771914017354,91.06572985949549,71.54171313192886,83.79536953507608,79.81081740514882,113.47681021910779,110.84479636156793,21.023604572893014
912,1117.006917887244,2006.4150367682948,0.5978359333917805,-0.1809404455568667,0.3850301715733307,49,0.0,0.010911196547645984,1.1875712036085113,-0.18664914554691125,1117.006917887244,2006.4150367682948,1027.7048867083972,0.0,0.0,355.54598122830544,15.720210435958272,74.61226308890686,80.24251647992907,81.26804758922725,78.65096548635931,66.39930722428554,87.84963950241155,87.84287179959782,77.90542897676599,83.59609176436686,59.68452761285137,66.43629082473907,85.1986723193079,75.22454990093728,22.793714138711326
913,2691.5821448515153,2006.4761910818845,0.42085958737588647,0.24814706616420676,-0.059282659481544556,49,0.0,0.007834856907042108,1.0093871511543526,-0.010144430362407725,2691.5821448515153,2006.4761910818845,919.4422098371704,0.0,0.0,354.8644292809565,15.719827971260198,50.59777701988594,45.67363175869136,76.0807914278445,77.90907443663656,62.82275337381678,72.27012876687121,59.03571615513345,81.0657596398928,60.78532603927162,68.03313694925251,71.93250414346466,83.5315732581794,84.22758697271078,25.476449895518826
914,2786.697832882357,2006.6163829386032,0.4779044858810922,0.4086972340996703,0.22346353471932215,49,0.0,0.012389210669922743,1.5980468369782301,-0.5089737596337688,2786.697832882357,2006.6163829386032,997.4084063023782,0.0,0.0,354.8232608313854,15.719794023287507,82.00527991725748,68.73494214558053,75.88188128549162,65.4809800791486,72.13993828472667,86.93029015340778,64.21538159868938,67.98044318130893,70.1937874086783,89.19384048034273,83.41897103568388,73.18977516818259,78.3001241296266,19.742771434253182
915,2569.390697611865,2008.9472974705295,0.5228927739486172,0.0688583379163378,0.24504373954671496,49,0.0,0.04702109423197516,7.090275811970687,-2.126657823954524,2569.390697611865,2008.9472974705295,1767.0828667051674,0.0,0.0,354.91731522003465,15.720964891674319,142.11255038196822,134.16053436134905,114.28017645408241,125.30536545753903,154.6557959439221,142.18456035799704,126.59745416836219,126.68724473692686,122.99614315261809,132.5617210173054,127.72294391229266,129.08119681755127,161.9913807813344,26.745799161918807
916,720.3362622635714,2014.7765464610388,0.5941786203031992,0.006752757900745207,0.07502181004127313,49,0.0,1.1734337662858483,172.49889615905596,-5.59196580079041,720.3362622635714,2014.7765464610388,22830.888515691164,0.0,0.0,355.7176840631628,15.723463631491082,1617.2317638623963,1719.077615921775,1701.2079518325233,1638.3629627688651,1685.290226531428,1696.044626267204,1766.9166498415934,1817.4296203489698,1714.3438642170754,1722.3552834292686,1739.5469380413233,1788.0625831595366,1761.1941199966523,463.8243094725534
917,604.9985702887111,2015.897489998882,0.5643110485452544,-0.31144201511109226,-0.46224271818770923,49,0.0,0.009797351318662323,1.1315190216304698,-0.13415464786940698,604.9985702887111,2015.897489998882,937.9143088967296,0.0,0.0,355.7676079296948,15.723838406218517,63.14944670960801,66.73693385751027,72.53650434239991,67.17533763182475,72.40527530869713,79.51922784794118,68.02108219353437,73.49659160066383,80.30870676285662,60.975214691438396,78.9234515827736,64.81525258594638,69.70533667138433,20.14594711015078
918,2719.7509880882685,2024.4552256946947,0.3563484608341526,0.486237623277331,0.6895559959618527,49,0.0,0.0102555013914046,1.3312449144558829,-0.3106449042988799,2719.7509880882685,2024.4552256946947,1009.9993568140834,0.0,0.0,354.85221944968697,15.72729235174053,71.92172280553052,86.54027120666319,72.99592726393482,73.2211764980167,80.21053636348509,76.7498622686501,78.36345772408265,65.49627094420266,62.33500731314432,87.94485383954125,73.65532816890844,81.9538960563807,74.52726243680615,24.083783924736718
919,2106.595530219278,2025.6925592919672,0.36235519039999886,0.40688760026900106,0.12054937148049745,49,0.0,0.007506559952860975,1.0640939574239512,-0.0674499425225579,2106.595530219278,2025.6925592919672,912.9553792141626,0.0,0.0,355.11762581916105,15.728233067085934,71.13706050166275,76.54985196643712,58.189271651129715,62.71541486149519,60.76073018083385,70.16876712379018,78.00060346530663,73.85190613829582,63.393423444397975,63.246171776074505,71.85656417044306,77.90173435874001,60.594215469374944,24.589664106180866
920,174.22476417967482,2026.6653404891322,0.24106195497990798,-0.39506804374061144,-0.12469481561030432,49,0.0,0.33068171707142235,83.33589518786334,-4.802080262346466,174.22476417967482,2026.6653404891322,63767.20286797287,10.241743433426631,598.1344813124628,355.95407200902383,15.727879772583991,5052.796183588518,5710.989811868332,4394.490660613717,2680.4231264978825,4519.99447530854,4750.970294501252,2580.9827373722633,7732.999444541613,3955.8347456368188,6019.9941944712955,6699.063741713249,6113.892630494492,3525.592367922683,29.17845344220836
921,191.05981229611152,2029.0187587227394,0.5191564804881139,-0.33778291951446404,0.004168325570246694,49,0.0,0.4954416099828106,69.3306255862823,-4.602312797390215,191.05981229611152,2029.0187587227394,46050.41387225072,111.27884254522672,828.3618181065169,355.9467883114097,15.728880664448736,1342.8938643022864,2945.659762026925,4126.1893468165645,5126.674532034822,6325.7720182646335,5900.360603628847,5495.371644929097,6914.308803271565,3240.2528680122177,2877.6738202948836,1397.651007205802,254.6481624264428,85.43449864131252,17.522940395325847
922,2534.621768821001,2032.2227130465408,0.6025259190357938,0.2982637645983207,0.24861948306291334,49,0.0,0.02678366442956354,3.549927742145228,-1.3755487829849344,2534.621768821001,2032.2227130465408,1269.1553445845084,0.0,0.0,354.9323453791019,15.730690865145828,81.86029077534968,94.31099814698251,89.02921352386042,84.42317748968595,108.82765185164169,107.13754476236764,97.19195582499876,101.56994163332027,94.97526137045114,89.6069611341974,80.70585516324863,100.22645622929127,105.08896753172402,34.20106914738892
923,2919.8433700554606,2031.6815763278532,0.5847176066648302,-0.2323625128987689,0.2246696833957276,49,0.0,0.020759412163467602,2.540205408758431,-1.0121720910413932,2919.8433700554606,2031.6815763278532,1307.9701393014302,0.0,16.734826338982636,354.7656042080859,15.730094997066429,92.16905404956708,81.57932037380056,89.29103398533883,108.42227823098014,87.6368175673916,96.20397472364763,114.9855400730687,87.09929715051695,86.93393417895052,116.25305123101276,105.44368713638954,103.41283307589514,104.31712546658247,34.22219205828834
924,1937.3321026450587,2034.459581735099,0.6406305129176131,0.5555511290544274,0.38850625421827667,49,0.0,0.02199323442994271,2.6020770376711657,-1.0383003755871822,1937.3321026450587,2034.459581735099,1186.0119083487475,0.0,0.0,355.1908919401065,15.73194681979176,67.17989926030815,70.52737224973112,85.68549362144708,104.97532851459286,87.85015596265916,73.49220253571711,82.09097339145379,106.36312285208268,100.11838342026645,94.07249038392439,93.75814332662893,86.9783115681969,103.04614232891272,29.873888932826247
925,2062.743308498009,2033.6616430948693,0.4960062456290111,-0.5766205952924296,-0.30544691905609617,49,0.0,0.012418302088995557,1.352065969527886,-0.3274947051659992,2062.743308498009,2033.6616430948693,1117.2699530845266,0.0,0.0,355.13660475086516,15.731571583542504,87.56821502103053,75.74992568676791,82.651003750862,93.98114135384088,102.6957864436997,71.33734296897724,87.09005228507218,77.2251387901766,89.34018004663139,79.94464029754575,77.73493079605912,100.4153341789281,72.05657609257264,19.47968537236254
926,169.41179998466592,2035.8311504117178,0.47176580067666457,0.555922424037841,0.25276531475843245,49,0.0,0.4951753937706658,88.77033345704443,-4.870669628169882,169.41179998466592,2035.8311504117178,32885.39036223334,4.963781454224845,365.0112915242227,355.9561666694574,15.731692732903012,7746.82598402577,1620.6999609121121,4584.228531655633,3878.3236865303115,2838.1199388254845,2061.8156872490945,1487.924458282692,1424.3038365215746,502.98450568393264,342.07957415685155,36.11445780365837,1166.9272607382788,5172.087221934948,22.955257912999897
927,190.2516417071103,2038.1195321546622,0.48502217113920476,0.5811527349891238,0.06480767947063795,49,0.0,0.9037305465845665,173.6853586187681,-5.599408024254167,190.2516417071103,2038.1195321546622,43843.1579409334,192.158617841232,836.7332461578146,355.9471493608366,15.73267142869413,4219.138467488492,6793.9065656583025,4513.604564873005,1811.1043123819504,2232.2310647106706,6574.363155343322,2449.6129964092906,3429.164479501299,3453.893635344528,3793.074348536995,3659.634913455676,339.67282323580116,548.859406589224,24.897207404842852
928,1332.270317590752,2040.0038062883273,0.6729909534737251,0.14679134988121165,0.1742492986656899,49,0.0,0.14705104568895028,19.456880769823936,-3.222683043963159,1332.270317590752,2040.0038062883273,3354.7906949424832,0.0,0.0,355.4528119572194,15.73427459977381,223.11723901023942,236.08607387689972,248.03369507912038,255.82983708582287,261.98943735568344,235.09884424054871,248.9792359545787,260.03128663077973,258.8110679809962,241.87582839358885,274.89736408052704,284.3214665504416,259.30765514612847,66.41166355712808
929,2119.7087265147584,2039.7389104681022,0.4364730769949314,0.01915749502811212,0.09907151266053549,49,0.0,0.020858062307459353,2.4454168553141926,-0.9708822532621955,2119.7087265147584,2039.7389104681022,1509.8065507291064,0.0,0.0,355.11194316935126,15.734079874248003,117.64721971769261,94.68925678123753,119.72573318081135,119.58288542167755,110.00310666976739,118.34211893420515,128.25877003237866,132.10328189667598,112.09717791671771,100.32439012888622,101.65399919600773,105.68184636106682,117.64772833020385,32.04903616177779
930,148.26492376648147,2043.3434016678782,0.7028909776158105,-0.45870684872344925,-0.21594482241427526,49,0.0,1.7659254161890654,260.3917716412387,-6.039068141106878,148.26492376648147,2043.3434016678782,58224.45223220254,0.0,102.07847944127099,355.9653292349152,15.734796599562264,10689.658962137084,8340.200050000833,5880.3983444459445,6280.585465407785,0.0,6545.014977850585,8724.324627342718,4301.844867922331,1160.3763203412796,1335.1994647163956,3746.4969052020338,985.4276974182997,124.48587799638932,110.43867142085661
931,1961.7039799545114,2045.21193973147,0.6303350078316837,0.7562376160935991,0.3606858198285874,49,0.0,0.019305265492784173,2.184476206433666,-0.8483682967146321,1961.7039799545114,2045.21193973147,1251.1150267751082,0.0,0.0,355.1803385081605,15.736419646270233,101.93554523568416,80.04873696683642,72.548959036084,105.22412473550612,91.19025756247251,92.07634290207989,93.53019965158751,86.79669972117753,86.15201456314817,89.76615588355676,95.06312094175827,112.87767732221343,110.6799933336344,33.22519891936908
932,1679.6694046691098,2045.8398522812047,0.7347783165059752,0.573863718317203,0.552733004216055,49,0.0,0.017223390498912913,1.8012928059244675,-0.6389607862982044,1679.6694046691098,2045.8398522812047,1085.9340945494541,0.0,0.0,355.302427885749,15.736734294089946,91.29010667456798,86.41457874847751,62.90899271380326,47.75814998061033,86.45601037556438,73.26376126468072,80.380944723815,97.3117126117487,93.3370333861242,75.21863879951901,78.61952742030627,90.299341303989,99.13825173013733,23.537044816110395
933,1933.2295805970518,2046.479917844692,0.27597603797784415,0.01878111708057816,0.08947908390350516,49,0.0,0.02126670125953796,3.6455267909764624,-1.4044007355331183,1933.2295805970518,2046.479917844692,1492.8581965686585,0.0,0.0,355.1926643218676,15.736956398371813,121.50001210924407,113.03460495852684,119.91027143645564,96.9089562010367,102.88741941030844,97.83564081199117,121.37884569169624,112.24547000319615,106.48375274070511,108.1379583323527,121.4670716699836,134.30133323953612,106.53469454876527,30.23216541486032
934,184.8961178969221,2047.0985802825978,0.21897967529675136,0.6843979221485903,-0.11249472051178465,49,0.0,0.5316837670338885,137.9581676910807,-5.349368543990897,184.8961178969221,2047.0985802825978,44225.80636528699,236.77476216004052,715.979790721112,355.9494785574681,15.736405988189867,1719.1539685954613,4980.062080026131,3327.140945459964,4945.655332467626,4169.9640273222585,2354.7493145380186,943.8002262935498,3629.66551809371,7585.6870510545095,5155.815791368152,2176.5925904353044,2442.3065878440016,768.3308069953758,26.882124792925378
935,531.6033331756053,2049.3261076352037,0.6385888783283346,0.08989199987569979,-0.17715360820073778,49,0.0,0.0180086396456306,2.1067964012048557,-0.8090564195783703,531.6033331756053,2049.3261076352037,1092.0724453440869,0.0,0.0,355.79940746560715,15.737701782264908,70.80123474151799,80.3257696478383,78.78879605161009,67.59418949105816,98.88077946721437,93.65336389344253,76.49079997673081,70.91458542096467,83.23324702040071,96.14962127236367,87.66983887006751,73.56710284440253,96.38439474874536,17.61872189773026
936,1836.3298603179824,2048.5774655487185,0.58478068208694,0.03272154290325311,0.12911417492172972,49,0.0,0.09585128510879538,14.17159220414176,-2.878546616907739,1836.3298603179824,2048.5774655487185,2515.065148039402,0.0,0.0,355.2346106715824,15.737853885704526,164.41541574741615,193.82734777167377,176.2210693046776,208.9953721566505,176.16293368750718,186.19474839157857,205.21255340287058,192.3784196401046,208.26490969204667,168.39404904308157,209.19450431847244,175.7814828489415,203.5520344647187,46.470307569662104
937,2152.9290365750603,2048.612038193948,0.8863656830856531,-0.14922149210360558,0.1635463489617999,49,0.0,0.02043800248304283,1.990084710623557,-0.7471789078249753,2152.9290365750603,2048.612038193948,1034.99291799215,0.0,0.0,355.0975585431877,15.737761745284583,69.6154052614865,89.22927332483383,66.62173197551913,90.17205656628772,78.70991276333578,75.33281517542329,74.72477785259659,85.74874480707479,76.64497758666327,72.63625450396735,72.57344117263202,81.75991186187652,77.28227040830683,23.941344732146504
938,1263.3113509500768,2050.6911065773197,0.5655796991928657,0.2139367710706975,0.13891189856498193,49,0.0,0.014468566151839309,1.6551625864421984,-0.5471016522680746,1263.3113509500768,2050.6911065773197,1171.1730771920832,0.0,0.0,355.48266625766934,15.73870976076693,78.46573927717174,80.8660846392049,106.94064253495605,81.85470139848061,95.0534738664508,83.09184112965121,92.52480938844934,82.80805855290303,91.94658530770815,94.78956406071079,94.49575349574863,79.51092072930214,90.96042595963729,17.864476851708524
939,2395.2161580244906,2051.0137411082674,0.5674205392930184,0.4094579865525287,0.4733374972183673,49,0.0,0.015381181715168349,1.907327502268849,-0.701063177576068,2395.2161580244906,2051.0137411082674,1074.1307477055902,0.0,0.0,354.99267534286616,15.738623081247557,74.46583037836113,87.76043298264705,78.36929467821061,71.75003251230123,81.65118361687928,78.8924018071111,79.67373849624056,89.97022821120251,66.71680114349031,68.42314077354143,98.84963111753848,97.65274800554363,76.81509309026912,23.140190892253823
940,1060.370310645247,2051.955223401294,0.8172434594428093,0.20409101051017622,-0.00433374317057773,49,0.0,0.0232925707837411,2.459164257248723,-0.9769688448584577,1060.370310645247,2051.955223401294,1193.8632095371138,0.0,0.0,355.57051789394313,15.739160449563398,91.5934284638434,92.75249366518423,88.03836421776069,88.83868481498448,88.98887728803983,71.25482728715669,68.88452302160788,97.5789825229822,81.4589183114238,91.32950174860764,96.58690453424657,94.47536989429415,106.8870483049929,35.19528546198937
941,2915.1437475805706,2052.132628412845,0.9221033564894672,0.19325360265388927,0.029341474020729744,49,0.0,0.023029896135449267,1.9380832096624345,-0.7184310477846236,2915.1437475805706,2052.132628412845,1368.565814867001,0.0,22.096562469350786,354.76761479585633,15.738621043055225,104.20904910302534,104.63299790495526,94.44743444561357,105.93972021639593,99.20141665087411,114.13863108815332,94.86104883210443,113.23295544105677,88.16279441888497,112.51390680356963,103.86316494187697,121.75477393047585,87.08751185594183,24.52040923407313
942,1727.614175292476,2052.6201983766714,0.6551712318761128,0.3739747722238064,0.0483808324652223,49,0.0,0.011140602631509896,1.178810868497826,-0.1786103283512187,1727.614175292476,2052.6201983766714,929.6827331831412,0.0,0.0,355.2816723288204,15.73955518474876,78.61893006117475,68.33596637647449,80.95769434148465,73.89931704572709,73.72429037507985,75.90023697737877,60.58246710874623,68.09024750715902,60.09246015054991,76.53164839102368,67.75871063428798,47.89960399294729,70.7315077001872,26.559652520920288
943,1327.5410233594182,2054.9173181007154,0.3893113805423381,-0.6239562373991443,0.35760168074051746,49,0.0,0.009529050408262811,1.0455766962108741,-0.04838973783756772,1327.5410233594182,2054.9173181007154,1127.2924132846324,0.0,0.0,355.4548627583528,15.740487391731708,88.2928393770257,79.7682112492526,86.861802567864,82.71672197601345,83.91516329857672,71.4791442102326,92.39778100448515,80.60509037337258,78.23946262220615,98.29894533466955,90.76063464107766,87.57875324037445,81.2621319707689,25.115731418713054
944,185.3120374329939,2055.3301312688855,0.3960759088401489,0.808609234613068,0.53944683919795,49,0.0,0.3314565759707815,64.31368500627926,-4.520758485589763,185.3120374329939,2055.3301312688855,49377.9357872315,194.03942629102733,622.2246550181832,355.9493087438767,15.739836071111325,2626.0649545926153,2916.4305990568846,3818.430400359429,2747.9655395859922,6000.546659155776,6961.7588584255855,1688.8898789080235,2442.0933495952067,7967.469235061546,3820.901212582717,3560.492592438808,3807.798806552147,1002.1691953795216,16.924505537243117
945,1468.6263377540895,2055.6796922619933,0.6661107201100347,0.1725068125241228,0.1911098085815767,49,0.0,0.04104158780003528,5.421779209826629,-1.8353545697644584,1468.6263377540895,2055.6796922619933,1407.0932032713995,0.0,0.0,355.39378744376455,15.740829433041332,114.93069602255143,98.44371297869722,105.3773634322941,113.42440430242371,99.9852107646293,109.14728517312362,96.01809457221246,115.20093858434998,101.89758712204139,106.31030743753458,123.93962526745175,105.80904905330112,88.08919723187235,28.519731328916478
946,1574.739463722943,2056.183309364583,0.5093697440722195,0.4783395330015555,0.04353152790998045,49,0.0,0.011309839262622674,1.2461029765585714,-0.23888483354304502,1574.739463722943,2056.183309364583,1129.4724798341467,0.0,0.0,355.34785124223174,15.74104641397806,74.89767893019739,76.10825016371683,84.51807629783177,91.27056760644783,76.44931321290753,73.40983719832272,89.40143240671371,82.87695900640463,92.73846529120426,76.3061058052557,88.73081860878148,82.30862818735778,109.34631156700135,31.11003555200375
947,1684.5577107697836,2057.1819928809505,0.4352972142355346,0.680583502674094,-0.4252986771019329,49,0.0,0.008630246067028717,1.0251581871053685,-0.026977211007077777,1684.5577107697836,2057.1819928809505,1013.2459272880074,0.0,0.0,355.3003109514887,15.741459793587108,59.65626340447703,87.33339703232411,68.29405805201193,73.56723170923327,69.0068401925899,82.73634931521352,80.43920915195265,72.17373013828708,93.02290605816111,70.26498863949115,72.23991659279835,80.52645278477824,77.31896578508591,26.665618431603125
948,1695.7493775097946,2058.4246864451934,0.559766858592241,-0.48431498189262034,-0.30053284864024227,49,0.0,0.009484860348506841,1.0803042381681116,-0.0838651997141179,1695.7493775097946,2058.4246864451934,965.9181881969473,0.0,0.0,355.2954659774709,15.741976719756298,67.7639075137844,81.2943898049937,69.86061481861216,82.4210667186027,78.68789056906874,80.38440921307944,77.97783143339117,63.41082173168967,62.91865629813934,65.21640028430738,65.51008055646072,78.84759728079973,65.99886029983521,25.625661674182922
949,2731.9874479676187,2057.713459851458,0.3845330315129041,0.6696005676986004,0.7229990345982857,49,0.0,0.008604946263126289,1.1781065951809702,-0.17796146807274277,2731.9874479676187,2057.713459851458,932.580767375493,0.0,0.0,354.8468900261757,15.741137552334356,64.75323205607208,66.30557834677165,53.66919835481846,73.40190463934746,69.69659319494488,79.90683605711436,71.63579214511108,65.47895328493925,66.83373089832666,74.10238554099595,83.55516421027556,62.585219157587844,70.37531742806657,30.28086206112107
950,591.4333570280044,2063.4893786373023,0.6425918660238297,-0.08593887173269703,-0.33058540063036823,49,0.0,0.01138241751475116,1.25929675838429,-0.2503202135578877,591.4333570280044,2063.4893786373023,904.7279418135784,0.0,0.0,355.7735215887549,15.743655984147342,65.4593867792463,61.27717445072632,47.22028672244397,83.39249803726027,61.668791556188424,74.11862216889998,69.98264756386853,60.60565326530569,60.26429712274177,77.16356975745737,74.2629264820161,74.06819654242912,69.08544406679233,26.15844729820215
951,2088.332800997889,2063.9239913816696,0.6041973752794659,0.32682255049381853,0.1530455839922781,49,0.0,0.017470561251957215,2.1381810023368324,-0.8251111663409361,2088.332800997889,2063.9239913816696,1094.8267057041776,0.0,0.0,355.1255147852617,15.744170300615616,85.78712436421122,88.00282555213107,88.48346054301595,84.91782969008827,91.1517121537077,60.17047687800765,67.4552883988272,77.78984445037314,84.13528340836609,95.04609812745173,85.05682843907263,77.35068833651108,89.02060368924765,20.458641673166277
952,176.8767343518235,2065.9050428763444,0.40296482798969047,-0.23370757976038492,-0.7888574104096452,49,0.0,0.451604319277257,80.70018618861505,-4.767186341780233,176.8767343518235,2065.9050428763444,42880.88540071336,187.06286321792894,413.8525433976742,355.952973152934,15.744231756777829,1185.3373937031029,3596.0192984346813,2951.644015160306,5058.612291239395,6394.345017619936,4780.954793081078,2961.7444545862627,2200.7185820075674,3859.05847268038,3007.4688201869762,2074.2620512115445,2226.182516294867,2568.6336956646383,15.903998842636526
953,186.15201240997516,2065.4566854832883,0.5727053044874757,0.7463086056236989,-0.4152982783269812,49,0.0,0.49169629428479833,71.69921422860148,-4.638785990353169,186.15201240997516,2065.4566854832883,36896.93279155098,278.88930208071247,621.3283084580235,355.94895771966065,15.744056195770662,1620.6693211708484,1415.1389612436842,2036.3845715533434,3776.794669535181,5294.803475618244,4759.213460590715,3792.393897992147,2025.4637107067597,2333.169667721531,2008.4368102716867,2864.8756040659882,2887.324687979387,2064.131470150134,18.132482951328093
954,1631.697871457643,2065.4420819585234,0.34555676863210605,0.43317706789601856,0.17852693422495988,49,0.0,0.014621435162408485,2.2681316936162137,-0.8891706680459783,1631.697871457643,2065.4420819585234,1215.1114146215732,0.0,0.0,355.32319374491715,15.744904060303963,87.67455898096668,103.06886075366981,106.60308095879651,93.11341988771271,78.26854004055329,73.78796918980873,83.1917162397935,95.39108982475359,91.78602259642673,76.90376983526865,90.94025169916065,101.49221065012966,100.15208081838,32.737843146152805
955,204.28393478693562,2065.6312583567287,0.9527839041149724,-0.29931383591905414,-0.619417900582431,49,0.0,0.07062964521040814,7.438490670011622,-2.1787120565450344,204.28393478693562,2065.6312583567287,12396.012541497652,152.04251252894326,901.4319597995059,355.9411093775936,15.744150693347928,51.22048708055041,89.31496956228949,720.6327240509039,1767.1064282514426,3662.6244116726716,593.5352102013494,3109.8223926981586,1541.391868181361,157.92559098218413,264.9035731265752,243.79950789323811,79.08223104725144,92.26183560676782,22.391311142909935
956,1345.5402157798885,2066.0658743477584,0.6610385863280249,0.3196655144960294,0.2234384346368108,49,0.0,0.026916344734630428,3.164393591891606,-1.2507262409165363,1345.5402157798885,2066.0658743477584,1394.6613511792818,0.0,0.0,355.447073467375,15.745136620397805,122.71570877172783,95.53429879759604,99.46548914432395,87.64035215607771,85.69951071238003,107.72571792423493,116.70647624138232,127.27952617947078,97.7796654749391,99.64426508982325,97.2573006316845,99.67737181294767,121.65761407855081,35.878054164142895
957,2013.2431846604288,2066.67703951691,0.20272761025913147,-0.13300770683884974,-0.034779517141261054,49,0.0,0.005873251232559658,1.0918410688799847,-0.09539856494250273,2013.2431846604288,2066.67703951691,877.241898491096,0.0,0.0,355.1580201499826,15.745346268230973,66.24712756826483,74.4253169791271,72.3696716156002,67.41798487298809,62.675152463609486,45.169419347331,79.83911086073462,65.39359071829023,54.359680181907486,63.94778760487836,74.30871216976583,62.30561485491487,70.04486238068793,18.73786687299597
958,2318.0617621636075,2066.3100706989576,0.359068638779482,0.35851620365018405,0.24097624824318972,49,0.0,0.0104489574650579,1.3278391290116018,-0.3078636559260612,2318.0617621636075,2066.3100706989576,1106.2664826509804,0.0,0.0,355.0260643473099,15.745046203080246,74.04500853975173,90.67279267585178,64.81893740559313,80.89250122116484,88.88037513811024,87.70051356987281,93.77632745420709,80.09923292028256,92.83598498313228,61.76005113668785,85.4238106394005,95.72145006772205,86.17915772162743,23.460339177576003
959,149.90587507142416,2066.727885612162,0.6093707841671921,0.1677073587927443,0.6343976184506724,49,0.0,0.4516044660289773,77.07897819594777,-4.717339871899286,149.90587507142416,2066.727885612162,22545.02180605039,0.0,36.93034983753462,355.96464871411195,15.744541476947346,0.0,0.0,0.0,0.0,0.0,0.0,0.0,3222.1246193186744,3850.1340954629136,2719.6517844557234,4722.265148876725,7554.280399249044,475.1726824927591,1.393076194551007
960,1522.6909199023255,2068.728592652704,0.5642548030720337,-0.21501678175620212,-0.18793123105281925,49,0.0,0.018342268816385107,2.2552716432375157,-0.8829971482999055,1522.6909199023255,2068.728592652704,1219.961498979559,0.0,0.0,355.3703838631348,15.746271253504105,71.18175056848179,87.31702328929431,98.25481597151935,96.87439930432807,82.73216496840362,85.06734736296386,109.77881569640928,86.83760393992291,93.88317444749285,90.06541108553587,100.22362453590712,88.25367349315741,101.46675955725726,28.024934758885532
961,745.7945997903871,2071.1382589692976,0.32474401677516845,0.26175876465332165,0.1551528967401392,49,0.0,0.010851105294042273,1.9241695481854406,-0.7106083431073122,745.7945997903871,2071.1382589692976,1064.430313616695,0.0,0.0,355.7067068070959,15.746965783647749,57.367759159477785,77.77113989003831,65.24259771781189,100.18706365705818,75.15304665426629,94.35639445908518,97.71349680111328,68.71396692749619,85.48444984211463,85.55991669735121,77.95922995719674,79.66150667289283,79.74232093400323,19.517424246789197
962,145.97830529737536,2076.6145022807877,0.8988760133033117,0.554381382798572,0.11604195271554618,49,0.0,0.4916962863933233,53.86113242783151,-4.328188700482464,145.97830529737536,2076.6145022807877,15106.242647610608,0.0,28.028029124303682,355.96636139637246,15.748655730914924,0.0,0.0,0.0,0.0,0.0,0.0,0.0,0.0,0.0,0.0,2472.9325342095235,6256.922989679237,6376.387123721848,0.0
963,296.0303475561823,2076.032391780042,0.5607233403240612,0.005010073344526501,-0.5524868366800553,49,0.0,0.013145084684989981,1.496180860719288,-0.43746023727156885,296.0303475561823,2076.032391780042,1209.3431509117722,0.0,57.028408989003836,355.9014077091987,15.748590057933638,87.33956336106435,97.61544068339681,110.13095371297607,75.72778921374865,78.74479813826936,99.41540195834827,92.97929073839818,92.55702504848713,85.0053301330897,77.0890333627011,93.40047640605951,91.4853593614232,106.65919247105961,21.19349632275034
964,619.1710123413225,2076.9137916804393,0.646313524280768,0.07683653168839397,0.0968278142546277,49,0.0,0.2532763315980608,35.19505553483058,-3.866204137049719,619.1710123413225,2076.9137916804393,5056.845386404537,0.0,0.0,355.76152603547797,15.749272849366784,339.363818186813,413.6886195701726,378.47629537874855,322.18825231248036,373.3751309047494,379.55446398001385,363.35136724609424,401.32462379994774,388.0024678675843,396.9327952851602,414.8779577179986,400.8493512341081,390.907877214908,93.95236570575754
965,696.4716270423875,2077.218336686302,0.4861865222639782,-0.6231814176012556,-0.4715133805927451,49,0.0,0.010060773308158305,1.2202183203492811,-0.21609385299903966,696.4716270423875,2077.218336686302,991.1285082867657,0.0,0.0,355.7280632024515,15.749462004457497,72.2443807218462,75.16623742204112,73.93959869370802,77.57833289731377,84.74173523208479,70.39480540072654,77.50787961095058,61.32987695269933,86.09103824875756,67.73665465420042,68.96041937836664,60.45015599735727,87.61886447467037,27.368528602043057
966,1336.9299950422483,2077.9858769976154,0.7211840737868601,0.5442921952116693,0.5195237296168952,49,0.0,0.01033618315262266,1.0461391193507925,-0.048973606043349854,1336.9299950422483,2077.9858769976154,863.0204375718832,0.0,0.0,355.4508036397861,15.750101312898245,51.69075438659384,75.4292530979361,56.78999395949778,66.70696915735654,67.52424292116015,60.08211194973616,67.1991100271413,64.64851918195762,54.547504692060954,71.96406345696118,73.26063246944989,64.90778352246899,70.9411564011697,17.328342348392987
967,834.802544974562,2080.4169942172753,0.6634932415884099,0.08822628560622084,0.1529025967315618,49,0.0,0.0838213585250813,11.249914229621487,-2.627873028397543,834.802544974562,2080.4169942172753,2149.378023889075,0.0,0.0,355.6681818547031,15.750893424284303,150.92409720298303,172.26683478215568,168.7600214322648,153.29210877793355,166.35031338772058,163.86916471476337,186.04091573473139,175.15130657275654,156.29273148414796,163.16775355646013,158.71638533256322,149.213267814821,141.48624884986137,43.84687424591216
968,1116.344367718357,2079.8529827068796,0.49797293386274666,-0.661457987852187,-0.053773468242912674,49,0.0,0.009289487901433862,1.177524262955627,-0.17742466139019486,1116.344367718357,2079.8529827068796,971.640014396279,0.0,0.0,355.5462991891146,15.750808784564827,88.25766670458631,64.45549810651825,65.21664236726681,75.40876172333614,76.15893710917811,69.89021000243186,76.58007794066432,63.56486535641595,73.16641582783434,72.80362816273626,76.54165495400645,73.53914475974868,83.49239618941591,12.564115192139575
969,2780.7675745320184,2079.9230043004977,0.533254318993871,0.6273327600459745,-0.4654484674104429,49,0.0,0.01170710969557304,1.4698308747102238,-0.4181684144117829,2780.7675745320184,2079.9230043004977,1030.5381748884242,0.0,0.0,354.82575171222675,15.750342902999337,70.30847822180681,80.36773669379602,74.21426688622716,66.48282376073271,79.95140776308796,77.00213871436318,82.61156414207136,67.99855209835845,79.62010220322125,90.43218417075482,86.03544310040763,79.79230092366643,64.89247111497025,30.82870509496022
970,2014.1385208513893,2081.875200425709,0.4529058858337762,-0.7480145071177923,-0.29219617189379843,49,0.0,0.007481704287991539,1.0280752318393471,-0.030062240872872317,2014.1385208513893,2081.875200425709,907.1701910419873,0.0,0.0,355.1576270423051,15.75167841318682,51.812562321653246,70.06801894962197,59.84383679539204,73.91545364402745,73.03907847193118,66.41378834774275,63.88082015141629,64.93022944198133,69.82175353518133,72.13251702389316,76.51316096225152,62.50229632628836,81.7287872915337,20.567887779072958
971,2050.8997208125684,2083.271630428262,0.634664482761157,-0.4419491130380503,-0.20022413009922913,49,0.0,0.019113896315974148,2.204381389334223,-0.8582168395077322,2050.8997208125684,2083.271630428262,1194.2423566731131,0.0,0.0,355.14171194117677,15.752246675363681,81.32187198271149,94.47164842120486,73.4563547328101,100.32592015286744,97.47183052791267,90.32764048367184,89.2548031689644,78.15974786654536,95.23603251211034,88.38165223513222,97.77076404222545,73.44702681369948,110.40953564515144,24.207528088106066
972,3066.906768159394,2083.1525159552284,0.23519913353775224,0.5488600823301008,-0.4907257377141226,49,0.0,0.009488176564500262,1.8568547980776071,-0.6719448605083307,3066.906768159394,2083.1525159552284,1990.1200242559128,26.651859401637775,288.32200388631065,354.70188463041455,15.7513648730311,137.57663163214855,145.38187664023715,234.5352756346545,455.63733952710777,384.0193019467149,81.3235351803777,146.41304182829336,22.029722454094102,90.2095127962003,16.22599450446228,178.5017425897759,4.99841704231822,93.26763247952788,0.0
973,1653.981655066777,2084.3290835946746,0.4174442426332191,-0.20574844578717835,0.36482291779882353,49,0.0,0.014697721449562268,2.0757642399818383,-0.7929450647892232,1653.981655066777,2084.3290835946746,1174.690317810045,0.0,0.0,355.31354604893545,15.752772744011038,89.9765412986643,70.0574074617046,83.55976842045098,87.21563310045288,101.45752556442278,89.71276043309183,92.3323899910866,94.21312376196227,74.0597888132202,90.24064703048894,82.16278359335371,99.41838266572418,102.71308339028207,17.57048228513964
974,1563.4694575278215,2084.8115839591037,0.5311232957410704,0.020299015471077753,0.10623782753669547,49,0.0,0.15746614337788392,23.78612811200056,-3.440809384155256,1563.4694575278215,2084.8115839591037,4243.045345474258,0.0,0.0,355.3527309473482,15.75297441968078,302.9515416677947,293.98355321575207,301.8916084493217,321.42588213753055,325.8313437977055,316.8440955068909,321.9747508364429,314.35708977117457,313.62577731877656,307.54636477948577,368.8085961768172,310.54437237736227,346.09468425771377,97.16568518149037
975,1026.42115994838,2086.186293584257,0.5147087323821797,-0.2206986700157185,0.1327065620249238,49,0.0,0.012374571314448553,1.6689737557474076,-0.5561237688645405,1026.42115994838,2086.186293584257,996.7631118297638,0.0,0.0,355.5852312976444,15.753406945293172,79.79566639916224,66.5318071872209,103.7808111079492,69.86719979553871,54.73994594092112,72.86493610447441,64.36470207895333,72.58913040317302,71.3469139614833,76.16610547705237,81.32451029138406,71.43594872855027,89.90049534685593,22.054939007044897
976,2203.8526166421607,2086.1964224763665,0.5377562430003004,0.03771961594318346,0.08901548390835143,49,0.0,0.009908367135288285,1.1307788968404773,-0.13344423718243043,2203.8526166421607,2086.1964224763665,975.4546931199125,0.0,0.0,355.0754946434984,15.753396435032572,65.1305837106498,75.55143851505227,68.25781782280234,72.27780511132187,81.9758451938846,64.26591905365821,72.16679514608067,59.22499019193471,74.09376822735442,78.17607946521287,88.2356197577446,76.94302889514637,83.10575269774306,16.0492493313267
977,3040.875814809975,2085.5035774252797,0.5709407574368123,-0.3598157809925624,0.023117812850093917,49,0.0,0.1676184635857664,19.630615271552923,-3.232334779164658,3040.875814809975,2085.5035774252797,7045.395524294605,7.014916014127367,6077.399039236695,354.7131496943283,15.752376742097145,602.3464648210588,539.7934702445107,582.6376099966798,572.8572499070406,693.2482102343922,637.6631444260211,645.3051676760513,618.8366671251172,439.44886895679065,444.0755173411875,501.6618106016434,412.74320380409245,354.77813916002026,0.0
978,789.007197440835,2092.1911167104345,0.7552339415552478,-0.22602268571352016,0.10311142543648344,49,0.0,0.011717761602472697,1.1018496781974338,-0.10530587289921635,789.007197440835,2092.1911167104345,997.9123750610627,0.0,0.0,355.68801526842424,15.755768292935173,71.94020985000108,71.74649655916456,62.14215197899817,62.683520547814936,84.94556708555487,77.39548406078248,83.37648941230997,74.51736055844306,80.94622156472414,67.74928100424961,87.75054030687565,79.52995314565337,64.34818640921964,28.840912577271084
979,3076.056634352489,2092.807834425476,0.37279611628592085,-0.21281767013696448,-0.7022400997975573,49,0.0,0.015773394808839748,3.855680086815672,-1.4652524811952417,3076.056634352489,2092.807834425476,1210.2525758287875,5.01841425314811,79.03483864859244,354.69791144120154,15.755376120754294,2.80123107649301,333.0235053436104,175.0189053809254,87.34818217763939,213.368024599632,147.99264909558028,114.98551685982044,1.262899225806805,36.22832573276702,8.547973099312648,87.08110398699728,2.5942592502026836,0.0,0.0
980,1911.7836956764213,2094.388782113896,0.5834905761925524,0.11972489135750042,0.1771439059776636,49,0.0,0.6016427257282949,89.39754896667277,-4.878314029516605,1911.7836956764213,2094.388782113896,12375.773680945633,0.0,0.0,355.2019349110774,15.75692403290161,880.5873853914211,892.8412919199363,1021.6332593640116,901.8810025555459,901.8610239447657,939.9569287458321,935.5814239708587,939.46590008964,968.3047025045894,897.7534102412604,911.1039172974952,963.7104317429066,959.4947017098667,261.59830146750346
981,1815.9001743011577,2096.2789843092532,0.5462764248728197,0.15480791596093718,0.18057327046086763,49,0.0,0.4212340854254036,64.62188807151499,-4.525949106854231,1815.9001743011577,2096.2789843092532,9446.41337905875,0.0,0.0,355.2434454920901,15.757733193632355,650.4425257421458,739.2605934516187,701.6954606475208,695.4375796663036,698.7049330408188,696.8531748799425,679.673299007615,701.1364586895543,763.6210511251948,721.3905399435785,728.4451386485471,747.1706595525666,737.4092592660231,185.17270539732087
982,310.30730542211194,2096.8370067005476,0.44317152707059015,0.12500539459411125,-0.22329110357193266,49,0.0,0.013738227500826735,1.4734408164615438,-0.4208317406915809,310.30730542211194,2096.8370067005476,1353.7538753294298,0.0,2.7555037604022337,355.89525111022084,15.757273953357522,93.97450346901635,88.16965080816888,96.74751886109739,98.28251591917815,110.61707787687598,105.1334784150547,105.86047741141898,87.4698811256493,106.99865633862919,101.13100514555322,118.941849239227,98.85057317441579,115.29556768439215,26.281119860752646
983,928.9034945570378,2096.644615220861,0.5720918548083072,0.8100219229256918,-0.19272440197617974,49,0.0,0.01602359549775363,1.5732695096607667,-0.4920078150333612,928.9034945570378,2096.644615220861,1448.7732767224607,0.0,0.0,355.62745439754315,15.757712553014313,103.78208592879533,79.66817976619748,111.48354314775949,99.7998224465546,88.52663309758813,123.9040051189014,108.39036987515487,110.98672256862014,111.2059980335163,100.90795146093939,125.29734706249415,117.95584233519683,122.84753412184001,44.017241758902514
984,2133.949897311634,2097.7260135559004,0.38137958762508434,0.6800956567262075,0.43460680645077965,49,0.0,0.06834308949719001,7.525182199969021,-2.1912925488651047,2133.949897311634,2097.7260135559004,4625.732718147184,0.0,0.0,355.10575135590796,15.758234292287364,300.80074246502886,373.70007628897713,341.95267903675074,383.4687617007962,354.6561678639699,354.66611015443686,348.92162255811456,357.1490713499406,347.588058171336,316.8843761501612,330.34294458204903,374.50847269139035,338.1143871411674,102.97924799306469
985,2780.510880160401,2098.1434242044265,0.37467250136155233,-0.046750365227666055,0.21452057270941155,49,0.0,0.010949784908072057,1.4056479538876945,-0.3696914119010158,2780.510880160401,2098.1434242044265,1233.0325818414694,0.0,0.0,354.8258439770603,15.757934606470004,107.14074203566616,88.34494522626605,91.53335892984651,105.2887376405586,72.18375876758097,89.86184768418039,94.5499483774015,105.9454330604138,90.77446161262085,99.83131335717036,89.54216210388077,76.34032300886,98.5847827836281,23.110767253395327
986,493.206129831735,2097.806681238103,0.7557932004093684,0.4123653204612192,-0.15453286970420868,49,0.0,0.04644839396781044,4.999782229317695,-1.7473777215073938,493.206129831735,2097.806681238103,1823.0758217304724,0.0,0.0,355.8160753002539,15.757865404423695,135.19858930050225,142.83127443799992,125.8267786969415,143.98029695028885,137.48468565358274,131.92267442316887,132.53608663364807,118.30690773362589,175.2477687476972,119.09834769305621,139.57330209021765,122.96185647706865,153.50429588388135,44.602957008793
987,1652.3782649635525,2100.2929032811808,0.709676352059504,0.16755475919966398,-0.009468888699176437,49,0.0,0.054485009587987826,6.750446648334199,-2.0733312729995768,1652.3782649635525,2100.2929032811808,1728.8781269528586,0.0,0.0,355.31423946823406,15.759424322140609,145.10592583333346,136.1851772820752,118.6660493602155,110.63805659054566,122.15950144883155,135.6333650247077,132.0060902334481,136.42803204651193,124.11946621059755,114.35899266635897,135.88481396448765,140.13261248655135,147.4875775569654,30.072466248228476
988,2778.0877383626607,2099.665790655391,0.31810752741126463,-0.44146051448478035,-0.23087435342354626,49,0.0,0.00935014545720278,1.1198942107899152,-0.1229424989966191,2778.0877383626607,2099.665790655391,1263.3315750280744,0.0,0.0,354.826891386777,15.758571334511602,100.83259363451972,83.35221534005434,90.26603441247755,107.68212190454659,80.0467987967185,88.92450181166132,99.22203665980525,115.96674284769097,100.67309832215085,96.09451381044639,89.89996454808198,80.53295821985529,101.35329482772798,28.484699892337765
989,1644.3451058481337,2106.6793672035133,0.6589377794620959,0.021003589479649292,-0.08344015938923183,49,0.0,0.011216455043051299,1.153602045317511,-0.15514004343257956,1644.3451058481337,2106.6793672035133,1130.5203487742272,0.0,0.0,355.3177170804199,15.76208564179458,90.64260572443305,69.65850148625164,91.19030267239262,74.0276113261269,75.8395794318785,107.18706518767976,85.00062795104995,97.84732991604962,81.14323172410322,56.20798652220466,101.92255751219055,86.02581996474052,86.34603413955705,27.48109521556917
990,347.43817989871,2109.7256627762467,0.23767767555311517,-0.0443585300562296,-0.5544273774024621,49,0.0,0.01222785205747977,1.8495290642251492,-0.6676529009471664,347.43817989871,2109.7256627762467,1376.8181840650313,0.0,0.0,355.8791915112664,15.76268428039926,89.57295311063375,89.02466555856675,89.62926797117689,104.746278468985,122.2503672014212,102.76678178515499,123.31587719454615,98.17432939472289,109.76763571449169,98.21497646243752,93.68011452321474,105.66426126729792,123.81368773864568,26.196987673736324
991,470.5041503025766,2108.975322076256,0.651169447888523,-0.007657392383642587,-0.10951557438017616,49,0.0,0.012804619396176914,1.0814556132576114,-0.08502174791932943,470.5041503025766,2108.975322076256,1351.707326107924,0.0,0.0,355.82591416176234,15.762497061305936,93.14589254845886,111.99396517020128,80.04467890810005,105.83885913069292,111.93154927237347,112.20012965780347,95.57842428595592,118.0641730670957,94.40334594697447,91.95537612157025,101.64828604446069,90.3786601746094,108.18686526699814,36.33712051262912
992,224.04056689476997,2112.629695679085,0.7164470050158175,0.0899259539748111,0.12683131298156958,49,0.0,0.018699984424819096,1.3605228035427055,-0.3342645633228281,224.04056689476997,2112.629695679085,2812.847217437847,0.0,1929.0469339066622,355.93261425246897,15.763755465457445,234.78792961942054,366.82764487681055,213.00131865281745,149.94025168725045,164.05176318719367,126.77521854645799,204.91241796093934,223.42435787338104,225.9818281878275,224.94363148455042,180.62869588482147,233.3265236319105,218.96857271270022,45.27706313176612
993,607.8626524858765,2119.4946617696264,0.34764316398829753,-0.037248503371722225,0.1940001027104634,49,0.0,0.02564737031176997,4.895287930042453,-1.7244456028356658,607.8626524858765,2119.4946617696264,1361.2394348512983,0.0,0.0,355.7664584159267,15.767004610967893,94.93082327611054,109.82337286911901,84.06021889437326,96.55227838722867,109.12639844894602,108.24218945685597,105.36310740357447,103.28663502472381,93.59052676525299,111.02499420756054,111.58772685963484,101.53908699756062,99.83955543198286,32.27252082837471
994,3051.910272839521,2118.8556380487416,0.7375041521652227,0.3511806655121364,0.4359184238125273,49,0.0,0.03146516031342854,4.365520525275402,-1.6000900861847231,3051.910272839521,2118.8556380487416,745.784109531445,2.0,304.155452172937,354.7083307226254,15.766258780047462,35.57618699282557,43.676219026003196,41.912552169043465,91.46821231152097,58.00399631405402,74.19374955801666,22.039315910655418,18.781975524016577,70.06869702578447,36.41146821196509,48.38757647178893,188.6270742805498,16.63708573522077,0.0
995,1601.3153464859163,2121.0132882194084,0.6014637133491237,0.5513624641728062,0.28494366045650354,49,0.0,0.01819676139492354,2.4261195197911216,-0.9622804801013024,1601.3153464859163,2121.0132882194084,1076.5532654353908,0.0,0.0,355.3363465198366,15.768058847425015,81.5156062787934,74.28623444468325,82.50894484363718,80.36367625600626,92.19384511657621,66.59202372501277,82.57763254241428,73.07681221713447,72.20079037585361,92.36518427737778,82.17946353560038,81.23080370907664,100.10508516711582,15.35716294610887
996,700.4288255263559,2121.995158089872,0.3212017890522008,-0.05024908600119754,-0.0202899477742488,49,0.0,0.011598760714795889,1.6882211312516837,-0.5685733299428052,700.4288255263559,2121.995158089872,1187.5851751595305,0.0,0.0,355.72638548666896,15.76812138697175,77.55309427764598,74.94744856152495,107.47129476774366,90.24920330039896,82.20781943828771,74.48213164063259,91.24981556513342,97.52403447307293,82.96149841491791,98.29745225703758,103.06869742565638,97.43442908942518,87.06196481628277,23.07629113177042
997,430.7666136277324,2122.8362394773008,0.9901085451434123,0.2926529278303102,-0.42876065994997037,49,0.0,0.012021948508684327,1.022487981748195,-0.024145530106479206,430.7666136277324,2122.8362394773008,907.6845640196796,0.0,0.0,355.84313126709094,15.76823306018234,74.47528179952141,63.702921221777075,83.06902898275376,80.07888028088465,69.47615251237951,67.95606378595028,56.49239340278914,61.7411850495845,72.44889424082888,69.11159725521367,73.8624677786146,63.60460287540583,60.57431109764225,11.09078373633398
998,1005.3396337761321,2123.850748003439,0.9164598238897155,0.4298847232782208,0.09040561719322084,49,0.0,0.013163683090664263,1.0896212096575264,-0.0931888706627281,1005.3396337761321,2123.850748003439,1025.085738604476,0.0,0.0,355.59437750851606,15.76908956382955,70.8899516864501,66.97355607913704,79.26316224217018,77.15315987038585,62.9845304357327,71.61648628180569,79.47063678509042,93.9837112828193,79.51719860735804,84.02185990989678,85.95704047827901,79.92924816636452,70.9427507378208,22.382446041165508
999,1694.6747156996519,2127.67348916389,0.5928690855037593,0.2554701443258583,0.1944027796183401,49,0.0,0.853623838805525,126.00430786081252,-5.250963482797841,1694.6747156996519,2127.67348916389,16805.07902659852,0.0,0.0,355.2959254800042,15.770830096396482,1186.646954458113,1274.619704345851,1207.4160977773313,1231.8985311843169,1277.404021244704,1190.8890952042498,1242.7491434947879,1391.8661665757295,1254.7170733997486,1249.425502020591,1325.6573139748689,1334.3359427608827,1242.084314417964,395.3691657393811
1000,2152.9308239114866,2127.5467742803153,0.7005899940870194,-0.4285136390690526,0.14332933675183165,49,0.0,0.012518115641295895,1.1962925925170607,-0.19459353394413528,2152.9308239114866,2127.5467742803153,1076.651668945073,0.0,0.0,355.09751952747365,15.770650517419194,70.94724627955259,86.3692726410948,98.80616896977838,73.93795330214573,75.15052622117435,86.75637350066597,79.00470953369916,68.95481488212303,82.63879475073287,76.19836015007473,78.99754063030238,90.52218281953692,80.69285818700675,27.67486707718527
1001,594.2967757870917,2132.1467587187926,0.6627366882820006,0.22444506027328726,0.39351457171747506,49,0.0,0.011346167272432853,1.1401307127906712,-0.14238661208995615,594.2967757870917,2132.1467587187926,981.3586487396046,0.0,0.0,355.77234265608024,15.772264490333333,68.47121216515667,80.44647152753805,67.70076714549037,72.86698737291117,78.62575837021316,81.57840002570319,75.68882661646971,74.71253668685746,62.50327976342621,52.82175901822012,81.7320868700104,77.65734061059405,83.3585181326525,23.19470443436168
1002,1898.9619904315396,2138.5238716383346,0.3777390401456662,0.23902625601822863,0.3480031246790152,49,0.0,0.02705432654787947,4.7323809824091825,-1.6876992510782751,1898.9619904315396,2138.5238716383346,1526.8107174328793,0.0,0.0,355.2074742623315,15.775316689808433,104.87402135232054,111.65274578308963,111.63481886464697,144.1261655516923,109.70042446277236,127.22098007518571,104.19395800495637,125.23014593384156,125.06227282440199,98.61248761153564,101.54792105561067,92.92699205907937,134.33590527200903,35.69187858173717
1003,1315.8674491751253,2140.992105782934,0.4112365063786517,-0.37793770024213125,-0.21109684293527575,49,0.0,0.01034293720902531,1.338857053103321,-0.3168355269914766,1315.8674491751253,2140.992105782934,1067.9591632343886,0.0,0.0,355.45993769003394,15.77634855385351,81.8550416455096,79.6192171529498,90.24547612981983,89.37080309415987,91.37308970492406,84.23836219649596,72.92758325293632,69.58982914611839,73.45659128725325,78.89878566980678,94.83884663722964,68.8939886127572,69.84470156585368,22.806847138574156
1004,1280.5287622871567,2141.4840043819613,0.3789053198842679,-0.23736946977104215,0.2277897022325287,49,0.0,0.00853370621401464,1.0666791564497187,-0.07008452199772573,1280.5287622871567,2141.4840043819613,1047.8066718167447,0.0,0.0,355.47523846302727,15.776544362595173,75.87447276066976,91.68928004934463,71.64845247747715,74.76949172673245,83.73064730853983,75.14498685318975,79.79049886008151,71.06498304240303,78.71676574792569,81.04019774574164,85.65916098798716,72.57205073757744,78.27911138593183,27.82657213314269
1005,1591.5026546032784,2144.789341184268,0.7480932252477063,0.11254332774004425,0.038595507425522535,49,0.0,0.021686364569781593,2.3139760262921962,-0.9108971379406405,1591.5026546032784,2144.789341184268,1167.857593768118,0.0,0.0,355.3405951710388,15.777965353264186,92.97475655908032,105.94830553769502,84.03551587918233,102.97691508050374,95.47317469080016,79.8073923963753,74.55932993253907,75.75052494804761,75.06657697955876,89.02201735410702,89.07692422049888,85.74798539233929,92.38941148385301,25.02876331353745
1006,790.6278832904383,2148.322659394854,0.6810720414998291,0.14807465269636796,0.12823903958380065,49,0.0,0.03915249938231457,5.040075456695258,-1.756092596163944,790.6278832904383,2148.322659394854,1359.2301412511842,0.0,0.0,355.6873535219075,15.779156787348919,77.5708393883667,89.46562673098968,89.72254145418754,101.89775725949517,90.80642046215382,103.25792581838051,102.69602955196126,112.8847444031102,125.36194429138257,91.66508315255376,110.20599008549684,98.73920691294495,127.64700683431684,37.309024905844204
1007,1072.1927388952543,2148.3168946806236,0.5608920546540477,0.16591631822602118,0.018357567500610895,49,0.0,0.013292607006069695,1.6501325792020598,-0.5437970970540854,1072.1927388952543,2148.3168946806236,1202.9871972682022,0.0,0.0,355.5654447509532,15.779315688147385,79.48519811821612,91.24555028711757,104.98959487726276,97.3473701870144,89.65367483832617,88.19881752584278,82.87927101520646,84.71713349633106,75.81602672183737,79.87735855064794,97.9168738613707,107.74050850444843,79.30183798875316,43.81798129582729
1008,1244.0501880806426,2151.3690877216704,0.6761868559588103,-0.00812193045639171,0.24414791624157967,49,0.0,0.05142977747130076,6.406522202711773,-2.016555838985666,1244.0501880806426,2151.3690877216704,1710.7499738774916,0.0,0.0,355.4910357222346,15.780652505786518,117.22913807205934,131.55357232674345,131.63931947650897,140.9715312672813,133.9641542967567,112.40879991836736,108.96228835563014,112.29399427779376,135.80459695037555,129.7764034575963,128.88648502575225,165.45884465825958,134.17215231640085,27.628693477966003
1009,2769.456156138669,2152.0919831390825,0.5242140688655678,0.23068377927524475,0.2528489945985338,49,0.0,0.9861927110351814,144.67185428195,-5.400960119798336,2769.456156138669,2152.0919831390825,26118.48356725511,0.0,0.0,354.8305742762076,15.780423070424376,1814.1813902384574,1911.5790543559588,1892.4638157775657,1901.5942470632485,1968.1981980067878,2073.962867473659,2056.6308648489767,1968.2736110104104,2017.2316563026116,1869.424291223598,2115.224030270256,1973.718554531612,2000.5497551103942,555.4512310415688
1010,640.5140695663736,2153.1345392960716,0.6676983585733838,0.21601140106442096,-0.05894921745552736,49,0.0,0.01459425130427936,1.6425563613009866,-0.5388007012599996,640.5140695663736,2153.1345392960716,1009.1707235554213,0.0,0.0,355.75235092868616,15.781047916913316,75.99275474997776,87.3415696500229,72.82082235940346,68.02745313924065,73.58156525761355,65.78473677971355,68.5834987856238,100.22506682221623,62.79785555016422,74.67277500093245,87.92101966913597,70.04448718215379,77.03312350806577,24.34399510115719
1011,2256.8743660536597,2153.3699745634476,0.626159650837261,0.2445458879095888,0.27554089122665476,49,0.0,0.5967949034533798,83.34083621031041,-4.802144634222683,2256.8743660536597,2153.3699745634476,12362.17398809472,0.0,0.0,355.0525020276516,15.781356126603518,827.4728546959108,911.604594768676,889.8850569781105,869.0385148998816,1024.0420825064843,951.3514825705477,953.1715189578879,977.7578694167923,902.2207053528139,900.5582095729501,999.5375329936937,971.584727053799,912.7746827497336,271.174155577437
1012,1331.9359644563776,2154.4693231200704,0.4174936717229017,-0.022967180421950947,0.16020461740726927,49,0.0,0.03109351097696531,4.820975670876256,-1.707837349537816,1331.9359644563776,2154.4693231200704,1740.1379624743763,0.0,0.0,355.4529836542431,15.78196776538156,122.88375487595457,142.96866663148728,130.18138116629416,115.72333657340138,127.8642661500358,118.40598081834463,129.65191655768731,129.89908253574453,150.44020945087595,135.25724733295397,148.06851473027154,127.58349243978321,133.23762911451865,27.97248409702316
1013,1503.6563406709079,2155.971422494902,0.5870523210133407,-0.3850115212453211,0.010297187978447054,49,0.0,0.014764574373926177,1.8596604615399064,-0.6735841439581604,1503.6563406709079,2155.971422494902,1006.451934489589,0.0,0.0,355.37863153194104,15.78262049790292,64.68087208772947,89.33395407077103,75.29214367567977,70.32402008596215,71.123042197421,67.97481767782782,90.35654796993259,77.3833054268983,67.28610478186846,66.33333377546678,80.43121440811865,88.6665423009082,79.14819655608633,18.117839474918373
1014,2527.5119000505238,2157.0291977287625,0.4154533108291479,0.5251652684643385,0.2299774010200267,49,0.0,0.02875039737573096,4.5345874224031375,-1.6413444477158945,2527.5119000505238,2157.0291977287625,1482.0890036678481,0.0,0.0,354.9353214688544,15.782697265197815,105.5824230221267,133.22870652818347,96.09721226165237,138.1517812486982,102.84721556017303,104.63518780138588,104.47358768235469,109.09885813388118,127.33862354089439,108.12483565538948,108.85681258774741,94.22132932906678,119.2677294434585,30.16470087283591
1015,1073.8970085513681,2158.123141470911,0.5917763826969162,0.8510535055289241,0.6729566976945883,49,0.0,0.01490258483380179,1.4921152763292422,-0.43450594178891416,1073.8970085513681,2158.123141470911,1307.0524533816865,0.0,0.0,355.56471137810934,15.783402295689095,69.6205357416074,91.87043229567081,94.00725656452114,120.72435737598444,79.54169585188117,105.73939609536275,103.08358269666547,107.37023243093549,88.46383586226767,106.26842544834926,119.32797064970609,109.75548605893314,77.33057667929116,33.94866963051027
1016,2872.7450404860756,2158.195217467943,0.5997235256454692,0.22950234413510634,0.098132954502582,49,0.0,0.017682428030982248,1.9479753224714833,-0.7239586270156979,2872.7450404860756,2158.195217467943,1249.0160437646518,0.0,2.0,354.7858489170191,15.782857977937518,84.89194300788301,86.4042131684132,98.44806667590751,104.98320821182864,99.85749310497786,87.7052301678545,94.4404094752976,86.02205564927654,94.35288190166357,80.85508723192653,109.55464771261825,100.0299285354694,92.5298419707652,28.941036950770044
1017,1598.1285864245644,2158.889236514018,0.8243344448962489,0.20341415005160646,0.42245020360444513,49,0.0,0.01980155166822525,2.0367906657791557,-0.7723659900646339,1598.1285864245644,2158.889236514018,1021.4094811530174,0.0,0.0,355.33772632542906,15.783840247449433,67.86086474047124,58.288353729063104,71.72836840998013,76.70155592520261,57.31600284679055,74.72084180885429,87.3918619588837,94.43661672663146,67.37450695105798,69.34178506304018,97.4130172883849,84.43165618358354,87.18575233337157,27.2182971877021
1018,1341.3569046823104,2159.823524715486,0.9957370320219406,0.6373586508505626,-0.2536800411288081,49,0.0,0.013906307400563455,1.0225035478073563,-0.024162058912347385,1341.3569046823104,2159.823524715486,1162.0909911045107,0.0,0.0,355.4489057588263,15.784200770634767,79.33807716896887,90.14420291603466,86.65851275868106,84.35573916831166,82.65116166993016,77.11957416424829,95.5838706622297,87.04519462118995,85.8676925053212,90.53670157902276,77.22179809591417,117.46030297790864,88.84128256457605,19.26688025217365
1019,1587.5450121905526,2159.7834925082034,0.47443306764256993,0.17420329566098186,0.1196216690744882,49,0.0,0.011147593331202446,1.6668914531851948,-0.5547682994836777,1587.5450121905526,2159.7834925082034,1019.2756357313947,0.0,0.0,355.3423089088897,15.784212778493217,67.67964922029623,75.36309346532062,73.35200383753016,85.1193294035053,71.37712896302317,77.79714174949915,76.38259030841255,82.78371079121541,65.2618789810152,72.99679734545582,85.29243955289748,75.09254219005115,93.15145791298212,17.625872010190413
1020,665.6761314930243,2162.6667938653504,0.6040568226620803,0.3620857930488361,-0.07085716956485942,49,0.0,0.03914698593339422,5.424804938098969,-1.8359603167482925,665.6761314930243,2162.6667938653504,1467.9273247303852,0.0,0.0,355.7414645299624,15.78503993833518,82.54662405345724,106.3465731111148,106.32947743712232,113.51121824021371,93.02984782025683,117.63461399808781,113.99216940972386,113.61725192611863,108.9186997323749,124.33520748357722,117.09087413497409,120.96166382591937,118.40127818146755,31.21182537597666
1021,2237.74287794373,2163.7548452159376,0.7356278346555345,0.7216481079183846,0.29446236130988845,49,0.0,0.009927529288992152,1.0228191658854926,-0.024497143419779488,2237.74287794373,2163.7548452159376,992.2288605976256,0.0,0.0,355.0607796595192,15.785693631293988,63.87716552828113,72.5529614529874,90.12779434774765,64.33737808823324,68.22357714883515,76.27208927099639,76.94249165978653,71.40032733048514,66.60362345108416,82.6750379154537,86.6118307630924,69.59837575680794,89.27593369440834,13.730274189426407
1022,2823.2179522168203,2165.3616699936642,0.8328545131379828,-0.5847494124146738,0.22093194787056547,49,0.0,0.018499160738609067,1.129459779082085,-0.13217692494103583,2823.2179522168203,2165.3616699936642,1916.4520357016036,0.0,0.0,354.8072839886757,15.785896732682982,150.17446146606218,130.52518312590922,135.7128496221045,135.36409663939625,152.3884487250178,158.53128917820885,153.247769923901,127.12232324012385,129.57113846264522,162.29540147709633,136.4530791926044,150.6157519239648,157.1047410906645,37.34550163390472
1023,2900.0489834632535,2166.208817802408,0.42380544779308643,0.46179763404357693,0.5030289400206757,49,0.0,0.07412571288775063,11.484891935268433,-2.6503172828638757,2900.0489834632535,2166.208817802408,2986.726627204319,0.0,417.00287238518735,354.7740186025714,15.786166694889328,204.63977806333855,214.34870102371053,201.49097005508492,227.52628234364067,238.37166887295797,250.4136091757789,214.28259542789488,205.44847167467913,240.6550440262509,238.65747635516453,220.06680390772155,241.18719277904378,225.1391521321064,64.4988813669462
1024,2308.74366958169,2167.72753857452,0.555292986459482,0.27678587725694187,0.2281783711757897,49,0.0,8.851343440793668,1273.404496542557,-7.76241594768985,2308.74366958169,2167.72753857452,217160.5450753304,0.0,0.0,355.0300351077176,15.787307954022037,14657.436110524111,16089.217808009855,16206.130460150009,16259.92116211608,16732.58910445494,16496.38866168852,16731.142344120737,16493.397216016805,16525.833975447982,16136.072807583643,16630.629704989893,16874.652796341194,16860.716934364922,4466.415989521664
1025,2544.1444704272767,2168.9667882135573,0.6895432260619102,-0.3447740900002348,-0.17401964490657906,49,0.0,0.01261407638828218,1.3584119718957002,-0.3325787510536711,2544.1444704272767,2168.9667882135573,1011.3583259278798,0.0,0.0,354.92811025066976,15.787657729089473,71.36167627741852,81.15292775030396,59.9673396313669,70.10901461598543,79.83536534471332,67.79089300996299,72.866365351441,72.90983029535097,67.15371068250312,83.21591268648163,81.8217940780253,92.68337471839875,90.6424797720021,19.847641713925917
1026,1848.309892774299,2169.982330875554,0.5315815769644313,0.5025971718576104,0.2182722467372472,49,0.0,0.01695565251280944,2.123432509042574,-0.8175961549388416,1848.309892774299,2169.982330875554,1460.4996060690469,0.0,0.0,355.2293982361665,15.788435988310912,113.05715103889295,120.10758354899953,115.33116152421336,103.75167765469018,106.47681461664254,105.31663640831137,118.03808229134964,100.91437550255671,106.60946997825155,100.07246836369505,116.04622787298713,99.41250499313838,121.82028438391987,33.54516789139868
1027,2207.3580898018854,2169.8130420585258,0.42084507232292545,0.16536749877847057,0.20288210286018218,49,0.0,0.043946353277109086,7.470794858809586,-2.183417028109526,2207.3580898018854,2169.8130420585258,1876.6438943401033,0.0,0.0,355.07393255821927,15.788234000776123,123.21224961287814,141.42331481241985,149.617548748739,133.6287615067241,153.36034495287248,139.1956186207194,138.6636101325667,154.25106457293634,134.8321598061188,143.96780064504827,142.96518738143413,128.5660844397141,140.5038727753687,52.456276332563355
1028,2843.2454388098467,2169.9618108515274,0.5312738953386221,-0.9561341681707499,0.22104071106761178,49,0.0,0.010049339533263023,1.0346730349825777,-0.037007827291739084,2843.2454388098467,2169.9618108515274,1153.6632796888557,0.0,0.0,354.7986079273227,15.787792194430006,84.79515867612311,88.34975327516948,80.04084010868004,86.43490457790031,89.03179381379621,87.2808010306259,97.97968411186994,73.79536111805237,81.18548393686785,91.3471951203066,80.23247256358246,80.3864607794508,100.15953734986951,32.643833226561036
1029,2568.3707469009582,2170.8671856564592,0.737035139628335,0.20731660156151974,0.09481146742753714,49,0.0,0.04220019981407573,4.943333513509714,-1.7350497803450995,2568.3707469009582,2170.8671856564592,1527.808362419446,0.0,0.0,354.91761925418285,15.788429691011281,119.28685625834493,122.96500531175309,114.56991802777753,95.36830460705195,113.99821553778632,125.0363052298679,131.3289436856302,104.2664453126969,114.53428902351074,108.0036458589075,114.12346599021538,115.30864846480613,116.89036855693884,32.127950554158645
1030,2359.4263339839354,2171.5298519464877,0.4737211654500334,0.21637312810460294,0.12726556384571805,49,0.0,0.008141274364857901,1.0283505928774048,-0.03035300696479011,2359.4263339839354,2171.5298519464877,931.0517164720532,0.0,0.0,355.0080878117753,15.788860347356868,67.84890517924987,60.21329771397406,77.20689418886568,74.25176304233366,82.05197675838866,72.79306255967806,79.46348547605653,68.31676637177961,61.234086616426715,55.148333796087755,72.8205824820607,69.63576459290567,78.45093729874844,11.615860395497744
1031,243.48296939881027,2173.375396979819,0.8909872780706588,-0.05571066279283727,-0.07327047727008063,49,0.0,0.018281598458059264,1.0468119703479861,-0.04967170043917584,243.48296939881027,2173.375396979819,2720.435567029227,0.0,1928.2551700380598,355.9242698914738,15.78908717861445,193.93513187661017,230.42150658067726,300.5802745347716,187.8192294152158,211.17545507989047,179.43553694681896,177.15126093710518,205.99517846149882,281.00620282559345,218.88767220576733,195.81462671375965,159.58660424950222,147.74489320887665,30.881993993139304
1032,744.5261117046601,2175.459444752292,0.5318678557011101,0.006159817654070709,0.21099963394749044,49,0.0,0.15035494227549845,22.77792123219558,-3.3937852169848886,744.5261117046601,2175.459444752292,3997.279397231452,0.0,0.0,355.7073342493029,15.790430479623033,291.5802245565133,277.3339423356367,284.46231733373384,316.93378455889325,329.76637282125046,322.9599537780722,273.3771876990388,302.1678450740388,312.48139673240166,322.0632643443505,268.4629882970038,320.05919397126365,292.43262989687184,83.19829583238305
1033,688.535547501482,2176.347703016467,0.4767179521311733,0.13564662853999815,0.45500768050542006,49,0.0,0.03325893258847837,4.0816626556331,-1.5270927699045747,688.535547501482,2176.347703016467,1944.9892441007437,0.0,0.0,355.7315780010489,15.790758164118111,143.3830048091437,142.87547542542558,136.07430225361296,149.97253239873902,124.46434347281077,151.7746178268548,136.22958952327883,159.68823798907417,156.05044923863352,178.08219449027263,133.3668973329393,140.63260644795548,144.95474744156283,47.440245450440074
1034,1561.020721666691,2177.0386958680815,0.6023749468979528,0.2238242697294599,0.15159884377432886,49,0.0,0.12522599005337307,17.96385187356439,-3.1359986632436105,1561.020721666691,2177.0386958680815,3128.187288367942,0.0,0.0,355.35379425811,15.791401727991245,230.20142459320923,235.9525384482256,239.46275805748797,244.99119499930265,209.5454591064459,227.41435692145058,289.9892146467167,235.32412007285672,223.59943052484704,206.25308507242588,212.4194211208666,241.7670939509013,258.2330790700178,73.03411178318814
1035,874.7572599273727,2179.2962658747615,0.43120117054175056,0.35421383331604994,0.248846088685826,49,0.0,0.007924423279118378,1.058583630130051,-0.06181293451230262,874.7572599273727,2179.2962658747615,888.0933734633037,0.0,0.0,355.6509481375165,15.792117352693621,75.6697624679369,72.07462819535657,62.652899669148056,69.16804060246255,79.20168623096595,64.20770261777635,48.917030479619186,64.47472929923998,73.51120793825743,48.370373028358,55.730237142486374,84.2667104442103,74.79774114627011,15.050624201216007
1036,1860.7226076860577,2179.388632366087,0.4100597494618666,-0.2203540085465969,-0.07072544183540454,49,0.0,0.029709356869388175,4.339036158028438,-1.5934831730107446,1860.7226076860577,2179.388632366087,1659.7225508696915,0.0,0.0,355.2240214162912,15.792352503342732,104.75315104475712,126.92848680970809,106.18394504172569,121.95338780390593,114.66683113551694,130.31535617753497,141.23961050766218,127.05550552312823,134.18478266278413,101.00269501999054,139.1477588140809,115.66183215667051,160.34702318104536,36.28218499118094
1037,2976.48303862481,2180.0862176255955,0.5392516825117862,0.1443584775502659,0.39132236717315,49,0.0,0.011456681074464284,1.1627165676713918,-0.16368465204440746,2976.48303862481,2180.0862176255955,1242.44488108738,0.0,1150.601523149639,354.74090962431,15.791860950697044,88.70179872552887,89.18396444084854,87.80786516255222,90.18294670249344,109.11486618858964,99.55549157821095,118.73978974143995,77.00261028474124,93.21854563473107,95.54120374376909,98.21989595258256,74.87995441000317,101.79987172681321,18.496076795076142
1038,960.6864562576486,2181.2583686120634,0.5181534830061698,0.0010633116330311038,0.3022833088488814,49,0.0,0.024442866562535293,3.5756964760405716,-1.3834016162106488,960.6864562576486,2181.2583686120634,1262.1804551831647,0.0,0.0,355.61374227869675,15.79298514874745,91.65535263521036,109.66891128055403,85.28417026214916,84.72921022036046,89.25363712778875,89.78353319884891,96.22557093679752,107.78166822390662,95.36976229672183,103.06308483220249,88.5662078781838,102.20993451150507,92.7095001011553,25.879911677780512
1039,2059.2474510272905,2184.702504849305,0.7186212271939615,0.2684942102653359,0.019116182756570947,49,0.0,0.013320914252881944,1.2307021070975184,-0.22538236039499224,2059.2474510272905,2184.702504849305,1053.0646435912804,0.0,0.0,355.1380572453127,15.79450540503401,66.95144034883087,81.0401698628613,92.34185244889295,77.93498297336247,86.31647708510545,89.86876266397749,66.69590224625134,75.30083029708916,86.35600540359744,68.73926715475724,77.46408837874907,79.90162454411099,84.424692095671,19.728548088023498
1040,2674.299303229792,2189.784483668307,0.5917313563089052,0.20356100477020536,0.33790495421576394,49,0.0,0.420241430589726,58.87201903992746,-4.424772325935339,2674.299303229792,2189.784483668307,9870.245255333808,0.0,0.0,354.8717371322067,15.796218859419971,658.0108847912527,712.8280058186924,781.6186662470593,771.5504904961592,713.4076410422834,749.5122956562632,757.3748110131685,767.5783579864644,723.9920770817986,732.436293084731,767.8410160359413,758.1491103539017,765.2031620685884,210.74244365750172
1041,1602.1871208208638,2191.1328192858955,0.5636367853012728,-0.2341862291113598,-0.08491459344672928,49,0.0,0.022363970199421084,3.152138581054685,-1.246513256549137,1602.1871208208638,2191.1328192858955,1148.347318818147,0.0,0.0,355.3359689761526,15.797274840225345,87.21170547001026,77.19005227294525,75.92766045142642,85.75828146504932,110.86633596404145,69.49122669668554,78.7988225171892,89.15512060865696,87.17999582866825,88.24937630755133,70.97326908687785,99.8157973095997,100.81024217638816,26.919432663057172
1042,2431.0193877751394,2192.824336525916,0.7536219802805213,0.28260655110465127,0.036728488419179806,49,0.0,0.033419885802093686,3.8063318670750355,-1.4512666273473551,2431.0193877751394,2192.824336525916,1534.7454664756033,0.0,0.0,354.97707360229873,15.797683970104115,105.96301447168736,116.59645488322023,90.60830201456741,92.49526137949445,122.36391424023493,125.44487403808007,111.20758592292444,123.00293814645474,119.07140920670409,129.41254954473976,130.593507717471,118.68303914883305,117.06243554184454,32.24018021934707
1043,307.72821887944855,2194.014449617178,0.8762149178874,-0.06494601999340748,-0.5060930919264705,49,0.0,0.021131519625364716,2.0143037129400776,-0.7603123831576731,307.72821887944855,2194.014449617178,1239.4403826971102,0.0,562.5376524052357,355.8964777718462,15.797759141466369,89.30232971637153,92.56358691972142,89.91232787192044,93.77709101925086,89.46604242231876,98.45871440848558,95.76426585361584,91.93534725454208,83.05389383915818,104.42311818585351,100.04862006499474,91.46900813444263,95.59883596802726,23.667201038407402
1044,1614.8298000528791,2194.944498364918,0.71794977315459,0.5023621675864922,0.07870325022370372,49,0.0,0.01296465157358428,1.3465836188236375,-0.3230833174399949,1614.8298000528791,2194.944498364918,1120.4833376484282,0.0,0.0,355.3304944270847,15.798862923547203,78.47141469820501,77.68105866780199,85.16687639987941,70.9442146255889,84.13752741239176,89.01638562399316,79.64619504962863,89.37623032195852,92.06740726802128,91.0722068892214,73.33109382552423,85.2631427575557,98.75628439268999,25.553299715968294
1045,1188.267867652856,2196.0267744628154,0.3211697272698472,0.37476302341720386,0.06723724866909825,49,0.0,0.016068510897958715,2.3983257951258206,-0.9497704462968537,1188.267867652856,2196.0267744628154,1396.9395068268946,0.0,0.0,355.51520444282096,15.799241103068082,92.68393661206613,112.35677958751663,93.55868822095502,79.99157287689198,122.64207977036267,102.6302635162867,99.97705065250294,97.70100736239641,103.36120119117409,107.75912226557486,112.0143324816255,111.54083571978742,119.63486979182034,41.08776677793401
1046,2570.5058780737468,2197.0614459723315,0.9064806932420766,-0.2351894641731458,0.20654982108096945,49,0.0,0.012772889974886481,1.0975819779913194,-0.10109241854886515,2570.5058780737468,2197.0614459723315,971.4539351459161,0.0,0.0,354.9166725016609,15.799341704646332,68.39790127531766,69.12836060746776,63.778431976526534,80.78837595409627,76.62869090535375,71.39502628568856,67.27855439836118,58.62159065702885,60.05519957086416,82.8107933611466,87.92859286778972,76.64958558535727,85.37957797714407,22.613253723773635
1047,1510.6277641561005,2197.66584173499,0.5404179236445528,0.2806404333495284,0.18986303189252338,49,0.0,0.7865901461175321,120.37146490973619,-5.201308864708665,1510.6277641561005,2197.66584173499,17473.73216107528,0.0,0.0,355.37561628769583,15.79999342069373,1192.7384134535246,1304.9784382637172,1275.0219273961682,1252.0843976577112,1315.2081201121878,1318.5821525041529,1425.9598955079264,1356.4124876676547,1393.6848692097387,1253.2600218497128,1446.5453847357426,1262.1280421202687,1299.9840996495657,377.1439109472087
1048,1371.4873606530534,2198.6555756033854,0.5713707835818336,0.362665260745949,-0.1856753753412563,49,0.0,0.00943540099492267,1.0976722493670483,-0.10118171198897428,1371.4873606530534,2198.6555756033854,990.2330698691198,0.0,0.0,355.4358674187108,15.800386779872179,67.509932115473,76.15033818041826,90.42494661377087,87.95837302504003,79.2405759385681,73.13545223100832,71.35769053857663,68.51110607315331,75.02541147191772,60.293405882977304,78.59317546895905,66.81062583969413,81.55309576777161,13.668940721791605
1049,1623.23173869661,2200.113873387728,0.6550613960088802,0.24841473535263045,-0.1646144429626569,49,0.0,0.021437510173924906,2.5006528987125165,-0.9951335349687007,1623.23173869661,2200.113873387728,1197.1670860694371,0.0,0.0,355.32685610961363,15.801016655689176,85.45508342000522,89.47779461268188,98.08026548457045,82.65976202154769,82.1705494233007,106.14342294572435,78.09895526241081,67.21879942321209,97.25085336397774,108.0391065328061,83.89572223601186,101.41853223760496,91.41943210203468,25.838807003548755
1050,2427.2465807079698,2200.3477236704302,0.43785102599072556,0.23922785199486873,0.3085930502189785,49,0.0,0.012196890892942024,1.6958577708114977,-0.5734735644628317,2427.2465807079698,2200.3477236704302,1366.2181381351993,0.0,0.0,354.9787017781575,15.800821274785607,81.75060627273808,95.34802142006868,99.40222577777641,85.16753827762508,104.34758016703779,105.6489523311388,118.84201009782008,116.24784800879478,113.70667527540242,88.73917622884625,111.80237688460839,115.97273066320062,101.17270233348425,28.069694396657702
1051,1858.6772135124058,2205.393826901083,0.2623286514410474,0.8185870836900152,0.6252184525615666,49,0.0,0.01200149886833397,1.533839698579289,-0.4644499347882475,1858.6772135124058,2205.393826901083,1363.7174107012806,0.0,0.0,355.2249011926248,15.803188234041142,100.75946818924523,111.07121914178995,120.75589051268949,98.13933773153114,95.8750144848762,101.90170614101532,110.10821524015537,110.13481986144414,105.67365279673191,102.53327670015916,88.14547401353568,91.83618207997377,101.20120907811585,25.581944730017582
1052,2055.9800041472463,2206.5580951164843,0.6634580520302178,0.29057440884238694,0.23306979528330868,49,0.0,0.060194356657692336,8.0232395290455,-2.260874394998909,2055.9800041472463,2206.5580951164843,1719.0695548720669,0.0,0.0,355.1394633375262,15.803612956703079,137.89099662597,128.71094556348214,128.6585070030372,120.33870069511323,130.096978836998,127.1854227753777,127.28085915721012,124.46305146035004,121.3053013024751,132.60013267858005,138.57251636611542,125.9714467651749,134.40245224372924,41.59224339845368
1053,447.2506174985549,2207.7936208996143,0.6434265027423918,0.09013399752469846,-0.27601597683893475,49,0.0,0.03260252293653621,3.2372027220718644,-1.2754247422664204,447.2506174985549,2207.7936208996143,1898.5282387285654,0.0,0.0,355.8360808892776,15.803646409573881,111.12158665631011,141.35093540483768,141.31514447599938,140.94818914550783,139.50024199705751,134.9385388188993,168.70113677834271,133.26724938018043,154.91936371170493,136.66955386311542,160.29144188244027,155.94377706945428,127.63550745935869,51.92557208535685
1054,1035.0826782238125,2208.0542722739633,0.5429595961313809,0.11511633375588232,0.19030533354013254,49,0.0,0.6992995916409488,108.39428074106739,-5.0875159198020015,1035.0826782238125,2208.0542722739633,15001.361980690985,0.0,0.0,355.5815420201383,15.804188219555368,989.9168871883162,1122.7438312222573,1109.0397299485917,1157.0513948547648,1122.8235134052993,1184.1329798662273,1146.254492321767,1141.1355493523884,1186.618741919482,1139.5585387309675,1139.2717610288187,1098.7883195759066,1120.7746737346097,343.25156754158616
1055,1653.3467365254328,2208.6239055378246,0.7422745598385679,0.6892067313785649,0.4307954916151647,49,0.0,0.017227209783383324,1.721947620347584,-0.5900498414584459,1653.3467365254328,2208.6239055378246,1193.8659326683537,0.0,0.0,355.3138151582012,15.804561457935296,94.52890872101281,88.96487044140758,96.48663726257564,94.2205253207597,93.7460467776634,70.0821800643514,88.4339764907033,98.5400844763513,93.35220026197432,84.58373952577959,85.42242392096222,90.78427919328178,90.09846898782348,24.62159122370707
1056,840.1287368845402,2211.144706388594,0.49813167152290766,0.12967188313678363,0.13839356771431113,49,0.0,0.1515038431259692,25.042498775006713,-3.4966941530046816,840.1287368845402,2211.144706388594,3842.7348363780875,0.0,0.0,355.6659633075978,15.80536501954971,279.6832234643065,302.90267049574663,275.73798685990783,255.45209691145084,308.6729795049088,277.9428770718022,298.44778841271545,335.98286422511393,279.2103990295998,262.03569609318,305.15585472603414,268.04195983520526,299.61637744308655,93.8520623050303
1057,1309.9892704100305,2212.3200689913906,0.23957626726471876,0.47728226925407974,0.09791264626927977,49,0.0,0.01200013795027605,2.1032327115302056,-0.8072183193074173,1309.9892704100305,2212.3200689913906,1374.483577646185,0.0,0.0,355.46250095296654,15.806066497567155,100.56401788573021,105.60435273797975,104.92057408252943,116.79722045428315,98.20721859225762,103.9644561826037,85.36195792668876,110.54546918421632,112.45679063894761,91.25148747215363,108.23272382576978,91.00134633432219,107.08431419070412,38.49164813799856
1058,1327.1116710865383,2212.2968402008414,0.6374838337428866,0.18005228080364974,0.16948134142557106,49,0.0,0.1881099091463549,26.250824878514514,-3.547857386931944,1327.1116710865383,2212.2968402008414,4150.985659694415,0.0,0.0,355.4550863638862,15.806060960054312,282.7789625455587,282.0435525302168,303.08308300035435,326.9025883050913,323.142998003082,347.7074278683468,316.3067975128297,306.2320260754495,320.09490007160053,294.1034940371653,328.36007006401644,302.67010731582536,318.4413669484337,99.11828541644417
1059,2555.1411471084944,2212.9438030527645,0.5591630811639614,-0.1691488683623301,0.13929110352929444,49,0.0,0.03297218066886866,4.1324407176570785,-1.540516580182775,2555.1411471084944,2212.9438030527645,1575.484019574873,0.0,0.0,354.9233121241139,15.805971730080488,115.24590101211017,113.1875647530544,126.69750242834012,130.09700629981558,119.56307328048078,131.22017515750701,133.26442069746173,116.8484157115937,118.21883783321776,102.64532167204823,98.11191259198785,119.9561907572214,122.39583655358626,28.031860826447847
1060,849.849697242982,2214.129950457793,0.7362305118016256,0.1689029878249749,0.5158571671714517,49,0.0,0.011768591613474374,1.1798156871728542,-0.1795354159434642,849.849697242982,2214.129950457793,1270.1237299968784,0.0,0.0,355.6617558945372,15.806615125762606,88.88579250465426,108.84658852365413,90.54441640256225,94.80941876061019,105.99165047621426,92.48920468213701,101.30174845763543,106.99677849306227,94.84643070834561,73.60038154008944,97.03265162546508,93.40694782348868,96.53410377440626,24.837616224553337
1061,462.11287146193837,2214.854789818381,0.40752062132580585,-0.04234965234354783,-0.13789415508875708,49,0.0,0.015148093593110638,2.086860511108841,-0.7987335528501753,462.11287146193837,2214.854789818381,1209.7385874578526,0.0,0.0,355.82965259146755,15.806603000373045,81.83612550069208,87.0102056686021,91.50004538220868,89.78854579231867,79.65518680574232,103.7602015947594,80.90443983150004,91.01716450482701,100.37074617785196,90.34240986641349,103.69785046122493,90.60784350868978,92.80145787039228,26.446364492629947
1062,1299.8906423359324,2214.9212588864107,0.737755794434452,-0.33707359295117567,0.024845830509018643,49,0.0,0.012013518898731949,1.1680745829610892,-0.16867643471133265,1299.8906423359324,2214.9212588864107,1102.927050793552,0.0,0.0,355.46687468752225,15.807147742172942,77.0576278934779,78.86213977022999,74.15970966044131,81.01009533455138,74.74478867345795,82.95808976643124,85.95206030825622,103.46729637190211,90.15538348919262,72.04216026060307,86.78644217004722,67.18338278221256,106.21884741410273,22.329026898645957
1063,1729.76011183966,2219.136753029949,0.5997346590389517,0.34782132321707465,0.06135436030703021,49,0.0,0.0118779020966793,1.341276220188721,-0.3187955623594773,1729.76011183966,2219.136753029949,1100.2118567515904,0.0,0.0,355.28072448210867,15.80893575439782,75.63454870229617,83.10044696913937,71.05577527431576,102.39671579281573,70.51188428600267,78.85495648718143,84.95589046958433,95.2041866460113,71.59491897853151,80.88365684163372,76.62117981115901,87.29204297097945,94.67357233698363,27.43208118495615
1064,1825.0706126190908,2219.924605679104,0.7178467182953902,-0.28614505256870604,0.021590419953733397,49,0.0,0.011947272488409585,1.254041914678883,-0.2457801311281626,1825.0706126190908,2219.924605679104,1017.8369174068647,0.0,0.0,355.2394509471641,15.809249553075137,69.69941291334412,83.44960906259469,68.48616660297884,67.8050328778886,78.97371761410808,75.08566702602371,80.68893211491071,68.75196973610228,72.84759502966955,81.4174049134673,69.86827497538572,91.57937652577685,82.48202476085942,26.70173325375471
1065,2793.52016323341,2222.3773781500286,0.5174708484988985,0.0968651899172826,0.22920355264659167,49,0.0,0.02248704716172222,2.942488379255163,-1.1717868909082014,2793.52016323341,2222.3773781500286,1496.4550125567366,0.0,0.0,354.82008223232754,15.80968259675046,116.86334212166042,108.98960034320345,124.08996240041361,103.66056549833996,98.902154932965,106.18339055383814,125.9947099981612,117.68474289146937,104.08187109956958,101.56811026607141,109.38160489666724,128.82937870790522,121.59767793563572,28.627900910836267
1066,1005.9870332531497,2224.2286516746512,0.6531441769836422,0.21593580379399097,0.13549930255653725,49,0.0,0.04593258169787943,5.9157142155245035,-1.9300179633380736,1005.9870332531497,2224.2286516746512,1671.415506505923,0.0,0.0,355.59414957040025,15.81091286922519,117.92344404184462,125.84788708706995,113.7131558594681,121.9983766702902,141.4196676385254,121.19342637148506,126.0617010339883,142.34261807884997,115.3505576207078,142.46730121037515,136.02501711697198,124.57598567956391,117.23981367197763,25.256554424805056
1067,2746.6753159722825,2225.2407733387486,0.6844315308986276,0.41597849035647333,-0.48963575827907196,49,0.0,0.019525754365476298,1.0036565962623774,-0.003962858069703402,2746.6753159722825,2225.2407733387486,6014.7308717377855,0.0,0.0,354.84036368957277,15.810922613070213,395.1164764303595,381.7122042508279,426.689704317327,421.1971484440031,453.54185060266184,421.29386401374455,466.6316689011629,457.36920556472035,503.17849558033004,450.91609930279367,470.1080450703191,517.780828607184,503.9071338776173,145.2881467747336
1068,2168.453634044785,2226.6176004748913,0.44913805389475053,0.5619495599751757,-0.021173933499979522,49,0.0,0.012454331831963024,1.7266406703789383,-0.5930049158516175,2168.453634044785,2226.6176004748913,1182.0981418536455,0.0,0.0,355.090749501692,15.811921480228914,76.31393462144885,91.86021669233023,92.95184407384826,93.91602991342803,71.41641149382436,82.6003441655367,86.28554858123968,80.58580282172838,78.14813827032506,97.2865198639025,97.0815284786506,96.07034255139015,112.88748384254029,24.69399648345239
1069,1487.2840815336601,2227.454652231299,0.5584000819958658,0.2762522555135726,0.18389182945665347,49,0.0,3.9235141151016943,576.8831132946733,-6.902719565846221,1487.2840815336601,2227.454652231299,87763.3767129877,0.0,0.0,355.38572759751855,15.812403142170817,6004.300468366811,6641.0885578231755,6552.36778412029,6619.54884583116,6639.747323090058,6812.0099547373175,6804.000928891504,6812.899471771146,6646.807442425183,6512.868781735804,6554.664940382095,6798.663522080244,6476.737184218193,1887.6715075146972
1070,1670.1955340054772,2226.790153761114,0.5715356894000038,0.06996833912528196,0.1594168686210118,49,0.0,0.3929009297127991,58.990429018461434,-4.426953886662609,1670.1955340054772,2226.790153761114,8422.256345914077,0.0,0.0,355.3065179663209,15.812129689067739,598.8531873134013,581.3416418170211,617.4591876147421,648.5662826478051,651.8181069314599,660.9230719512434,661.5995012829001,652.0209816235048,636.5315194050729,621.3572842756469,672.0507480795525,635.891365847716,615.5550892198528,168.28837790415713
1071,2759.0360443896407,2227.201986815931,0.5104478187990933,0.33787246374590313,0.3652486946999195,49,0.0,5.319811558637528,763.2573441736514,-7.206677479589362,2759.0360443896407,2227.201986815931,156763.06967875065,0.0,0.0,354.8350093204954,15.811727516246947,11200.280609217334,11765.765853500588,11793.140279538231,11631.413982201871,11816.760634733668,12060.115455870618,12010.244282536152,11975.718499883918,11846.256550543108,11551.929317003496,12003.003060374318,11956.777544827397,11911.819427445485,3239.8441810745267
1072,194.3256262543909,2229.6470213201637,0.4228966163016209,0.6714447032328958,-0.5022667304442573,49,0.0,0.008683421967020748,1.1460512936681198,-0.14801013931948173,194.3256262543909,2229.6470213201637,616.4893802718658,0.0,303.63893145411197,355.9456222137736,15.812473736275006,0.0,0.0,0.0,0.0,0.0,0.0,0.0,0.0,0.0,6.702235948706183,0.0,21.446448082336083,401.77985432057784,186.5608419202457
1073,197.644818233696,2231.110883130397,0.3952092829132946,0.20220231443010467,-0.8529988918193248,49,0.0,0.010885790056863368,1.6666918526015626,-0.5546382810857435,197.644818233696,2231.110883130397,652.552777737774,0.0,318.6756811018814,355.94418679724316,15.813087631722672,0.0,0.0,0.0,0.0,0.0,0.0,0.0,0.0,0.0,20.342669195242895,5.563302552814598,32.87228741575646,410.7126949163274,183.06182365763277
1074,1998.1345417268058,2236.3505414927386,0.5319617310238728,0.3196558131253844,0.33936032610209943,49,0.0,0.017651726568881292,1.9060261765438036,-0.7003221518922655,1998.1345417268058,2236.3505414927386,1317.181965307709,0.0,0.0,355.164501561388,15.816047327935436,85.72472304993421,106.32544684188812,94.48692691821454,99.79208445241929,96.15547984686546,126.03447618136704,97.10695432776443,100.45141927818493,112.00084588173806,82.60875502072388,109.09021252168043,69.6510200000275,103.55251258187036,34.20110840503091
1075,766.177193667848,2239.1276078400397,0.34031593158318924,0.01366982494682199,-0.023422747609276463,49,0.0,0.010184075425038689,1.5687249888714963,-0.4888670366537218,766.177193667848,2239.1276078400397,991.6752733954102,0.0,0.0,355.69800623940796,15.816973516398335,72.93751537846659,59.604252536508696,72.311659024834,74.03960641880207,72.11499434224054,73.81116337192745,86.255521929173,94.40630566408973,53.49823643193368,72.6201064338107,74.97645442364009,72.89329473696984,83.22714640169605,28.979016301317813
1076,1827.1477486582994,2244.408262892208,0.5732942718576175,0.21742849076760698,0.18906664584494523,49,0.0,0.027240680488670357,3.621450170812785,-1.3972062848041964,1827.1477486582994,2244.408262892208,1376.099409508155,0.0,0.0,355.2385465916064,15.819450444647801,78.45497935607662,97.2758222157093,104.46760651241124,85.16820777232061,101.82785685164949,98.1112768714325,136.45405544179593,86.68390832070695,113.60223820308644,121.13363740656301,114.71652483544014,97.92726851369423,113.21287574163635,27.06315146563241
1077,1368.8847713955472,2244.7642856050984,0.5940914609168578,0.15946246632919114,0.28435506026503765,49,0.0,0.061290203349409766,8.630801636475509,-2.3401278381087764,1368.8847713955472,2244.7642856050984,1934.006656150752,0.0,0.0,355.4370037701322,15.819597806793634,116.76299868934989,164.43664542592109,155.69223872552993,137.32605835592076,138.02748302221462,144.0405434598369,160.63368646300043,158.18598580738103,166.3520046566949,140.80910890784358,151.28977899349317,128.523998337136,141.57976596413627,30.346359342293276
1078,1778.638932789123,2248.955901648901,0.24571584574599464,0.3668988582450331,0.4146553124768153,49,0.0,0.010217074458248316,1.5380549485497492,-0.4674296283671385,1778.638932789123,2248.955901648901,1297.7722165586943,0.0,0.0,355.2595532644084,15.821353679389405,92.61085441699393,90.84017439417272,106.89723156227487,92.17982683014417,96.51862933548827,97.57079064285875,86.81964435922833,85.77074153005285,97.01694848703005,113.92626714485378,127.83937033247598,97.09644306632467,88.9579705720552,23.72732388474069
1079,559.9424873020214,2251.2633416186545,0.678088704773794,0.2710961753277587,0.1784956586755137,49,0.0,0.028790114514512306,3.414504023761513,-1.333319072103326,559.9424873020214,2251.2633416186545,1335.9152037116837,0.0,0.0,355.7873247380543,15.821863861016672,100.13406349091552,81.16781384725293,88.95268946037429,90.10565877646297,101.40903296107868,99.35764211843302,105.85389121432306,128.49324908982635,98.5747879813177,112.43156586472139,115.00037234175696,93.75704716474866,96.7813497687786,23.89603963169384
1080,1155.216734176229,2252.2943945528377,0.35153634543605305,0.2783646816195395,0.08683804916123533,49,0.0,0.023577308751111473,4.306165603713818,-1.585226819057811,1155.216734176229,2252.2943945528377,1378.2526051782436,0.0,0.0,355.5295381383538,15.822673180164287,120.07592098558094,105.77456800764682,82.98749721040517,104.52808066660918,91.21763313792488,119.68047791059477,91.39938802331226,110.29156975861056,90.43798386549528,108.92599050419506,92.66920050770602,115.16879695977784,116.83432479607734,28.261172844307616
1081,694.3060762034206,2253.567076558489,0.6392759880453882,-0.2982194387020443,0.1884916836118561,49,0.0,0.01238223979211254,1.4221208261037726,-0.3823412411266416,694.3060762034206,2253.567076558489,960.5536814833706,0.0,0.0,355.72914085175705,15.822936001910529,64.2054868865935,77.6200702235911,87.89892790481136,78.76246741632484,83.90785116036159,77.75861341546559,61.59905798253647,70.81566281645229,64.30467511264152,62.25387380068429,58.053644187516774,67.31929805506556,83.5146000751933,22.53945244613248
1082,2116.7049394873125,2252.8349629905892,0.8378612113066813,0.24333791923122547,0.5070283584330962,49,0.0,0.020169029631148926,2.09791861760836,-0.8044715926167567,2116.7049394873125,2252.8349629905892,1088.761572321521,0.0,0.0,355.1131469499588,15.822869132972583,78.80778265264223,85.50128188528399,79.35215971695817,93.16402554105015,62.4353357285744,74.45740376205724,81.80023384086729,86.62128667689566,80.96017075949632,86.59216151950295,77.3780116005753,82.62502654461112,90.31239467573245,28.75429741727377
1083,2310.965154117584,2253.3187751318696,0.44046834281996633,0.2629781648355526,0.2667975665261981,49,0.0,0.013090315638121597,2.1135734881895387,-0.8125433817259958,2310.965154117584,2253.3187751318696,987.2733129791445,0.0,0.0,355.02901988407706,15.822968403404767,78.77256178774884,93.0405761430709,69.60570445335699,75.79579760418457,67.31709954943727,71.1049725112382,66.96833352706086,61.406392880055805,76.22504720770793,76.6111346801091,61.30191209583192,74.61930726201481,92.15369986264021,22.350773414687175
1084,2398.402817623648,2255.665252936729,0.5460519092545695,0.08788471370187254,0.2384168378351878,49,0.0,0.520763543165525,78.09630659269058,-4.731576238203401,2398.402817623648,2255.665252936729,12058.15481818446,0.0,0.0,354.9911526645112,15.823889436916911,789.0299442245895,900.9167602641575,912.6980503308457,874.6177423609938,945.3600651721654,854.8452018290652,923.9351304583686,936.994212218332,912.3496966859259,875.9400759198893,984.0285793267045,934.6064648902061,950.6786513066361,262.1542431965775
1085,1938.2122711293143,2258.2198508155434,0.5967124997885539,0.34229086580829554,-0.07388523143668534,49,0.0,0.010113673667211952,1.1337571688760297,-0.13630011542607473,1938.2122711293143,2258.2198508155434,946.7330314497519,0.0,0.0,355.19044464768365,15.825178219299938,68.37537652485703,75.51843201325843,88.30434027319048,59.24482639264503,57.57462663232057,66.53982440594805,59.486488276567385,72.38108362526879,77.35751959435862,86.71773976591668,78.78581792795966,57.58141477605307,79.7988851370205,19.066656104387572
1086,1175.2777543462012,2259.057106121406,0.6146113926371742,0.15914030019593423,0.1810443628315849,49,0.0,0.42266040766554613,59.252136083041336,-4.4317600289988395,1175.2777543462012,2259.057106121406,8948.149880506711,0.0,0.0,355.5208529069078,15.825498395963688,611.9846800275662,638.1820573253552,677.7388752053263,672.2702093203301,710.4475646483603,694.631734977357,687.8509453327208,711.6571284281185,664.7133111774135,646.0683312258712,678.1448975138273,692.0644642302391,695.8715739243178,166.52410716990815
1087,2914.9558877936015,2259.612695710169,0.4471874022202139,0.05525813834194314,0.48097426398142473,49,0.0,0.02079729727957328,2.906793750897481,-1.1585355446609944,2914.9558877936015,2259.612695710169,1469.1143015239786,0.0,1335.1326971154526,354.7674568895734,15.825065599709955,101.31978779112154,124.73775033406747,103.08452025847788,107.68674822571751,123.67348104739449,104.25497292450387,119.0027982762413,124.22003626746475,107.25048495241639,86.09125656380306,119.50251878555947,104.66601278427694,118.18453300411346,25.43940030882031
1088,1548.7476466271928,2261.1089098387833,0.3036534613589486,0.09608719940451263,0.16426172495545766,49,0.0,0.02502898849693206,2.901774536922166,-1.156659163625686,1548.7476466271928,2261.1089098387833,2127.6826679828973,0.0,0.0,355.35911237953076,15.826429791481395,161.89858429783845,159.66266146315877,161.47080765113094,174.23669937817368,137.3150247397046,165.2281992592338,136.5190866327143,150.19840449343536,143.00104727157958,156.0700427756709,180.87910783003338,174.81917067413494,175.47464895182222,50.90918256426605
1089,1982.4266772213102,2260.4015229395914,0.33650048081918227,-0.0808089653067649,0.07170678134996296,49,0.0,0.00834442003528936,1.3373454748028726,-0.31560903128008333,1982.4266772213102,2260.4015229395914,913.8282987073969,0.0,0.0,355.1712958444766,15.826073561244296,73.61401078679756,70.01611649809524,72.78279572444987,57.9724965670054,75.12324280145384,53.19211852448574,73.99568561530018,80.81101890241484,65.35436120026772,64.95279748055947,62.35987404097739,74.54788050726881,69.38712556415179,19.718774494169033
1090,607.8491413132951,2262.4281591203626,0.8688365821164982,0.0281360771858968,0.012839587775850644,49,0.0,0.016842393829602006,1.5084785137965215,-0.446347821567436,607.8491413132951,2262.4281591203626,1126.160023438646,0.0,0.0,355.76658874237233,15.826557447918887,64.9971909493673,85.88269325970475,74.82419088132609,83.36332678075425,81.88405979427873,70.14644736400564,82.93166433022213,90.30018114710025,88.38390984227539,86.81277475958728,97.35409870081875,92.10918496380992,95.16697280348723,32.00332786190832
1091,2683.1998193098057,2262.2856970404723,0.6037370379578687,-0.00036740381328633257,0.4085508256442138,49,0.0,0.026182733416037874,3.0520350077774663,-1.2114737770057487,2683.1998193098057,2262.2856970404723,1408.6384832027593,0.0,0.0,354.86781444336106,15.826417837553578,113.39479685565976,96.08517468573065,114.13172693053508,94.9182382994654,109.39857797726553,112.89386413298811,103.91357282074966,119.79562957316085,108.02384309810785,105.46624563495496,117.56234702081905,96.6062527847994,93.85673076701322,22.591482621509826
1092,1676.3539597814581,2265.2001728596733,0.20803297392455547,-0.09298100193257902,0.3067232454741841,49,0.0,0.007688258870565274,1.1734399353370386,-0.17365216087126745,1676.3539597814581,2265.2001728596733,1048.044948699118,0.0,0.0,355.3038485115715,15.828133123733206,76.93307146899785,71.07995337212989,94.69293791233356,83.05753890298952,78.44926058422416,90.54830321701526,71.23686287787189,69.39001880164727,89.82470881568592,80.57697661873762,78.12589247926552,68.98676886576003,71.41837615935654,23.724278623103004
1093,1579.9011821747324,2266.7086163547833,0.4292861241692107,0.10477329171108908,0.3526154991442406,49,0.0,0.02311938356408879,3.6348028284791414,-1.4012021433342796,1579.9011821747324,2266.7086163547833,1329.1305714512248,0.0,0.0,355.3456205432683,15.82876391619443,79.7859254720758,97.73322014567816,95.72720213705838,98.67070326991637,102.32551028539456,89.33417777444201,102.65043966297515,106.92952394013916,99.6895394598744,104.95393068302867,116.67072884329664,102.78516552810434,103.99783667347032,27.87666757577098
1094,437.30962436282164,2266.8095073440727,0.35736356806264685,0.07769522262382511,-0.3374540665329626,49,0.0,0.028958584998356792,4.075049584762858,-1.5253322438911425,437.30962436282164,2266.8095073440727,1924.9113273383596,0.0,0.0,355.840445563888,15.828225012791936,130.99795952936503,130.70718755033653,136.99736619551857,133.73183259742865,149.50427771469796,161.24400115490386,153.59071791162086,166.0096283728245,127.12124711789349,149.38194958392506,154.4610550738831,149.95617992759642,142.86903057359584,38.338894034769794
1095,2722.8808970161863,2267.1640403786696,0.5175806206679702,0.302931749062873,0.42865052327440745,49,0.0,0.10029318351273,15.01531428839029,-2.9413360673257,2722.8808970161863,2267.1640403786696,3192.7266367655884,0.0,0.0,354.85062575388827,15.828412785078765,215.65520148946035,206.91513657941653,268.90479234220334,255.7692230952311,269.212445351209,206.04701574001083,239.02393266526957,246.30910015251013,224.40249913055573,249.97444044633642,256.65297319550336,248.20583224583868,245.83070732566767,59.82333700637568
1096,2807.637131689146,2273.580821963289,0.593855711999502,0.08269909104670085,0.5290566341369658,49,0.0,0.010258802027895524,1.0454517984230436,-0.04826003510931597,2807.637131689146,2273.580821963289,1048.316421162201,0.0,0.0,354.8139152160978,15.831001471930396,84.56600738488518,75.35903554277627,65.0282899925469,88.05421417657061,69.74916703036442,90.79705809892087,70.886059458989,75.71879283705688,83.237889952892,86.819655370308,76.16497650293522,79.17887406301543,87.39391062344612,15.362490127494233
1097,590.3761290143958,2276.43613015691,0.3775848357169439,0.045034466234334714,0.03368434968339202,49,0.0,0.010029187501661924,1.217003091516363,-0.21322920364170284,590.3761290143958,2276.43613015691,1060.4331150027033,0.0,0.0,355.77416793966347,15.832378766683524,71.17903134528324,83.23437606493985,74.99556662453132,82.28715487534075,74.14948657980007,74.07264626194055,83.27835288220844,62.424090481983434,81.3575569160744,76.27243080227156,101.2818141248379,86.09130812164094,84.42920810425736,25.380091817593314
1098,1097.17744677234,2275.6585216085996,0.7252856506245791,-0.10263802909147914,0.33532062240032856,49,0.0,0.0697140008458785,8.565379214066791,-2.3318664879943225,1097.17744677234,2275.6585216085996,1909.5410937916986,0.0,0.0,355.55468327656195,15.832384297913363,126.58984227544951,129.8118363495193,158.73800816443418,150.30689683340512,153.02191945386505,142.9770899233714,148.36083856060847,129.13368833001186,158.70115386163422,143.63357647180644,154.48175883670498,133.8841678275007,128.14100475871865,51.75931214466857
1099,2213.343333552769,2277.1864210150243,0.7054579746288653,0.09814310767747314,0.1824644927039226,49,0.0,0.021515441369839374,2.506223811974174,-0.9975496298986448,2213.343333552769,2277.1864210150243,1145.720137658381,0.0,0.0,355.07128326996167,15.832968382197713,72.69284263543632,91.80319288649895,110.33830149053104,81.39601773700612,80.56717533263496,81.06640479142018,105.02794002252159,84.68984447551122,91.70207314629472,87.80396058264151,71.67138664244996,81.6464669718315,79.58508577034868,25.72944517325412
1100,2616.0286062788214,2277.6917296615206,0.6000813929770307,0.3939464273567133,0.4258766804417106,49,0.0,0.478804822173525,66.78995775836178,-4.561777921982834,2616.0286062788214,2277.6917296615206,11024.251244045394,0.0,0.0,354.8968893869423,15.832897201741295,775.4511219121677,824.8846324736805,811.5411338450662,833.9505974915998,839.3709281560168,853.1760525490922,817.3762897416594,858.8941860990533,850.8446463661143,784.9301754922399,827.5425146513946,832.7767330529355,844.9771265105257,268.53510570384867
1101,1890.9977948222288,2280.3692431660625,0.60698616940135,-0.20985148636438394,0.15861866337464856,49,0.0,0.010973180189162332,1.0899728981688357,-0.09353924870005961,1890.9977948222288,2280.3692431660625,1030.9603124806263,0.0,0.0,355.21088635836924,15.834419629159084,79.6195382308571,78.59238344673315,78.52471735119435,76.78397249971273,71.503016542418,83.39187716306894,78.85705619920428,87.39404708137582,78.8469997958781,75.68984659169129,98.72762019319732,58.38749842998908,71.98621121765883,12.655527737647272
1102,2701.367273011555,2279.838186214829,0.3278284852306143,0.15295407009529263,0.37625716023561945,49,0.0,0.00867655053799484,1.0633291042366073,-0.06666925263762752,2701.367273011555,2279.838186214829,1093.5907280246968,0.0,0.0,354.8599300620044,15.8337139127765,64.17863985370496,66.28736191685319,74.55836298354927,90.1899517805314,99.53182598333682,91.1467549615191,70.91985905313985,86.14350712358757,74.93060024036625,89.04191508972822,83.85740280296847,85.14346635682922,86.37826110837707,31.282818770205434
1103,2493.4368780585737,2283.620783705956,0.4743226635012278,0.32935232800720365,0.4597936806523108,49,0.0,0.018558029554662403,2.5845785015518294,-1.0309743188884328,2493.4368780585737,2283.620783705956,1252.1283758558097,0.0,0.0,354.9499756481384,15.835468040046125,77.89552884304797,86.84361342832098,111.50569254444318,82.68702538406865,75.22028862342145,101.26101014459908,95.73277804404503,85.6560092936599,96.59529093041007,94.36517495597994,99.51560401982746,109.15000104365866,101.67924432724455,34.021114273082745
1104,1836.5844972573977,2285.5341727590553,0.32853989288535124,0.1894836286024707,0.11822965483208729,49,0.0,0.016288566320844605,2.5541773148276032,-1.0181276083738555,1836.5844972573977,2285.5341727590553,1325.4451707196536,0.0,0.0,355.2344513647263,15.836583938535524,80.45958217501344,89.3246675279471,88.31625613047612,102.1275528025539,99.27399350802736,81.80765844914288,98.23293318938903,131.97837577603042,87.39794332347336,111.26122794342781,90.71474308630343,120.57202095798496,110.49895040294865,33.479265446934946
1105,855.3406265652131,2287.556992920247,0.39015317337761174,0.08100744258959702,0.159276715657021,49,0.0,0.007118523559305355,1.0328943204504646,-0.035139723467402934,855.3406265652131,2287.556992920247,911.2568815495843,0.0,0.0,355.65942620664606,15.837212080277888,74.65906154150746,73.73475293457126,76.96414146871601,70.23238913049218,59.85494146635024,75.58457719585101,48.08294609380201,56.097597900495835,70.66244322592203,64.77192527508518,72.90069182624978,77.6566600954891,72.82307437103444,17.231679024017687
1106,1055.0329792125476,2290.9667785895926,0.6203707787813738,-0.17158304054781964,0.26934616145932505,49,0.0,0.024640293114689685,3.121543459003111,-1.235923464197307,1055.0329792125476,2290.9667785895926,1178.3543362286766,0.0,0.0,355.57294273577725,15.838743537387213,76.15808142805022,86.00879944968426,66.49759959690856,99.7966503083911,108.44354107036563,96.55789527716956,75.80335099363735,99.84870521093936,84.22268809062582,87.17285051792888,85.66012293277616,88.80029650247167,90.59986304723702,32.78389180249107
1107,941.9534723952833,2294.1023519595497,0.5396368756746796,0.32503360378025165,0.36546187454036927,49,0.0,0.024865749327545567,1.9692529481767418,-0.7357537608147691,941.9534723952833,2294.1023519595497,2703.825107747482,0.0,0.0,355.62191884151486,15.839991460021826,190.9710687952402,211.7124698504545,199.166205868859,187.1901089450704,212.10018815534607,209.06033876811307,220.14104302800143,199.68171354897726,195.08139415731878,206.31466548754386,210.028986657833,208.37006379502986,190.98587906574264,63.02098162395188
1108,1067.1617747172943,2293.3022176106733,0.39814640580826416,0.016474440372735304,0.49088868351127724,49,0.0,0.008199610152006272,1.0311278220006743,-0.03328126298732481,1067.1617747172943,2293.3022176106733,961.228925043535,0.0,0.0,355.56769087325375,15.839722228282453,71.09953299808525,59.75621751665384,62.965862090466786,60.331856414784234,88.83742955343541,69.22672118881746,84.5229616350828,72.4948727667762,66.80144039223525,73.14007452552066,65.36045385132842,87.61694943574852,73.49713226102838,25.577420413571765
1109,1375.2149571606435,2292.6445079381633,0.6255567217006583,0.18823658439247593,0.08258122285970403,49,0.0,0.04046158606579978,5.374655445980234,-1.8258765702105808,1375.2149571606435,2292.6445079381633,1535.2388820400188,0.0,0.0,355.4342718661756,15.839548640851632,108.55108316952558,114.88538743549017,126.58886717838107,110.753806982206,101.57579311748161,102.94106104432512,114.75905938229296,121.93581719370077,123.41759413861809,134.90585109475242,118.77766075053641,102.98684195331603,126.91466998253107,26.245388616861383
1110,1530.1325002039036,2292.7259012456984,0.5905198367960399,0.19100497415478068,0.22023879215597889,49,0.0,0.0869567718828275,12.622799969903863,-2.7528892503055262,1530.1325002039036,2292.7259012456984,2409.5089031427697,0.0,0.0,355.367176157395,15.839602240946935,165.2413172204902,183.24028179807368,168.77168498562773,161.22902502073947,189.32114379532854,182.5889794371767,168.62460275380033,191.86123823638937,161.9310489614416,178.5039843518141,194.85830540133648,188.38833412881536,226.3624363103957,48.58652074134065
1111,1635.0747239260024,2299.6450960031084,0.46183100234757907,0.490946240969955,0.43590751511061127,49,0.0,0.011148694883905822,1.4119212685202627,-0.3745262007120747,1635.0747239260024,2299.6450960031084,1012.0987569517688,0.0,0.0,355.3217247768675,15.842486779406586,70.99326895522799,64.44743834510754,80.61379795904247,92.98240045431125,71.12362248035018,87.6262536024407,72.76811709884771,59.280754476422,67.89835520032088,73.33275455939966,71.1730421275657,84.93815039910477,88.88350071581444,26.03730057781353
1112,1113.7940486902996,2302.2709063888738,0.6007900849748113,0.20484656594143866,0.20848497855559683,49,0.0,0.09234421092327376,13.236491456043662,-2.8044322091323295,1113.7940486902996,2302.2709063888738,2509.2261860793947,0.0,0.0,355.54749823406655,15.843479506440287,177.8356731966881,178.27733813425178,195.78566347664756,185.28274174566286,190.4921805062829,200.79157959538065,193.32462533598778,206.76306177509144,184.31941767763882,174.45238634216787,189.1572812533077,166.20989913281096,212.27396006564786,54.26037784182837
1113,660.200306270675,2302.949353479559,0.575731540197247,0.1233864563515614,0.07993873329643969,49,0.0,0.3409119827707374,48.936091540428876,-4.22407319971719,660.200306270675,2302.949353479559,7912.395343674789,0.0,0.0,355.7439511479595,15.843483894082704,523.9591770951021,572.2180525416302,644.5737836055173,591.781790245164,604.271157126161,599.721790358497,571.0774837275814,615.7953310482138,570.3308031295365,595.3301700394601,627.5034147649175,627.2971313913781,606.689419338967,161.845839262664
1114,2107.601930689505,2306.8879093224214,0.5468237258641854,0.37482369698153867,0.28435928250741016,49,0.0,0.011688112887938551,1.1785902068001375,-0.17840707028249722,2107.601930689505,2306.8879093224214,1037.8135583960652,0.0,0.0,355.117065088478,15.845394478406108,75.88345336758998,87.93452978038917,85.1775170002511,80.53190020924384,66.15947513217017,66.4938333314415,88.62426073924144,77.60066231711765,74.72602784669438,82.28310113041064,71.86009740176513,73.30952392360467,83.06807904926015,24.16109716688538
1115,1977.6219515455375,2308.1577918224884,0.4590595203110502,0.5025227982491659,0.19708380500132172,49,0.0,0.011922717847699818,1.7111266404240755,-0.5832053821257867,1977.6219515455375,2308.1577918224884,939.7589128269947,0.0,0.0,355.173360842386,15.845972999962903,53.595427477472036,67.95143149955177,49.67324134741237,78.35629494567799,78.52341303093851,72.04929492325114,77.79721535071849,62.10251374568461,76.67174446831424,68.78683147454336,88.48485873617653,88.66332766587072,55.776568201447645,21.326749959935277
1116,1421.331147021815,2308.3174666586924,0.5080808983369288,0.4426855339875805,0.15561699804029494,49,0.0,0.010294161647061631,1.3940102131684813,-0.360664889043545,1421.331147021815,2308.3174666586924,1006.6703214482965,0.0,0.0,355.41430115321094,15.846086882294987,84.61918723783936,66.80580447763352,73.90493505077745,85.55438331203646,65.91690580652988,71.6834204540134,93.05979412476427,68.61279097230225,82.3808982789023,54.954220308657526,71.37616726698633,86.70441095761991,77.42342652327648,23.673976676957317
1117,299.6064247087842,2311.120315308529,0.7308671712182429,-0.7313914254303819,-0.4200371006147938,49,0.0,0.02031974445187536,2.5269772181617856,-1.0065033164428185,299.6064247087842,2311.120315308529,1322.4688715527586,0.0,923.6302725312403,355.9001280145792,15.846540770694348,93.48389836459367,99.80885649319,110.7675695681706,114.32748441127576,123.49306087197888,165.1205880263269,78.48839449443058,76.60265818783014,91.5060794330467,92.4504510448271,100.62064671242216,81.31811243543723,81.01282092484188,13.46825058438691
1118,278.94913760594653,2312.0304545335243,0.20289853192857393,0.13663315095830378,-0.4864745403852192,49,0.0,0.006385454458850864,1.3925687624846539,-0.3595416225952796,278.94913760594653,2312.0304545335243,1175.9452234071546,0.0,691.2562054799557,355.90907533301646,15.846896672555685,76.15031344237288,122.52523800555498,134.1681758393667,94.7334940880612,66.06176230622805,66.95936148485745,57.83008672024761,130.86880280519782,69.84692145099089,81.47338312629635,81.02848544299792,75.82835590950862,97.85499717821966,20.615845607254318
1119,2783.8897796760216,2312.7597109084168,0.3512606647233449,0.47896206927947105,0.44388842118224303,49,0.0,0.01426831559419464,1.8820590083272384,-0.6865830894246406,2783.8897796760216,2312.7597109084168,1337.1984242926328,0.0,0.0,354.8241584214559,15.84734932869734,101.51137382972166,91.71612784365524,103.98178185656361,110.0414054354234,124.62168635300614,99.8425476951873,86.35898553433742,104.03050586665222,94.87267447308372,92.85705871657184,104.61803270147304,99.37405672894059,94.8411676721439,28.53101958587283
1120,2362.64594629127,2313.8824100604443,0.613597084639192,0.7272380538368819,0.36513746764067495,49,0.0,0.0098756427128579,1.0739896165336427,-0.07750020642573896,2362.64594629127,2313.8824100604443,937.0487779843693,0.0,0.0,355.0065985590054,15.848169534715897,59.635275415608625,66.13778343485734,80.42571506936262,53.982464336126775,78.35786253499306,72.63385260752165,71.7066833446379,55.46282140721073,78.5870603212324,89.34785330285858,79.16883435545236,66.37986880876798,71.89743840879254,13.325264636946649
1121,649.6892144267084,2315.654885781202,0.5485427377539092,0.1641710150266817,0.12840988611534954,49,0.0,0.08304684963317978,12.109610833596008,-2.7078254661281616,649.6892144267084,2315.654885781202,2662.724537596406,0.0,0.0,355.74851403702473,15.848769042970574,167.087803517622,189.3050338273017,203.4275784411536,197.88930090214222,192.07843300716507,228.50799233269368,204.2658183916218,211.57766769662288,220.06196425802005,184.4494991549657,189.19689121159428,218.04394972356448,198.23036901887826,58.60223611306046
1122,862.2682448533951,2316.580362905216,0.3092008130574405,-0.5820377725053888,-0.0931269727850533,49,0.0,0.007935329884488142,1.1968358298505988,-0.19508645563226248,862.2682448533951,2316.580362905216,953.5381979749947,0.0,0.0,355.65644474131864,15.849309064806292,71.32711446548257,69.00602311463933,83.26339986552809,85.22055458425586,63.468883738641026,72.3108556978552,62.233941029473485,73.18298083060772,64.14994210184383,60.561009975497576,74.96492066952459,62.293996989933206,97.2905858587429,14.263989052969306
1123,1847.1448323764798,2318.9960952117813,0.7787193358921923,0.65937685605996,0.38800175388369185,49,0.0,0.013493402538326446,1.3038848615432699,-0.2880981076996304,1847.1448323764798,2318.9960952117813,981.0075768489585,0.0,0.0,355.2298704510002,15.850523828116046,58.90736488979928,66.60267030374993,74.27805666106437,72.90217536288074,69.07743509516409,85.76248972437295,85.36955740399071,84.14767612138687,65.2338854341854,73.20637168146584,62.77971357764852,82.7476814394797,79.99534297862283,19.997156175147254
1124,1930.9517146206986,2319.217729787381,0.774952018424443,0.1554363172623963,0.19330962835603913,49,0.0,0.02304617121025592,2.5401117795834325,-1.0121320712625643,1930.9517146206986,2319.217729787381,1128.4446132098342,0.0,0.0,355.1935713110379,15.850595369314895,84.98267468264648,84.24253968565398,72.18345773548106,82.67529245378684,83.72058403629583,73.44953832250215,101.35249019243858,74.92843647621683,84.98528173733413,91.93143521985623,103.35243604461903,92.64255772853207,80.49861880159588,17.49927009287513
1125,2066.708752834369,2321.464552218526,0.6365285578666148,0.3206964321675409,0.17651825893839318,49,0.0,0.047981846961966716,6.245063106422396,-1.9888420782055483,2066.708752834369,2321.464552218526,1668.855485114693,0.0,0.0,355.13477049847154,15.851484992924108,110.75739504556356,140.5132666498675,102.30698626563776,124.83992785585144,109.83716838159283,132.27454554562163,133.0386665875575,131.80797516880872,125.81335570608233,129.74656297544442,123.27921035275745,145.26604065174013,124.53478853671146,34.83959539145608
1126,1834.7722040836475,2324.4022004571943,0.5561897346130438,0.2735648224964388,0.5514036873547181,49,0.0,0.008463876821557609,1.0011110995813388,-0.001205691344947737,1834.7722040836475,2324.4022004571943,1046.980061499151,0.0,0.0,355.2352282742694,15.852778865933615,70.28148764923401,74.90154970130666,86.725110412641,98.35271451683721,101.82101778752633,96.03627384913601,59.26529940231256,72.20522656288243,67.69614636001688,63.34564200851533,74.70292776808907,84.57708525625576,78.7671123086724,18.302467915725348
1127,774.1298509093732,2325.859496090921,0.20239827986257544,0.05255305569666334,0.10151670442765057,49,0.0,0.007088187162626391,1.1325527173001018,-0.13514606600506587,774.1298509093732,2325.859496090921,963.4033924853807,0.0,0.0,355.69462530486464,15.85311587797862,66.29356797613599,82.64420841825988,60.994684396063406,85.83346884398956,85.18781208954023,65.8405538581996,79.09455384973288,67.71239638627694,71.43805298466047,66.99188286521468,57.26375145155026,69.76019950021958,75.75310040551938,28.59515946001776
1128,2245.6945214617385,2328.697137428919,0.42017100369275523,0.6729235864179951,0.403792261828291,49,0.0,0.00908835088333207,1.1976960958420797,-0.1958665846945112,2245.6945214617385,2328.697137428919,976.365848407677,0.0,0.0,355.05724334230246,15.854412880064938,72.9841297051828,76.3707969638759,73.12010577856717,52.889480256922724,64.94857141524115,76.8348355247675,81.79411962447006,71.52804184883261,76.32028372466215,71.67534862653419,79.51862563505625,81.90283100075175,78.25516368057036,18.223514622242487
1129,1369.6714503305761,2333.042903833161,0.8305693407555268,0.2713086031154947,0.008803823645161152,49,0.0,0.054978433861675544,5.877291614690309,-1.922943099301254,1369.6714503305761,2333.042903833161,1761.236738393076,0.0,0.0,355.4366809738438,15.856379741612987,114.43284817131156,128.12755609095106,116.83931521304162,130.82390331356999,144.2233778932115,132.4108120245526,139.9333195181763,131.2941378676105,133.98509215183378,150.25712064865343,138.34073013800042,120.38708027071836,134.06519880701208,46.11624628443286
1130,1761.950432079268,2334.148395851107,0.5761675357480401,0.026093852444417552,0.19562923052413458,49,0.0,0.07618125362247574,11.170555023633026,-2.620186880352309,1761.950432079268,2334.148395851107,2226.4837092627013,0.0,0.0,355.2667684392712,15.85685206103179,178.97495473890282,162.96303660576237,167.56588302893437,155.0820434046429,168.7840017097462,156.6390221569693,180.7615380126336,154.1980756852758,178.0427897614806,160.19220486489417,172.66688488094212,174.55018222857282,157.78652168866932,58.27657049527495
1131,1853.289324348917,2334.5235204413084,0.4058450736322508,-0.4405484283387594,-0.08942344545431699,49,0.0,0.008554510992477614,1.1251881926622482,-0.12806291545052192,1853.289324348917,2334.5235204413084,979.1714143215119,0.0,0.0,355.2272056528216,15.856992076363658,58.22323672833498,67.84411250793663,68.66501826976719,68.13921373540892,76.05063348234256,73.71104591236693,64.74011142703519,86.67296373113629,66.84454717555519,85.88087960551294,74.76344519265777,81.46735855916103,84.87150595312102,21.297342041175213
1132,1985.475220635172,2334.936888777885,0.5735478227418657,0.24472377667654913,0.18640866990971897,49,0.0,0.17135493176502536,25.696109705049274,-3.524668444367326,1985.475220635172,2334.936888777885,3972.3962290982736,0.0,0.0,355.16995041147464,15.857128029484096,274.4373331068519,265.68279388998224,274.30837061212765,320.89727859389126,305.3834074832606,313.0880732978805,302.4457320145756,296.16134749733476,298.11080348522245,304.3747259941367,310.2030628290565,313.7529185766477,319.55667991644395,73.99370180086103
1133,2390.7861378115367,2337.430676466446,0.4348168938569527,0.44559861663031824,-0.06289465979161367,49,0.0,0.008934983652315171,1.0771267041897161,-0.08066698269677977,2390.7861378115367,2337.430676466446,940.6548440584779,0.0,0.0,354.9943944162619,15.857962077221325,80.53223310069794,72.73627392423555,61.16596315401132,64.74165587258702,76.19265339246718,61.88680301104476,63.92755190843896,65.89285975168718,76.66839162535626,80.6049871095851,70.69130288172882,75.56535366531699,71.26897787714987,18.77983678417094
1134,268.2991184999161,2339.8368437086565,0.5412269031467981,0.8890650291807225,-0.3601142355649453,49,0.0,0.009448750706861258,1.6066004512206287,-0.5147697115021781,268.2991184999161,2339.8368437086565,2176.233491862106,0.0,356.50449142861453,355.91372015895445,15.858469606774868,78.00852536359216,558.8308317970213,754.3934758564318,7.099212036867158,58.80254053321613,29.913736177378247,89.51761600301485,170.57228938114883,73.71540769356665,74.3352839564361,88.97822335247758,78.48689766951186,77.0979889126524,36.48146312879088
1135,2175.254945981333,2340.203065278645,0.6432271091170856,0.09342564424174936,0.42882780723933317,49,0.0,0.009140930796198413,1.0192623072803542,-0.020714910321953633,2175.254945981333,2340.203065278645,863.9118651811701,0.0,0.0,355.0877469593715,15.859243807375169,46.00000384125737,69.98442693172161,53.666658416922544,69.58342571604221,73.02001639611635,67.91174845050357,68.76649839661181,70.46984763059754,66.07063750153937,64.87254280852818,61.286067278913706,71.0796283408408,62.12212644249161,19.078237029083503
1136,570.3275348187005,2342.690077554335,0.24212452285737185,0.4148091539441542,0.09470585819696928,49,0.0,0.016187558495087538,3.118280257841385,-1.2347878628955837,570.3275348187005,2342.690077554335,1380.8474588756794,0.0,0.0,355.78291022430653,15.85996543582331,83.17550490508361,104.07972279589637,108.66176311790075,75.67513582778396,102.33743924827543,119.94724897943276,104.44245623401355,121.09454364424495,108.90423594633572,93.65023239727176,108.24681990526554,100.62871932917992,117.52741618562774,32.476220359367204
1137,625.2638413645403,2348.4090087998948,0.5406273380588931,0.23936986000566512,0.1911951591598433,49,0.0,0.1143861069898394,17.028911649357052,-3.0779672306254184,625.2638413645403,2348.4090087998948,3190.511952686734,0.0,0.0,355.75912079952803,15.862395605518206,224.8078340510593,246.96786582649085,224.67262326012542,235.84695325173124,211.37673438148397,237.01890441168177,251.1476512503121,263.959105267606,234.13310249934074,230.80649641514083,260.0688029440481,241.78931590814705,245.04641636260882,82.87014685695756
1138,882.8814171739812,2348.6976333805214,0.7854513829898596,0.38035170741730884,0.1424917573919601,49,0.0,0.019076112472854845,2.048836045323597,-0.7787680152560584,882.8814171739812,2348.6976333805214,1050.3052948623856,0.0,0.0,355.6475371109024,15.862703592206415,80.10176641174316,66.80874655810533,97.9575645515506,83.80860821271207,81.7324957049531,62.33204621011444,71.99002002169608,77.732107475656,83.17421203355798,78.55009800587169,83.82607188170171,72.4431544353338,93.49901346269665,16.349389896692994
1139,2050.79538876579,2350.098642956414,0.7957477534198234,-0.2625930657072849,-0.2204059475021228,49,0.0,0.016734071873990734,1.7152822002594408,-0.5858389522490416,2050.79538876579,2350.098642956414,1003.2707773502106,0.0,0.0,355.1416516816512,15.8634217278342,73.7527933417781,69.07703842989707,70.2627613583231,71.76159097477131,92.47616927244707,82.79317651737028,59.575534786143855,82.01387688572709,77.38827837785752,78.87232033791561,79.21311040140984,68.72608027365789,72.99552701582786,24.362519377083984
1140,2260.317711755847,2350.618372884733,0.5243689092223016,0.20242039523739355,0.3020055859888043,49,0.0,0.3371785972499478,53.82393270582454,-4.327438566997447,2260.317711755847,2350.618372884733,7618.939627092844,0.0,0.0,355.0508969362507,15.863538140358772,513.1645756140472,547.8110590151003,578.3922325569752,589.3290682860616,571.9657519222086,550.9374966374158,590.4461859688076,595.5503502724491,613.7581221059847,563.3461386919755,554.0763168348066,582.408125646702,626.7679698485949,140.9862336917139
1141,2281.4138171719715,2351.47451520253,0.6774949429498477,-0.3546529897321417,-0.07893452590880519,49,0.0,0.02915213735316795,2.931032476446281,-1.1675515763445297,2281.4138171719715,2351.47451520253,1639.5581702648947,0.0,0.0,355.0417587237675,15.863882674464737,105.27701277293687,110.11748082011164,145.69601127308198,101.1717933009297,139.55707756289624,132.00634721187333,136.67977415316767,133.3617988160073,119.31639572550674,122.47924826423616,124.22391369839812,116.63673073996432,118.46844875413304,34.56613717165166
1142,1824.1149401782186,2352.063025444972,0.4924667444659708,-0.02116046179013162,0.26834595720965815,49,0.0,0.010955502042238692,1.2549479354022388,-0.24656427104354323,1824.1149401782186,2352.063025444972,1145.7543799053715,0.0,0.0,355.23983885842193,15.864305960840369,74.65638417208454,73.93627940060225,92.51172010585337,72.8859038303028,92.31645876985672,87.14848853461645,75.65844648065413,106.1542003527752,87.366905970619,73.44943969222675,100.8985478531163,109.43467412625192,76.51464615613392,22.822284460278034
1143,2162.9219502428855,2354.283807538475,0.603944874463551,-0.18606318870405886,0.21018632224193745,49,0.0,0.014886773759448366,1.8865701996434276,-0.6891824250491958,2162.9219502428855,2354.283807538475,1001.9801554087256,0.0,0.0,355.09308192453216,15.865116593505562,62.67125227634402,61.23797296344658,65.7967274535512,68.0278760985202,84.22962897723724,100.62817737598004,81.65616548157328,68.84127757415857,65.1264276427213,65.06068042004839,74.56638332593343,82.01107714675703,99.967026238956,22.15948243349849
1144,1070.400998787307,2355.998550292537,0.5478290958076789,0.12307000055394088,0.180572331164132,49,0.0,0.10435112301950406,15.612753686108674,-2.983698770342115,1070.400998787307,2355.998550292537,2993.0002063788706,0.0,0.0,355.5663171398158,15.86584624680737,217.8159904435163,258.2104370483355,225.46220216299565,215.07930924530896,253.90937711124334,213.1144751951798,227.86479068684787,219.00745418993716,218.77362175292194,209.03843714977424,237.25682529785908,211.48221226194903,223.31588147401476,62.669192358987125
1145,1829.3135149717427,2358.677211116738,0.6114051522688153,-0.26581137905207397,-0.4323660008518308,49,0.0,0.010160228553060698,1.0051056185991138,-0.005529251815800733,1829.3135149717427,2358.677211116738,1102.1479565699224,0.0,0.0,355.2375857282612,15.867060771761384,73.18705315887237,81.52477915901665,96.96094226850397,77.16619338893375,77.86025318508578,80.90404541924761,63.88483869658741,95.64431871129393,95.96049816089973,70.26188987634114,85.71273267061738,96.38298277507116,78.94884929832894,27.74857980112243
1146,680.3017135031795,2361.0601169704487,0.2685721915928116,0.06887718154461661,0.26968612484495724,49,0.0,0.02399371118420573,4.7815941425469894,-1.6989317770379846,680.3017135031795,2361.0601169704487,1498.2277590880358,0.0,0.0,355.73529228574984,15.867711521109488,93.37091930244898,119.20049842081701,113.79250366169914,97.75290376815279,114.04287285787724,103.93039411351859,127.82371372677835,104.46663212060928,115.38830100162134,113.77626421333113,116.24468825517339,114.4075996975112,136.0532393968901,27.977228551607247
1147,796.810334258122,2361.101873476339,0.4576169931479488,0.27750184777869297,0.35784393883811755,49,0.0,0.011040898528084892,1.415094467531728,-0.3769635826159783,796.810334258122,2361.101873476339,993.0342946626736,0.0,0.0,355.68482681529264,15.867815407769184,72.09403842134383,73.24583115309929,79.28104378265617,77.68172614336353,59.030526052728845,74.65272025912368,89.34033620701962,71.06846834449311,74.53639054382425,72.53005868129213,78.37966186460113,70.19539116161161,81.52286010978207,19.47524193773431
1148,1597.2180160991477,2363.1670312848078,0.49121737498183166,-0.1782263174280906,0.7422710396711487,49,0.0,0.008610110982553243,1.1312866270450161,-0.13393163338625716,1597.2180160991477,2363.1670312848078,1161.99136959995,0.0,0.0,355.33812118093186,15.86895401350962,79.05097051812837,90.05853395352966,74.30876579921284,95.10415757520565,78.42445596340924,98.49451578841881,86.60601410001546,84.16590526077673,89.37187412777004,78.61999546024384,98.98638590220561,108.14493417263292,78.77019545798596,21.88466552041513
1149,1371.3797214376812,2363.142835212904,0.6908462803171169,0.02096859089783177,0.29164935909733325,49,0.0,0.03359952791366275,3.301808374332801,-1.2968796617288327,1371.3797214376812,2363.142835212904,2080.7630346123788,0.0,0.0,355.4359471066952,15.868921328296434,127.44567684499594,167.41761509242053,180.3873153995084,153.25485668629432,166.61092385871194,163.80084129840554,160.1031757080013,154.89119308863468,142.926180170412,140.89781345534374,160.55839485056111,151.22629035490627,157.9586202919063,53.28413751227655
1150,1319.765298365261,2366.241458854764,0.5992849004448112,0.14259215081341595,0.4798730046628084,49,0.0,0.03166085810166188,3.4086412068190084,-1.3314532246186792,1319.765298365261,2366.241458854764,1699.782600246009,0.0,0.0,355.4583055269945,15.870201045303629,112.0902684169161,124.0858022652616,141.39056480902957,131.74322977574047,131.64368188902674,127.60525908263142,119.94080158655512,127.22124343829975,139.47047127802745,140.97959814991202,105.66919899438756,127.74527462103157,127.36141074622728,42.83579519296231
1151,2524.8537974886794,2366.1273067721077,0.5443490264693712,0.6762190279608797,0.3028727175998662,49,0.0,0.01198084000272769,1.2875111834439186,-0.27437752513139907,2524.8537974886794,2366.1273067721077,1045.237690902583,0.0,0.0,354.936302718846,15.869819433080394,78.58969344666133,68.62532330558561,68.19354241332229,75.43006887706156,84.75252009555848,77.27834582608324,71.94902140961318,85.23275911912616,88.45923776859972,62.76316431325762,95.2924460172134,83.54485977867625,86.784773209804,18.34193532201994
1152,1878.7324769828626,2367.3260601637776,0.8633044531717633,0.1712538162427287,0.04180356118874112,49,0.0,0.02630679924652288,2.482341490241371,-0.9871538155153871,1878.7324769828626,2367.3260601637776,1243.3898813514263,0.0,0.0,355.2161771527423,15.870653549895279,88.43907291027053,104.26028436441875,91.53598139593127,92.08287019727481,79.07602982971166,96.32418778700435,92.94840844564186,92.81203375036601,90.2486374361097,102.67821641777232,97.90788794352392,103.08289368215551,93.31354310031901,18.679834090926605
1153,1370.9371855358886,2368.5980845305057,0.4922232715456701,-0.281783252523055,0.6287159674288971,49,0.0,0.01898859722454569,2.375927669656357,-0.9395830382189532,1370.9371855358886,2368.5980845305057,2053.076391576288,0.0,0.0,355.4361398982386,15.871194187598197,137.12182217210338,163.9158398652245,161.15530258610244,152.054394986212,159.50049745681733,148.8888504613124,143.85000989938374,165.22801749611133,155.02659663226223,132.5709474719206,164.04961182955316,154.39161552760373,157.15801871922045,58.16486647246104
1154,1598.6745975213375,2368.9559452321664,0.2529006870527205,0.2304619809595679,0.3955758529853993,49,0.0,0.009468754572953401,1.4655971712114366,-0.41503654520277655,1598.6745975213375,2368.9559452321664,1228.956756728645,0.0,0.0,355.3374902450553,15.871365989431782,93.07998020580784,95.25926242356036,83.54563470826602,104.43878637935123,88.12904596166035,89.9885294992814,91.02952456331231,87.84796477362278,100.22362764398851,77.98304488149135,93.57766835197069,106.59305226884808,95.65737328298638,21.603261784497548
1155,1725.109942613137,2374.5516286822512,0.537382791153376,0.23256045048872398,0.09594134250387056,49,0.0,0.012779100442807846,1.4554092805029473,-0.40746284974647523,1725.109942613137,2374.5516286822512,1104.3013122002985,0.0,0.0,355.2827212004498,15.873690762903173,66.62538240634125,74.72185945960344,83.58136486538291,83.31866945267336,74.89480526529516,74.79631695838802,84.58675053684314,78.56843993828068,96.63618645727473,83.10463088936336,97.44418144540109,73.16099972702405,100.11716244530221,32.74456235312526
1156,2244.3416664735164,2376.5292741944727,0.5909396776134205,0.33316749747282326,0.3256714206855923,49,0.0,0.1253725473883157,18.155424186185282,-3.1475160007300245,2244.3416664735164,2376.5292741944727,3308.5271684937497,0.0,0.0,355.0578022647229,15.874342855540455,246.5886181036178,233.2347327241096,262.39192706859194,270.5199002449848,236.0187739931598,249.29215284868428,262.6317444324614,254.71815019623074,236.71492135480233,210.8531403042258,247.32551801589614,248.1699501406738,280.3377389834799,69.72990008283145
1157,2254.4596896195726,2379.099233880266,0.5952726467841057,0.1542859602058145,0.17841361713485512,49,0.0,0.06120920308476959,8.742492562996855,-2.3540881788470287,2254.4596896195726,2379.099233880266,2120.239061807014,0.0,0.0,355.0534179672072,15.87540796770732,166.3508521919693,150.44834300100518,163.3847108320093,162.62207069044945,184.6578038058707,168.17188658015647,157.0262766289099,154.0854417329888,170.56090377026965,138.8062578993966,162.3322427308319,142.96040583504927,171.89467816949212,26.93718793861551
1158,1440.0679285640401,2381.105031607199,0.651415794056998,-0.009846445360069636,0.06401634302370833,49,0.0,0.03800529886247565,5.0027128736814745,-1.748013944119314,1440.0679285640401,2381.105031607199,1447.641503509221,0.0,0.0,355.40619613753216,15.876416859329204,98.43464349325897,108.05008870343636,95.962506886293,106.52427715076239,108.81988036670698,82.50702081262428,118.33164425911292,111.62703027389543,123.42795799374296,130.2475487418675,104.67755824731574,114.70957944191522,108.15527445086198,36.16649268742718
1159,1705.1099525913462,2380.6216192867523,0.5676756848692882,-0.0649757437121306,-0.013215411932079214,49,0.0,0.009416217695828705,1.057499014612426,-0.06069992841891654,1705.1099525913462,2380.6216192867523,900.760123635888,0.0,0.0,355.29138420150286,15.876221819081028,51.86840422521048,72.192295796722,62.97439060246317,69.17214326288017,59.43561863230923,71.63405076032811,69.47747104103073,73.24128757037855,66.14329600523433,70.99903046358013,70.12268682174386,59.27215812668974,71.89025324075587,32.33703708656163
1160,1131.0114131917958,2384.3222028271935,0.27528041554823973,0.026388851920438727,0.3816671403644043,49,0.0,0.015075142588360358,2.641931365571579,-1.0548038273477547,1131.0114131917958,2384.3222028271935,1281.216870771822,0.0,0.0,355.5400750510185,15.877673411500217,90.96520907147635,101.06762650852168,87.3029880500912,95.93439717378168,97.89319916405228,105.92330097118928,91.53608271878628,102.73306741139108,88.31564806153118,102.10990679735752,95.643235995351,100.8497453421505,98.1141624300397,22.828301076102214
1161,375.3749615067248,2385.8428621910953,0.8910797337339852,-0.3776028135813816,-0.8439869408783194,49,0.0,0.018585035476161454,1.0027075512317727,-0.002935713891703369,375.3749615067248,2385.8428621910953,3330.8441697337603,0.0,2925.5890318727243,355.86739428990904,15.877755210083857,80.32532757742378,85.26567134360116,86.81285632805215,531.0885016150305,495.0775006296413,467.709740227736,499.24646980738606,388.777399651055,297.9928428151232,95.2541177418051,100.25088467915776,87.80325380313332,98.34273122244272,16.89687229217223
1162,362.53745441138346,2395.1015403039337,0.9191468746242517,-0.5657650057614644,0.13206211285937983,49,0.0,0.024998601027684374,1.3989317135115318,-0.36449128914427037,362.53745441138346,2395.1015403039337,5162.023597398247,0.0,4664.498725771255,355.87296493037854,15.881599072267397,190.4510314147993,191.87639388252035,731.2754078405324,486.9614549996097,502.017403875449,492.40163883113337,485.4787251471646,562.1337181225933,631.6375447895336,469.7563097068894,197.19852650599262,107.12489995555404,98.52410824185843,15.18643408461729
1163,1394.3374373592394,2392.0489419284536,0.27108625101307665,0.6326349631571326,0.5464053895322306,49,0.0,0.009438684002441236,1.3762312545086999,-0.3467285413593729,1394.3374373592394,2392.0489419284536,1047.1834191785083,0.0,0.0,355.4260078078259,15.880969443879511,63.76138554517319,68.96212371338018,69.18455596978144,78.19708250341647,94.19712822079845,96.27722701718704,89.8301826794792,79.5793123795497,77.04296763756443,71.40709636995432,76.97657689861187,84.53813989108043,75.45315525312455,21.77648509940689
1164,1810.4066051315106,2394.3739263169377,0.540455578873431,0.23863134616753787,0.09291374516556701,49,0.0,0.021956026623078533,3.0494681147801272,-1.2105602418425634,1810.4066051315106,2394.3739263169377,1208.1768515705553,0.0,0.0,355.2457689294638,15.881937482543641,85.52837406554718,91.88218257944214,89.37333577535432,89.84144325441059,90.80085508528146,103.358386643393,100.69010213579682,96.7492492764988,76.38459848944294,83.5939685725374,92.76351303500024,84.7687870493346,92.64428499509765,29.797770613418102
1165,350.98322139610053,2399.3977248493948,0.6552230043460275,-0.6661157999588532,-0.41374385017326093,49,0.0,0.06923887331220711,5.080416778824081,-1.7647483541934526,350.98322139610053,2399.3977248493948,8987.053900729808,0.0,7835.327592911472,355.87797445468084,15.883376622231575,987.6766100221021,946.3992874457911,899.5294431523856,648.8517077783281,662.133992366581,595.821061580327,606.8007716042531,621.603780166676,670.5494523769078,885.8494181303104,852.5049826697622,325.25223290081385,239.7039490734033,44.37721146216782
1166,1968.219846541141,2400.5201074364018,0.21617073791551542,-0.8391267464951047,-0.11551486299838196,49,0.0,0.005877064322569954,1.031227328666356,-0.033386034456578575,1968.219846541141,2400.5201074364018,908.6461831848301,0.0,0.0,355.17740323350597,15.88445900328812,75.8634304074518,58.57272085977054,79.26185963867789,56.92683212827866,72.26123293049383,65.9593078102057,72.18905937546442,74.83280213958577,73.23943815092468,63.00769347138379,63.57897344162724,59.88181974378327,55.62800972055341,37.44300336662902
1167,1890.3590674168024,2401.7148012747048,0.7254608292013497,0.048946291549013726,0.3769281208968247,49,0.0,0.03391958715792298,3.975561583493699,-1.4984962132269009,1890.3590674168024,2401.7148012747048,1311.3171304125633,0.0,0.0,355.21113210870146,15.884978846997155,115.04773984924918,81.79738379996815,94.97559441408274,100.06183217156541,90.84713805035815,99.72997180959196,121.4218381857123,81.56067277662328,86.21568596108996,96.73068642070112,104.78529345247583,109.5570799269753,97.00410802527081,31.58210556889894
1168,342.5676418859678,2407.336712417855,0.48793571288282495,-0.19166130364897793,-0.25527454707570335,49,0.0,0.08128417693545749,5.3669475539958205,-1.8243183784162555,342.5676418859678,2407.336712417855,12354.065824757417,0.0,10138.698355638853,355.88162852740476,15.88667517604824,1141.810652160278,1247.0651365144035,950.0615108734321,791.6792410058907,950.0899663693338,798.131126451281,827.579062432243,876.9992691575075,810.7432980023543,909.2876986421855,1034.6382162330162,1161.0431510691024,833.7711356812201,21.166360165168967
1169,348.6732668243418,2402.7373356799967,0.5921063428985127,-0.5228061097655202,0.135329174753674,49,0.0,0.04211070289505577,2.2267033692765095,-0.8691559156579252,348.6732668243418,2402.7373356799967,11056.18508463434,0.0,9474.81619990119,355.87897870894295,15.884765526873107,1206.2630841344817,1233.7336829400906,967.205390878315,746.850328491432,782.5557205268101,724.4862384088174,732.0224612885572,739.0661664917814,783.5559132016683,973.0550451275982,1078.3267138421709,659.3957578965478,389.03962973094997,40.62895167512123
1170,1106.6475129649402,2407.8707316573855,0.45904361971561825,-0.21626236613684183,-0.14906782864221385,49,0.0,0.009092823935820322,1.0352598155725028,-0.03762339213735776,1106.6475129649402,2407.8707316573855,1076.5319268755813,0.0,0.0,355.5506392488305,15.887474787997686,85.21791270885468,89.86538202309956,73.17649358794165,95.11014022888412,76.23158591192828,78.8008342332507,93.24540714332862,84.97155615156811,75.56149297177001,65.1956864673673,89.05397772759929,89.02106372482865,61.24746770791717,19.832926287243257
1171,1318.9974387929817,2406.951517974905,0.48083109191401,-0.17602510438925828,-0.3983663966915348,49,0.0,0.008439317043983197,1.025561474373975,-0.027404245089125562,1318.9974387929817,2406.951517974905,876.3788693809176,0.0,0.0,355.4586482027127,15.887162791249121,69.76072621085319,75.97426329310427,59.408563355161064,67.63736096017603,68.99663042944069,65.13447051078079,59.03221614052141,69.54131827842797,54.501245313780494,76.38668845655381,55.45053471206826,65.96238465015537,66.54187919419113,22.05058787570313
1172,338.7653784533589,2413.524641893618,0.38324641999929726,-0.990290295661114,0.1634165072685306,49,0.0,0.039265309266962235,2.1301376004422474,-0.8210191461351131,338.7653784533589,2413.524641893618,9689.992278417216,0.0,7450.875647215538,355.8832824016519,15.889249143100502,751.4458054930892,889.0170939713075,720.6576843715404,623.2514090367353,798.9303730399774,612.3072728026946,595.5348559717744,765.7426730669315,659.2331132157201,683.113238078833,707.2896560221527,987.0034322627096,879.5104938602483,16.955177223502037
1173,2951.3366345088043,2413.537636457122,0.3854137130888312,0.3969896307458731,-0.14039085609422006,49,0.0,0.008487322260856592,2.043235259253887,-0.7757959360543142,2951.3366345088043,2413.537636457122,609.9664026923784,0.0,45.44871166578806,354.751520284422,15.889154178009983,0.0,71.52358900586138,53.262768184705926,27.061189744772598,255.62526270253963,4.790637168918226,31.394413692895192,15.414917591643295,27.20478582397842,79.55756526550647,41.7846727978621,1.0661190080580003,1.2804817056372015,0.0
1174,1466.0728856608916,2419.698581155851,0.555798088478343,0.22605461782061148,0.09807412117553987,49,0.0,0.04367986643139148,6.570963368435155,-2.0440726152709088,1466.0728856608916,2419.698581155851,1527.631520431757,0.0,0.0,355.3949357700371,15.89250025639275,130.31388956499956,105.17029904423288,111.63403298286886,98.3485482044886,113.41429843267841,112.62315718543024,105.32223244416241,110.28353355665877,118.59268505471636,118.20001513561355,114.93641405862589,120.65402123743695,124.8041878093542,43.3342057204904
1175,1741.4919105780225,2422.1378276239802,0.46186100935843155,0.6739670081833344,-0.25930102372669717,49,0.0,0.011235942919495633,1.1811202807383632,-0.18073531685563163,1741.4919105780225,2422.1378276239802,1266.8973913934356,0.0,0.0,355.27561900030736,15.893515792440288,82.14239442200744,92.93502440676883,93.41802705342091,111.38495775880529,89.52846256740453,84.22509820976799,115.35785548372284,91.88696000482372,99.2037323569372,101.5920601789574,79.15786430182112,107.17125743641685,94.38069923110987,24.512997981471443
1176,833.554642808348,2422.43055173226,0.44393483239505854,0.665514374968018,0.7399072302953992,49,0.0,0.009481500498065395,1.1101461422397512,-0.11345038523359152,833.554642808348,2422.43055173226,1108.6801454442652,0.0,0.0,355.6689522669174,15.893392601073135,65.24453793566113,82.8616438725752,90.29182570130648,101.34262028191223,72.4786871153991,86.91050615855198,81.87672277866997,63.54873601797409,73.27716871354447,78.69853383118013,94.29272388069649,99.99022636192791,87.83175531295223,30.03445748191403
1177,598.9804280341623,2423.5423620590345,0.49737715930923493,0.23065537102222883,0.16249074251054005,49,0.0,1.213766364358844,180.54597562935228,-5.641469531111709,598.9804280341623,2423.5423620590345,33513.55947414518,0.0,0.0,355.7705710378203,15.893676887482394,2213.434355821685,2444.6182044137877,2494.601892782558,2491.4283552439483,2575.4258067734936,2565.9021089036614,2589.7263607598343,2532.472207186341,2614.9822816082497,2483.573385829085,2636.1399727774906,2539.4883674851726,2645.358698891065,686.4074756688005
1178,749.8288909477665,2423.7013369127203,0.5477976628387188,0.17919844223167947,0.13104537676266795,49,0.0,0.016500598173995514,1.9270239994078728,-0.7122178086229402,749.8288909477665,2423.7013369127203,1144.5231320518023,0.0,0.0,355.70522357182784,15.89386364448872,93.07685715381412,81.81357814803134,96.41785946582266,104.18614286213011,71.13455251555084,82.0204776654692,82.55143478229596,87.7187801048569,105.817028661868,70.87102139997998,88.43436210771019,78.83659754899384,77.94616008235846,23.698279552920773
1179,787.7066701610075,2427.155278565677,0.5406587913292777,0.1931373625469252,0.345447926836226,49,0.0,0.024367730107205755,3.022812769114216,-1.201028120294252,787.7066701610075,2427.155278565677,1437.209221285023,0.0,0.0,355.68881721295867,15.895329887555182,101.35773710744505,108.54082645802816,109.56792150080224,121.76129620101841,120.41922287212395,103.05333758060831,109.62178254432814,85.10387368773152,113.9919064747196,104.92920984885657,110.49956809436267,127.58430666345376,106.69905226310513,14.07917998843947
1180,1615.1389090326031,2427.2061995695153,0.6918410025094383,0.22166757833880893,0.22117999720742038,49,0.0,0.1868629717857861,24.890286136539828,-3.4900747231211247,1615.1389090326031,2427.2061995695153,3788.321005046671,0.0,0.0,355.3303575918953,15.89563602086106,269.57792344834843,278.9530188622977,288.7522429202363,260.3143001107377,277.0098253528038,309.47950393256997,299.36053513669566,286.0997496499472,281.00192953904127,296.2733100822233,303.0905417933062,282.04177905040325,282.890777535983,73.47556763207734
1181,1410.1512570491427,2429.020385942027,0.5899399147825097,0.20085503710873048,0.24254629705942438,49,0.0,0.3303923327792315,49.08795080462176,-4.227437256720411,1410.1512570491427,2429.020385942027,6887.202363594093,0.0,0.0,355.41916355397876,15.896376364282895,489.05579861017304,499.6696427026535,510.77942643051335,532.1548825142362,553.5457701227365,560.7892638280198,511.961466370113,536.0682548091122,464.5586249552572,544.3680624835208,502.80473522112896,507.5772264113309,511.35295320161936,162.51625593367783
1182,1491.1566861846518,2430.206563577452,0.5511809319041896,-0.08296609752042813,-0.3928007461173121,49,0.0,0.013853096826846134,1.4449820110532519,-0.3996561012107633,1491.1566861846518,2430.206563577452,1180.2745591747153,0.0,0.0,355.38407003154595,15.896881061043299,82.55282837783034,81.56787903239263,82.28750297501783,83.96224217538446,99.40871028994576,73.79810974388225,94.7576846567758,86.32163421450055,102.93361554465847,85.13026460873961,97.92663238183869,83.82171370185665,100.19197301746613,25.613768454426214
1183,2652.8190463891897,2429.9687222029165,0.5425366800094311,0.3036046212144167,0.38563187823514233,49,0.0,0.06480563542686871,9.326058065406565,-2.4242452877702227,2652.8190463891897,2429.9687222029165,2263.283138383982,0.0,0.0,354.8808159845042,15.896309351909704,140.15814251585624,176.17948876606468,153.67604111326455,168.02683057034653,171.96587232388242,187.040510674409,153.92864919502443,189.4836988342717,196.19949956588624,173.81788898602088,180.89124407412427,164.62998302021262,153.86657280604166,53.41871593857705
1184,1446.922517089698,2438.6771540111076,0.5550673256102504,0.12244909283209691,0.30162110541228637,49,0.0,0.023984642629916536,3.147579149088919,-1.2449416492375796,1446.922517089698,2438.6771540111076,1371.5889075733776,0.0,0.0,355.4032346064911,15.900405323561621,82.33236225643155,106.02089048506627,92.70486868638615,95.14706509033078,126.15809189821196,107.61323059004025,105.08495805806865,107.15677091238906,99.93686079809964,100.73503867114312,91.57321666125497,127.05115093663218,102.96943845386673,27.104964075456316
1185,2441.2710495373417,2444.446681267217,0.9705639016558977,0.5850728585975267,-0.005518895788216884,49,0.0,0.013751896417536574,1.2973078935488067,-0.2826076514676432,2441.2710495373417,2444.446681267217,1018.2498002506683,0.0,0.0,354.97244891301517,15.902514269580832,69.46204442153865,65.87531509264937,64.03595937801026,83.72275216685794,81.02198637039848,87.36536485013193,78.42130834565708,65.37155233280006,64.8321417803378,72.99067291541505,87.26990968938641,79.88960802646835,100.05675323473892,17.93443164627795
1186,2308.1156181599554,2447.0377772917464,0.8465291664584561,0.47318177732191496,0.40624657357317673,49,0.0,0.03691455742691431,3.90835633834966,-1.4799853824504643,2308.1156181599554,2447.0377772917464,1340.1234001737655,0.0,0.0,355.0301335600694,15.903682825301061,96.94183539328618,97.2189367522704,84.4422806685086,100.69739990047063,90.13375751025845,118.05233654200435,104.49649065107813,110.10506243482331,105.09324949725234,89.34025556188848,100.86036860411824,113.43075199787899,102.70091567987764,26.609758980049822
1187,1820.5166561861802,2447.925754152876,0.6457528832497302,0.16563133721467582,0.05959010409894526,49,0.0,0.02047696987343995,2.5071792494867227,-0.9979634618202358,1820.5166561861802,2447.925754152876,1178.2115569163157,0.0,0.0,355.2413789615421,15.904248044863467,83.39467901835721,86.00821434561577,96.38724742392571,74.69541872885863,72.55925056688693,93.58085916471178,96.3010666633983,92.81903558431719,78.67980004008399,85.49524213438195,79.77494569103351,115.36433374708382,95.64580342887855,27.505660378782217
1188,360.33482235548774,2448.6560135616405,0.3713158181802475,-0.13547676967598818,-0.45148718799061993,49,0.0,0.007771452995334571,1.2698695545632783,-0.2593977775021165,360.33482235548774,2448.6560135616405,1189.716516538886,0.0,821.5753528806752,355.8739773404191,15.903909309304733,76.19489335863213,85.6293148675197,85.71769932865351,56.045958140663885,111.45088576171648,93.97650943344385,131.7814437790101,92.99527284735248,101.27627639348965,83.88631432065542,104.69734124749282,84.45321091111816,65.67457150191376,15.936824647224189
1189,341.894214286352,2449.724168434292,0.4811038184445737,-0.1376605670310808,0.11938097278830703,49,0.0,0.007596595526100232,1.0323663331132875,-0.034584582905240295,341.894214286352,2449.724168434292,938.7219609934243,0.0,611.4520926402142,355.88196708251934,15.904334447745565,47.34113775033804,116.77329680782525,49.8516529226419,50.629234196820434,64.31374519163015,51.60774012561784,37.433668497499426,42.06669985551194,86.75847703199618,80.746023798472,92.9697253027334,90.34319966512797,98.93178775644844,28.955572090761407
1190,742.5022145234077,2451.109698908669,0.4610633849869065,-0.4198558679792147,0.3300302275459942,49,0.0,0.009390124632504984,1.187180421620648,-0.18629181457241045,742.5022145234077,2451.109698908669,1051.610071907965,0.0,0.0,355.70841816636926,15.905277732553134,81.64246287036696,83.68483663915838,82.12892636944096,51.3198981525465,71.09308325490046,68.21964329698844,94.6683349645969,79.10150686243034,81.3219223159191,71.42676522294934,88.95525755373232,83.17092403412263,82.98810343715452,31.888406933657926
1191,701.0491706338668,2456.768809096486,0.4141845389249654,-0.040620429498193354,-0.0730055181755536,49,0.0,0.012368395821484966,1.742074328644988,-0.6026667024995809,701.0491706338668,2456.768809096486,1095.59967432849,0.0,0.0,355.72638119690333,15.90760410082615,78.46854550145736,85.32689911342928,75.44161500567103,85.67099864931978,76.97380472253178,88.96413830782673,94.31334041309208,82.13584288346033,79.53638902586968,79.95992420214967,79.2788900546928,63.88512268864406,99.46998902587356,26.17417473447179
1192,1840.4319304271523,2457.070682746535,0.7620382696630401,0.38058315375367335,0.14060537617412522,49,0.0,0.015294175454090007,1.5673661171024036,-0.48792613518127975,1840.4319304271523,2457.070682746535,1006.7226738708077,0.0,0.0,355.23274890924733,15.908054325108907,79.5490833796812,92.82706275063633,61.00686384777922,64.27542952665533,84.88117997998145,82.48466796205996,81.77489989686856,80.8353039940091,73.42747265449748,54.602238022364496,71.60048558972049,74.43411017653702,79.8239764814302,25.199899608586872
1193,2450.2534794810613,2458.2963218306945,0.3822134596428158,0.47284269259114586,0.1682488829458905,49,0.0,0.021841815115540366,3.911242617553197,-1.4807868910670337,2450.2534794810613,2458.2963218306945,1287.503220804259,0.0,0.0,354.96854718931843,15.908278059463253,78.29226411591986,103.75070959753236,87.15832849458931,93.41435820502048,92.22322862861779,99.94932553882865,109.37002057012239,101.8109191612825,91.81252139690615,109.30350529540783,103.47371539401658,96.62252573832865,97.92301387864472,22.398784789041766
1194,627.0043919375987,2458.582512051103,0.3341645073630534,0.462090449182363,0.08127511897391126,49,0.0,0.019472135958069587,2.9390793827757657,-1.1705282906628922,627.0043919375987,2458.582512051103,1430.0788537120372,0.0,0.0,355.75846108836555,15.908299884566429,87.60411313688721,91.0983221647128,107.03533989449039,133.03699277538118,90.88000965096268,124.01543417801632,115.53589785432425,113.85266891051259,123.03002534529563,111.77981871836496,94.80335999527423,104.0224206472611,115.26056122609143,18.123889214462448
1195,1383.9908492507757,2461.025093641212,0.4008440691424334,-0.43975380190888536,0.010427688861220618,49,0.0,0.008630472018076275,1.1791092993989134,-0.17888516143511257,1383.9908492507757,2461.025093641212,980.0812956535694,0.0,0.0,355.43050298967415,15.909706546138034,69.80236563919121,68.40037741295632,69.09101114584762,75.66280827765178,74.72908015798353,74.67133558033808,67.54410091838054,84.91628974756205,79.86489588044984,72.5696576560153,68.61544846483267,61.47486740142561,97.81130411728394,14.92775325365088
1196,1664.8559785629732,2461.1501268537168,0.49180478566391056,0.710975214155183,0.4194134992132069,49,0.0,0.014597164943252035,1.8515727576199674,-0.668851955846226,1664.8559785629732,2461.1501268537168,1161.2658633893436,0.0,0.0,355.3088170125352,15.909777095377793,78.48343475552062,89.36853001954849,87.23097136589604,80.53244856839714,78.8673766381676,99.98287725458782,83.49235228379655,72.82668753979881,99.3425954204103,94.35265745575688,85.56499299973574,88.18923966565323,91.37377543245792,31.65792398961638
1197,321.2807013653073,2463.7013498142337,0.2243107339142014,-0.5299005659332872,-0.386257099493791,49,0.0,0.003341139636854055,1.0176177746019857,-0.018961710344531306,321.2807013653073,2463.7013498142337,431.4139041409061,0.0,131.7710306540074,355.8909126539041,15.910135195317894,106.6174567541336,7.014057108549592,27.3580379230111,0.0,5.240998165827077,17.66575196703067,16.616535156587084,48.760149737980626,14.883069744208239,27.387601279763746,44.538032941011146,39.64486925754083,45.6851955548186,30.002148550443785
1198,2119.0934610051595,2469.040290938071,0.7570380880727609,-0.010339099116682397,-0.03350346485487835,49,0.0,0.027454746244321877,3.0358921738290863,-1.2057158565116486,2119.0934610051595,2469.040290938071,1248.17850116981,0.0,0.0,355.1120141254345,15.912950161321328,94.10608802499382,89.85588711608501,113.26222932029648,94.59133854325732,61.99025235729785,85.41200477805214,98.61675497490918,96.45785438622048,91.54033458797976,94.16886527600582,111.43381169817431,87.64880296905417,103.95898125505732,25.135295882426316
1199,729.603188293654,2471.3253962525514,0.5390532320345724,0.14968027294865197,0.14285951905918864,49,0.0,0.28449924897249657,41.19403312756335,-4.037085784776862,729.603188293654,2471.3253962525514,7699.730075947193,0.0,0.0,355.71402183833385,15.913690800620774,551.0098004140111,536.0578031789162,576.4535761114523,566.3309656525785,584.6011692800364,622.2989628185867,612.6017415579033,612.930173608212,595.6554389685189,544.4601413111168,597.4075208396982,532.5783707461023,596.5043077720366,170.84010368802313
1200,1157.01867074168,2470.6786318160266,0.6888510805920008,-0.5977979213376711,-0.35274178265164274,49,0.0,0.010739351163772268,1.0271728511115266,-0.029108830432784637,1157.01867074168,2470.6786318160266,981.6116145081361,0.0,0.0,355.5288428109842,15.91366398424851,66.4797368566216,69.06503717281704,69.83886365962827,76.01249177162143,83.00467089575076,89.53301974715384,68.28533156190656,82.14719204533152,74.34869020255155,55.438581468685705,75.77944155033721,69.71958704298845,81.54910685029884,20.40986368244328
1201,350.83853650769913,2473.090618833864,0.2873925448422672,0.09174362750756304,-0.10788671209178893,49,0.0,0.0056441380555395885,1.0305011717071637,-0.03262122479964228,350.83853650769913,2473.090618833864,847.8503358970705,0.0,518.8048244716688,355.8781179978762,15.914079337715965,50.61168232699599,72.79605875601337,52.552254414653525,53.502585995046566,70.64928229858873,41.9673224852317,87.11450636392969,55.216822715999626,68.66455556460248,36.82324368002318,53.42326022821142,90.46418090754214,91.28984020176033,22.77473995847176
1202,2214.432952858934,2479.5773933445034,0.7427651520901305,-0.03696992129935309,0.10210306515928942,49,0.0,0.014898300900010004,1.4999122025331157,-0.4401645958536348,2214.432952858934,2479.5773933445034,1074.3610689658299,0.0,0.0,355.07070227585433,15.917293760285494,56.36414499572119,87.54868716677466,86.74242061681332,74.52451064830197,80.0052152211556,80.48314250264096,78.70677053445745,78.28500900275623,73.704068325429,72.46289139829923,87.46035495447745,90.62796231133707,101.32859157773399,26.11729970993173
1203,570.9096755780851,2481.7536640921653,0.5980805930822272,0.36368262619510283,-0.20041964137169602,49,0.0,0.023042447695525634,2.8245222242322,-1.1273624906295612,570.9096755780851,2481.7536640921653,1270.9568973317773,0.0,0.0,355.78278381078036,15.91790533890042,88.05563287851396,97.37890717457671,82.24812347651455,96.75509308687052,96.38968952218569,103.35209590849912,102.37861659971699,88.63345920755467,85.28088706108349,95.67090949734353,107.00186672965742,98.42334572910079,95.23305086018203,34.15521959997794
1204,1352.3548144508607,2487.482886960377,0.4020978515600989,0.11866510709390957,0.029347246959444573,49,0.0,0.03156283835318628,4.599293117886632,-1.6567277212737324,1352.3548144508607,2487.482886960377,1775.5718552743365,0.0,0.0,355.44421516578564,15.920723814402308,123.14003129691642,118.58281012132278,129.81667120895105,144.00346201940647,154.4638075061951,120.90352432470291,149.33587274550644,140.81872691174425,131.51408201341826,141.92073879149706,128.2862338368554,121.09980312329353,132.59390106087153,39.09219031365535
1205,2401.088141289654,2488.0038170645234,0.5547655405071157,0.6413009787239586,0.2527366193694085,49,0.0,0.01616489123044037,2.1219311913649017,-0.8168282419210307,2401.088141289654,2488.0038170645234,1103.177963340635,0.0,0.0,354.98982645153274,15.920690492029161,79.41866456438363,81.34699192492971,68.31799504677173,90.04164107104491,93.11671546685446,81.97188669593301,84.3594770145022,88.6644803620153,73.22919829505184,73.49316975168159,84.15575320091381,91.33369911106985,77.98850509235251,35.739785743130554
1206,2794.134081541039,2488.082538861473,0.43868844770640364,0.49794684936062894,0.5423219628946466,49,0.0,0.05695535925654615,7.610175603988946,-2.2034866954624057,2794.134081541039,2488.082538861473,3042.620787688502,0.0,2719.7669870997624,354.8195379747836,15.920384588194342,205.32460489634397,232.35547622193775,225.8765435229107,245.22651135051413,199.32578057669386,242.24094894334365,239.73946828953788,228.56803619012592,228.72296259308416,240.3116479240431,230.93742301293435,246.55190866627984,235.07543639949265,42.36403910126026
1207,2034.3662992602108,2494.1267749905137,0.9370199922030682,-0.4296497024873624,0.09392583400948663,49,0.0,0.01265417107441642,1.1276493780459937,-0.1304352117719296,2034.3662992602108,2494.1267749905137,919.1997653314879,0.0,0.0,355.14871310053053,15.923437233366085,62.87925992740186,69.87488424439218,71.18730538091393,55.773877896259606,66.9200074469777,66.4903638245365,78.90633729125385,70.36862884050244,60.43513115192123,73.49040068363175,64.69673542746374,79.19147475473261,81.14007714304361,17.84528131845694
1208,1840.7376771647096,2499.6153599502663,0.5307393356504106,-0.39211670220847455,0.1872714981641912,49,0.0,0.012727015558518195,1.6228931949467562,-0.5257248479766117,1840.7376771647096,2499.6153599502663,1043.5382991585961,0.0,0.0,355.2326074667388,15.92578045885227,73.1833056418586,80.40525912086272,74.66680841451159,67.7048991610952,75.99416712945238,85.59008649945032,84.7930217735433,70.48762976845711,80.234850521333,76.85912204863371,81.35224051836337,77.42821892980095,92.55483172689372,22.28385790434035
1209,1701.473275012427,2499.5839691512574,0.646235956947077,0.307848000660377,0.09536589381085735,49,0.0,0.17180465839250098,23.243533349586972,-3.415755369277261,1701.473275012427,2499.5839691512574,3969.800037480155,0.0,0.0,355.2929490007327,15.925787921677713,273.5422235865366,291.5583889280918,296.4397687181915,277.7584870041774,313.2844617496241,327.12162867426076,268.00545185672905,317.09548825562524,334.02153592136114,309.5249315148824,282.2063313987814,290.5111159312523,309.16974412317495,79.56047981746681
1210,1254.4145328233715,2509.0007353607643,0.9001310427335978,-0.5894367316918179,0.3164781151418916,49,0.0,0.01339828268079799,1.0991665011533274,-0.10265871025586856,1254.4145328233715,2509.0007353607643,1093.737768003597,0.0,0.0,355.4866568266439,15.929664021463985,77.77005169454955,84.99326227600494,66.12964542403657,75.6803835821243,66.29474504833337,88.96863835946513,89.85223251213526,79.18716721698489,88.78854370259339,84.75850751121081,97.5316529557713,93.24946385690323,77.14151297933516,23.39196088414912
1211,2456.0313374225098,2510.3228456697693,0.32694216022074696,0.27587299667822124,0.460307627620162,49,0.0,0.008983775968314178,1.4885808564612866,-0.4319310738781667,2456.0313374225098,2510.3228456697693,943.100155007701,0.0,0.0,354.9660049278989,15.929950175688996,67.17648499589052,66.7707478374893,63.4609047198932,62.06544531318852,62.128735360393115,73.03814160879965,74.76508824358824,77.09327187728061,68.20399286067561,71.31915077393231,77.58518836434726,69.84061299467135,86.32118034057268,23.33120971697867
1212,1430.491511978577,2512.311470908113,0.6312878716848395,-0.10162193073170013,0.07974850958036882,49,0.0,0.05227424079203106,6.927096726245947,-2.101378129833248,1430.491511978577,2512.311470908113,1769.898227493609,0.0,0.0,355.4103640747436,15.931082726157438,127.85583877938723,134.85434484709617,120.92988924426606,124.46805068855056,140.92603318328435,161.7065702286594,143.03198367956043,136.1619288005719,132.23113901266993,131.0405943046838,110.84161826090957,143.91842792837343,137.61143322029443,24.320375315301703
1213,2755.0614774442392,2512.7221689945154,0.5486881530753531,0.4208427109174333,0.4571443160709059,49,0.0,0.19068264477069416,25.116603425735427,-3.499902271062834,2755.0614774442392,2512.7221689945154,6360.648298667476,174.40204736878044,4724.832478156748,354.8364409580623,15.930689916815087,444.77177834174336,464.87312796307185,411.76468613992915,418.5225409361782,462.67201550265645,467.5268729774276,498.0712846493927,493.725937599453,463.6096573470462,502.923157523745,526.9700196744961,523.6581697987435,535.6826466777102,145.876403535882
1214,949.0263695613486,2514.56580596912,0.9272383431614047,-0.05533640158972542,0.330661918296593,49,0.0,0.031226671730013176,3.1763572163222613,-1.2548233442379626,949.0263695613486,2514.56580596912,1234.7931221378485,0.0,0.0,355.61898170869716,15.931850945785513,86.38339304320067,99.67825749028981,88.42202811733219,88.13897586592759,94.95386739073737,87.75576083881958,118.20908741658454,96.38602730149343,84.43785879706422,82.37050622749322,88.10199082128702,103.39823520858715,91.36945818646363,25.187675432568156
1215,2226.202159091137,2516.6771905298447,0.9137639362554771,0.4317496191731885,0.22982856156951148,49,0.0,0.026412404922857093,2.6407836091214207,-1.0543320393532256,2226.202159091137,2516.6771905298447,1076.8317362884306,0.0,0.0,355.0655827438824,15.932744874662943,74.49003874849029,69.76859416421419,80.424829752954,85.14053128306628,85.91739661805354,67.24866218717467,77.68847011700511,94.52083044435389,89.9073749956175,77.13097178299557,79.4521073555457,84.41308249371501,86.35204922105626,24.376797124188787
1216,1077.0578863703297,2521.548625426448,0.5313835566152214,-0.026735928049487868,0.251275609658973,49,0.0,0.037794618966143056,5.3731177200444815,-1.8255658891593445,1077.0578863703297,2521.548625426448,1619.6066595690827,0.0,0.0,355.5635097781537,15.934825354343692,108.19262089576392,112.73319077930415,97.97182645438929,129.65930788086456,119.04247223492197,120.21397835107318,133.50518064187676,108.11842891056489,136.8450789356025,126.18899756666204,136.30989422817999,123.79940496504395,124.54637904666319,42.47989867817242
1217,1092.5796466268068,2521.8302091610676,0.5920286561738402,0.014657785219685924,-0.20605678857277906,49,0.0,0.018827283227430307,2.452402133293163,-0.9739792130975475,1092.5796466268068,2521.8302091610676,1186.8257414730156,0.0,0.0,355.55678430977633,15.934949599141632,80.02866511832495,87.3699888225895,104.49852531595943,95.20852433479554,101.01782469802299,86.92274326578496,97.02793800319645,97.22725255880212,79.11743879860197,72.29867189651566,81.39987589342053,92.06231271116496,89.04056351367149,23.605416542165194
1218,947.4764231254679,2523.6168362803833,0.517432683141216,-0.5276939849958702,0.16709542706237696,49,0.0,0.011162263911237322,1.375202478509872,-0.3459166160077553,947.4764231254679,2523.6168362803833,1102.5340606149412,0.0,0.0,355.6196584788907,15.935621119927625,98.4810475523898,87.95577577692129,83.04684653983539,68.56311559164149,112.03652873886625,77.9077538104055,98.36679608803809,83.68161501322399,76.44265518678614,67.86536572430295,86.68292231485464,71.95587399676779,64.67194746907762,24.875816811830248
1219,571.2788846633097,2523.5538800930003,0.4475760461164403,0.2602194842063613,-0.06295656233947926,49,0.0,0.3307399139961127,47.96106869165396,-4.202222129234103,571.2788846633097,2523.5538800930003,11780.732598651597,0.0,0.0,355.78266164367136,15.935321148537213,803.1540151344543,867.6554696530427,869.468957917434,883.5259599906608,921.0488306848526,891.4332367859558,884.0294297424343,887.5236337746296,974.6437132415829,872.0886431694369,911.3718320294024,896.0796659437581,846.5498894330137,272.1593211509382
1220,631.371180164427,2527.413156741586,0.7788250916601003,-0.43548348857882235,-0.30517615890385424,49,0.0,0.016220228980985588,1.3301171748444536,-0.30972475306964475,631.371180164427,2527.413156741586,1279.3545276438435,0.0,0.0,355.7566278637686,15.936981006392362,96.68322382875114,113.18596950983411,86.42603388645206,103.60236448276304,102.73800818158108,96.28482128962425,104.45395748958123,70.4118129542812,91.61928924703594,102.02090723938713,99.98697379640146,96.1711437093127,88.63149787814169,27.138524150696693
1221,2300.8907121951656,2535.211620401234,0.4374689016392002,0.2971613361737563,0.5078448045796542,49,0.0,0.00817892401723691,1.0518941257764618,-0.054930074580000154,2300.8907121951656,2535.211620401234,931.9772276538845,0.0,0.0,355.033209357507,15.940424261753074,68.19939357620585,56.635538180259836,64.95354339505066,66.68723460969949,77.75732994942254,75.40916121851347,83.78424801013296,62.301346025615935,69.01972636095627,70.82957350790474,64.50229691903843,78.78051586839177,79.31124267969139,13.806077353001063
1222,2078.1930453329155,2536.936654358043,0.7028180440878119,0.012316430446983962,-0.005524841923587933,49,0.0,0.021733403192705364,2.356323737795116,-0.9305873959743517,2078.1930453329155,2536.936654358043,1302.8473353782792,0.0,0.0,355.12970595532977,15.941256509768152,92.20502066971915,91.53016830759766,89.30670088514117,85.1231850533884,144.64136901437098,110.97440659480958,84.11289770224931,101.19834506299853,78.59369756103953,81.45124313412717,113.81937015579024,104.57212146924513,102.88469412909143,22.43411563871089
1223,807.7662062932723,2538.085888292702,0.6237484936721202,0.21606667051323414,0.17353638747125966,49,0.0,0.032535115405066685,3.988822885043299,-1.5021118821032116,807.7662062932723,2538.085888292702,1463.2029110131107,0.0,0.0,355.68020449046196,15.941562136766276,119.31323592704095,111.33147651922692,110.8063758577642,102.88809729275482,99.4687442162683,116.68671090176986,109.78461997741339,113.35044667844875,106.14893700993768,93.66257199014974,113.7262493804212,126.89524853587969,106.49908442110326,32.641112304932165
1224,2401.468268205299,2539.42364422264,0.41528574759140435,-0.2388589108805451,0.2019933455741199,49,0.0,0.021120803044818254,3.2354799571170747,-1.274846784587795,2401.468268205299,2539.42364422264,1355.9608534973377,0.0,0.0,354.9896255758342,15.942113820152928,80.48209289275422,84.65201014120908,94.69884607137175,114.85758349066344,109.18069754881603,113.32443445008803,116.73791647338584,92.88139563636324,89.74216037919385,103.31816346340642,120.38377843394414,95.86011519043817,113.01228128258805,26.829378043115458
1225,2433.7474972392274,2540.493602680984,0.739808427642716,0.11365741038737123,0.25748240203169015,49,0.0,0.048237738951655756,5.818290656658938,-1.9119885323214671,2433.7474972392274,2540.493602680984,1546.408968182848,0.0,0.0,354.9756379853059,15.942536779000621,120.8044446958106,106.08841753823316,109.41765606396298,116.07673588937456,112.92874886737683,107.82067302464651,112.62971600131348,115.0812341522468,102.90880327294653,133.8418949460562,132.1415391900494,117.41191913011929,125.9042045206024,33.35298089010928
1226,729.7530610221362,2541.1219361049907,0.8396678695948311,0.45764629573810583,-0.014342530196865148,49,0.0,0.01569206873042031,1.2897117950682149,-0.2762316792451107,729.7530610221362,2541.1219361049907,1186.367633093145,0.0,0.0,355.71401029496434,15.942770914451332,93.24339988105409,86.24467272412596,89.90888487316712,76.17042257663466,103.12580301321755,101.56440401150567,86.52971793384317,91.3305992149534,92.70888600193383,88.98220898532102,80.4835433002139,77.32384959442498,92.67262452284236,26.07861645990727
1227,1365.726587792376,2540.5986045627483,0.887828707059514,0.0033733250218644937,0.2013533792567804,49,0.0,0.02380172360265129,2.330953948548398,-0.9188342336846712,1365.726587792376,2540.5986045627483,1157.7901915065013,0.0,0.0,355.43843244982526,15.942857142188958,76.68644256494333,76.57916999698995,89.27912393438922,92.83865995929905,91.68210227675578,82.49897192190622,91.53051095216222,94.8837933269223,66.08492084775284,89.86336030272506,86.12394231096394,103.94955667572196,90.76336842594247,25.026268010027174
1228,2103.071393039917,2541.051127307111,0.7175846712344804,-0.474003415493502,0.35166340853899963,49,0.0,0.011710109039113278,1.3617041162132006,-0.3352068756676939,2103.071393039917,2541.051127307111,911.579365301083,0.0,0.0,355.11892397380194,15.94296022828177,60.484514303110736,65.96415570248767,78.10702325490693,44.80549093328443,75.77547042113001,65.01490668660028,85.06673652602271,71.92817416928227,61.03454849119805,59.91497756041356,89.80623893282201,63.60546360123729,66.72459963457302,23.347065084014133
1229,855.6267447129496,2543.6910227202306,0.48972599158427255,0.19699655724696236,0.34807466884158117,49,0.0,0.011810632485083593,1.7067420729939038,-0.5804197360921345,855.6267447129496,2543.6910227202306,979.3162060315406,0.0,0.0,355.6594698306851,15.94392930794928,66.4077517032678,92.9490002895256,61.353996150241485,68.88369063896889,66.91756234891243,84.27860895367284,92.73814503804593,74.21622318986981,62.39125352280766,60.55830509504771,74.73091862588208,71.83565295967492,79.7538799010429,22.301217614580516
1230,1687.9346390080705,2544.67358486463,0.2689056135054035,0.1760493300454653,0.15622084019899318,49,0.0,0.008552518561147531,1.3854813505025434,-0.35400171066490294,1687.9346390080705,2544.67358486463,1068.7159176985992,0.0,0.0,355.2988116664826,15.944575516078407,78.42193498516514,82.63420979962092,94.54232436579066,91.72082480275202,86.74188771525745,82.99793374958328,65.63157537761569,83.07177822090254,72.1993156087793,77.57589040241857,81.56284835303586,74.14818279783066,76.3024698912119,21.164741628635117
1231,1848.4585664286883,2550.7727723662038,0.5567274873764881,0.225093724228434,0.11065494798350671,49,0.0,0.24815617597104422,38.4541694670178,-3.9623585897549574,1848.4585664286883,2550.7727723662038,5479.845823084308,0.0,0.0,355.2292509626633,15.947093416498136,392.43954303811904,436.9612375794078,413.4668953638113,391.1893361606524,421.38732921641446,459.26021088937205,395.14785836668113,398.43013418513647,419.8941099980213,416.80592659133947,405.0613423045214,407.7130605621005,404.3695428958006,117.71929593293012
1232,2546.8522762093144,2552.2711485944083,0.7439499761297803,0.2167405657736998,0.8211188237243392,49,0.0,0.011269032165519072,1.1159774805544147,-0.11913857752175566,2546.8522762093144,2552.2711485944083,1040.0658100317235,0.0,0.0,354.92661937488623,15.947356628348498,71.32179780635884,75.0398327222247,82.59678318735894,72.57748670093656,83.43525644511612,84.45987290710724,84.04934927611461,68.88307647867309,93.58892432752944,65.54731449004001,73.29215495793211,81.72260116097232,78.7669894198289,24.78437015153054
1233,1779.186825083903,2557.570656217941,0.6326126524347795,0.2194475725894075,0.2605468107443925,49,0.0,0.5370462242338202,75.21004285458581,-4.690689590345968,1779.186825083903,2557.570656217941,10516.679546139934,0.0,0.0,355.2592675655733,15.949938523317678,701.3613618886101,784.7510619687732,832.2799441223942,783.8663773064268,824.2161366636384,831.6754192643494,811.0919720341772,787.932566844852,800.1503200394234,765.8543143373532,756.8067855854208,808.7619528981579,803.2441477003129,224.6871854860447
1234,2660.43914880433,2557.9773070938527,0.5007605162893658,-0.12888874207568288,0.3213579768230048,49,0.0,0.01367686935105469,1.7005887873240468,-0.5764982781729976,2660.43914880433,2557.9773070938527,1151.9257368145131,0.0,82.07287958988132,354.8773957784049,15.949635355343613,86.80271753271441,66.02743976658402,90.80001800376581,104.15713256862304,89.73504367097098,98.32783087135812,90.06260119055824,88.06651733254799,79.4545747252716,85.50642860691067,81.74404463341006,91.28421187298142,76.38055839072915,23.576617648087424
1235,1193.2557684311344,2559.1499181853737,0.29319556428088805,0.3581987695304716,0.3885788964135576,49,0.0,0.008373075445422682,1.1842855036335667,-0.18364103321714853,1193.2557684311344,2559.1499181853737,1062.6560062808207,0.0,0.0,355.5131744362527,15.950538530543456,77.45528826283775,83.10546697884904,76.14551979315914,72.09620607091568,78.81311287319168,68.75496350013904,81.46991399306887,80.83880893654334,85.35893769039907,76.67624318945742,99.43634208170786,85.1659398266044,77.66966410427503,19.66959897967245
1236,1819.1417721112423,2561.258989960046,0.6760467385029295,0.25702279989437876,0.301818705473321,49,0.0,0.02202514013328805,2.5403225070798405,-1.0122221401265274,1819.1417721112423,2561.258989960046,1156.2299583550612,0.0,0.0,355.2419528503726,15.951468378601062,75.86385291920021,76.78371623867068,65.78163301844812,90.55021088854599,87.32055131389772,86.22854671214489,109.95058829548823,84.72375546365474,94.58242524127459,78.05920919360229,100.1324374350846,85.5152751751504,95.57239840610103,25.16535805379756
1237,2479.5484337520743,2563.341715958759,0.6465449771614465,0.2658241733253656,0.3166734993924658,49,0.0,0.048986147912288225,6.188026454709869,-1.978880404257868,2479.5484337520743,2563.341715958759,1801.906115186651,0.0,0.0,354.9557745157215,15.952022222533381,109.85709126368133,130.47843394162183,124.49327682809675,110.21111496971326,149.5354314845282,123.8242581698969,156.2361255901545,119.87574024186647,149.47948767854504,159.7432946593198,148.11553115782004,154.05831784853515,130.9353619697876,35.06264938308413
1238,2151.6173647642286,2563.5193801861064,0.6395220830211479,0.3988252500003462,0.26352450603565103,49,0.0,0.05822110240903039,7.693160440121083,-2.2152619742546085,2151.6173647642286,2563.5193801861064,1874.6486110035307,0.0,0.0,355.09787725890897,15.952299333446177,145.65975157090236,114.71321900909702,139.57622579253393,149.24697546946538,144.334597812171,157.3999482159329,139.90693026266268,155.65143996369582,151.38788851803122,135.45146572422212,129.643292661501,144.94217350599104,124.28000089618791,42.45470160113648
1239,1972.6902885278469,2565.394554880976,0.6169479031782439,0.19182428916944996,0.3349327780700222,49,0.0,0.03944051857918651,5.36915111201657,-1.8247640678292232,1972.6902885278469,2565.394554880976,1495.7256544121556,0.0,0.0,355.17541274458927,15.953152155271232,99.17004440107986,109.42219385442701,104.60627828111593,110.74450762362407,105.98338070390623,95.92015570940174,98.74250552557625,132.92539228599395,107.09020702260705,121.04297765356617,99.71015400287004,153.44760901286355,125.96524383767571,30.955004497447835
1240,975.7654474787577,2569.617007808752,0.23436625610137185,0.04503610045001736,0.2091568102120566,49,0.0,0.009708741841569484,1.7243692400352781,-0.5915756678454693,975.7654474787577,2569.617007808752,1156.16806233389,0.0,0.0,355.6074261146953,15.95480237302211,78.60585556840414,77.28817178164417,86.85286002922865,81.84965350446603,76.40123687770676,102.18710081140651,80.23981132264043,76.34825192370702,91.7790416660873,92.09782069672819,86.12523604955538,95.74056318744644,98.1624243180587,32.490034596810204
1241,624.2320623690237,2571.160655138174,0.7053329823586078,0.8421278522402413,0.3545162548163021,49,0.0,0.013221299621157609,1.2735675470625873,-0.2625549597009854,624.2320623690237,2571.160655138174,1104.9657324544578,0.0,0.0,355.7597586912921,15.95520175985639,73.94476434771984,79.82633256659825,64.79007029074356,90.19353056289167,87.99494741310559,97.84240921978412,101.17108698704844,96.37427714305164,79.05552356928614,73.35468421933201,81.08722142982322,90.36195998102633,72.30549983924068,16.663424884806297
1242,1808.3344995677521,2572.944510113896,0.62896111102918,0.13097240877796854,0.15984533752726887,49,0.0,0.05613650244905837,7.552574375531623,-2.195237526926826,1808.3344995677521,2572.944510113896,1790.1771698059947,0.0,0.0,355.24663395425966,15.956339094578286,110.77363651360244,131.96951609637176,151.5769754834196,111.45328008918207,129.12317404833436,126.89171163431828,158.26708650446477,116.63455600768764,129.96175308211798,121.28081251203211,151.50466189998895,150.80665316871068,154.71256584759107,45.22078691817316
1243,2102.0441616564794,2572.5993683721995,0.7293094174451028,0.3200922191971052,0.31920352127448787,49,0.0,0.04082765444646168,4.931491614886004,-1.7324457475516277,2102.0441616564794,2572.5993683721995,1439.8635939240753,0.0,0.0,355.11935518922775,15.956105045087485,113.750585417238,93.84313718241017,100.90237140171777,115.28305501700531,117.37079879030419,116.07372171618813,90.30478828870966,107.15877979320766,95.25309750931689,94.3768473414761,117.90219053968059,116.58929379283404,134.58589616651778,26.46903096746896
1244,989.4549977641934,2573.913365063016,0.6898537707687392,-0.2877714313776958,-0.29196863024494923,49,0.0,0.01532983815795593,1.4217995052462837,-0.38209589691924006,989.4549977641934,2573.913365063016,1462.5058161595973,0.0,0.0,355.60149618706885,15.956599740535328,121.12977477950056,104.85316260996069,109.86614503364578,106.56052577900986,93.78545122199543,98.42359851995704,118.97494757720874,120.83602062856045,107.6184292875989,105.87925638031972,117.06668206557167,103.48179825241124,125.90057073667832,28.12945328717903
1245,1645.4301285386116,2574.394606319291,0.680095771083229,0.23723880502512193,0.32955163991479075,49,0.0,0.023005446962346927,2.821672724522701,-1.1262666002854296,1645.4301285386116,2574.394606319291,1209.9240489287968,0.0,0.0,355.3172288783625,15.956961107050066,72.83985481090778,82.5100701083764,101.1753013711303,88.19029030271,91.98302751536534,95.47483646627786,82.07057418379804,105.88638423690816,89.69598968445464,77.20415183061054,105.77976219392326,83.21762224627676,101.12790908618365,32.7682748918739
1246,2632.752070741016,2578.3109882128924,0.2801241676590695,-0.2663432859773443,-0.10108519087402816,49,0.0,0.007366217516499424,1.0783612112676293,-0.08191064466905154,2632.752070741016,2578.3109882128924,997.3954829168445,0.0,18.06214908119493,354.8893744916371,15.958132124774023,71.71074772817676,77.97020502828151,75.39488713912036,79.97190738188323,86.59325024392909,66.4963053862088,60.07444540602322,69.56162969222135,78.63602698526873,65.80917022674254,91.40206124159697,70.7801728229957,80.90184236932829,22.092831265067957
1247,2409.9368231050353,2578.623494598563,0.7058630361020691,0.32400811596354817,0.391592788108443,49,0.0,0.04427054329216644,5.323127168013257,-1.8154171036747633,2409.9368231050353,2578.623494598563,1655.9911502275586,0.0,0.0,354.9859282105903,15.958440090904844,119.24625847466979,111.30048342755812,129.7968572440324,120.0405562326111,116.60632894882959,125.97316912224593,127.06730722741321,115.32193770547053,154.41634292506575,115.34831707973063,126.41768291765462,125.19640831652933,131.86118066078183,37.398319944965955
1248,831.5716777182096,2580.4643806486815,0.544877092558636,0.29510419199772553,0.4384620830074909,49,0.0,0.02851440319505928,3.708706059961474,-1.423056034794004,831.5716777182096,2580.4643806486815,1484.3364133127923,0.0,0.0,355.6699180449679,15.959234772979839,112.24355766952527,119.2537411084743,103.69817005911423,108.03276636932907,111.08867386358048,108.1427629074935,106.69683419297226,119.57299662277116,118.68294619142337,90.56063363971242,112.45586907698137,110.962305789634,121.30708426615445,41.63807155562624
1249,1047.9183971124628,2586.268733808111,0.66684728852335,-0.04601857293291438,0.11302426522994705,49,0.0,0.013782572688226582,1.4158907643929097,-0.3775743723473915,1047.9183971124628,2586.268733808111,1086.7106929945182,0.0,0.0,355.57616735374745,15.96177697254736,56.951445086645684,86.84755552484788,97.09793139605222,76.29704257810313,76.42635445426566,84.10723995249954,76.78957346110037,88.24468092828326,95.91842972819396,74.35024298664547,72.98333362258896,90.65258548570995,91.38239337915049,18.66188441043162
1250,741.9558712831811,2590.041099495438,0.5625692566939513,0.3152404591928115,0.16051017466427409,49,0.0,0.6507122533047921,91.62766258065453,-4.905066519662792,741.9558712831811,2590.041099495438,16246.220865407906,0.0,0.0,355.7087596444523,15.963161599081891,1079.3816487938207,1183.5832345162812,1189.0679451977758,1269.7226741316842,1243.2948193366715,1235.0717095766279,1216.5876646162492,1252.7137729123929,1282.1503446003985,1262.7327804600857,1227.9889495581606,1247.3243789707274,1239.6816271495763,316.9193155874581
1251,1067.3449375287594,2595.650371135335,0.5020358264115505,0.09453346300287668,0.003814216418283342,49,0.0,0.008977395940892271,1.1048020143553925,-0.1082111435214635,1067.3449375287594,2595.650371135335,890.3764060983501,0.0,0.0,355.5677531193533,15.965694893045963,54.37034879676344,67.9149995882362,70.70616261609953,59.048463067479254,68.52678048291591,63.785339237570504,81.75542363165013,55.20247660671019,77.75462903284583,55.21473320764498,69.11856798264895,77.67728233738742,74.84238346880403,14.458816041593675
1252,1731.6488139328285,2597.9824306989426,0.6538328508376922,0.4390407374869339,0.08242807954969614,49,0.0,0.010312740236583826,1.0707444661041436,-0.07421459630881744,1731.6488139328285,2597.9824306989426,976.4359776749834,0.0,0.0,355.27986296472426,15.966782281192147,74.85177932843908,81.77899661144858,82.29728083981192,68.93130413361571,66.46553851672726,77.86935040077097,66.94422980462281,76.80535351265338,76.13195349682925,62.10390890791924,61.534482643973746,73.79191063224293,78.22927145023169,28.70061739569692
1253,2406.389506731823,2597.8598889604837,0.4833539507393862,0.2811564463195709,0.3010437208420984,49,0.0,0.34329200273792115,55.63056808013542,-4.363283737071574,2406.389506731823,2597.8598889604837,8920.570417548623,0.0,0.0,354.9874517874044,15.966457175653625,594.9069763614706,681.5993332089588,653.0437879902554,644.4322365732887,665.3731796432095,663.9609831926127,665.9844561193888,676.0311668154253,724.3811722419105,696.3666434734868,686.3952139827062,703.012983758383,665.6645743839285,199.41770980359792
1254,2033.412631969342,2601.0216276086935,0.8229540001267378,0.39635406660412736,0.016665124201406898,49,0.0,0.020235980502479125,2.0474903584899065,-0.7780546634260856,2033.412631969342,2601.0216276086935,1064.314037464495,0.0,0.0,355.1490856447522,15.967974759840299,75.48735562604712,61.39061203876831,90.74203188929151,89.09528545567545,63.425903496520114,86.6152440099803,66.1948413200093,81.09416403689846,103.02569079709346,82.01451477742452,76.97485759631027,85.62956387423684,73.17938616538484,29.444586380854446
1255,1359.5724654132086,2602.154340048981,0.61216828633247,0.08349813002818943,0.10490562367389324,49,0.0,0.06152904807705039,8.683907048631564,-2.3467879154444278,1359.5724654132086,2602.154340048981,1915.8515215077032,0.0,0.0,355.44111220391477,15.968502777013835,128.73779058215788,105.46197379236692,132.9342360585665,144.70579721957407,156.2748739891344,145.1838694168656,150.54271564875583,155.1326694220378,144.68136040773564,131.133373839603,159.03822941827576,163.060200280108,154.9623711228297,44.002060309691906
1256,2499.81339914044,2601.7904613971095,0.5133913599381021,0.1548591372830756,0.5762038122372105,49,0.0,0.011410445112258374,1.2873130888368967,-0.27421046247819136,2499.81339914044,2601.7904613971095,1053.4972529177776,0.0,0.0,354.94696282165,15.968025741431527,76.47291150723065,75.92361295004832,83.48790447130489,74.59420002418301,94.79822739790458,81.5682108848008,83.40898771756008,79.41505026410644,81.1011540732528,62.621724321827784,72.59942214109358,73.06530926285276,87.93208722961668,26.508450671995263
1257,2695.312389319088,2604.492962558594,0.42231576982616337,0.07370092186067971,-0.14139649065250892,49,0.0,0.01401777300690925,1.8297704858661163,-0.6559915454012202,2695.312389319088,2604.492962558594,1510.587783861412,47.659585021547514,1323.0841683643885,354.8622400776924,15.968982697844812,94.11899046641695,101.15185614211391,94.84381720220338,91.71748391107465,99.25084426155394,117.57763113589664,163.4908883973837,139.34899268988087,148.02611983269907,126.81926728372531,113.42015240806545,103.16007524729521,108.34917424652065,9.312490636582197
1258,1540.0504870154405,2605.699349453789,0.502449305569779,0.30523548378740384,0.2890746330126832,49,0.0,0.08994383527522107,14.757803631817872,-2.9225543182501905,1540.0504870154405,2605.699349453789,2593.907828163491,0.0,0.0,355.3628972289603,15.970003364744883,154.35452383160532,215.65144637152721,198.8408707727622,173.79323150217073,211.2804108544309,197.07550786710095,211.8664872042749,195.8576178527092,189.03717261706367,172.38046860535917,206.23786770954803,215.24747454129465,195.571968611192,56.71277982245268
1259,1480.4679782380201,2606.670634307136,0.5864921893558289,-0.261461711449028,0.47064424370439023,49,0.0,0.011067151504829347,1.1272817822867163,-0.13008122133965433,1480.4679782380201,2606.670634307136,1045.0365349291442,0.0,0.0,355.3887192771703,15.970403382759141,73.90339904442342,93.52242376993428,85.71470920232804,90.83890482233737,84.1771284176787,71.10648949380081,80.07266997705409,79.53145100726476,61.06391004621832,64.20096053794303,68.95852713055461,86.73099380339849,83.83212079805281,21.382846878155597
1260,2459.1526550079134,2608.043914422489,0.5505077058858967,0.24405430344320375,0.4003154094900754,49,0.0,0.014626147278928093,1.7551230248585075,-0.6107689090481926,2459.1526550079134,2608.043914422489,1136.6342655379108,0.0,0.0,354.9645787992459,15.97066213809395,70.11728370549778,92.2271086799017,82.05825771572832,81.02029638536949,68.3695075998986,95.88820875893163,77.81847935616716,80.33991038378618,92.69917882567742,79.99738978709456,80.00057721250772,90.63746236138012,115.19542563994327,30.2651791260269
1261,942.2467221673754,2609.0877933403563,0.45219510209146235,0.3333408542436003,0.37286272323200903,49,0.0,0.019881639756982487,2.775831044206965,-1.1084825712422992,942.2467221673754,2609.0877933403563,1300.4712973106662,0.0,0.0,355.62197393791365,15.971228854678026,81.49066960470523,89.59792191310382,95.73062633538589,87.34031042950537,89.69316758587651,90.67960503784735,105.12684511231193,108.91069588570508,105.15599743296588,101.05422639623426,97.86792411863857,106.5990070951505,114.57297953686121,26.651320826374487
1262,2486.2395126350666,2609.646073126522,0.4247413536999952,-0.3092376009389477,0.008711152299654702,49,0.0,0.008998684062408618,1.0345034451110828,-0.0368298532372049,2486.2395126350666,2609.646073126522,1908.171917468209,0.0,0.0,354.95283906372146,15.971309168071183,130.76820663572502,165.12839053958083,160.2082726599438,127.74020444277707,125.93713094076116,170.2818656701063,128.57617709090243,157.03460787291928,140.52722096178735,149.04767996377393,121.88864867251841,165.4510969262189,131.58179600717233,34.00061908402216
1263,1227.3992790949098,2611.3654482861734,0.4886286473764915,0.34675618938824276,0.1926976284030564,49,0.0,0.03417490893971006,5.18425639134106,-1.7867161793935877,1227.3992790949098,2611.3654482861734,1475.0458923618003,0.0,0.0,355.4983959151434,15.972305335652981,87.95065736387457,113.98056557575603,109.235326261351,90.34570086252401,104.06445600227488,120.625515109227,128.17812310138345,106.14765461186539,95.97358324971086,123.16990285091742,114.01561869317815,123.15327645822713,121.08061731749007,37.12489490402022
1264,2490.8543111460795,2611.475477672478,0.6145407461502606,0.19499210728259522,0.5037771525871038,49,0.0,0.0438981291233412,5.417912073900192,-1.834579881712505,2490.8543111460795,2611.475477672478,1958.1096272763311,0.0,0.0,354.9508377381124,15.972067807954074,129.84563857022465,173.0805604462364,178.90680383988507,115.96611145853343,139.1587456421909,180.9526403530863,126.11270254056069,154.07232746328918,142.5353030478663,151.22984172495893,130.25513315328476,161.89909115573636,134.4023245635466,39.69240331693169
1265,1628.329757524466,2611.7245607634813,0.6479263488461376,-0.05102681835607552,0.006028962438138028,49,0.0,0.04919999447774476,6.441551693093345,-2.0224762408278223,1628.329757524466,2611.7245607634813,1964.6232383748206,0.0,0.0,355.32463847916296,15.97251498292283,133.27404639155193,121.05209817657561,148.46589578832214,145.64369204967562,162.89929611361828,156.3498938742432,131.26821751680282,138.813704052896,146.71090666658728,137.23269522567278,154.2166719245343,157.15549300817554,167.10706350295732,64.43356408320787
1266,666.5157620615478,2614.2782442355838,0.42924526960677445,0.42432847712130484,0.15241329749592963,49,0.0,0.023512118714939894,2.94975486202421,-1.1744648141031975,666.5157620615478,2614.2782442355838,1588.7088968101234,0.0,0.0,355.7414713455585,15.973201023166247,128.50238140721717,94.14426755553387,121.23243154779951,121.29981510524074,115.85558030514119,119.14467718731252,106.46911078955137,111.49562652409142,149.2028803096875,116.55557800430856,130.96380964337047,122.01559284019942,120.79115658319338,31.03598900747627
1267,789.0961529993476,2622.9371960931894,0.5220871688092616,0.454033471610888,0.05709854692234221,49,0.0,0.01581350335002753,1.3758631094157885,-0.34643806552133366,789.0961529993476,2622.9371960931894,1890.5413046252272,0.0,0.0,355.6883548386019,15.976901428532333,155.72390166587354,134.6904087683621,115.43181281007631,134.06195858634328,160.55039072009455,125.45251587244462,140.7708081611497,158.05937097735563,129.6803848593899,129.5532137162917,165.438420101173,163.1251164082274,141.6867898917049,36.31621208674056
1268,1787.7563484113089,2621.625188305735,0.4448406979025474,0.24151711866444178,0.16931945514689184,49,0.0,0.0373862611739344,6.380199223422194,-2.012085599734755,1787.7563484113089,2621.625188305735,1553.1355424218573,0.0,0.0,355.2555435213503,15.976625145950845,99.0467273293446,117.55881785821501,126.25424821679368,104.53510491285869,134.55139704482514,131.4877443579742,111.77469339697726,106.40043696615112,121.07614763861417,99.47577269658709,109.91757155395109,123.18202274252663,127.98873123320907,39.88612647382974
1269,2728.7260381478295,2622.92678582483,0.528806626581446,0.6155790099739744,0.3403011731461954,49,0.0,0.31985934717237136,40.98418906545628,-4.031540865826223,2728.7260381478295,2622.92678582483,11998.903825671481,1556.9714286992512,11694.988012466449,354.84774200167845,15.976630562261436,903.3287287121382,930.6554396422491,1043.7985784293849,955.4324342072525,981.8045667088101,955.4672598648847,899.0677160654939,952.0525363724132,899.6510766136826,760.1134805865529,824.9016952114202,847.8139593117606,901.9335297026216,142.8828242428171
1270,1307.2183275182565,2623.787668666576,0.41441845683679746,-0.6606601419034702,-0.2698884377129131,49,0.0,0.008477551011485559,1.1326798470045156,-0.13526793368885456,1307.2183275182565,2623.787668666576,909.4790601604261,32.982901503065335,0.0,355.4638068398766,15.977504028881796,60.17585750727011,76.42556987955044,58.04065773282029,43.928095569877726,69.08159388392012,69.04818598149055,77.27830337234238,65.24095567706422,72.49487285001538,65.39141620596644,70.94318444753685,78.11820640545022,85.92812905582213,17.38403159129934
1271,467.1643540106121,2626.2543116940465,0.29028823635836526,0.5226753622753266,0.11800105510986461,49,0.0,0.038524876700984985,5.617772983309518,-1.8739104629702241,467.1643540106121,2626.2543116940465,4132.561355738509,0.0,2081.8567102833595,355.82787469555245,15.978011891924062,263.62321684063113,577.2240888171182,229.17764280917433,324.9220930071767,228.0611067224252,298.4165711552388,524.7912051642073,199.9799716454448,244.725966396439,216.4122629628091,217.62341781729953,211.16598588428835,538.3141661294558,58.12366038679961
1272,1608.3914362892892,2630.112385288454,0.542096050840735,0.2708330307071641,0.09883265705233926,49,0.0,8.320088716017384,1249.5559742958508,-7.741889288177653,1608.3914362892892,2630.112385288454,190190.42460505094,0.0,0.0,355.3332793569965,15.980176463408911,12876.402870028553,14103.256319244092,14196.658610671017,14266.451658675283,14271.247611928331,14652.317246873066,14414.33000015392,14976.368459815578,14392.625230576585,14379.963483093881,14602.065352400907,14423.67489930103,14654.183127940392,3980.8797343483957
1273,2249.7039421554023,2631.3204419028193,0.7717866648284113,-0.058708739509810134,0.22170845973349954,49,0.0,0.018911735390986735,1.978150835335624,-0.7406485094274204,2249.7039421554023,2631.3204419028193,1124.1479314782023,0.0,0.0,355.0553341806268,15.980496967500512,69.96674733985233,75.37142566189476,90.60388705748376,82.06525071369857,79.2952055327668,92.11574195183132,80.86113435145691,97.73843217232815,96.83502098686401,86.06509639949041,76.82708007414351,100.70771937398666,76.402318776458,19.292871085946928
1274,788.1086877293928,2632.140823754008,0.3420316710159753,0.470609332565585,0.2384292390912425,49,0.0,0.01418070158096881,2.0961402245661502,-0.8035508302237626,788.1086877293928,2632.140823754008,1426.6077537270157,0.0,0.0,355.6887893580492,15.98073529190227,116.59252597415724,96.89269437904008,100.69158145724626,105.41276807383326,127.57705983621119,106.19757228237711,118.2339274503313,92.25367820503828,101.94233696206294,92.61263631789028,108.40381354345024,128.04876370177078,94.32563201383297,37.42276352977372
1275,1321.51644627924,2634.595625263129,0.5876216945685837,0.3657518968535632,0.21500241386027535,49,0.0,0.18719387303802443,26.01413245838426,-3.538023368121089,1321.51644627924,2634.595625263129,4858.39774062147,159.45594499736083,0.0,355.45761275134424,15.982010631312514,342.72237742938756,329.2145962875036,337.10118856487554,342.13593725969815,355.395862837576,379.97665141609644,398.13701302496196,394.9983404133517,387.9360222436682,342.90496017070313,387.2312345645129,355.1344271134458,395.6661421489489,109.84298714674017
1276,1094.6116565997877,2637.495627489758,0.49764304617036476,-0.07410790539983134,0.17791010683281389,49,0.0,0.019647971210317687,2.9239850667069125,-1.1649378756877569,1094.6116565997877,2637.495627489758,1180.3986998127557,0.0,0.0,355.55595525539286,15.983141616733253,93.78125776646128,83.7071807799008,85.16638049417983,96.58840153257984,78.3440314813743,67.02113098395762,86.28940998089615,123.42249698491605,88.24004968292037,70.03570919175422,91.3970827690055,88.79264360682168,94.12549217263148,33.48743238535662
1277,837.3813755410484,2642.258671578142,0.5576033903027641,0.390781859860865,0.18541171065468953,49,0.0,0.04382154058545701,5.931506241693251,-1.9329124793597707,837.3813755410484,2642.258671578142,1807.8158539209717,0.0,0.0,355.6674418854671,15.984984431263598,132.74071873474077,145.96627525762307,135.30946922406122,124.19059048563192,153.79074455976817,143.8442038981276,126.87232976183078,126.13603761542291,130.22454746066504,130.457113337929,161.6924849905356,127.56390217964949,132.25567040493507,36.77176601005094
1278,2761.606550425795,2642.2933935580973,0.39840730164424343,0.36615428550243956,0.32222829896235644,49,0.0,0.00549971051904436,1.0568559286413874,-0.06003947001737256,2761.606550425795,2642.2933935580973,665.3679468275177,101.76020342896592,260.5381474197951,354.83347300277956,15.984666570447425,1.5339323576431543,21.78468438647523,10.574243720864336,10.40716769059637,4.1693063855205095,3.814751421705587,7.442065606352776,12.252207483117438,118.30543258337593,281.6696344330751,83.33739655216868,39.68238993204098,70.39473427458168,0.0
1279,1907.3315362035396,2646.3300578353947,0.7361100464625748,0.48814837982820053,0.4031769287977877,49,0.0,0.025223421186667063,2.7705776431814,-1.1064258135388025,1907.3315362035396,2646.3300578353947,1265.619049427934,0.0,0.0,355.20371369294526,15.98689260707839,70.46144079613939,88.89345908711698,91.42379938611397,85.86248654938537,93.34098701193491,111.82722141523016,83.29838467434266,94.79468846644389,96.22001315984502,104.215159301661,108.7112019746663,100.57318558962143,99.59179279956581,36.40522921586711
1280,2095.860082066892,2648.9484902232834,0.31662704305028844,0.6694407672784499,0.48348393753297464,49,0.0,0.02764022043915464,3.9244995370776676,-1.4844607054780823,2095.860082066892,2648.9484902232834,1997.8214374513614,0.0,0.0,355.12200179857916,15.987917909240581,139.40484755372808,147.78743298502897,155.93473359930414,149.99658597822076,155.07330660388985,158.4234998621475,137.3015098590841,159.76419811450035,152.50944992097118,126.60131613715221,163.82639396465643,147.57323767902568,163.5131244359884,40.11180075766369
1281,960.9716714580185,2649.9761366981666,0.36920819483172485,0.12992663765660425,0.2323436882073995,49,0.0,0.00883953649234059,1.114366504060205,-0.11757012366798167,960.9716714580185,2649.9761366981666,945.6802051391435,0.0,0.0,355.6138820135553,15.988275047999297,63.56148290906263,75.85097148975228,69.98239029949411,66.0351967608411,83.04337259690746,75.9111808969017,80.21224994764918,55.90417429033026,65.63497260479102,55.94568179509557,73.38859353416444,84.3116540148913,76.38752543903989,19.51075856022251
1282,1314.4481473362653,2649.818033132869,0.552100245611779,-0.02226813338035486,0.12366558942776287,49,0.0,0.0874376421959155,12.663503845386014,-2.756384716450311,1314.4481473362653,2649.818033132869,2581.778105019937,47.894933219263265,0.0,355.46068001440426,15.988351189600957,172.87525967161406,193.52053908713822,198.46512673894426,184.4180886504385,185.68535846650911,215.97303736825313,203.31922143974253,216.75188959225625,206.6398701674193,178.47226956419502,188.7364720031444,197.2502205482645,188.31891685082553,51.35183487119201
1283,995.8312197526752,2654.057990085538,0.6546525472493435,0.2100730057643146,0.1909106558030356,49,0.0,0.04973830305675225,6.179405637513171,-1.9773667618475075,995.8312197526752,2654.057990085538,1802.9578902418812,0.0,0.0,355.59877567711897,15.989994529285907,122.91462469245079,155.78682178760852,149.2255881025565,142.6793342953412,131.92004938461582,125.23643565051096,135.04735405531878,120.0257426163781,128.82031523320643,123.83165096633606,151.14825903369706,146.03676263653756,127.9993964420872,42.28555534523608
1284,2292.5103657732643,2654.68488823535,0.8538705296364747,0.2865437803540102,0.2168555946478404,49,0.0,0.019811002106976797,1.9596813334344259,-0.7304636396377456,2292.5103657732643,2654.68488823535,1075.0707309771833,0.0,0.0,355.0367679699692,15.990206553319162,85.70868972298604,76.04959002155846,78.79936315519885,89.821324276625,79.96423051628301,69.79321863877345,61.11977635548503,71.99974328896704,94.51738833648287,73.49546206024694,79.8599226064995,111.06435440742575,85.49905159936061,17.37861599129069
1285,1295.3256486169435,2656.5351486798154,0.4496921663596403,-0.06445773691937112,0.26366965124494773,49,0.0,0.01504369067658342,2.070259518521498,-0.7900619752332244,1295.3256486169435,2656.5351486798154,1120.2044545386498,0.0,0.0,355.46896985389805,15.991144908824214,87.15635309460284,91.10889264236002,69.37059785374359,88.74738854627404,67.94559289731808,101.49832137082794,94.07331834875104,89.30945910738052,81.763841162955,84.95553767213565,82.58905843436088,80.00520746728864,74.00110178066728,27.679784159984138
1286,1498.6428250041558,2656.2550540819493,0.50535205854985,0.024952147967261737,0.15570596273937048,49,0.0,0.01522034164795576,1.8051339695096247,-0.6412735974043291,1498.6428250041558,2656.2550540819493,1208.8505239448723,0.0,0.0,355.38084706360337,15.991064138544733,85.32658247238922,97.28587685126209,95.99663042496107,71.07358852651745,99.14597370741619,102.92985668774435,76.01432738371301,81.6517344638471,101.35561338505738,84.77134542926268,95.26362813675857,110.36090862166216,82.85705314587962,24.817404708401305
1287,976.0455631806153,2657.7407280098573,0.470707295189409,0.25749529041287345,0.20161791830205333,49,0.0,0.21684394238212762,33.95567479317652,-3.8272809138027455,976.0455631806153,2657.7407280098573,6369.371683669999,0.0,0.0,355.60735309210634,15.991518338838333,381.989080664962,494.5405401796982,465.3576002004436,473.9150504018744,461.38214517548715,498.1164547089422,480.5513197558729,479.7906830269444,516.5109081559463,523.5836272056306,518.0343826119112,477.9405294159311,452.62725605363426,145.03210611272038
1288,922.3427597441,2659.356528715174,0.4461329243217316,0.14711473477592749,0.5385500842638905,49,0.0,0.009670951562209408,1.1971868393541307,-0.1954048350142391,922.3427597441,2659.356528715174,1041.3356621752494,0.0,0.0,355.63062974897707,15.99216116976162,62.86351211870126,84.20794923419065,65.31504778914412,87.49557170403702,71.27244996860767,89.9727963148593,72.09942442748422,68.60639911207463,95.04006730674857,81.15051670656356,86.49446193208414,76.09061496215662,86.26306771643908,14.463782882158528
1289,1117.4551885374906,2658.8179662236153,0.7981570904433881,-0.09854050298986214,-0.1673597015270846,49,0.0,0.015555351211773654,1.6315613661168804,-0.5315085326752477,1117.4551885374906,2658.8179662236153,997.0436008985228,0.0,0.0,355.5460638442052,15.99203515233161,81.75680280370656,63.9890836357566,61.905434960122506,79.20929181451004,58.842322235870625,82.89100662594034,76.62441940224176,81.79643152136215,74.71342561710588,80.43130339449296,84.02321264152451,82.66247357297115,73.73801525752917,14.460377415388486
1290,1936.0657803504912,2662.8873649514508,0.700487105665344,0.07670229320457161,0.16067329216893383,49,0.0,0.018490485451178137,1.7724072505699875,-0.6214087949416117,1936.0657803504912,2662.8873649514508,2444.181275327406,0.0,0.0,355.1912549661106,15.993783045872895,175.55433460958744,190.4343770479714,198.0610590514612,187.99288495348708,196.9429780744308,192.11356238014085,180.38993176660338,163.9258351292615,171.0291552579007,182.45051788016792,176.12043857225072,167.7348807794495,199.33086738650255,62.10045243819146
1291,1874.672990167962,2666.0208997032246,0.7806736654293066,-0.4640517076573078,0.09851222536477738,49,0.0,0.03712165708957959,3.790357957341995,-1.4467005655253713,1874.672990167962,2666.0208997032246,1742.4492202915835,0.0,0.0,355.2178636555319,15.99510485901627,132.62624929157985,141.2006086547787,137.61614930154985,141.04369295389577,111.8388845695763,118.09213298231052,139.10927889505905,119.47883271807834,137.62880671327218,123.89701325680127,149.46037957440706,129.83721142426185,126.8278310543293,33.79214890168376
1292,1958.6393738727181,2668.369907157342,0.5567750765217281,0.16734238271803317,0.21587482263810334,49,0.0,8.71070846248258,1256.9076982128845,-7.748258465438733,1958.6393738727181,2668.369907157342,213474.7814687466,0.0,0.0,355.1814691945175,15.99606049335053,14785.731805525662,16038.577321683002,16212.341436225248,15769.883628807715,16203.277685282905,16536.39918861135,16218.992972800808,16387.955872094255,16147.89119617837,15806.795743917108,16345.931748260384,16341.840038183924,16327.627526679993,4351.535304495735
1293,2795.9302862068275,2671.748997693125,0.3974052754069126,0.2597270749188168,0.46042077085795585,49,0.0,0.0048239763241891345,1.1861563405608442,-0.18535483675286138,2795.9302862068275,2671.748997693125,407.1951953041371,0.9992103816931035,35.522365342493536,354.81856685785056,15.9969034156525,41.599002636575705,18.03461786091647,34.97824045653484,52.95039562348235,23.670412318745466,37.72106815594295,7.949154701091907,72.337608057036,78.22254342718007,27.998300524764627,11.733851541866684,0.0,0.0,0.0
1294,786.2367544721668,2672.0723180393743,0.23313506480207097,0.6894325328600198,-0.044290348851287735,49,0.0,0.017536922352718535,2.8649232636172113,-1.1427824849261312,786.2367544721668,2672.0723180393743,1710.8586183111279,0.0,0.0,355.68962921191576,15.997370806026822,93.89505983656237,124.88485872741633,160.4563587587856,119.09790160083172,127.47180484788825,121.14053466428899,126.36025467009064,143.1279787379078,129.44119376133827,136.66555829132542,139.9290697211297,133.43212889685782,122.67348012358433,32.282435673120496
1295,1779.9574611218304,2671.8133298620605,0.3265789776580912,-0.8187882415037109,-0.34625408956676934,49,0.0,0.01093479180345772,1.6220577551457982,-0.5251657842047468,1779.9574611218304,2671.8133298620605,1159.7737983909738,0.0,0.0,355.2589156008748,15.997536882213037,79.48840451491338,94.99715176848389,84.24779997310291,82.3590338978143,88.0892968278216,92.58110852914317,98.83685502618336,72.51201492046411,96.02455350118439,82.98682769753947,82.85360903428466,98.75578141325545,79.06163780641867,26.979723480364463
1296,726.8397281259168,2673.7023192816514,0.5044121709448189,0.2959564042761273,0.09327733587663727,49,0.0,0.012588118628095285,1.5480709458942303,-0.4744771497566314,726.8397281259168,2673.7023192816514,1140.1441515521649,0.0,0.0,355.71537445267916,15.998006373951073,74.8142286619545,77.58117859278781,84.59488911850974,80.04266630063489,86.70677840024035,111.20212926588465,84.72063939623607,96.28904477016327,85.03631293906889,63.81322213584149,79.34154458109865,96.665200402913,91.08416872830045,28.25214825853095
1297,1689.89447205966,2673.8601246934218,0.5914753467749122,-0.1939447271056515,0.26533625943991673,49,0.0,0.01278939415283426,1.5052997237794739,-0.44405745484723597,1689.89447205966,2673.8601246934218,1036.960106977164,0.0,0.0,355.2979522669684,15.998400178140942,69.91135118503865,75.25580386178017,76.12818683652199,60.079232929831626,72.39790206751474,86.09507415589704,65.90626430533804,76.02957161934413,70.82403025779597,95.96522094639364,77.36377678687302,89.36861045116021,96.47073423068237,25.164347342992492
1298,1596.9353959982648,2675.0543827637234,0.6889027209587334,0.23592615473998452,0.09706485697810915,49,0.0,0.05474001424537533,7.171725725196404,-2.13905918022612,1596.9353959982648,2675.0543827637234,1664.5741568332955,0.0,0.0,355.3382445797699,15.998901220926376,118.91772402114611,132.58806966206132,115.82512905727712,123.97765719412284,112.52351362270474,128.10488482917356,129.13421633887788,134.00212989756454,116.47605438823541,121.89155506764845,110.98351989179035,130.7889105398481,142.02773227437066,47.33306004847462
1299,2162.1038773387936,2675.0809358485853,0.5424116238667291,-0.9236891419793379,-0.6994603094397484,49,0.0,0.01595874541598693,1.4349491667952021,-0.39209129105243373,2162.1038773387936,2675.0809358485853,1474.1308316765098,0.0,0.0,355.09327800250037,15.998775290270073,108.090286587121,105.26578481987238,109.13460206439261,122.6439387051139,121.60839090563542,115.28262917499721,94.24672011924032,109.22115026592869,111.75300880337448,98.38845579340921,121.99238763799922,122.26731438709847,106.3656871904746,27.870475221852363
1300,2008.949728980113,2677.926527420854,0.5507091678506745,0.24897694733355258,0.37050727189534377,49,0.0,0.033887423236662065,4.6980518558126665,-1.6797945152296627,2008.949728980113,2677.926527420854,1419.3173080255083,0.0,0.0,355.1596595972163,16.000025407868787,94.75503758761937,112.12860185807011,122.28797395456974,90.65960465113477,115.95334140837716,109.0854452773157,87.21868353129976,104.30795176629204,111.11547383041557,110.85745422023498,101.06799344763505,102.44476651055861,118.75391118340627,38.681068798579034
1301,2411.767781972636,2678.556067084569,0.618336802023983,0.4553097314876331,0.26404584403585185,49,0.0,0.0230364362939111,2.959540587714622,-1.1780607508690413,2411.767781972636,2678.556067084569,1298.5081870852832,0.0,0.0,354.9850635263233,16.000074267199906,83.6044277856711,106.99018929447121,107.47486015906654,98.96587349281646,104.33039013780233,82.32111552228878,97.00530836386581,87.56499031432188,95.22294165239566,100.85914069676105,112.37356289003071,102.35596680552479,87.73048492925767,31.708935041009205
1302,1096.000536361827,2685.700053369969,0.386348989177548,0.2553861523130337,-0.15641029832228387,49,0.0,0.01224402471086973,2.0104970112251377,-0.7582585795592806,1096.000536361827,2685.700053369969,1078.9742049418521,0.0,0.0,355.5553746878626,16.003226061340367,87.38580298090066,70.66938549734904,65.44810332502087,81.84459864044422,88.52436793178433,83.97978680215249,86.60312528446477,78.25834025695994,84.67315963181227,80.32776729556252,86.31618822158381,90.5642838602732,75.61591702499256,18.763378188551535
1303,988.3222441613681,2687.074590639741,0.538628572586952,0.18937497483860014,0.1368307180430232,49,0.0,0.013714189361371252,1.5368910610282018,-0.4666077115745693,988.3222441613681,2687.074590639741,1278.635635515934,0.0,0.0,355.6020479461723,16.0037464996172,88.61762419313607,103.77150971798096,118.00170612894257,91.66435291703395,87.94117000876764,95.61261814677765,98.1539276593495,102.13030408623659,91.626425771665,85.64534398551308,85.44565585337477,103.34487314038915,97.4543498910698,29.22577401569719
1304,501.1917338097442,2689.366159411049,0.31529018478786336,-0.10852095054083932,-0.11188242476549873,49,0.0,0.008379822152642739,1.8241439591187465,-0.6526477732811596,501.1917338097442,2689.366159411049,7962.403137449719,0.0,396.03807691369576,355.8131892773508,16.004338987071094,40.241976260603025,115.52128927430337,42.17947115617117,6754.565767515038,46.70798243847078,110.1141850847504,107.2913762316989,117.1693392108028,46.078419608521216,48.1117090269818,373.94341962640783,45.88756163967339,97.70016151539204,16.890478860903016
1305,769.0470509442388,2688.934668899613,0.6849992939447079,0.501086286912174,0.5648896923946344,49,0.0,0.022217509380316084,2.2364904068302702,-0.8739175991404433,769.0470509442388,2688.934668899613,1569.0737448624545,0.0,0.0,355.6970919508007,16.004383927295777,113.40070930060479,124.70834860011489,138.1999159769802,125.41154118564629,125.94634124416082,116.33807089083058,115.4764582114376,111.60828252462929,115.47456237711864,100.16372348211357,107.26733950078818,126.84966446055445,115.58249124462704,32.64629586284815
1306,922.0618963063038,2691.9695706651733,0.6845324758571083,0.38843946972829685,0.3221402189920754,49,0.0,0.035030062824168776,4.23493900954232,-1.5671179002973021,922.0618963063038,2691.9695706651733,1367.7032013940263,0.0,0.0,355.63077093036077,16.005748762851084,93.60403764470146,116.94584786264227,105.29184432079052,92.51151616447024,112.33301399119553,94.87077174008704,111.70619772823056,107.25533140412698,102.40813656067681,86.22149202343803,120.12268437628055,96.8309048580269,96.1665346221056,31.43488809725383
1307,948.7317749118497,2694.493296870714,0.4873072331114651,0.3826243104587077,-0.18313469011300185,49,0.0,0.020727482560789146,2.3469553216970414,-0.9262620553502049,948.7317749118497,2694.493296870714,1466.2063982841005,0.0,0.0,355.6192124142058,16.006815652905704,100.03062125268298,113.0849587789154,130.20610008971562,103.738467803786,82.45535334654397,107.62637200732877,103.03306339281129,114.85372844566699,100.74021929626217,113.48226898700024,111.85795071646345,125.65485431098608,116.31671998845329,43.125719867484285
1308,1821.861656422272,2696.4754707807124,0.3061950575501967,0.3042245687050334,-0.12326917662335858,49,0.0,0.00841131953464966,1.2467313202023724,-0.23943217474293052,1821.861656422272,2696.4754707807124,1026.4556192812056,0.0,0.0,355.240747904429,16.007804826704234,67.76828847176628,90.97843557464287,81.54172949104516,64.05184460017696,74.55608711203546,69.96131469897324,69.28391635375283,67.71349142504052,81.05356404879063,83.38454139672487,80.43365324621773,80.48785281078193,83.58553154195556,31.65536850930151
1309,2459.550963261423,2696.325035865647,0.7777394535288,-0.20789882387704742,0.04362025019124413,49,0.0,0.010768986986424272,1.016633541042371,-0.017911084903339758,2459.550963261423,2696.325035865647,1031.6964771019977,0.0,0.0,354.9643395265198,16.00744271587736,76.79667305487281,78.08885352556773,84.63366891965525,72.38330559292861,78.86028675764834,86.78188606350307,80.31359330074633,74.61222209370314,73.4640592336969,81.04696046808553,89.65347900483327,55.223874544089675,76.73143054471637,23.106183997950737
1310,810.185695009532,2699.2555604210647,0.6937064506014559,-0.10664841776130456,-0.4412705731388034,49,0.0,0.011162072794272825,1.137227556668605,-0.13961843682343866,810.185695009532,2699.2555604210647,970.3499185412165,0.0,0.0,355.6792680548757,16.00871293992876,64.54073497603207,71.85294984219544,70.38775762243088,69.90860522815132,70.42039802633687,77.92232970552718,81.33649742849975,82.66384483826249,80.77311700242663,72.38070032311549,58.12904609865495,67.89505948319183,82.34955836143914,19.789319604952542
1311,1724.6181244865033,2700.3523513729333,0.4644948030315449,0.3113628111731411,-0.09751740045266154,49,0.0,0.010052794052594656,1.296561872924546,-0.28198311616208627,1724.6181244865033,2700.3523513729333,1022.747444632215,0.0,0.0,355.28289871652197,16.00943469151624,82.23706735504634,91.80826142006774,52.61959976671523,91.07950799894009,86.67180147433027,81.80065136037288,66.57911592454349,83.79912003887128,77.22730679239095,61.7491985047848,73.58449049908678,76.56548853538753,79.47315224386116,17.552682717816385
1312,2191.151731307028,2699.8957067541496,0.644679634066741,0.2873444823468813,0.2582010228906463,49,0.0,0.13742887858091582,18.059189832659335,-3.1417456579811365,2191.151731307028,2699.8957067541496,3515.4892788471716,0.0,0.0,355.08067478196165,16.00909949096631,248.19035601961647,265.8469477187193,263.4199960254781,260.7442264727994,257.32422308696647,279.37224309283386,278.8320397388661,260.4432208650866,269.3283085132076,265.6318451864518,266.855490528284,247.0535725487092,274.1680748977824,78.27873415236968
1313,1226.9572821378172,2700.546332375137,0.8596556130113766,0.5072581781883979,-0.20281579251618642,49,0.0,0.02056955190498557,1.6023026961808258,-0.5118614086824151,1226.9572821378172,2700.546332375137,1432.5528458120864,0.0,0.0,355.49861675178823,16.00946155620849,103.02955978304955,98.05571828590948,95.5542585938378,102.61784065172733,110.28199547109031,88.59877388810175,110.12754369417087,98.39503573041102,125.32325532254748,104.12872288720351,107.10768591830943,131.58714861934232,134.47709062715398,23.268216339231493
1314,1054.708561970557,2703.0023458143714,0.8130539538414099,0.3029352689737191,0.12727907783044523,49,0.0,0.014686373875525642,1.4406480409575393,-0.3963947324998597,1054.708561970557,2703.0023458143714,945.9677453543538,0.0,0.0,355.5732807896866,16.010415989276854,70.06709660535799,88.5659687167963,78.59757261479962,68.26445994165965,80.52754718341325,73.91183539935915,54.483638692709846,74.24019339405291,71.45562974884592,70.21838085329212,66.89546889597565,68.23107649850883,68.571130538559,11.9377462710235
1315,824.2938640111861,2704.7720223121537,0.3872187978409246,-0.40666156560121774,0.3414552225606761,49,0.0,0.009570038819047,1.231955182021337,-0.22648727169181904,824.2938640111861,2704.7720223121537,1065.7697998941233,0.0,0.0,355.6731566541499,16.011020884621477,79.40290406603661,61.199173098462936,80.37840628176926,74.3533330354249,93.9152123616283,64.9522803582459,80.29740917135283,86.15604160250396,89.9813242306738,79.66106494894808,77.99311700485305,96.9821628490489,73.3187863410865,27.178584544088235
1316,2457.7533342785064,2709.102499651562,0.5655890584602744,0.5185759325316794,0.2970781586831534,49,0.0,0.05567918441773402,7.588005035366877,-2.200319026031587,2457.7533342785064,2709.102499651562,2078.6275629989213,0.0,0.0,354.9651090662028,16.01276754646555,127.23097492018526,158.65642334196116,163.08833335523371,164.8684442328307,148.88945353314904,152.55456943608118,139.9844897084187,143.73537664562616,177.1341301050337,140.68700172492012,164.3128775710042,163.25398003378427,181.99499807470636,52.23651031598699
1317,2723.9645925653717,2707.2015793533865,0.7237119944053096,0.42558264139433133,0.7278595733398058,49,0.0,0.0116948070881519,1.754057739047757,-0.6101097127932873,2723.9645925653717,2707.2015793533865,592.9658628202792,81.95120766482376,144.2951845912256,354.84972222358414,16.011746341143013,80.66135964250948,7.0013918815831655,30.315086939578517,37.814810154669765,26.803889046283096,42.32924537876721,42.35242633488973,15.176198250788385,90.78376884438231,7.92594813887896,80.01042343788787,41.02775951780628,66.64901348575347,24.114541766500977
1318,2419.3741586213873,2709.8483831261965,0.5377771099832503,0.3571010615356714,0.34003543430761674,49,0.0,0.2843063289447425,41.44363571924658,-4.043644619228642,2419.3741586213873,2709.8483831261965,7728.862859022878,0.0,0.0,354.98174417427447,16.01310627205101,533.7037481052777,617.2900392984598,548.1445529510083,582.7329049180413,585.0052995810508,582.5796825666857,613.6785045981967,636.8911457886827,558.2464826810881,569.7496917978506,586.4213734511309,567.1390921171558,568.9723976243863,178.30794354386438
1319,1447.163648012805,2715.989149885013,0.7293410412133837,-0.2063196968757639,0.1829602557395558,49,0.0,0.012605717818106803,1.3097770487971854,-0.2929934400600495,1447.163648012805,2715.989149885013,980.9541073441846,0.0,0.0,355.40316750633286,16.01594607335102,52.86011601712626,68.77232929081532,69.05137054452966,79.00360913026148,80.37557587911448,57.226679202736705,74.10646825659015,74.58577545503914,80.80798442536616,81.3753659280728,88.0467374694988,84.81952848154131,65.83663330394324,24.08593395954921
1320,1903.4673048782397,2716.540816177384,0.27055341564366914,0.103638294589825,0.1812839651604492,49,0.0,0.007565818516951073,1.1698643733080138,-0.1703387882582351,1903.4673048782397,2716.540816177384,986.059666258547,0.0,0.0,355.20536980837625,16.016146227740364,71.91683669878884,56.99164895085338,65.04996622354997,77.4768289458064,66.40542344880885,66.83275246320704,73.18952424479832,68.34700649676253,74.20521688126082,76.80372318755037,97.16313086779621,90.39431139270081,75.69765785736368,25.585638599299887
1321,2258.4872932466837,2720.1079379287326,0.46266518767697695,0.23641394426991993,0.27194680029352897,49,0.0,0.031732558312766355,5.022065455627821,-1.7522059220935524,2258.4872932466837,2720.1079379287326,1616.0745120191955,0.0,0.0,355.05147617736003,16.017484057006655,119.85897355728991,125.14466202232681,115.55227140700127,120.96558988641443,125.22729980206601,152.64785198730954,115.6276428029961,107.0074084595377,133.7550754803034,117.68634527082148,97.9925314529954,129.55091278377364,123.94377720957766,31.114169896781874
1322,563.6268919158063,2722.534932186263,0.8541085304285254,0.2899498232265452,-0.4724141978923208,49,0.0,0.01261454564513453,1.2457190499963144,-0.23855026472756224,563.6268919158063,2722.534932186263,1025.1039978660542,0.0,668.983807075502,355.7861584449233,16.018215943429695,59.84525512772981,98.99613446757209,62.657498636106595,54.76532091947155,93.89542439647869,118.95390427857077,76.70996727158168,46.14443034875962,74.20576659489302,58.78948376215586,86.76325027117065,87.30884763130871,85.32032960784214,20.7483845524131
1323,1511.238330341898,2722.932167815328,0.7222319160887357,0.2821055090408688,0.20533226067744448,49,0.0,0.0951455113969959,11.904581716652947,-2.6892853512336283,1511.238330341898,2722.932167815328,2313.1328926452525,0.0,0.0,355.37539307994945,16.018845564904893,167.97339621719954,171.69632084748443,165.2808042754691,160.0938362722991,170.72684262531297,179.14841750609173,169.91736361248502,203.34906548075026,177.54319295083252,161.737366510981,172.65781273104946,176.07950861792446,180.41590518637634,56.513059810996275
1324,539.543148891914,2724.145502067087,0.6313646138261635,-0.5577857750872119,-0.2726317450350726,49,0.0,0.008626594020225194,1.2382995381915742,-0.23206427739819907,539.543148891914,2724.145502067087,1162.9749780490004,0.0,460.0053058337106,355.7965992124847,16.018864975324135,43.223743070922396,205.70071866590757,94.17773937978316,43.67315443720088,35.61637817168858,35.435078771405216,72.11916875327233,67.65601712112694,27.233360117558668,44.79724674573609,106.06762391597914,307.64182633390357,57.84746876541385,21.785453799102065
1325,1331.6896119814749,2726.680978779934,0.27041673368550717,0.5907167134542174,0.5559197586032795,49,0.0,0.016716192654831603,2.86903563356516,-1.1443398555963624,1331.6896119814749,2726.680978779934,1311.4150909641407,0.0,0.0,355.4532254109594,16.020379498915435,97.87985653339355,106.95974480595038,106.85857110774263,82.87239124999786,87.5922946066149,102.18327524859323,91.20670835373848,105.52926851711226,93.80862725248245,90.4890669969216,112.81928706375467,107.57772514836188,87.72710344191053,37.91117063756637
1326,2176.994535515692,2729.233117006963,0.546217693380035,0.34389097265926416,0.3052003933732485,49,0.0,2.7490263425477197,409.8461339418516,-6.531552106909412,2176.994535515692,2729.233117006963,63990.58777539527,0.0,0.0,355.0867964314911,16.021329675856766,4363.437286088351,4644.316352835079,4708.615653000172,4790.536174315053,4746.056190586609,4901.040495433865,5033.277641810046,4980.7359512599105,4920.019666934626,4784.90352374731,4882.421875392897,4893.881703851072,4975.2191249924435,1366.1261351478297
1327,2567.4929270691896,2735.835195689664,0.4485172426411296,0.5244998924706127,0.34340849293794307,49,0.0,0.03785115290593432,5.467193607081145,-1.8444111340604252,2567.4929270691896,2735.835195689664,1986.0621259877587,0.0,1685.4477279709838,354.91751951974254,16.02381809840404,126.73466891452294,156.22285834599404,123.32819228196311,139.4906824239588,171.3875976182345,145.81119992946748,156.10980374854174,155.6208445690154,155.4630140581849,140.1001283799999,126.86871058653563,174.46245847377372,174.29025844280048,40.17170821476613
1328,2265.58840487733,2744.4399715953823,0.7236273368636571,0.5965253816048192,-0.011679505079900744,49,0.0,0.013321771172678784,1.3710732468863962,-0.3426516418403952,2265.58840487733,2744.4399715953823,1126.6569920697275,0.0,0.0,355.0483838204624,16.027617503868854,79.99871496368803,92.11503684014006,78.23579904161006,104.63320040715514,94.09554430103735,94.20578378179084,66.40681588590321,83.89740162942135,71.3258127067549,89.23329919852848,86.63873507408317,70.54593473335717,93.06335079074859,22.261562715509086
1329,562.2458115916371,2746.0783452821242,0.834337750970719,0.8695662202818154,0.2955381343573424,49,0.0,0.00998473857783881,1.0024635584300052,-0.002671485249459014,562.2458115916371,2746.0783452821242,1105.2596238472538,0.0,542.3921678044736,355.7867785770349,16.028023484307607,57.88757712602808,76.43113612958453,59.331069529480786,76.01462690200793,47.48490734358816,52.23677401235644,246.58032524997927,81.86962032263669,47.61023632892746,61.524255049243656,64.95820195496046,84.20236277593742,119.74235025483131,29.386180867691735
1330,1269.2224301174108,2747.0739845071935,0.5062086620368647,0.19527591406139813,0.14851236713976823,49,0.0,0.039696412113696025,6.150577034278696,-1.9722896557179008,1269.2224301174108,2747.0739845071935,1546.5908625725901,0.0,0.0,355.48030997694167,16.02885967209744,87.00986222984858,143.55621998293935,119.73234121799842,110.28118198278327,135.68783242581725,112.52379576574351,112.12108714559014,100.15053656997175,114.42541347663403,124.49023617176313,127.91341330320219,123.39305973125511,115.05500065309242,20.25088191595104
1331,780.9924445787499,2760.4156387409284,0.5627891554031713,0.5490491132550115,0.14989102517294314,49,0.0,0.23708103473050549,31.005980029185615,-3.728613657425524,780.9924445787499,2760.4156387409284,7400.196908963191,0.0,0.4596554883437832,355.6919658709439,16.03417367288771,518.785864706802,604.0356823372933,520.2668338541287,545.1938576704221,506.2514517593257,557.4874103149206,522.5341582682188,580.4774145967563,578.0043896587952,536.5161406739795,550.8835870664042,568.9598884863483,655.6694600761207,155.1307694936748
1332,1203.1634446186997,2761.3465551383847,0.6494660971250645,0.34466398134626197,0.31048711667445256,49,0.0,0.14271189417261512,18.9575326197241,-3.194454529845628,1203.1634446186997,2761.3465551383847,3451.865180148935,0.0,0.0,355.50895169919414,16.034785183200043,224.44467341890228,242.28433011542168,228.84442765282103,301.1780203655299,266.57391730433994,248.08025591264564,290.2485787928488,247.99271435945963,265.09659238741165,261.23875008499175,289.9328228502281,251.73890431832422,258.64089679461074,75.57029579139973
1333,1533.3716583248774,2767.337480429672,0.5121875044619686,0.5135128167191485,0.4050748672659448,49,0.0,0.01851033434743948,2.544445483809591,-1.0139828757573142,1533.3716583248774,2767.337480429672,1152.2258357413716,0.0,0.0,355.36580124827117,16.03734799956231,78.04950515530285,87.2505127853452,95.8301076730849,102.24102879738716,89.41632815167044,63.280300420085325,91.91835542250581,94.6194956292851,80.35636168092994,77.43804462419118,92.11902826346635,99.82919427348853,84.19934819989717,15.678224664731536
1334,1656.25220394249,2773.0340071125006,0.8430170368816401,0.41576166108612983,0.34707935752222885,49,0.0,0.021946482916574066,2.1905095764493305,-0.8513628904072721,1656.25220394249,2773.0340071125006,1071.1689487859592,0.0,0.0,355.3125293537245,16.039721989154256,60.97518509362928,86.1922331827401,79.70808500987334,72.0328598513456,73.07328032577274,80.72226269975769,76.22197956506255,76.04310696218977,73.08631359207726,90.59125246456969,85.78745705021907,102.48536666685837,89.31893350055557,24.930632821308063
1335,1490.8081288145859,2777.2365286910863,0.6067738834726085,0.10509906486921368,0.13522995497449558,49,0.0,0.04381686983005762,6.02053515282523,-1.9490877412630296,1490.8081288145859,2777.2365286910863,1637.96575206737,0.0,0.0,355.38425449025914,16.041469024720918,108.08365955785035,105.95211622524883,134.0780108576477,128.28627811679291,117.45101970850624,122.05409517178931,120.55256476722273,130.95181049389117,153.21270913841082,124.0144062509,115.88017600956985,102.31608534554078,134.05404072817095,41.07877969582806
1336,1568.2193614744144,2777.553840482876,0.4752441795224953,0.7704881654198992,0.7856095234020439,49,0.0,0.022138602095567925,1.844376932010989,-0.6646242044347523,1568.2193614744144,2777.553840482876,2091.722137529659,0.0,0.0,355.3506942380477,16.04160601549146,133.8530659415576,141.86542227136243,152.10361157343152,160.0579910024603,176.72319187525943,163.28094173143484,142.57493182926768,181.125515885498,168.22726542508934,149.18885526035913,166.86104739826305,169.4013995619211,135.5074082136667,50.951489560087836
1337,1782.5053115462015,2778.725985151675,0.8463080152554234,-0.1901811833434121,-0.09338352991026577,49,0.0,0.01846993432131521,1.3399685966365036,-0.317736551010356,1782.5053115462015,2778.725985151675,1661.322179966441,0.0,0.0,355.25779415412603,16.042080397405385,116.97477145177638,150.0534992256624,135.73500232685,122.02575752545428,117.9633810008537,87.69180767144584,148.34016958182195,106.84785425917867,145.182369226113,133.07322360235946,108.2532629638034,101.46310395326756,142.11837834710875,45.59959883074548
1338,2229.6178156527853,2779.2592062110675,0.5317697602973472,0.3036600950165246,0.3409401814032667,49,0.0,1.3853329652588688,203.17869129958203,-5.769695396624826,2229.6178156527853,2779.2592062110675,35877.730416702165,0.0,0.0,355.0639575591487,16.042144579057098,2499.7076657095786,2613.618349709166,2595.370984909886,2659.054215127177,2753.429610936383,2909.977406607214,2787.307802496564,2711.0302887048174,2728.8392681638097,2628.4681882643854,2710.0225066277817,2814.1615577170764,2665.14812945197,801.5944422763548
1339,2084.0989551356956,2780.423317422088,0.4925758669015463,0.1902090842785923,-0.03975494949729103,49,0.0,0.11520585679930065,11.457750011757131,-2.6477483561605775,2084.0989551356956,2780.423317422088,8311.781142160922,0.0,0.0,355.12704332880355,16.042700119324525,539.5527506117353,590.0583944664513,701.9814027492142,631.1122613688842,629.5058572513735,604.1533749836672,677.0279868163211,658.8340480334871,652.264179766443,578.0487862849909,610.3008560358944,630.2883023783494,623.4352094559368,185.21773195817235
1340,2561.402670026499,2783.5799855431487,0.6030100645093467,0.4259236400167379,0.32431313541015366,49,0.0,0.057073008701102386,7.054129594530088,-2.121108585051213,2561.402670026499,2783.5799855431487,2365.022098692594,8.60950843112111,2041.1578786587215,354.92011913799814,16.043714931858457,168.2161484888333,169.76703439262963,178.76741478522246,162.58221451832924,185.24387255998948,188.88206862396822,167.49195568019996,183.19601273454225,178.22505149100326,149.77518604245307,184.96436720586252,192.90109001030947,199.17221898919854,55.83746317005253
1341,655.706544975029,2789.0769741088848,0.43808257913249476,0.4204003624443238,0.44081642143193817,49,0.0,0.011985961035188914,1.034970958107458,-0.037320408514627076,655.706544975029,2789.0769741088848,1377.476755760303,0.0,1198.8932750215658,355.7463008950484,16.0460184887056,99.03769141971162,91.09229249711235,97.88192932564345,95.58526239508835,121.59306676677329,109.57013153068863,108.19576891422426,99.49759294744908,100.91110452368135,108.08437415894295,122.45291004979248,96.90290394077523,89.4823020477103,37.18942524270946
1342,1988.8551468611697,2790.9955854275627,0.6576763347084795,-0.051255123563287465,0.2036821535114726,49,0.0,0.012557802466106568,1.239899119399903,-0.2334658788930573,1988.8551468611697,2790.9955854275627,1200.7765047187172,0.0,0.0,355.1683308035012,16.047141062115983,76.21893925157502,91.35771414730681,94.92338077989197,89.1649004916662,74.469761748694,93.25494611466561,92.499459943848,86.7704023967017,82.15255017272098,98.28205101853113,98.89420912778502,101.28891780142466,87.36808282978137,34.1311888941247
1343,1639.503652447878,2796.0606369507723,0.5945622484601425,0.3181833387273752,-0.0145936935957334,49,0.0,0.01679152281461895,1.895994304316758,-0.6945925708918299,1639.503652447878,2796.0606369507723,1135.2979643615195,0.0,0.0,355.319789539505,16.049316397714843,84.07843682283197,93.69780741418333,79.25303800060875,76.51548581163227,90.21846675802331,74.54844347541447,83.26717456217892,99.2718189379055,76.10362744702499,91.79153356314633,78.61273070486968,83.55143011787528,94.61314404225897,29.774826703565918
1344,905.1482013674766,2796.9454161849703,0.5101905643777607,0.3790258268813342,0.0897938955735378,49,0.0,0.05093698079744697,7.222022119682654,-2.1466470356359806,905.1482013674766,2796.9454161849703,2054.6941172200727,0.0,0.0,355.6381662837145,16.049474969514137,148.79211586518855,183.22478461149575,145.91306117674466,148.9915449822336,153.84998535358665,168.6705118812173,153.40266271915624,139.05853205209698,134.78788539519167,142.3377237651148,168.23057388873133,164.68166178089285,170.31600636642338,32.43706738199906
1345,1839.4818997282766,2799.228460212332,0.5832631003645508,0.33493950396031497,0.22899998473070768,49,0.0,0.09945302702227321,14.132931588452125,-2.87558064181743,1839.4818997282766,2799.228460212332,2735.5845088899855,0.0,0.0,355.2330886403589,16.050611994797638,181.58707707877426,215.07673346835588,181.74792830718343,218.9290492464404,224.50194036008216,222.86573685845647,226.83318289211235,226.22800593923927,211.8640332236323,203.83328762871105,216.6377015121239,182.82165153618695,176.00545006975935,46.65273076892752
1346,2185.314342505982,2806.2326992665057,0.5596856786858361,0.48444406929226125,0.8154568067692067,49,0.0,0.010123730233320078,1.087007042398681,-0.09058089440382064,2185.314342505982,2806.2326992665057,1102.7109394932459,0.0,0.0,355.0831503468712,16.053406007185014,71.80806869540018,68.6841499150468,84.25943966806103,71.81870701995979,98.0559895471602,80.19359069359056,86.42192924344961,74.86789135324491,89.56546629490916,75.38021727905416,87.87833146068684,80.66507444762725,105.28925065294001,27.822833222115484
1347,2564.6291125241537,2816.2231945108992,0.6786310816154745,0.3134721815922924,0.6290159970572954,49,0.0,0.00992208297193331,1.0753981831305526,-0.07892324601891729,2564.6291125241537,2816.2231945108992,757.0093101264282,94.87195591045719,737.5163150495968,354.91869274742345,16.057312168240763,51.57597205477254,52.06143867821862,61.156805282186596,54.746981395408476,74.52610615508995,76.15437067246842,75.58984042141188,57.23907569637539,59.850988589806875,52.73785143570523,47.745339392687214,43.02036105393493,50.60417929836206,0.0
1348,1710.5140539649149,2816.8570699899105,0.6567369222966817,0.7493939336278596,0.2363095153637786,49,0.0,0.011890798882236268,1.2737066610258068,-0.2626735500483656,1710.5140539649149,2816.8570699899105,1000.0985997907331,0.0,0.0,355.2890010574173,16.05797629707598,78.6065431768632,71.81732368436383,64.48969737981108,88.20488704725048,70.64404705018556,67.7961468113153,70.7002054859506,82.36240480587496,74.92407437536187,67.76295567065937,79.02210012672003,81.78950106809263,75.37679958966163,26.601913518622606
1349,1062.3090006904656,2822.929030878556,0.4304113344769324,0.40889255834321037,0.2120424073507012,49,0.0,0.009726456177649175,1.108651251544581,-0.11198737901226559,1062.3090006904656,2822.929030878556,1098.0660079052427,0.0,0.0,355.57004306441854,16.06038503634552,92.80057583725453,86.84071169585721,92.28842699442409,85.71041620987054,58.58280189773646,68.91976513204274,73.44527316703423,74.01494744670407,91.7825266138554,83.77161155596161,87.20381084911673,79.29680977540224,101.40291954155623,22.005411188426905
1350,1345.9631961696334,2824.8241848201137,0.5578422615821217,-0.6727566464958484,-0.07212834125209913,49,0.0,0.010770135885557516,1.1604306726420057,-0.16154799901476932,1345.9631961696334,2824.8241848201137,1097.7127786346273,0.0,0.0,355.44705997920596,16.061272686712584,87.87536574406415,85.27992381393015,82.0089290481682,83.50595290558825,87.84102212887703,93.93677264871475,87.7118177765557,82.18078879998819,86.85797816177164,62.09764632750456,79.9728608030897,90.05948520804147,72.95878301234549,15.425452255987992
1351,1658.6571910523146,2825.202607120098,0.7760884715958666,0.11945791655835053,-0.13182237755817072,49,0.0,0.01353033062863394,1.301941449899556,-0.28647863462556555,1658.6571910523146,2825.202607120098,1146.8021992995825,0.0,0.0,355.31148405465103,16.061457132727433,83.79741354120262,88.78184635712455,95.39039136611342,76.3419533469321,92.85979149925953,91.98003945564228,82.77590241807532,81.31770247436432,77.81538454370182,87.2344045452013,83.39150916610427,88.38089237199605,92.24796663301302,24.487001580851874
1352,1112.9189884095124,2833.3261904232168,0.2497619893181897,0.5496694309512606,0.05978106847541954,49,0.0,0.019621324815573524,2.6896661447503836,-1.0742459411855396,1112.9189884095124,2833.3261904232168,1653.4115386837555,0.0,0.0,355.54810475475705,16.064739452417072,139.69450957326674,131.51448181111738,125.92664810218234,124.01142591741066,124.6558998426352,110.9931777776593,122.39748147017508,110.82173641605353,115.64688967092762,114.90370326710114,136.49246212987782,140.85239945433415,123.32616543249796,32.17455781851657
1353,2230.7620153537146,2834.2435370094922,0.35755760103817347,0.6632186947841078,0.4627840331473141,49,0.0,0.015281432502411263,2.0498799290200784,-0.77932105789401,2230.7620153537146,2834.2435370094922,1449.1164128327532,0.0,0.0,355.0634310406162,16.065052066791225,93.95590367332758,115.2578824808422,114.11767001287228,100.71770567117737,107.74224731619087,115.75014581968756,94.46134172771556,126.16243250799549,103.41485969519897,128.61122673597674,106.68704793626367,106.65922866822075,99.364442951413,36.21427763587096
1354,869.3423280254642,2834.7952224279315,0.40893391720107164,0.5567202151108827,0.09377009941485387,49,0.0,0.08951031563358014,13.825111581506706,-2.8516716128780217,869.3423280254642,2834.7952224279315,3662.5054437304225,0.0,240.98067037163466,355.65371379707994,16.06522199023733,246.1441276916541,303.7835786324421,273.2236541882665,263.79516324815097,276.68688361119246,229.59532657297686,270.2998966525701,296.5854131482242,330.9994373039582,271.647850576377,261.11388184036264,255.87305954297202,283.8710788812388,98.88609184003681
1355,2130.915853433536,2834.4666232813734,0.36828367587498273,0.44480084057316444,0.5772768095693827,49,0.0,0.0110318553639617,1.4535706015310987,-0.4060903269546578,2130.915853433536,2834.4666232813734,1205.3508775204673,0.0,0.0,355.10672164488466,16.065195568024205,84.0713006156462,117.50796135362245,96.33653237452768,70.8521472210681,88.31381623005906,89.45090682293025,100.42586786698932,88.05280579810307,88.31606177243519,94.43924251603059,104.64169387519647,79.96904108667067,72.09193152089699,30.881568466291355
1356,1080.2007861807458,2835.7692278628524,0.6355415336197487,-0.3453108334231042,-0.10981135966696065,49,0.0,0.009866455414545304,1.0189601861990518,-0.020393037906510852,1080.2007861807458,2835.7692278628524,1060.5343628983355,0.0,0.0,355.56229167899806,16.065742909274906,74.96184182563911,95.49999964670963,91.93641714925184,67.43962869182462,75.78057291457117,74.4512065253108,73.1184932651609,81.09066844603379,91.55963236126519,81.41960217639624,75.83116889574883,83.35769231534408,74.6085560109004,19.47888267417898
1357,1936.6683535866032,2838.050415557202,0.5852236108937428,0.31724943232704417,0.3123827540291059,49,0.0,0.08113328715673486,11.378450953576108,-2.6402078545972945,1936.6683535866032,2838.050415557202,2497.9928348935,0.0,0.0,355.1909420130565,16.066762125711428,184.07913493888563,182.76035568582665,176.704769521364,174.78497843807213,213.2326169738603,200.28908286566073,187.72342007855997,180.28521937629364,177.6906299306474,180.94758007523177,186.37647382556088,185.3828740042169,206.53615452244037,61.19954465687962
1358,2115.496154286202,2839.017385740204,0.6909045296762435,0.4889035175927501,0.6921165600178604,49,0.0,0.023769473312430393,2.4467475730537767,-0.9714729155283433,2115.496154286202,2839.017385740204,1381.203568480786,0.0,0.0,355.11340519292906,16.06709858390488,96.24823062315318,107.46813767369295,100.46310717845152,90.89795827513447,98.39928582916293,95.70397201279334,101.82885539810735,116.7910352176923,125.86446983535208,110.13779913885438,99.7156383045982,108.16662850179421,98.956901439687,30.561549052312387
1359,1136.2020760541036,2846.099963882916,0.49358024560533253,0.7431242704117373,0.3585294835097899,49,0.0,0.01873432416132375,2.1200941008260603,-0.8158878440229771,1136.2020760541036,2846.099963882916,2088.665112217832,0.0,0.0,355.53801498309133,16.070071061466063,160.27257013579316,155.55882754272827,173.28983683762323,145.2344614522252,161.43152877567627,177.3652960136272,163.9994082644297,153.98697717923702,145.60254117888223,138.52025405478872,152.38352526173878,165.05337113569357,152.06912902046037,43.897385364928084
1360,1342.531951686197,2847.2491269330662,0.5307364772321372,0.16531115456414405,-0.0720135354506546,49,0.0,0.017373943068337422,1.9404376705476343,-0.7197492429516541,1342.531951686197,2847.2491269330662,1387.3492327099568,0.0,0.0,355.44855276142783,16.070614873600114,98.42050258335456,116.26812691463792,108.91800812314878,89.75395581623954,100.44907683725421,91.27924752387247,113.79031288831631,119.51657886049145,96.2442025974078,126.8605447366659,97.5255507267128,92.68474759540047,103.62076449967601,32.01761300677871
1361,784.0032097760104,2847.636242364511,0.594633570846652,0.46568700073698943,0.22365007840363324,49,0.0,0.056793839922599225,7.006663141015598,-2.11377809610486,784.0032097760104,2847.636242364511,2391.5363522565476,0.0,1975.79058675748,355.69072333682516,16.07051426027556,160.81304974394263,188.0092485926213,179.53006674087788,186.89187762475729,222.49288013380573,181.87810384672267,160.8290419153475,172.34522269142136,178.61431964085773,172.02801576719216,147.68994366225573,217.4269345370376,177.13788156314848,45.849765796559566
1362,1513.6904328465287,2848.155497974994,0.6414595183892001,0.21394407638949578,-0.29456555755730196,49,0.0,0.014375501712741025,1.6235433380531605,-0.5261597148906315,1513.6904328465287,2848.155497974994,1063.2515291495524,0.0,0.0,355.37433969236105,16.071018250704853,70.39925508721518,93.65292696265314,64.84705480953164,80.34508575306779,95.26200388587966,86.5980801017551,70.53813560256901,76.75215014220849,80.25599315504319,82.01077024192513,81.54231619146556,67.65054260706697,87.67413282681551,25.72308178235606
1363,2531.157431118994,2848.475295797216,0.5444732447129566,0.3816167576779434,0.4213502772203606,49,0.0,0.00869822984446274,1.0664459090926126,-0.06984708153502213,2531.157431118994,2848.475295797216,898.7205810567459,40.58686209618086,683.5400196615967,354.9331778030668,16.070776786705835,72.63072540477765,67.40261548509368,61.87342551584587,74.18679269074858,75.98317911891914,68.77297747145217,77.82186097706493,59.96470299003818,51.486559688378684,43.482956677286154,65.15484586115635,51.76021461402874,125.83740738168017,2.362317180275633
1364,1136.1680836221014,2851.1779525008974,0.633129282107267,0.2827815386133106,0.5416040987924297,49,0.0,0.03906130707911116,4.594076189725045,-1.6554954835160343,1136.1680836221014,2851.1779525008974,2176.2259489621147,0.0,0.0,355.53803179601357,16.07218668898063,174.52609955208652,171.37386101200735,174.8526413589385,159.3183844865639,158.41564851699576,178.59518890423493,176.27434407106136,152.13300567685968,154.4179968885312,137.62989376230635,156.16673589690424,170.44278693129456,163.35783276949996,48.72152913483037
1365,1219.7892989872075,2854.555948270524,0.2421659272406181,0.528865850843193,0.060899504118889815,49,0.0,0.013948770674135491,2.4477077410738675,-0.9718989033568265,1219.7892989872075,2854.555948270524,1284.9489413359386,0.0,0.0,355.5017753605906,16.07362490632723,101.87079072040576,97.36497839126093,80.62399896522294,114.1949457125985,95.68011008916497,99.78847486229859,93.15427334025502,97.70198615593534,95.66106665494293,91.71507316467766,90.33247177079679,81.42061952828081,115.2383398880188,30.201812092079567
1366,1894.4993841496528,2859.591608788644,0.8439871457972035,0.4502983386342946,0.22254207423751074,49,0.0,0.024461198440804938,1.6511500241945751,-0.544466338093046,1894.4993841496528,2859.591608788644,3819.728475837634,0.0,0.0,355.20922020474035,16.075748455315576,281.09902316254744,278.92762641915516,295.51746606039285,278.7693379065688,305.06354410947745,257.3328571918297,287.12640453348627,318.3899098382968,268.8144461736922,284.98433735949334,269.79511889492426,322.65180904415047,272.95816878119564,98.29842636242365
1367,862.5489095949314,2861.6074450063898,0.3658095416822548,0.3718133392723616,-0.01777807612290989,49,0.0,0.009806033078788344,1.0422178356856227,-0.0448962526601592,862.5489095949314,2861.6074450063898,1289.0545439180457,0.0,594.2319401662006,355.6566766220372,16.07638830267275,88.96621482234946,81.2032163569863,91.01127438993369,92.36973950849645,89.22141641195859,95.4187207549441,135.20834580357752,92.70000387395837,104.9773245586901,94.57395792511129,103.08206520520524,94.31941891071666,97.33847367880432,28.664371717313692
1368,1905.5008525026249,2865.6039152133953,0.6093541497566886,0.3080923095097606,0.3567005796486736,49,0.0,0.031234018803646665,1.4287756068608033,-0.38741006750867646,1905.5008525026249,2865.6039152133953,14857.916522825537,0.0,0.0,355.20444832685763,16.07825048845027,1122.9275528560236,1204.1782168145892,1128.2093231314316,1142.4495260378214,1090.505597477697,1083.000475051238,1087.003874179201,1151.5877386196844,1079.0640772611464,1020.1028797033402,1129.9663422942808,1156.0241744369164,1125.734238912514,337.16250604965273
1369,696.2688900843369,2864.8516773453516,0.45074812905501804,-0.23723763556189498,0.3610369688623593,49,0.0,0.5916883449970155,70.62176603425081,-4.622346434347079,696.2688900843369,2864.8516773453516,41035.16869869541,0.0,22329.46181431585,355.7287765134371,16.077620711550658,3004.289835293901,2753.908760819291,2381.812100852068,2209.5249145328467,2682.913380927539,2598.163029072818,3208.870849222902,2281.267062609358,3509.203719731711,2586.4632050727273,4015.158146704769,4183.414395446182,4561.736751332028,1058.4425470772649
1370,1486.287889419099,2866.640400777838,0.537467676625185,0.3398312668624896,0.2967083616827322,49,0.0,2.5316805196211134,375.4440462826189,-6.43636305440642,1486.287889419099,2866.640400777838,60374.460814288504,0.0,0.0,355.38622314054044,16.07871724316623,4173.817172683625,4490.118734543001,4575.931430389355,4606.927093263896,4672.575470804841,4742.030106924844,4439.614160265437,4637.6682550789965,4597.932780443265,4426.8005342482265,4538.985743198951,4604.580381159282,4557.012743750356,1310.4662075344345
1371,2320.8885049083656,2868.1197313592293,0.29934575675283975,0.1557646327598057,0.48245325438184744,49,0.0,0.008370250713643564,1.1407645334269145,-0.14299002606168176,2320.8885049083656,2868.1197313592293,1183.5318864599126,0.0,294.7475146011026,355.02433332872954,16.079112667323617,82.75316096228241,89.00775200854642,85.86650182800742,71.92217200155307,79.2299266409306,89.9868484982795,100.40487786830799,94.06055975086487,90.20465546739796,111.99736114061183,77.94663222464258,86.71585692978053,92.62517312925155,30.810408009455877
1372,1403.9199761507514,2871.553216042954,0.5787566660423301,0.4387363173633678,0.23195892261722326,49,0.0,0.07054736884575172,9.567071601153962,-2.4519475607217784,1403.9199761507514,2871.553216042954,2435.0981599211373,0.0,0.0,355.4219395703116,16.08075289520311,160.99721256487487,174.06349011980421,177.2367265185913,180.63738835634416,177.9701882161715,227.61720585157633,207.2355828844767,177.63356210396768,186.14349379939438,196.47149716531595,187.12358140802644,167.52551105056048,178.58043425715084,35.86228562488238
1373,1052.6872961400659,2873.1463237658495,0.47051271568624575,0.5265673733575197,0.19866783304861,49,0.0,0.010477397767739602,1.1517636785291532,-0.15340844676470486,1052.6872961400659,2873.1463237658495,1015.7366014154529,0.0,0.0,355.57423890079247,16.08130245008524,90.72173792764306,70.8739192902123,71.10408820980936,69.52988896146758,69.76991899740283,68.0387165744265,86.16098974578284,78.6857833705428,90.74069548491389,70.41633924036182,75.77845330814604,88.9286179419127,73.62597095645796,11.361481406373304
1374,1621.8153885411207,2874.3329376517,0.855494584475845,0.4882322879835172,0.3057598110802015,49,0.0,0.025509710763192573,2.529701272446179,-1.007673098010655,1621.8153885411207,2874.3329376517,1219.2519894180668,0.0,0.0,355.32745679851575,16.081927690874597,90.46328987399605,77.16412230385444,75.23502128707128,92.86548594528901,95.04750118299056,89.80776450157856,90.9457233748852,90.76007784214414,82.65437765332163,84.62926989778317,100.6751534642132,104.31967860823451,115.47656317855963,29.207960304145573
1375,1898.6431322717633,2876.0405859753387,0.7896336846460442,-0.5951114707790418,-0.7394454386162125,49,0.0,0.034079546355513274,1.054435761996784,-0.05755031732458338,1898.6431322717633,2876.0405859753387,10627.809963431217,0.0,0.0,355.20741915025826,16.082600525162864,766.4326148027701,800.011076992891,766.3863792369799,811.1562384825235,853.697862716403,785.9152128525775,755.518544181296,818.1979438690022,841.4423339479036,751.110958691644,846.04027387146,797.5775881478476,813.6585621174777,220.66437352043985
1376,1914.2777971840624,2876.67227151541,0.48964395971516383,0.4742408684098553,0.6270411490205764,49,0.0,9.801220311534449,1283.84967081515,-7.771285435193422,1914.2777971840624,2876.67227151541,426629.89078800014,0.0,0.0,355.2006395207296,16.082859525549623,29785.60094548574,32047.026323138252,32057.263225825693,31917.168796203685,32493.075555886142,33026.964812353865,32664.32836349829,32842.27296267786,32389.59522039301,31620.4767265841,32384.93597036817,32507.703802990647,32215.554360787177,8677.923721807656
1377,2080.4888682500396,2878.8840849862013,0.5525561519212889,0.33609594909595575,0.3837603942502158,49,0.0,0.5278092831265205,74.8502452717319,-4.685483069479415,2080.4888682500396,2878.8840849862013,14176.307025300746,0.0,0.0,355.1285668359037,16.083723405778045,908.1593312566395,1049.1061241638408,1101.189049291647,1124.8837445335228,1047.8774151336893,1107.971109197394,1112.2502857091456,1108.3039546075452,1085.5821893523737,1056.0689919174345,1103.4112206925893,1039.3949140442155,1059.9360151267829,272.1726802739287
1378,1059.03366174893,2888.173290033971,0.7707328659509864,0.1673623821321361,-0.0872476926033745,49,0.0,0.015302246616797008,1.533153439479076,-0.46396405410326313,1059.03366174893,2888.173290033971,1048.0889567557824,0.0,0.0,355.5714942161671,16.08756611010761,80.0429615121968,76.64383333476755,76.8241869277714,81.12582722285653,64.33516752938257,81.80043529215604,86.73920326751923,77.29436256235404,100.55133282052915,82.59011041127914,69.63268219767008,79.63177610719146,65.1639464743138,25.713131095794846
1379,1291.8672594226525,2887.7045327937885,0.5309777805214537,0.35254243055032736,0.15050920559559283,49,0.0,0.13582058943159594,20.505055636433347,-3.2796523799942885,1291.8672594226525,2887.7045327937885,3785.310214573383,143.5851419147421,0.0,355.4705315469365,16.087457287956227,286.0453142800503,295.84753831583964,288.33894847071235,256.77670576627173,271.8431131549543,286.29230173538144,258.8349578663175,295.1554884795333,274.0688247361724,261.43509221304174,275.525881524352,339.33106736287755,303.78229442465226,92.03268624322689
1380,915.0118401168189,2888.5390758944263,0.821362917771646,0.2890407192374543,0.36928443387118615,49,0.0,0.013799484626769675,1.2257839815856817,-0.22103485434802328,915.0118401168189,2888.5390758944263,1109.2379454570103,0.0,443.1159069012756,355.6339452544205,16.08764130337778,86.6258393859294,96.15727814657828,82.58743933923282,84.00823157816382,84.3941443354023,79.8357598910561,79.90238132852022,72.5804036110889,75.41788495888667,82.14319778646251,100.72252855965426,77.66665970393872,81.05699864140153,26.139198190694763
1381,1778.6906584162384,2888.7881951242757,0.6301066099861632,0.702297724407879,0.2098046368373638,49,0.0,0.024523039108325536,2.979052370299788,-1.185195344922719,1778.6906584162384,2888.7881951242757,1283.4172424390258,0.0,0.0,355.2594306795765,16.087936517806398,85.88539353766143,104.8254345718153,99.82924562716161,91.40174956464048,81.35689805354357,101.43345841760635,115.31968711912191,98.98217977213366,95.12109448460475,83.51756906903235,95.47472413053276,101.86182703355293,98.13721142824724,30.270769629371514
1382,1267.1005953720714,2890.2379129744927,0.8339814738368257,0.2447683617589714,0.17390371995999113,49,0.0,0.028252388083195593,2.9031354939205913,-1.1571682637859062,1267.1005953720714,2890.2379129744927,1459.8173495956753,12.009445790525398,0.0,355.4812717828409,16.08850581996123,112.88175932678067,115.47673201027345,114.53440798996121,138.91305256332555,118.54995228539089,106.42675245459652,104.47803260717032,107.56610740655773,114.23593381469482,99.84908847509661,103.01103035312384,105.92306305881763,89.34467870967623,28.626758540209902
1383,1627.234216497167,2890.8964243227215,0.5038241372734096,0.4025823981179764,0.21065940872572206,49,0.0,0.04000466049659154,5.964592445538996,-1.9389519353132951,1627.234216497167,2890.8964243227215,1642.038680766572,0.0,0.0,355.3251067090795,16.088828429876642,119.05672303427102,114.71790738192482,128.86642113142307,104.89879900770273,142.22842276341436,123.18784222475782,134.0359784814346,125.21644579072654,113.27021419472665,135.42753968641142,127.27558902600407,122.65984497632076,120.63113542766379,30.565817639790325
1384,1258.917997712093,2895.3962015883203,0.8156800010529871,0.25928071851402307,0.2954417844055724,49,0.0,0.02482371821520322,2.194830149829339,-0.8535022933975133,1258.917997712093,2895.3962015883203,1524.522088414687,0.0,0.0,355.4848215439766,16.09065249674758,105.9515386742473,131.93739091408713,128.12822216422057,124.06919425499134,122.52557524444438,113.47748211436718,110.98194004188622,121.75844920987811,116.36675039148795,105.3512590328906,104.28155340868236,107.19410841350239,109.00195161205181,23.496672937949672
1385,925.0575714876333,2897.6650706388727,0.9869523282281094,0.7799861394538474,0.6508304933731736,49,0.0,0.014688681631943994,1.0230210346490842,-0.02471140866483161,925.0575714876333,2897.6650706388727,1250.6257145599664,0.0,527.8096316414142,355.629594660559,16.091449388776066,85.81576492341443,99.69486735067568,88.33739505515832,96.50185431718725,82.42344817978204,92.50263636603772,83.28689242547166,82.88265455271696,107.8656555219323,86.23608375915859,105.57271369465666,95.75789485568876,109.15643172399027,34.591421834095634
1386,2413.900739418257,2902.529472093704,0.5326905131412984,0.5426719797053323,-0.052466073659358924,49,0.0,0.02692241585290428,1.6762439367834134,-0.5608430498914672,2413.900739418257,2902.529472093704,5801.998934085827,0.0,4872.379441204437,354.98397881776174,16.093386245129896,410.1905869372974,417.37387624906245,421.93913390040655,440.7457747533473,490.8589630363998,403.75391289929337,454.93330424047895,445.8283463466071,446.29975787436507,462.72326194183023,436.35915698510803,421.9059164279331,442.5012038426877,106.58573865101022
1387,1900.9904304174606,2903.660108598651,0.4086548594360001,0.4057180921414953,0.4529233407671858,49,0.0,0.0178392774070983,1.7447438019389538,-0.6043291605117946,1900.9904304174606,2903.660108598651,2963.256115974208,0.0,0.0,355.2063940195636,16.094107004549347,200.81339994554702,230.43637823666046,246.67576239992502,234.69610526406655,214.6666059026086,213.3693023221705,215.21402278711872,209.40595696886788,204.9498634756866,251.98569667844689,215.71545230981084,241.05823808473383,215.86932031867156,68.40001127989348
1388,2372.795339735464,2907.063689759691,0.6175681872437572,0.6559770171945571,0.6528400253449677,49,0.0,0.04649554638316628,5.562199603035532,-1.863116424346909,2372.795339735464,2907.063689759691,1991.3060689710283,0.0,1675.7396770636046,355.00180014480696,16.095303787760766,120.27138529289408,182.81391885503203,138.73147337678995,161.45106139728352,143.58882998928246,139.1387109672706,161.98809717005582,141.08366958263957,160.61935238893804,142.29151069698557,135.15186209794769,166.74770791459156,151.9600723878816,45.4684168534359
1389,1130.4266086057107,2908.3824595340056,0.5980284800827964,0.013866854534933967,-0.0701597314125155,49,0.0,0.019648665240151384,2.4131059520056986,-0.9564409771313019,1130.4266086057107,2908.3824595340056,1266.7783090959788,0.0,0.0,355.54054491180756,16.096017345554113,94.86257043426862,98.59165619265357,79.66972266469381,106.23465294409763,97.95409552767734,102.42050680048263,86.15345023130317,103.2262582098024,87.16109663950763,89.83509339651553,89.3967256507396,107.19405783422053,102.332824703152,21.745597866864305
1390,1218.3136786517011,2909.2213968240576,0.6678731447935329,0.5276712003872689,0.16965821049167268,49,0.0,0.04204851461319468,5.272047370187335,-1.8049482595218551,1218.3136786517011,2909.2213968240576,1629.7706893132963,0.0,0.0,355.50243356638134,16.096399612382434,104.61629696942381,131.7721131253814,134.02644468429148,106.61050041423246,125.89502878152526,110.15972015351612,141.74473905925277,100.60721475600108,124.57525726285205,128.2865997002313,128.1266052237987,152.3584672959764,109.81344812995837,31.17825375685517
1391,2418.4409403044806,2907.5109412990964,0.7991013716295714,-0.319198798295946,0.6938097575930359,49,0.0,0.031834659754997705,1.650878962733169,-0.5442880833023163,2418.4409403044806,2907.5109412990964,5746.731099616649,0.0,4795.393356616485,354.9820064834051,16.095458393880197,401.04041214021777,413.9336671471657,390.55946230525757,448.8803463391635,492.7771311931615,416.4213564153181,469.62789603053676,450.5300182614174,412.52844153760645,464.47708053187995,433.48949129717505,420.63725084009127,420.9698239956005,110.85872158205746
1392,1927.9944908490995,2916.8510304871816,0.7191786450376978,0.4008842473079213,0.8579444216187826,49,0.0,0.01370420349872869,1.186742801561968,-0.18589151523469014,1927.9944908490995,2916.8510304871816,1400.8136689880666,0.0,0.0,355.19468014811986,16.09959529448343,92.813617597616,103.13499505410088,91.69653164773229,105.26776148457084,114.62574081105706,106.0932376202125,105.21876992871483,106.9449805769311,81.5272732824501,114.58404003116661,127.1845891753933,93.86151088240459,114.40020275459318,43.46041814112317
1393,1180.3893560290562,2918.906625130839,0.8476255810944345,0.10191890088112031,-0.14736001798208798,49,0.0,0.023040822421689002,2.0152436690732554,-0.7608189137063602,1180.3893560290562,2918.906625130839,1909.5600774122722,0.0,0.0,355.51888281813063,16.100421434759518,116.390867776291,129.39470913155736,160.71008696642895,122.89181027264519,118.40316492444856,111.01078455359189,138.82859028868447,139.60540903112332,144.3529245883579,167.70539097274946,185.41111319265093,186.6860128230462,160.2280394861408,27.941173404556043
1394,2152.1259315294483,2924.4311907761235,0.3587458081937521,-0.09025317366994401,0.0885971931705967,49,0.0,0.012758486937877622,1.5064890826877047,-0.44491497187596735,2152.1259315294483,2924.4311907761235,1313.4539317132721,0.0,0.0,355.09748181480165,16.10266722361873,106.45775836106753,98.35948629568205,91.23706097955022,111.69915702962425,90.15612439778909,106.04461106551514,102.57050041517826,70.35149130124648,92.8229186995911,91.94387903779977,115.09823701444833,100.06955645571568,107.90895124674475,28.734199413319622
1395,1345.6309758357554,2925.55256466049,0.2626220738403052,0.07573777508471558,0.4115218865540255,49,0.0,0.010029013271006292,1.4128471285013642,-0.37523793321310106,1345.6309758357554,2925.55256466049,1145.7384743876319,0.0,0.0,355.4472266076713,16.103239085460213,96.67626608346833,96.28925409621468,90.46050878048351,101.18590775894774,67.63008824149944,71.21456426343622,91.9540518750357,74.97940294641653,78.20417265461542,105.04757662934566,80.44363133489263,83.69956765264058,83.60894230435932,24.344539766276135
1396,2182.0402894922163,2928.0217301185703,0.7041292987172107,0.5181032027263421,0.6684509697928935,49,0.0,0.013580145995779627,1.362634292364455,-0.33594828573648994,2182.0402894922163,2928.0217301185703,1139.9868295734036,0.0,78.37173087861117,355.0845075011488,16.10414830387542,101.65819503138846,86.30515380812028,84.23573769589078,92.73181501568715,76.22746760381332,76.48160876256182,94.03214419695067,74.83958529489348,81.92092532821381,83.24275742540847,82.42367683829885,89.68449928901305,94.55629248806923,21.646970795094184
1397,1851.3378539092284,2929.0937427126005,0.5091959754083678,0.3953555608189491,0.33315754665722397,49,0.0,0.021273416450223827,3.0170347196962726,-1.198950770039512,1851.3378539092284,2929.0937427126005,1270.8334938920757,0.0,0.0,355.22791983079713,16.10471532787976,91.91107760431646,95.72930519779962,103.48746677051619,93.71557521376779,88.64796585516736,83.7385547310079,104.09498971781747,106.7077660239215,92.2334466207197,86.37359899150846,93.94756242179929,90.46101912668078,110.52105435448286,29.264111262570374
1398,789.4290809737473,2930.2125889236772,0.9593669112479266,0.3070056090888529,0.12723377888998685,49,0.0,0.018166086565421128,1.386049387394395,-0.35444676308256096,789.4290809737473,2930.2125889236772,1810.8732535529998,0.0,871.6499725272283,355.68842972598145,16.104921258874768,204.2252047650183,81.04348245474716,98.07713644834726,85.04976670114766,474.1179467726662,91.42851376200909,77.58174190865901,164.76214696116008,90.13768078094915,80.67339425748688,93.79419377581925,89.08111912463863,129.52744940944143,51.37347643090993
1399,1562.636742668499,2936.56898004784,0.6130551428294709,0.2630157461759098,0.43862463455924017,49,0.0,0.04690199025387893,5.947689203513477,-1.9358706659640454,1562.636742668499,2936.56898004784,1940.538026666437,0.0,0.0,355.35311978194767,16.107856610877793,143.13743608511197,150.3809546822919,187.44880909940332,139.45935892227902,152.72462511060328,136.94221518707138,141.6284331562953,148.62374421961317,135.1032080047451,124.81544932300501,146.14240963204756,118.63554177818372,172.7545501193419,42.74129134644396
1400,807.6710708656418,2936.506201117518,0.9829837786520569,0.5029940366965969,0.6714171181517712,49,0.0,0.017612075093227847,1.371705928404488,-0.34315253906802873,807.6710708656418,2936.506201117518,1646.3305252271061,0.0,1037.2897324185503,355.68052346105765,16.10755610098019,103.65200040519565,97.10275968091904,309.2601294265292,92.99947803035775,84.0590829871607,108.52663425241224,83.13346196247436,83.01711201231043,122.7272930699033,112.69363382921097,137.6904018370114,137.98552413854355,144.25365231990514,29.229361275172664
1401,1988.7220105325678,2940.590077076752,0.6462901852112495,-0.23589624947268104,0.433369887861208,49,0.0,0.013563335077343579,1.4810653860076763,-0.4264355803939873,1988.7220105325678,2940.590077076752,1098.4200307563656,0.0,0.0,355.1683374302516,16.109466594593073,79.37817517563795,62.996301060241414,87.01883577134853,108.17666751937227,72.48940858415033,72.68184395350471,86.8768941400732,81.4332882413045,69.46373399121688,67.45413613952994,90.481686370739,93.68322251657526,107.47596943313384,18.809867859537754
1402,870.4854695247304,2942.0659098238093,0.22142087038125488,0.018768648103586544,-0.3011881357686098,49,0.0,0.009586148506007868,1.3791381172177486,-0.3490194046379984,870.4854695247304,2942.0659098238093,1308.0250575534883,0.0,1155.3383296184213,355.6532870642334,16.10991423713644,78.87581036769222,94.57360357936692,90.96012115611425,85.9521436805351,81.68362249919775,105.53954957011071,109.59961156582065,97.69805615577903,90.37056040440746,107.61006408841196,111.52375220299297,111.36625644413348,110.2405546252673,32.03135121365844
1403,977.1501388244861,2945.9035559816043,0.45230963286860815,0.7273831154562501,0.03182629677363795,49,0.0,0.013122277862253937,1.555274795885853,-0.4795178351646512,977.1501388244861,2945.9035559816043,1284.922126440626,0.0,876.64805947195,355.6070323357571,16.111576245798982,97.68462219699872,96.2973609456783,113.70805639020676,82.8088760728454,100.1342683799782,109.5114846538936,92.75702188601034,93.59719611071904,76.28021174942816,93.52847147998784,102.82713082659393,80.89743447469019,105.25385592531137,39.63613534828426
1404,1103.7212966038821,2945.9783020452874,0.7928202881619681,0.21301477202521116,-0.05525370526438654,49,0.0,0.026100827349842856,2.258624625785434,-0.8846101473582785,1103.7212966038821,2945.9783020452874,1711.8230922095017,0.0,2.3252997402638496,355.55214188900226,16.1116694248222,127.47602815062297,125.38611944459495,104.20007199216678,125.91979932785654,136.54111057849266,152.80327332475832,134.12392431371842,121.93819680030386,106.38331129647007,136.16816660851504,112.04199194868525,137.07908354697344,135.49688383060698,56.26513104573648
1405,1124.3587318140412,2949.75708879994,0.4615040891381053,0.2976544113347293,0.013222215934272643,49,0.0,0.04117588310490373,6.004456564783627,-1.9461842688995432,1124.3587318140412,2949.75708879994,1934.0020789052282,0.0,0.0,355.54319353479946,16.113252543999188,145.22487712683744,145.5966512927031,139.23881864279667,138.14734824602988,138.7150592645251,121.5389526261117,151.53066554521575,163.0794365717993,160.55437050030145,132.18716320211342,153.99040487545875,140.16478667760077,137.47683231576778,66.55671201796724
1406,2081.42657469634,2957.7902025853973,0.4889193985868075,0.2551526092294777,0.3977946834444499,49,0.0,0.873809868808055,131.1106385527293,-5.294094831385631,2081.42657469634,2957.7902025853973,24990.4427468496,14.698347866790058,16.16037108711803,355.1281268389546,16.11659732427167,1802.881269916361,1885.185371917009,1869.1915177359406,1894.6283899759314,1839.49254814918,1867.191225606393,1924.626602317543,1937.2311412112035,1939.959954424644,1808.1805077165131,1945.4875504522581,1878.0204382344323,1920.7567239909,477.60950520129325
1407,1302.8530602398707,2969.2844898185563,0.6757315306291752,0.41326023905643267,-0.16264601896319478,49,0.0,0.02823584358736867,3.0893652458158805,-1.224673141476503,1302.8530602398707,2969.2844898185563,1546.6130567088326,0.0,0.0,355.4657891727316,16.121448589857373,110.03365981628497,127.11410650693216,144.6630119883555,106.07418325018412,123.96709550168596,125.0898148043714,128.46971096944003,99.64427248942786,114.09787216603353,98.3167118551066,106.71418034407682,112.43688895697741,119.08106486896921,30.910483190987144
1408,2158.0963115214545,2968.8897746089538,0.693017349138152,0.283541835975708,0.5419707334988494,49,0.0,0.03648913986686989,4.229434284371187,-1.565705703540234,2158.0963115214545,2968.8897746089538,1600.04054739216,0.0,727.8016938314,355.09487091824224,16.121186797991424,119.94207021581724,142.42276453881368,122.02310115653124,136.50442727077177,125.511644249975,121.94092887277455,142.84991483174952,95.1392783771213,121.76267617120581,102.14662818086646,121.46631670332428,118.87224878681374,96.48019373351424,32.9783543028813
1409,1868.4726526836178,2971.216385960684,0.5734377624830145,-0.19924353516722235,0.4200517138716646,49,0.0,0.12103205877040259,12.3978578863033,-2.7333666345742924,1868.4726526836178,2971.216385960684,6591.621897922758,0.0,0.0,355.220479147155,16.122260814338826,415.16521179034385,486.0667464309023,467.6232372234116,494.0718662108404,479.8981086407779,513.420791130804,490.11626173295997,506.3076964561616,526.3327819448416,530.4103053604827,497.96454264231585,527.053397428599,523.3490461769014,133.84190475341558
1410,1316.1565157523935,2989.5241423456955,0.6515957518566721,0.12881456209453745,0.4967411263449235,49,0.0,0.03006717397535318,3.570303920562835,-1.3817629670349492,1316.1565157523935,2989.5241423456955,1570.024206503132,0.0,0.0,355.46002454032134,16.129884301212616,109.14318802697227,109.46165902011822,121.41598035742507,125.33758431290235,113.64717069697872,110.2089195048024,118.00589878197067,111.90206492245689,124.15801863628735,111.86779376648161,133.4313620255078,121.29973369494573,127.34417029742883,32.80066245885406
1411,2250.8893510940707,3001.548555474058,0.7346418468176068,0.31594775769044847,0.08959688894746992,49,0.0,0.016684829663253534,1.1635657549840193,-0.16447732750079128,2250.8893510940707,3001.548555474058,1753.5405664296509,0.0,1480.0978600390592,355.05460863637916,16.134743999862202,127.85997148005576,159.34431963868792,127.05402182746768,147.90946468739966,143.680537089802,139.73044003735384,124.97582552996491,113.54377367252087,141.8283935607017,129.23348647996454,136.2954560562003,108.79573856988353,132.00517744400548,21.283960355642723
1412,1210.6504440329052,3003.891121950093,0.31703056130516116,0.10983835805812418,0.2863235784437162,49,0.0,0.008370419136408545,1.085593381604045,-0.08916796738269268,1210.6504440329052,3003.891121950093,1081.1810421415526,0.0,244.85862488699223,355.5057891691982,16.1358387368028,79.80120821742729,80.9948525281369,77.8039502838774,70.23549668968334,80.8426613925005,88.67923921967628,90.79765145122744,89.15889395642117,79.72300110586433,75.22551848480805,99.6911780577124,80.10717768969211,66.2306978445406,21.889515219984652
1413,1747.8504766477445,3008.752509301217,0.2783135378575551,-0.27063355433998876,0.4224184009493682,49,0.0,0.006882488116391432,1.0432606088872227,-0.045982024335842815,1747.8504766477445,3008.752509301217,1044.5753790941867,0.0,0.0,355.27278834443973,16.137921196178496,90.76884376224442,71.24045929403704,71.83826445509463,66.30564015593194,86.19812817773983,75.41457082254016,68.95159322016457,62.842086530923694,99.13789974897767,71.49084154391363,68.13116051065322,92.40331103857895,97.1749754953145,22.677604338072488
1414,1867.8461887443543,3011.692071273338,0.5362597003735579,-0.09689767990658836,-0.009276125029340547,49,0.0,0.008520487460872177,1.0057186088428212,-0.0061912149175878456,1867.8461887443543,3011.692071273338,946.8728687792012,0.0,0.0,355.22074132044366,16.139124070173626,63.93240142903994,55.618092157963545,69.73987487860896,80.35229725474221,81.23189776086977,68.13045478783866,43.6972231970121,60.82907638057888,81.10695648737072,81.98740413686468,83.00713331688112,74.01192928758462,83.64028121500046,19.58784648884555
1415,1935.0109511592211,3011.511545417737,0.4525884602706651,0.4645275687195067,0.586097352869755,49,0.0,0.12533638906606043,19.279405151925012,-3.2127340750552684,1935.0109511592211,3011.511545417737,4404.56946467586,0.0,184.72606191451248,355.19160957408224,16.13903113885759,291.2644415660643,316.60033071852536,325.06246938510276,309.30944256779765,300.1140802687349,322.80450205878606,345.22789506065476,327.87905518891466,362.39551954510785,355.16836861257883,339.9491553143856,346.21664787428347,377.132758081503,85.44479843342145
1416,1575.1581465118713,3015.578507365189,0.46940401300145473,0.609999998723378,0.46202193319708457,49,0.0,0.12993635879433046,20.120415292080672,-3.259092351148301,1575.1581465118713,3015.578507365189,4458.528815435434,0.0,0.0,355.34769135608224,16.140774297971227,322.2144100902573,318.5392559634769,317.93134352494064,360.3811949593582,332.1939235315244,357.72336681764045,339.01083371913296,361.2960415034259,332.0296058592439,314.826909633456,324.1072380360902,338.4366494785421,350.7402555526181,89.09778676572697
1417,1504.6587058290866,3016.3080064301894,0.5767409823405912,0.2924706306084709,0.16955159789783167,49,0.0,0.06271221632855656,8.640368196455997,-2.3413306242186382,1504.6587058290866,3016.3080064301894,2200.5144427645037,0.0,0.0,355.37826998174637,16.14107447809229,153.1015744563385,165.76260570422204,168.09221631629427,142.53402446129894,152.56465126102444,145.80994545979325,193.71812425637492,161.049735578693,168.849834229936,153.1747772557934,173.81493422323837,202.25710034754277,185.30772769495667,34.47719151899719
1418,1537.8537149905117,3017.805682375109,0.7931760950019737,0.6809103769645544,0.21224166513752563,49,0.0,0.022035163470511192,2.098895193408109,-0.8049768824720427,1537.8537149905117,3017.805682375109,1250.2213847131322,0.0,0.0,355.3638719772634,16.14170075000228,98.28907976295937,89.09159564192768,98.41795137240408,94.27991877539034,104.9444681089161,102.51643759519007,95.81171392577846,84.19973411061326,83.85282287092032,91.30940662608842,78.588017535378,116.06489672111312,96.234279572828,16.62106209362487
1419,1387.7014999070404,3019.0410027097246,0.4973595669427622,0.8241145716103286,0.23379534794580537,49,0.0,0.013664023038049646,1.7517705280107434,-0.6086930386187622,1387.7014999070404,3019.0410027097246,1112.2696931793325,0.0,0.0,355.42899975345875,16.14219727805564,78.02413924189213,101.79663458665094,88.6495680371684,75.00203179077374,81.23091302803687,83.11025478879934,90.19542674772046,86.07126963538266,78.46600522039087,78.66660704843783,77.2034781797446,83.8913413113786,84.74616524138929,25.21585832156697
1420,1137.8272605707111,3025.5036890983897,0.5779389213429452,0.6443482754725334,0.3109009892438833,49,0.0,0.14928491986261677,19.019140907854712,-3.1979772400465434,1137.8272605707111,3025.5036890983897,5509.470084676934,0.0,4404.226965296308,355.5373833690669,16.144815756450996,384.57718266210645,438.8543165989589,405.08282236107743,414.30898805947623,388.56409787005197,434.9531452237625,427.5644243874161,415.02438651599044,410.9407523876607,401.2167603272147,421.75210901901784,438.50207613484497,397.6350582053667,130.49396492398856
1421,1081.944027687766,3025.5462604349455,0.5413306447911199,0.5754427683989761,0.3654101212122752,49,0.0,0.24473212585713972,31.81557335797132,-3.7565993854840714,1081.944027687766,3025.5462604349455,8744.592888138799,0.0,7482.713405231592,355.5616224495171,16.144809446250374,581.4351046189558,678.1725792897169,653.2684762410897,621.721873635532,657.0084336231782,665.7701456172028,671.5747878387165,664.392408233529,693.7945042873732,666.311679495227,690.8235113785581,668.9359260349596,682.4451913224133,148.93826652234497
1422,1124.4157263744994,3034.6005462221383,0.464023273615982,0.35098500433980584,0.33795234447777633,49,0.0,0.01756951079034205,1.9331199438476858,-0.715647003585502,1124.4157263744994,3034.6005462221383,1740.4420170660255,0.0,1479.902071806523,355.5432043716891,16.148600158377874,145.95702930117213,117.24389513581785,148.89993264031892,123.92323040340338,144.52967268176658,128.50344715173884,125.7518935146477,120.69707720651209,121.84732075062323,139.053990414778,122.86246353677402,123.34744080153078,138.3570892566134,39.46753427032853
1423,2031.937516606396,3040.786067036737,0.5830020328270968,0.5183348812340033,0.5272035015162982,49,0.0,0.2843309164162362,36.97305414780469,-3.9197133170436387,2031.937516606396,3040.786067036737,8964.741431911389,0.0,7280.374940867099,355.14955803125144,16.151194936113246,561.9557363596116,602.1380289165265,635.8961917045067,623.1591984923932,641.9029892677461,662.1817210161312,701.2082318799303,739.4602078516639,742.1548037682622,706.2148941943942,755.4694588127314,693.9264763769318,707.8834952256852,191.18999804487396
1424,1577.96052752236,3043.706654639633,0.7536573884622139,0.4137532571815531,0.1619910513171916,49,0.0,0.02370480253321107,1.0925711893742984,-0.09612436043374938,1577.96052752236,3043.706654639633,4234.109232048827,0.0,6.89524318377975,355.34647640380643,16.15249315214889,301.04579631195645,282.5261961430758,331.6572216225465,299.76063020988056,315.5324459047333,285.24956573604686,359.4414022445125,330.5256885300165,326.3050349463936,323.6357111548795,350.9204241268185,320.79618671861516,316.28352143115706,90.42940696819475
1425,1570.7779847337697,3047.879179745663,0.8821647853376299,-0.6096902658734219,0.9722172660918817,49,0.0,0.020922335971927056,1.1216962249329885,-0.12468814564723797,1570.7779847337697,3047.879179745663,3825.6020837755423,0.0,83.96040259906862,355.3495920614973,16.15423134750213,261.82066657622784,249.67127967368987,307.29215368891994,275.30858015775004,270.10751258956975,297.31555113372605,311.3565241512285,284.70262317236063,256.50006542258734,306.42413857449014,297.61257249941445,304.5096358125628,335.17474666071973,67.80603366229485
1426,1579.3973600749061,3046.9923678288606,0.6909999985665156,-0.0915501211398684,0.5682596942629711,49,0.0,0.022800347174528546,1.3960771332050992,-0.3622735342564176,1579.3973600749061,3046.9923678288606,4220.923605378954,0.0,34.08178069606365,355.3458532146053,16.153862075677036,297.8837567963403,270.3404088413723,335.0813803923776,296.99684559799886,302.6296164401122,303.1881229061092,354.5872734484227,332.7020362452186,313.16117869413875,341.313838384991,348.2889439796005,315.82565825057816,321.6871474968009,87.23739790489257
1427,1289.3147583030222,3048.833051383054,0.45639572973188325,0.18558003459267164,-0.018273977433128502,49,0.0,0.014355060596942153,1.6156462636081015,-0.5208657014622009,1289.3147583030222,3048.833051383054,1428.2067769006524,0.0,760.9608584095174,355.47168251138,16.154586644926013,87.23765805132518,95.66286783406072,110.5735866415287,102.94616825244381,133.78486778596712,116.794126177685,97.48659182282958,113.14519127076312,122.95672224437132,106.88555257444011,98.0696151435899,101.91752010754419,105.02299552469964,35.72331346940405
1428,1686.864084520624,3053.279491509706,0.6047986116443448,0.6356779053917813,0.5004881427524055,49,0.0,0.020373223494090095,2.2978090387884236,-0.9032848336760617,1686.864084520624,3053.279491509706,1435.1190534022876,0.0,151.01623562933884,355.2992369335178,16.15647834146725,102.10802516711246,116.18299933423367,101.46296614815083,96.29807001722676,116.04772513810994,126.06384847482913,105.9507188524019,93.69396341577956,105.64479556877491,102.2271880496883,118.55991789457518,126.14759446166613,101.79867187657138,22.93256900316755
1429,1791.4219692687884,3052.85896544797,0.5110091217336578,-0.014116997229234506,0.12579475707387103,49,0.0,0.014451305881873523,1.50255213257202,-0.44207387306061474,1791.4219692687884,3052.85896544797,1285.2070966219808,0.0,334.9566709569198,355.25388243584274,16.156290418288602,98.81682087066457,87.82936366976033,104.176879287848,90.15192383085268,109.05371849051937,92.83786034652957,88.20664135446665,78.22562280648044,106.27028892276527,93.47297784332824,92.45979256357181,117.92433517726212,88.50780837859855,37.27306307933339
1430,2044.688791029552,3052.7095580231644,0.4728171004068456,0.535458561982477,0.6975013901616797,49,0.0,0.042112124424988844,5.637376196769478,-1.8776925434677048,2044.688791029552,3052.7095580231644,2770.1093714180097,0.0,2313.130737644214,355.14402238235056,16.156157581593483,178.50229985482383,174.9013410271104,212.83612556443154,207.73722080027852,260.5459266530889,229.42079777586966,204.8609149179756,223.99949109740263,204.22891818299894,214.73160824266114,201.8802843646224,182.10337303610774,217.57063988333886,56.79043001729923
1431,1572.3581788100412,3054.7173384433604,0.3128792509445232,0.5528445653147075,0.7057109289184014,49,0.0,0.02026275085612748,1.726272756000665,-0.5927735414075307,1572.3581788100412,3054.7173384433604,3769.460105140214,0.0,329.4120630764598,355.3489067894214,16.157080303228454,266.4728856335091,289.4064116369053,303.0862610324361,251.3760151342372,273.7051428472066,296.131911824653,296.2753795017393,287.43664370219113,251.91606389891717,302.1287114224732,291.2973824132605,275.85345644375604,317.3942931341246,66.97954651480538
1432,1573.1723143699091,3059.809076484567,0.5330302415643614,-0.19492061355435675,0.6995470174317105,49,0.0,0.016118243340810027,1.1241758344259007,-0.12708561337725588,1573.1723143699091,3059.809076484567,2889.0085598774226,0.0,455.42768482768065,355.3485537590769,16.15920164244364,218.81777352664488,235.68984543049717,228.36865960814958,191.92329438202609,206.70511254489807,224.4866198423256,200.14350830236228,214.3002145866257,202.20878733376986,224.79127520475816,219.46584367242718,220.77485872316032,248.70307970081498,52.6296870189626
1433,1794.669199441921,3066.9219809600822,0.4946489763747936,0.33893769165228477,0.4347492733931284,49,0.0,0.02034609556256308,2.365012194040669,-0.9345834607722313,1794.669199441921,3066.9219809600822,1560.2293937462728,0.0,693.280696789207,355.25247146781123,16.16214879307945,113.85593180284663,103.76332554717868,114.23653487969986,129.78741945492374,113.51384750453616,98.96117063998722,117.53573333185426,117.01800098061108,133.30594725728344,136.32438416713165,122.48957167916313,113.33976353415284,111.40655784938437,34.6912051175199
1434,1425.3262053913606,3068.5592214521516,0.39747733010297837,0.33867625543624513,0.1345544789910305,49,0.0,0.018583776151705967,2.105244904862836,-0.8082565623576736,1425.3262053913606,3068.5592214521516,1774.659524847215,0.0,848.8557032983481,355.4126878944689,16.16283397848195,130.91224399942274,107.46629279694784,166.80805272391632,129.47076748190446,128.51260410269197,132.89435138902607,118.5138237458835,131.96475726606386,136.83413303099337,124.50069173510767,125.52848863461452,163.02743407853853,143.40201694612182,34.82386691598215
1435,1413.307561762127,3070.584266454952,0.5702938477208283,0.4548828377146411,0.35937992634831517,49,0.0,0.023635209090214427,3.0269036264649247,-1.2024964842044652,1413.307561762127,3070.584266454952,1487.449846625323,0.0,784.262052105536,355.4179017700478,16.16367573799432,104.34217572077424,114.12962037205479,123.18378421733881,132.753365966682,121.45968271322086,104.2204408741376,91.0145512007844,102.89931550307193,96.78367454279233,99.75655012986492,135.5889768874884,111.91538232331752,120.74360710510513,28.65871906869016
1436,2039.7848027141788,3071.10356119146,0.641973232990945,0.21127274756278028,-0.34840380248072317,49,0.0,0.016955122236819626,1.152343339433209,-0.153954739830424,2039.7848027141788,3071.10356119146,2960.9795409280564,0.0,2373.3585399853528,355.14614247042124,16.1638227432203,299.6031143651031,299.8907122189454,288.9523694287642,233.98080682490252,240.36304119312396,223.34751768459023,210.5974758641442,187.78128267067677,180.44710994271009,169.80957351821962,213.77935388341623,168.79046116577447,170.03184243128598,73.60487973639943
1437,1911.5660166517503,3073.3626229353167,0.7179757316207475,0.506478958315826,0.5306856140695538,49,0.0,0.026188630865155098,2.856561071098593,-1.1396087834521245,1911.5660166517503,3073.3626229353167,1389.6508850643745,0.0,1136.0678885561188,355.201761544426,16.164806151103484,115.75910075530913,97.71974095535677,94.4091194631608,74.34821357044272,95.46533950416534,97.21309983694454,110.76783164661828,108.20544609966102,118.47231334802464,112.59783504687185,103.80910341067923,106.41036534736301,121.01450324324364,33.45887283653328
1438,1546.468126873848,3075.641596429445,0.5486854876533772,0.48251240481663316,0.2935968794354722,49,0.0,0.012793227605713772,1.3575580585172615,-0.3318960301908742,1546.468126873848,3075.641596429445,1279.6118137172125,0.0,519.5593919448445,355.3601382798146,16.1657968205784,92.81418747389674,106.03455022637938,85.07864298285205,80.80396077596586,108.88216332916517,91.33946037426725,101.47562864968911,102.91962027630152,83.16913578494247,91.17843693683677,95.18072575892901,101.32424708420305,103.77211839417157,35.63893566961251
1439,1682.6439497391077,3078.004833844573,0.5475865919597288,0.431439519499828,0.3135138879287393,49,0.0,1.22636700608458,164.33306966459702,-5.539312419355849,1682.6439497391077,3078.004833844573,36630.423535762224,0.0,16316.599124999046,355.30106573441105,16.16677970809117,2539.3448850013847,2777.4687830658186,2777.9064532892344,2836.162207786755,2773.647461247695,2735.1730170848095,2801.8724006828825,2833.391409487921,2781.7672220080403,2714.0785487370727,2765.885242481899,2789.6036053506605,2746.136536721586,757.9857628164714
1440,2041.467128919894,3078.264827617082,0.32694735182101486,-0.055875289403192314,0.5195901987165911,49,0.0,0.017358404754924874,1.3255158217345988,-0.30596228990688357,2041.467128919894,3078.264827617082,2921.8847074870982,0.0,2321.003856985657,355.14540992013036,16.166805594596365,329.5590491343417,289.5312445777932,283.7672700665145,254.9290549855687,233.04550908271085,215.37674352322858,202.46208368829195,173.70112806609382,180.46798730139346,176.0465943860636,175.0934373296124,156.93422534848781,183.07906840959794,67.89131158739963
1441,2021.7121802673364,3084.1171047757502,0.4836895357338692,0.923237784778507,0.6798466461150179,49,0.0,0.2792228046068278,35.3551508940637,-3.8711317378291934,2021.7121802673364,3084.1171047757502,16379.775071864275,0.0,13625.691177898481,355.15397730028815,16.1692512281924,1389.9441009484265,1365.1527510413614,1324.419150709978,1301.4549623140147,1286.3634061933772,1219.7965698376288,1263.6112081960107,1137.7427430172265,1215.6368793008455,1051.6671697426268,1257.342958027193,1184.0969613226514,1183.7743956171862,198.77181559574763
1442,1611.9556759773573,3091.9520425436726,0.3956347012148223,0.1584361829766999,0.13837988828009026,49,0.0,0.00942304230003996,1.2297726623169154,-0.22456208626808974,1611.9556759773573,3091.9520425436726,1143.74854238235,0.0,728.0361553462806,355.33172995039155,16.172593273479933,75.62040487709763,70.22478402029094,98.31535391973463,84.59426761787068,98.32566713686796,82.92936495871061,99.77866691429921,96.62524772965635,64.63795059708792,86.81403296585356,71.40685054481692,99.40581849743268,90.25061016810685,24.819522434524202
1443,1110.2225644651887,3092.7515979561194,0.3079287235125129,0.6721786138017828,0.4070692702221898,49,0.0,0.0056970464768417925,1.2424293162866489,-0.23567922606902275,1110.2225644651887,3092.7515979561194,739.718693436375,0.0,566.498883868461,355.54938580032274,16.172820837795115,42.2874388277435,51.844215732854835,45.79938735184961,33.04801270596292,28.49063005840639,43.2587917344754,52.135784774338056,73.41286555513891,63.89808974391493,58.56225329332466,63.290616419393984,110.0502273999323,64.86112856302404,8.779251276015476
1444,1151.3295217195905,3105.157054933343,0.2919342499390727,-0.45213334388804916,0.1548995805016508,49,0.0,0.012024115212345466,1.541441713451504,-0.4698177684802468,1151.3295217195905,3105.157054933343,1471.2549750933908,0.0,934.0797933630006,355.5315583242365,16.178006100540937,216.41941344614278,207.1947230857837,127.56905689406378,66.38659620630574,89.66127784961287,93.55604014440237,88.89815980391876,73.86498617793941,91.05059041962505,91.37392240254607,81.10871715741041,86.41706426589093,129.31208509721657,28.44234214253255
1445,1547.3461220170257,3114.2274677620253,0.46151084688033844,-0.09139886768902793,0.2563561441337637,49,0.0,0.013870768803705167,1.8261293848388127,-0.6538288622548266,1547.3461220170257,3114.2274677620253,1154.599064724293,0.0,963.5020193840105,355.3597592161305,16.18187240821291,89.75236472834135,117.56066867249507,87.58804283482735,87.72328413406483,82.16821839939156,88.25657170111955,68.37828793608064,76.79800576696125,87.21589830217873,79.9088444422789,99.85760657324367,85.9507367622108,81.77136228694047,21.669172184158803
1446,1394.8517932547975,3147.1410500463944,0.4433920303468316,-0.5903345546639378,-0.5960069536129718,49,0.0,0.006746673323290624,1.0080837269415843,-0.008741510429113171,1394.8517932547975,3147.1410500463944,802.8358182894468,0.0,580.1290621489849,355.4259215534038,16.195567337603652,57.67651471191928,65.62230869858342,43.692839113987205,69.17655186087757,61.932606058512945,70.38260780103793,41.708938654183726,36.68315908516023,73.9863804620581,77.59624487525674,57.475177650269316,80.78593685235299,48.629499041730334,17.487053423516976
1447,1632.5487271471707,3166.5893408399706,0.44489439471290226,0.2459381498762903,0.13048986794937864,49,0.0,0.007046069567929496,1.039919277523497,-0.04249907255772772,1632.5487271471707,3166.5893408399706,772.7276596158092,55.625563973212635,542.1226795555874,355.32279438717666,16.20368790918013,59.66000982906033,117.13059371726254,56.65504574648986,38.031512823834944,41.51198611979751,118.03158564688722,42.62480126308664,27.470702851321,41.23839400241749,61.17485348056939,51.17283918277387,60.64662326563093,46.42743416650288,10.951277520174557
1448,1817.1365173557392,3191.811960672829,0.5022831975517908,0.036896528257875656,-0.9517971723583324,49,0.0,0.0054408093881255885,1.0298176851226823,-0.03190086430301316,1817.1365173557392,3191.811960672829,172.56501898152356,0.0,13.7273331871764,355.24270162712213,16.214175727574364,0.0,48.93924230484087,0.0,18.28581354835147,0.0,42.390895855723144,0.0,0.0,7.602123531384132,7.804525672423005,31.655002351908777,14.115609168345172,1.771806548546984,0.0
