id,xcentroid,ycentroid,sharpness,roundness1,roundness2,npix,sky,peak,flux,mag,xcenter,ycenter,aperture_sum,aperture_sum_mask,aperture_sum_edge,ra,dec,aperture_sum_0,aperture_sum_1,aperture_sum_2,aperture_sum_3,aperture_sum_4,aperture_sum_5,aperture_sum_6,aperture_sum_7,aperture_sum_8,aperture_sum_9,aperture_sum_10,aperture_sum_11,aperture_sum_12,aperture_sum_13,aperture_sum_14
1,1811.3294487596545,313.67477335048073,0.24609947417766156,-0.4267005102217952,-0.47447925641770683,49,0.0,0.00561316101028222,1.117215408163118,-0.12034229169091532,1811.3294487596545,313.67477335048073,351.10249283221555,34.43206172048474,0.0,127.34838188476138,16.006433171635273,30.26609784881711,29.029403761691576,30.829661340918893,19.309277201335107,27.653347836079554,19.88893781085099,30.85819541713457,18.23628577785726,25.489308936782127,23.059197283502794,23.333364879042914,28.0841427917101,15.546261003663268,25.425903220566482,4.0931077222628
2,1145.107631377053,338.1979910631998,0.9430898710556166,-0.4731256359888139,-0.36458091308001,49,0.0,0.009205934254787319,1.0194388727811583,-0.02090297472206138,1145.107631377053,338.1979910631998,188.91366485651253,0.0,0.0,127.63716737894421,16.016579433821757,9.741816972584871,14.961669512712575,10.184240936493875,8.99251337888332,12.182676708215979,14.29909783849983,9.900527492179178,12.23902213424357,14.454182105112245,13.083947809038673,23.252902152196157,10.033891310409967,17.4702788099398,9.684560026031455,8.432337669971018
3,2312.687544512051,521.1382967402532,0.6811038091297362,0.14614783436121476,-0.08408000216933566,49,0.0,0.08272673689834693,11.63657214580978,-2.664562666118569,2312.687544512051,521.1382967402532,1489.202962769013,0.0,0.0,127.13093155365785,16.092667529050217,94.7223131177863,106.98463667355608,99.94081072383838,93.20161142893062,105.46381018889193,115.73599475812458,106.14652812903809,106.01905361153462,111.98820055532245,94.39001174821209,97.62767773075598,111.41258350782684,127.30447548558348,86.17857881971798,32.08667628989362
4,2063.0348419171332,582.6810381343378,0.8476637708144703,-0.2586748900159376,-0.04061145608437222,49,0.0,0.010711465297104731,1.283291239145531,-0.27081307351759887,2063.0348419171332,582.6810381343378,233.16023667762587,0.0,0.0,127.23916390023578,16.118436863875786,19.980099146348888,11.899363926550896,19.222634911866912,10.985844149924194,20.938138785609993,10.906023995111934,14.10939592919486,11.956744597232369,16.789512704016882,22.144108752353155,17.751905686304685,16.936456440588834,12.08897678660437,22.372917041979072,5.078113823938834
5,1767.8269787859585,605.5931597317444,0.5972007894480201,-0.2991879623553985,-0.1354052834736315,49,0.0,0.00978660888797558,1.4906165521606136,-0.43341484857548707,1767.8269787859585,605.5931597317444,274.70187877395773,0.0,0.0,127.3671924929464,16.128064466281458,24.10086956660197,28.283877862728367,20.727334729501166,21.228908117837545,17.46410724051906,15.420556090233907,18.775827796976834,16.78946301367099,17.518654023283673,20.194652075386188,12.620262123046135,15.592770268888847,18.974837722738968,22.425312130244045,4.584446012300025
6,1908.6113003689552,620.0596200933094,0.7434035203098519,-0.2769027515506807,-0.2280830620768017,49,0.0,0.05877442963970784,7.527029906237011,-2.19155910391852,1908.6113003689552,620.0596200933094,1133.8773071901935,0.0,0.0,127.30612673048792,16.134062508538523,72.25734731606326,83.16920931526306,75.31208642605772,64.66630814552994,101.77648019516704,80.90767580290196,83.83852287881064,71.77109973802933,85.24465126573674,80.10119161376602,82.89670288862035,66.3912019609073,71.56207969598232,84.0995237437221,29.8832262036357
7,1338.3599391938062,680.295564921744,0.5649395377683231,0.13627029075944808,-0.17373605105143222,49,0.0,0.10617946181191412,17.1558789982873,-3.086032436164988,1338.3599391938062,680.295564921744,2147.8174452112416,1.639332727006964,0.0,127.55348156948361,16.15917105891513,146.92420791722105,143.96276210063013,144.0869437312014,156.05497938373156,138.37562468847753,162.77684458811163,167.08266438278133,143.62405375222409,171.31797197417285,143.65183868703966,146.53377509944121,137.10646392857316,144.6564879939333,159.98075101202724,41.6820759716754
8,517.0658901386665,753.8264248028327,0.8972623215321884,-0.31858657495263243,0.03871590981091359,49,0.0,0.02376593087475446,2.660957209321748,-1.0625947268661995,517.0658901386665,753.8264248028327,429.7588677162036,0.0,0.0,127.90981950442892,16.189321529657235,34.47256373801165,25.602329592098418,24.490474285107172,31.402480092184742,26.81078006579991,32.54350155965582,27.401660484636704,34.12727472159397,32.243290338414575,33.095460621067275,28.858119192822677,32.81387514103491,30.28354132744912,28.775527866167508,6.837988690159114
9,370.9812194493254,770.3065742768473,0.5378370506187731,-0.7579288011167713,0.31100766425513554,49,0.0,0.020449806224880667,2.0365777685829602,-0.7722524966756925,370.9812194493254,770.3065742768473,2470.755752378425,142.31808291242893,179.94684607358346,127.97321453876478,16.19603910058915,158.88092642633086,176.2776009575991,187.03132162078458,188.60360065732297,181.48514338902714,155.4937054907956,158.29697011684505,185.6726204465375,191.63885547670895,144.61155555824175,166.41952940685292,183.15013723280524,162.47055094817455,194.4501743992046,36.27306025119407
10,2622.3559648083847,768.81061444672,0.6067629680164249,-0.3463380866072999,-0.4041024055229481,49,0.0,0.02186559446432379,3.1317210441708045,-1.239457676589937,2622.3559648083847,768.81061444672,562.8548548188085,0.0,0.0,126.99641402309548,16.195621539241532,36.18043056442673,41.01387112117558,33.275314527279136,40.34886183152452,51.1638266247555,39.40028448497439,32.412990302953446,34.625541841553456,46.202732789452874,33.83193039766682,36.46071313047214,48.03389435946022,39.79270958182629,45.67727639447276,4.434476866814528
11,372.7452942274192,773.0912212128469,0.3082684601025207,-0.28251897361777956,-0.8360107049203789,49,0.0,0.01951607806785063,2.774043385269674,-1.1077831225892654,372.7452942274192,773.0912212128469,2479.236840877028,145.02448598598397,173.7119581051852,127.97245240657303,16.19720118499409,163.530676098043,176.53112766048,186.82470491994331,190.4924684582245,182.11552338635158,150.17358984953879,156.94064485796744,185.81942940361523,193.42233730361204,143.34186980822534,165.27153788148362,185.96146839023095,166.50611659613875,195.30669308390978,36.998653179263705
12,1754.37861160045,799.8083541700396,0.6423685742899479,-0.2541932355843927,-0.13976070040288208,49,0.0,1.2764276495791755,190.67734258336438,-5.7007477266420326,1754.37861160045,799.8083541700396,21302.89326075818,0.0,0.0,127.37299743877986,16.208985838345896,1358.4066805319476,1469.3047459131249,1485.5859238137577,1489.7558332283097,1498.2644238160829,1525.9070794248391,1451.3154623367386,1468.4679240182231,1504.899945957659,1503.6548020162536,1515.729533584798,1542.9217191871285,1525.588564090497,1559.25169135548,403.8389314833354
13,144.42391504270742,817.8488782707753,0.6034744552126351,0.5080657623271664,0.5021949729698053,49,0.0,0.08437958658898281,8.22214554991865,-2.2874629011810708,144.42391504270742,817.8488782707753,29234.429999785378,23358.242012480343,25800.121229899047,128.07156776774627,16.215578799587064,0.0,0.0,0.0,1.2753169427644,2.0193981021998835,327.4646218159527,347.6476522818796,1777.683934712374,1569.72451039764,4021.852784161587,3143.144416885762,3444.8082529223375,5401.567331676053,4947.658228368513,4249.583551518315
14,154.60978865391982,826.4605940651791,0.7924558358975984,0.5891568344209087,-0.8728810056969405,49,0.0,0.01397269387506577,1.1680386217728356,-0.1686430079373415,154.60978865391982,826.4605940651791,2117.502597843039,11270.229911338065,12973.522931605541,128.06716005246176,16.219179705854355,0.0,0.0,0.0,1.2753169476610902,2.4126594112832414,3.0796131164725353,22.5969016385686,40.1563933794101,226.90611503925788,285.4221906127721,318.6289145948426,345.7208722805827,578.7496207287439,291.44863961922135,1.1053604742226992
15,1289.5329699764413,845.0386963609748,0.2899389238529498,-0.3072791876224132,0.0018969445123509527,49,0.0,0.005413135126360094,1.0362801842358937,-0.03869298412181621,1289.5329699764413,845.0386963609748,356.2123709322492,0.0,0.0,127.57471032236579,16.227798999361646,28.429953613812124,27.124154501023728,21.805138700451252,28.32359173778296,18.971963342959498,32.44220809318442,29.878221890893535,19.762444618090335,23.64596991277458,17.45103048827853,33.72483008027465,20.40539390114498,21.36027917765485,29.032022325633797,3.855168548289994
16,1133.0532805171472,847.5824366941139,0.5309759329374714,-0.06081669466406122,-0.1474828702764058,49,0.0,0.026975877493899812,4.284595768908878,-1.5797746364686784,1133.0532805171472,847.5824366941139,673.5900797168506,0.0,0.0,127.64261516794615,16.228805143501067,47.69134242700454,37.90268578174036,45.97973310941329,50.72618788334125,49.97422344022633,62.22683614360515,38.856122952704794,47.99695946874118,37.29010868476047,50.51575450659033,51.69522208423419,51.85270305003083,46.15479807065787,42.048721985461995,12.678680128338012
17,2629.022641952363,893.5165310812541,0.6357072907355097,-0.2841981626537711,-0.1907746536915828,49,0.0,0.011019481753488108,1.4953595490575449,-0.4368640709446593,2629.022641952363,893.5165310812541,347.5990676835255,2.0,0.0,126.99340165460049,16.247573112439007,18.485395787570308,24.213798232203686,13.986904818257706,24.3223051390366,33.00865995555507,26.633194447478672,24.274439995885782,27.971151004691546,24.263277672797237,29.72049909731936,23.617138305120516,24.39723046651951,18.14782234765943,26.825053651563223,7.73219676186687
18,1968.3107249856305,899.9663878764144,0.664385014232755,-0.3074425909983926,-0.17194408900717773,49,0.0,0.012171785809844448,1.6851622981323051,-0.5666043354055704,1968.3107249856305,899.9663878764144,322.58534062804245,0.0,0.0,127.28013660156968,16.25066779328515,22.22256910423736,23.996131369289884,17.468544118015473,16.260002038199747,32.951478549117,24.754604016248067,23.136947346340108,17.989092805615847,23.192527451922516,15.492815950533016,28.522674508266363,21.861358414485522,28.96021086858502,18.968296301558695,6.808087785627806
19,468.6122949927475,922.7893257670241,0.7840312607598027,-0.3054218624642222,-0.20419548007191574,49,0.0,0.03858850349322016,4.751835520032674,-1.6921534989256537,468.6122949927475,922.7893257670241,723.4343707138764,0.0,0.0,127.93101927080717,16.25967076313739,31.880950419609754,39.168634430778184,39.60524948759089,58.04423788161404,56.55481513426592,55.990392831407384,44.580449850470515,64.72773518189904,60.53458577267059,47.102884516233274,44.73696350819379,45.34516381168673,56.1820052602873,66.60562317685815,12.374679450310943
20,1411.6600423074121,968.469207621685,0.5550024547093384,-0.1306292632842625,0.02882118336207487,49,0.0,0.017274184833468955,2.796795022772331,-1.1166515951914477,1411.6600423074121,968.469207621685,416.176203632179,0.0,0.0,127.52173531485165,16.279253929029963,26.34083888605044,31.305139114000664,28.659920178948042,24.850228594210893,32.4006786692845,27.78673181257968,23.841685332170673,26.724988916582497,22.19132383994244,26.901624364954834,36.32609092746961,40.07156120048245,30.3971125327224,33.385836998858046,4.992442263921819
21,1491.4672699802247,1040.6482574075694,0.5513106903620832,0.001137256731826226,-0.06418317949571996,49,0.0,0.006909556997501118,1.1270837525088835,-0.1298904731254471,1491.4672699802247,1040.6482574075694,211.17474770178993,0.0,0.0,127.48710117805079,16.309338474769678,12.322352398855495,18.428805772206935,14.385871644486647,11.262473516305938,10.757141436483739,17.196927768627027,19.32233711673267,14.368457974736092,15.979411425115282,8.715392791771402,17.596716411470265,17.877708578775252,15.609521451085186,15.360765324294167,1.9908640908438242
22,2603.936945363612,1040.9043819022465,0.5737950785504913,0.01614751339937194,-0.21402626686616366,49,0.0,9.63270778414466,1418.1775246873901,-7.8793264959583205,2603.936945363612,1040.9043819022465,235573.6168072152,0.0,0.0,127.00414961529603,16.309004133941926,16206.93401677084,17069.655469251986,16997.86618863011,16648.260400479725,16598.379594459322,16792.177286638245,16565.172939725526,16418.423141308762,16374.538989709648,16282.45564330087,16154.425189432754,16403.158013005854,16311.485888828354,16172.56188537074,4578.122160302678
23,494.3428253717493,1063.2751078924243,0.7654860322675157,-0.22386772041810668,-0.19254357372477168,49,0.0,0.01697680117487887,2.2474003026108305,-0.8792010875133455,494.3428253717493,1063.2751078924243,285.41845882632185,0.0,0.0,127.91999794885575,16.31822874134597,11.324154830099916,18.51962280185263,19.285079966798598,15.975877909262216,12.0978882674257,10.31096373709022,18.866466620024127,18.091142702454224,28.836195747161195,24.56512721667847,15.67678864172877,27.20788096870165,38.84508338719883,20.226195086771973,5.589990943073349
24,566.1132450120167,1063.9764429958823,0.6227533422014264,0.2727500966480039,-0.2243428763056157,49,0.0,0.011948469263901902,1.332133094416124,-0.31136904422322353,566.1132450120167,1063.9764429958823,731.5447550812898,0.0,0.0,127.88884125427825,16.31858908784481,19.16498547254083,44.17996988829977,53.41421812823089,32.82191811261346,53.7094041672063,57.84435272631717,36.397692490065985,65.73851397539269,59.413971635332885,53.82553385951988,59.911642862961436,56.07619056548067,60.84216801623113,61.808945916144395,16.39524726495245
25,1142.1421200901943,1087.3529577171971,0.7487474924200985,0.19942065044561957,0.19751844358054133,49,0.0,0.008685951136245137,1.0520539402821394,-0.05509501819053182,1142.1421200901943,1087.3529577171971,253.5262422124635,0.0,0.0,127.63877399377155,16.328710491496246,23.57904440819708,22.278607689334244,13.58635022763121,23.089407505195666,18.98154627644922,17.817556993855117,18.018671181444738,7.763206670124509,17.968466322267624,13.575050948804883,13.595841854562977,18.65822856390285,19.792012854583184,23.833754931008286,0.988495785101928
26,619.6696721511053,1099.5284731167806,0.5762684674272631,-0.12555833788356935,-0.03435845505184293,49,0.0,0.09486571132877865,15.401312750047275,-2.968894350111208,619.6696721511053,1099.5284731167806,1748.3189836159715,0.0,0.0,127.86562349444961,16.333449682448656,65.83610226047567,83.32668540045364,121.23545795014496,107.86095184649818,122.82728903357392,129.69872153759536,135.7055490467975,137.80757305494794,143.2653554604815,113.45670727876737,137.14428334117116,147.82716937411394,134.5577318232293,122.71311650648454,45.056289701236665
27,364.4698247914135,1103.402478232618,0.331941205333278,-0.01407657871850848,-0.055884968270313064,49,0.0,0.007029728074947958,1.5828189031833826,-0.4985780707198929,364.4698247914135,1103.402478232618,266.93021120059575,0.0,0.0,127.97642486262322,16.334812597075242,9.913497150101023,18.499802772542452,27.905547500831123,26.47435604989614,14.152975700677356,24.730499429563263,16.436143648914612,27.619977143016584,13.550240826222458,13.78344382210675,22.122711133118926,14.475677780397152,16.66316132786092,16.135559325502058,4.466617589844948
28,639.5120225902234,1137.3860317058618,0.9606103872341383,-0.5058203212442615,-0.10528182411986357,49,0.0,0.014159729873647652,1.5325777046811657,-0.46355625831662384,639.5120225902234,1137.3860317058618,229.13269361367546,0.0,0.0,127.85704273229206,16.349240158143637,14.484296381394172,8.219830369895424,20.152441343695926,13.613782096604034,13.91947053304554,13.525564297531801,11.995011450077266,20.73694841360347,14.55106575394505,19.60637494600107,19.526397348045364,12.812686286274198,28.70422823538639,13.546413977114874,3.738182181060866
29,1050.1280976304622,1148.5278414894442,0.8719894050549486,0.017379667896763085,0.09383990138775786,49,0.0,0.016634773979248067,1.9718485263529784,-0.7371838755295912,1050.1280976304622,1148.5278414894442,274.4887046578124,0.0,0.0,127.67875529601126,16.35415829384505,13.09655637649365,17.32781837517047,24.062181810119906,9.139576008317093,31.550183828081444,24.076810830909814,21.659883546545693,20.406447756461194,17.721151990429746,21.39147712721891,17.364099144243944,15.530384249222152,12.942736356970912,19.667691492127485,8.551705765499975
30,1148.9241054025797,1149.1802976160081,0.884338990290401,-0.0717278530174264,-0.15308758780384077,49,0.0,0.012747961983255993,1.455229940895754,-0.4073290540473782,1148.9241054025797,1149.1802976160081,246.82096554351432,0.0,0.0,127.63585560692334,16.354474153758577,19.771516142956557,20.51818914190001,19.13511370425791,12.675841288342138,23.494917080615657,18.820254682272015,18.346688923943336,11.02227952898987,18.1240543558875,13.495688105008771,19.171509368338473,14.916534549050594,18.334946883706507,15.772998183094309,3.2204336051506277
31,1021.3416686394936,1179.7015045055464,0.796508805545679,-0.06921123901314415,-0.029625987293712262,49,0.0,0.026350609350043484,3.3036638934649796,-1.297489642142569,1021.3416686394936,1179.7015045055464,441.16736316892127,24.163965121323812,0.0,127.6912720316507,16.367132608569854,16.395218948778865,27.547025238459987,36.84759218159453,33.41511292503737,23.909980290697412,25.09173456115402,33.0944951202669,45.11354279855474,24.197986494205786,38.01803160621587,36.50705274012811,29.10300634847053,31.287163903572942,26.930210559602486,13.709209452181728
32,2396.4247586590636,1183.1321587023074,0.4313819246854079,0.32118381931606693,-0.2035639093144481,49,0.0,0.006715994621341211,1.1819661603960419,-0.1815126072606283,2396.4247586590636,1183.1321587023074,285.83791347717874,0.0,0.0,127.09412728095609,16.36842938450807,15.934194107395012,18.47939099387362,20.70355223477673,27.357926763950054,19.673783029671178,20.945450464029246,25.32082329346611,21.20415540176939,16.26363315327079,13.619872853804113,14.52939420815293,23.43760066831011,19.058265822194265,28.20579291737063,1.1040775651445167
33,924.5713985417806,1216.6088437628464,0.6160736190418433,-0.21785714535656464,-0.001619811739839765,49,0.0,0.01500794790712828,2.291850446092397,-0.9004656862096592,924.5713985417806,1216.6088437628464,351.6857571140323,0.0,0.0,127.73331822779257,16.38245629213512,16.138135328369344,17.922222645844293,26.93394545511692,32.966410612697985,28.51949966719035,16.3140689570728,27.273676905904505,25.638845823824337,16.38454500359999,21.395814744794805,25.1462569851696,29.348092271017116,24.39840696183056,35.176615318558106,8.129220433041565
34,504.7371684543812,1229.8652202178992,0.5821071578357307,-0.3041966451790984,-0.09094369252521255,49,0.0,0.11280165983282855,17.518135980225694,-3.108719732809339,504.7371684543812,1229.8652202178992,2343.557505223459,0.0,0.0,127.91565655210816,16.38764827663796,116.21739154023334,141.72002899853126,149.39906641992658,173.23186623308706,169.54450158612968,168.89943779262734,191.71441000713395,166.85210230544504,180.43145059194882,175.33228794332987,175.40945664091947,137.66378569671932,171.41755393960085,176.6500774745405,49.07408805328599
35,805.8815052519416,1304.0542158994717,0.481728642222448,-0.05928800575557151,0.22225876927030605,49,0.0,0.006600822872842895,1.1964521373745154,-0.19473832467430746,805.8815052519416,1304.0542158994717,191.03436562845724,0.0,0.0,127.78492852275579,16.418813241567978,7.373254089368995,20.859114958939507,14.322058007461921,16.112501870167396,14.934027283901289,16.5370914799028,6.160868215371896,13.735626742740621,11.665456164190413,13.010048490259418,8.717663058961831,14.944234268343754,19.768279462713537,10.308243105340933,2.5858984307929305
36,1134.4750129308275,1375.7837543869036,0.2899757976234584,-0.025873100296829103,-0.1853834359206355,49,0.0,0.007081474957377968,1.705657147890717,-0.5797293464703916,1134.4750129308275,1375.7837543869036,285.4157139502803,0.0,0.0,127.64222882814373,16.448885184384512,20.227080801173148,19.36670695914076,20.424411006527347,26.13561231943045,19.332311132622905,17.708264628496206,22.331739185073978,14.835856348257924,20.061438276247813,17.59227972940318,21.009574813125656,16.44230847183277,24.302488904988124,21.399050879813586,4.24659049414648
37,599.0244926967243,1433.0018624064048,0.6365845149268649,-0.13644189261449757,-0.10080126056665654,49,0.0,0.06832513980501624,10.218029680031476,-2.5234178995784644,599.0244926967243,1433.0018624064048,1276.1141597342676,0.0,0.0,127.87489995816124,16.47237386054888,62.636411059031275,77.70437276968585,97.79453473691447,99.29522982403613,93.46437999440269,107.97953707197777,111.75922072485851,80.71476145040549,96.82526056662769,78.42725896235078,87.54799576756893,88.00369885091902,101.25637100809435,69.56005310261801,23.145073844776796
38,1464.7503542781335,1461.7202410785171,0.9151610022733225,-0.22413150576691682,-0.3249994543963344,49,0.0,0.016441871521251608,1.754941640907224,-0.6106566973701761,1464.7503542781335,1461.7202410785171,359.1710023766332,0.0,0.0,127.49875344605557,16.484780873318105,22.10812228167938,18.970826847012113,35.14221396338346,16.88830310082918,22.976453055137018,34.936097616018436,25.0727295192464,21.757341321683953,21.16258460547585,24.49368440682819,30.20766540262867,31.693187916833168,24.044469376977776,19.267166940979095,10.450156021920476
39,2141.3141553081623,1491.8831062144468,0.6615425894208452,0.20847226021444232,-0.18339858724277086,49,0.0,0.016201505898995286,2.111489982859515,-0.8114725635626803,2141.3141553081623,1491.8831062144468,431.62185722733585,0.0,0.0,127.2047537855415,16.497225751394375,25.567632125457642,35.10293267639044,24.69951095395104,28.97945442512279,33.785543357642496,25.059195253789206,38.330768497540404,20.2211063887875,34.071721513610754,35.00233415442108,37.76561253123898,32.33172640234852,26.13652027855357,31.207654582041894,3.360144086439554
40,1352.0731196827783,1507.2129607237707,0.5954405957299892,0.13253455596297073,-0.13910758657109215,49,0.0,0.008115714696528121,1.1866980266925629,-0.18585055049168614,1352.0731196827783,1507.2129607237707,239.41458968854826,0.0,0.0,127.54772532075513,16.503716718262897,19.750448224612875,6.430436706560634,20.061704760699968,11.477216643000904,19.08223418855361,19.410445899639342,11.617745682534322,18.13602289647745,17.841034097402478,17.01281696482222,25.433908756187638,21.092685165609023,12.235520234459518,16.674874462207647,3.157495005780649
41,2391.457294096548,1584.5110045034394,0.47312131512228683,0.32325593479370107,0.02093424355042645,49,0.0,0.013827683922637671,1.7476632224936122,-0.6061443677939073,2391.457294096548,1584.5110045034394,682.769127077588,0.0,0.0,127.09598663057439,16.53567053354037,40.33824524896854,59.87741501678116,50.93115984332775,51.86398649223429,51.732132752077895,50.73736928935067,50.519437763927314,50.83103793559704,49.64808685705548,38.61913701260529,38.35511685410421,52.10887155221768,41.22466168573195,42.65339163723626,13.329077136372526
42,487.412043177079,1592.0391365030348,0.3530971937150588,0.1776488065348056,-0.12423381419522873,49,0.0,0.008870835600400074,1.9971804872814183,-0.7510432857225958,487.412043177079,1592.0391365030348,285.14126171987823,0.0,0.0,127.9235586534494,16.538531272561066,10.243668223738819,18.328135082179706,16.77021608983931,23.719245521309226,16.316875361671165,25.505159426897535,10.617268440397993,14.993542933912371,22.520623655711937,30.481866962638797,16.53833485800535,22.485752382178774,16.56483829353707,30.022512759459115,10.033221728401118
43,3021.193580450194,1613.2997428797266,0.5522464500854767,0.1990852671742921,-0.21813130249408866,49,0.0,0.048731894698289174,6.197495559501882,-1.980540560671241,3021.193580450194,1613.2997428797266,1944.1639449074573,0.0,1847.808600354577,126.82225760025501,16.54703873570623,147.7816926185178,146.47358997727213,132.4437025608683,126.82173714337159,133.8671162165559,125.95694426177602,140.6405363775812,137.5560713749626,140.66707802983785,147.84581312516204,136.8585874534265,147.04435442019792,143.4909070005788,136.71581434734856,0.0
44,3088.0732891275306,1623.9726003259038,0.3370552756534148,0.4610860143315536,0.7152105248979841,49,0.0,0.37382084924019987,103.8122053296512,-5.040621042637064,3088.0732891275306,1623.9726003259038,48371.18089114661,0.0,56.01850480440323,126.7931756337103,16.551397934472497,840.6963484753641,1406.7555224695873,3869.360290394044,9528.649286838629,8876.656428573055,5291.216484829802,2266.67736734459,3276.389513913946,0.0,4621.42477376848,425.35919437129166,2362.6345615018727,0.0,5605.361118665939,0.0
45,202.44600567466927,1660.033294174449,0.59138118206391,-0.011857306658416387,-0.0865901319556786,49,0.0,0.007648959252063012,1.1654146048787015,-0.16620114082621737,202.44600567466927,1660.033294174449,265.7121378339935,5.0,0.0,128.0474971006186,16.566538674251817,7.5793201826601395,12.298811250283599,17.561587692131404,14.773690663640288,18.862999450300514,15.791871668651515,32.21537549647803,13.369753345124781,26.32379723224888,16.966292403884896,11.866696779693585,15.300881271555559,28.661397243817778,24.417165733804808,9.722497419717731
46,130.68286564404255,1675.479730425377,0.5026018929119459,-0.14502544477497092,-0.0749610400647345,49,0.0,0.008241767182678484,1.3291009631015005,-0.3088949317631567,130.68286564404255,1675.479730425377,292.1966163198664,4.0,149.57761728551168,128.07871115604738,16.57288154264988,24.133604504094144,26.318395637533058,14.52236522639916,20.91321603801417,25.445583040134785,21.39806053509661,21.9928599250174,23.480788860216407,14.947424064093223,10.863555212345151,20.2851008200872,11.747225271552013,18.399859970171,30.61506167169391,7.133515543418125
47,1216.8597622815234,1678.994462370455,0.7014633610684701,0.05358332153091116,0.1383124586286465,49,0.0,0.23552238617652188,33.71315717280562,-3.819498563186399,1216.8597622815234,1678.994462370455,3448.2265466031117,0.0,0.0,127.60654656634485,16.5752536682794,218.10133959746395,261.25951009389263,223.22993069745092,266.23339760515876,275.41551958861294,230.2121138642563,238.74846238839638,245.41000309197358,278.61025692091494,216.6036328004507,241.44186829077069,210.26452427656733,254.33055724280274,231.2306520745296,57.13477806986988
48,2571.1695184600117,1733.882779428447,0.5844712430816661,0.08479613427757601,-0.1265395574215551,49,0.0,1.0296707886579204,155.8734860781274,-5.481930621050367,2571.1695184600117,1733.882779428447,22407.220006968848,0.0,0.0,127.01774333085055,16.597764673767333,1519.8839959574434,1606.6339162503298,1525.4053043721517,1586.1836089370165,1641.7818733839006,1594.2828511946554,1622.9625538821083,1538.2754023197244,1579.8305401952646,1563.7892443770957,1531.1403594604603,1575.0993111023631,1510.225253286515,1569.6840406540543,442.04175159576715
49,726.4465968745803,1745.3088118137723,0.6064662139752973,0.12296311839153229,-0.17004504130190143,49,0.0,0.42778415644384105,67.07583201607493,-4.566415171036018,726.4465968745803,1745.3088118137723,7322.588807938402,0.0,0.0,127.819794026701,16.602605894338947,448.25785722870194,510.61068621065624,516.4951841038358,500.2151217949063,531.0883710009012,524.4399561567544,538.9926261017413,522.7964238352997,534.5096970108648,465.23917420880764,501.8337846492532,528.6662812195598,564.6578711395744,505.915946473481,128.86982680406598
50,2702.2227600650176,1817.1777680321024,0.2294908162541858,-0.4026554312819239,-0.211488482927688,49,0.0,0.0068586059614334244,1.1016815121928816,-0.10514015351144218,2702.2227600650176,1817.1777680321024,489.9079655192457,0.0,0.0,126.96068089469424,16.632347008239847,36.10889914162191,34.485506505241865,32.29765514391363,34.971690827815706,42.10126112516964,28.074337527096517,34.14185890512969,38.838805018318624,32.03423151335488,35.63379489461714,35.677254960679875,31.156575991142176,36.38169503821282,31.950846366477386,6.053552560453859
51,790.2627583258678,1870.717366539392,0.6127944143400832,0.024187551539700116,-0.06262667473512855,49,0.0,0.12044003518411212,18.67824250954687,-3.1783400244469444,790.2627583258678,1870.717366539392,2122.523817065603,0.0,0.0,127.7921437617974,16.654906901314437,126.19134791863488,160.2539364561125,139.2115112904999,154.2522432106622,152.89601024915737,140.99845758357264,158.6498895441934,181.69041869844105,140.28922715700074,144.29109646699968,136.81311757541533,147.44192744899192,143.4190731618989,154.3984538038429,41.72710650017973
52,113.7102184821047,1968.165063076598,0.257626583043586,-0.20380211883941862,-0.16979129258676587,49,0.0,0.2628229362020212,49.97581416481817,-4.2468996950398035,113.7102184821047,1968.165063076598,22718.914889399377,964.1919565639001,9983.36153291407,128.0864976155186,16.69480302273619,560.1097247089433,712.2843052519361,668.102754835865,934.7334870073505,1096.563886644923,1085.9479034629344,974.2877855421759,888.398983378623,978.2088291968496,1159.1338069501721,2925.4716447975006,3445.8831797973635,2128.282980619685,5146.348192948065,15.157424256985678
53,103.05726525250459,1970.1908769651182,0.2907332757023831,-0.6622411468146047,-0.2325495173945932,49,0.0,0.31352156630601513,57.640015866746545,-4.401810229228904,103.05726525250459,1970.1908769651182,23998.8955239582,3475.681378364794,16010.515896070534,128.09113394389698,16.69563260783714,491.1071610220452,851.9290410306073,777.7638989682476,1115.2898913432969,1461.183760491925,1541.5967330117314,1539.5606193485546,1428.276610970348,1524.1359994263375,1672.845177054901,4180.484954117488,3601.2789282266494,1622.534368904388,1572.3995310976334,618.508848944045
54,1776.8525483952253,1986.611104892325,0.413557685134313,0.31553835114786266,0.09605430769982448,49,0.0,0.023372786465509637,4.560858331310512,-1.6476164561528566,1776.8525483952253,1986.611104892325,658.86644342014,0.0,0.0,127.3630495200911,16.70347908030085,42.786251237102334,52.07962623217927,41.93572167860155,56.01561071663621,45.60056832525408,48.69426995299332,45.7116392024282,33.65340529666765,47.638148443642336,49.096264898566204,46.02882023399441,38.52713003408192,38.92730793265518,55.020104754635966,17.151574480701314
55,2517.6801974899695,1989.3094596150504,0.7026291766788056,-0.075464972899752,0.0911320963623096,49,0.0,0.03535567298741199,4.660803138161309,-1.6711518992453265,2517.6801974899695,1989.3094596150504,769.6402785805865,0.0,0.0,127.04077820725742,16.70423506583016,44.65347971312143,56.96036189456784,58.19890594170361,49.63728949246476,51.73133830985364,51.16150342865158,54.73800989084094,53.68689255866443,40.83065132739471,48.18031380459232,64.48273737884642,56.919295433263045,63.27408595744285,55.95208998546683,19.233323463712004
56,1218.1786443740657,2068.5334056477423,0.72790603204258,0.15809450175274192,0.008106545759937698,49,0.0,0.010197664666547937,1.3975151779376866,-0.36339133327233974,1218.1786443740657,2068.5334056477423,220.93512702369918,0.0,0.0,127.60611319981783,16.737560584619526,17.065879841371032,8.22460974212369,14.296657117647522,16.654064491398643,12.00995615258017,25.109812001904075,15.565996718016455,20.973106399997274,16.338496970754434,15.212047344228024,10.659035674059734,14.14378074926699,12.823959813232722,18.46560645125708,3.3921175558613266
57,1910.2483302229566,2071.6940263443844,0.4634157921276507,0.06409381511266928,0.2054541933281104,49,0.0,0.01762658631719968,3.2273129270858165,-1.2721026938922368,1910.2483302229566,2071.6940263443844,467.4489145997422,0.0,0.0,127.30499500263073,16.738900374173014,27.56935395118,24.226595461921093,32.69615242499982,28.81726458699172,31.051339938041863,21.33405796299342,43.07751409998024,31.79492660835421,37.24114021783312,37.26498670666527,28.387176540154428,35.18238317698459,38.186581767349224,38.639285833434805,11.980155322858337
58,1113.1852283758603,2110.049308815906,0.5857765660488775,0.405395052050466,0.221783598815188,49,0.0,0.011976707029173883,1.7856211690303465,-0.6294733149215038,1113.1852283758603,2110.049308815906,325.3121065805145,0.0,0.0,127.65181413718246,16.75481694101427,10.300643961731677,13.502518211509075,19.670040099602584,27.22288937077547,29.699834744136346,14.401759327354133,22.132472018038257,23.69788994052695,19.13564997261735,28.619788248060992,22.29907398717751,25.196024822906068,26.56340745818043,32.74268448034127,10.127429937556467
59,113.85157539523138,2118.5333710874943,0.20672749133265786,-0.7662296130565195,-0.4636165135024996,49,0.0,0.00900219680030721,2.6019327941087367,-1.0382401872081688,113.85157539523138,2118.5333710874943,1596.9300562233966,0.0,47.295703980834865,128.08664638642085,16.757452034624205,0.0,13.023514775510002,6.2029934135341485,0.7447915815512643,58.740362776576724,493.49510017524955,211.58024389721373,306.31039180713645,102.13242863210692,19.787395413497276,85.69012270386355,150.80773835983575,30.105325422359897,115.77459968198566,2.5350475829759143
60,967.116936658174,2120.0560995178257,0.5210560884327698,-0.08107619210626475,0.18884619541528946,49,0.0,0.010421898967706032,1.6130576114024777,-0.5191246969401302,967.116936658174,2120.0560995178257,356.0002095551071,0.0,0.0,127.71537864002535,16.758911667773155,22.56295865711005,31.809818972829483,24.138185160597644,24.979161188764127,29.12381987475732,16.336429875239112,21.066583003172596,22.550030528655657,20.338639300800303,34.60262497050323,25.25043500619973,25.2973968265307,26.630666440132188,24.594386084122576,6.719073665692436
61,1470.8159267701815,2120.6732169049114,0.509552452950859,-0.06623147281063618,-0.08352221177917973,49,0.0,0.04381903378071124,7.492054614042755,-2.1865023363638967,1470.8159267701815,2120.6732169049114,1015.2163095814909,11.316065620207368,0.0,127.49619808715063,16.75934414875142,59.846834102376626,93.28777172054797,56.98113155488764,71.04167324688886,54.62382874523769,84.59558995814052,61.36399027038685,66.38168902519286,84.752338045573,73.90300273370431,70.57548315049061,81.22082329912294,74.94250863513287,65.236133538356,16.463511555452193
62,176.59733406658424,2160.305652752645,0.8269446624347593,-0.3877187015810553,0.09913363511222541,49,0.0,0.26453309727303903,33.12366669991967,-3.8003460149831896,176.59733406658424,2160.305652752645,16156.436107537029,0.0,121.55744528780306,128.059402196075,16.77493917047947,262.0661315612654,449.67944385376285,283.5123700419104,83.90856271756704,23.535993470150636,2838.8328493649738,1649.2648482164077,637.1717612922797,428.082862827923,3610.736085873259,299.67998663923635,2370.516906053688,3088.7922499074807,130.65605571712334,0.0
63,1992.0831475726818,2164.9517794998264,0.7192370253851486,0.3781754623918966,0.19350777966700283,49,0.0,0.010499469342587501,1.3830155190219453,-0.35206763354836856,1992.0831475726818,2164.9517794998264,261.9030548242073,0.0,0.0,127.2693545024474,16.77773089622515,10.914075293742643,14.490248423042805,18.440275467295166,28.106757510990555,20.409881573584045,14.61312525151503,16.696662376439626,19.631529461006686,17.405179407506516,17.99576749716714,19.867651273479026,18.772715020946407,22.739215508893192,15.294719817248522,6.5252509413499205
64,219.14166301201075,2248.029520680405,0.8654363971756251,-0.1550950092511687,-0.8486209648478259,49,0.0,1.8336581798741654,218.95558241833115,-5.850890055740555,219.14166301201075,2248.029520680405,47958.476710059826,0.0,101.60028661791631,128.04100373458527,16.811542568527138,860.536451405579,3111.2415488565157,4400.9123650818465,1289.9641296900804,2259.2778697282574,4638.267342710764,952.0402606225352,1825.6061418892427,5241.076166771034,11478.470298597778,5714.101485304228,5312.821807776468,869.0372340109354,5.123607614558475,0.0
65,183.34521826837744,2249.240930457231,0.8319295695226904,0.34201216255785644,-0.8750230850393073,49,0.0,2.5287679028739665,318.5506680873339,-6.257946300631466,183.34521826837744,2249.240930457231,75226.07148544764,0.0,55.34637265483549,128.05658459138584,16.81200143196375,2025.8436377095288,784.35965299085,2900.170010554102,5.4014336140492745,10857.384555221612,16281.51938085552,212.10448700897467,27441.057425690098,460.74677365543005,221.43214396725938,6985.194623398517,226.42149500210502,4.721229352028252,5006.3674426058,1813.3471938217656
66,194.3597272317068,2271.167823256989,0.26325651934416955,-0.12466430543911688,0.26537864550828644,49,0.0,0.4345304593444184,131.72786140737998,-5.299194102851836,194.3597272317068,2271.167823256989,58670.59902575116,0.0,48.6858426935416,128.05181990765874,16.821151140544973,9029.494697659782,6686.620034496892,2026.082491749223,4427.3300927870105,3659.378226553546,7771.500634100627,0.0,3968.742316881897,4666.583324809606,2296.263529423507,7502.555536971175,5.620233129103642,1590.2248723310668,4978.646198382896,61.556836474829105
67,1182.5363467993325,2290.359773187033,0.4134581862563439,0.1358886428981444,0.24150178945903497,49,0.0,0.011537645222638124,1.8859199361523582,-0.688808128710987,1182.5363467993325,2290.359773187033,482.1682464850609,0.0,0.0,127.62170820599776,16.82997311892908,21.242568832614573,23.70232639460382,33.445759001863294,32.10860602429025,28.133464460338757,39.80294104385502,37.278106557905446,38.38323381524306,39.11072772114346,30.684293294008825,41.56295638832903,25.042257447592633,33.757041439090074,37.943025535260745,19.97093852892183
68,219.6154295506055,2309.6662996080695,0.27599129744836626,-0.047134220375955,-0.4401314098017321,49,0.0,0.4539089947299549,132.6279706218713,-5.306587811033873,219.6154295506055,2309.6662996080695,43118.03915560612,0.0,56.63362428911983,128.04087767826056,16.837223124024163,1715.6060393866321,614.3695810989602,14889.709933276992,3554.4320705436776,9.475041826893833,16455.816906291628,81.39108075374868,4771.878899390867,233.42740377527227,38.279129279201214,2.0879729270198824,10.133328725776694,3.7280062278892814,736.435695353852,1.268066747714875
69,2043.6329555464588,2320.829427529397,0.6553973487339894,0.4889276234832699,0.3299373040956011,49,0.0,0.01470605931540912,2.094583875899919,-0.8027443900328404,2043.6329555464588,2320.829427529397,349.82377984466325,0.0,0.0,127.24685581234422,16.842658470532445,23.136724366598308,19.219283162835662,13.370996458577732,30.325061724463147,23.46035244430803,29.826191272685712,28.17835134245267,26.144740550269383,24.290688430218864,21.29674271429314,27.36045582760378,20.865277566717573,21.21516146629575,34.25979384303433,6.873958674309144
70,2363.9212520267365,2321.669030770547,0.3733528907003873,-0.08915121709085079,0.11846812398608147,49,0.0,0.02111313142683794,4.2118875030127105,-1.5611919073085079,2363.9212520267365,2321.669030770547,688.8109145233979,0.0,0.0,127.10742541398253,16.842831056358882,45.20951663658022,54.25648606912357,58.4456113824851,45.0603603254699,48.88202509788122,49.816938529335076,46.152767963840084,47.32740705356138,51.40736242178664,55.81576188311094,47.73951888485834,38.85846737427539,38.7682883270784,47.418655877186424,13.651746696825278
71,1510.7410699393372,2367.2321228791407,0.49922183368567485,0.12996904055799702,0.13087639964382977,49,0.0,0.00649425148516853,1.0329628969355642,-0.03521180586696902,1510.7410699393372,2367.2321228791407,276.4081363886505,0.0,0.0,127.47884563488314,16.862078722748894,19.41866972564049,22.37896711215155,18.1687793370516,13.603892032934937,11.960949164850227,16.70519212384554,20.930479706371308,22.82401150298257,24.493005387348234,17.964519749840143,19.413681004173988,24.44171020723084,13.407522540549067,25.879297765343296,4.8174590283367325
72,1507.6116834904267,2377.818558068124,0.33647221071428757,0.40721124305296436,-0.4587634261208682,49,0.0,0.00790686472280332,1.4797148215947047,-0.4254450598697284,1507.6116834904267,2377.818558068124,374.6503246497749,0.0,0.0,127.48020902963023,16.86648933481549,29.418999707253366,26.88678130683997,29.323962928863196,21.206925246307293,18.226057423320675,29.317463493812454,34.31899904032414,27.13536675745842,22.811012642561714,30.300544914719286,32.62711101339113,22.809840317250874,24.982613945275915,20.460288368513872,4.824357543882618
73,1202.2751962250472,2481.5165065373008,0.7100387074145788,-0.009758067219669904,0.23137329153123892,49,0.0,0.2561880394444672,34.88796223481185,-3.856689008886704,1202.2751962250472,2481.5165065373008,4400.575679365125,0.0,0.0,127.6131875496539,16.90962616597112,278.67107877242677,298.99088966589784,259.0701155350291,326.04233654301686,286.09252880473275,328.5650205839735,316.4233093384366,287.4566876777045,316.58547348184646,307.85460725246344,331.9230744753437,313.90449739683976,320.04866520520847,344.71976025628726,84.22763437591776
74,2318.9986921850013,2608.9850061020597,0.524297494810668,0.343694321635692,0.29394448477539586,49,0.0,0.20334223541994048,29.431573935784325,-3.672033719583742,2318.9986921850013,2608.9850061020597,6263.726080829814,0.0,0.0,127.12678666821586,16.962570020526666,431.39685510248364,471.321817832016,503.0408059424308,485.16617899150435,436.66331661074,451.5146590331567,431.5372111508065,434.3661611571304,412.33785800338455,399.2605915818116,416.1023450357526,450.4544475667367,409.9849195156759,420.73408645773054,109.84482684845405
75,1860.0124906017309,2671.351816993457,0.5863460255682093,0.5383890966113145,0.2227226107841752,49,0.0,0.01595525684986547,2.1758179996679976,-0.8440564129449541,1860.0124906017309,2671.351816993457,529.7401050537072,0.0,0.0,127.32670596014366,16.98876208211088,35.44444394861403,38.16783176114176,39.352679392664655,42.03224385428287,54.39351308357044,38.84450059703582,22.393896197022983,31.44662360431369,34.299039476351275,26.364136112997322,47.57811526019056,39.13851160379542,30.354859639917812,40.556480813585395,9.373229708223107
