id,xcentroid,ycentroid,sharpness,roundness1,roundness2,npix,sky,peak,flux,mag,xcenter,ycenter,aperture_sum,aperture_sum_mask,aperture_sum_edge,ra,dec,aperture_sum_0,aperture_sum_1,aperture_sum_2,aperture_sum_3,aperture_sum_4,aperture_sum_5,aperture_sum_6,aperture_sum_7,aperture_sum_8,aperture_sum_9,aperture_sum_10,aperture_sum_11
1,1699.2371327020694,82.32312742624846,0.8936726466981257,-0.19231586501056894,-0.3295395192344372,49,0.0,0.013979786924084836,1.7006098409593806,-0.5765117197250045,1699.2371327020694,82.32312742624846,202.59851965841023,11.534329196711653,73.77556800591253,157.56979526447532,0.9056751657362347,0.0,15.103902913140782,0.6237558155149432,23.342097757987908,0.528132711156092,29.698709949367768,5.978995542855396,47.206642528245716,28.924311447731125,23.978544042716987,21.662740290892934,5.550686658800592
2,1237.7480207716667,100.3800534132346,0.39003140896981664,0.31691828742882877,0.3925932928682457,49,0.0,0.029265375700237645,4.4829285235406084,-1.6289045361677328,1237.7480207716667,100.3800534132346,2173.563807373565,54.068510067348384,787.6049384923958,157.76209487508115,0.9131950348654513,0.0,38.73754197067273,71.25808729850368,97.69887243208623,1227.3113534351442,117.41296968854024,96.0664192365083,127.69996842954,115.38162637686355,83.00212000277283,128.07356504258559,70.9212834603473
3,1734.9922669235743,100.19962839265042,0.9963621574059076,0.4073873015898998,0.89867272162644,49,0.0,0.022639589376661346,1.6694891155437073,-0.5564589798974837,1734.9922669235743,100.19962839265042,1138.9422876837411,33.86726298863757,869.8379381876199,157.55489615369322,0.9131226073765703,0.0,124.51918566321285,102.12087946652207,80.61659147336978,79.62762258525825,116.39037192507274,100.76293128961737,121.05159806420356,138.18070264519454,108.71216484142542,129.30865310724568,37.651586622619064
4,1532.9541900812128,102.96626303936287,0.8850181194663906,0.5499575754995728,0.4371143093146182,49,0.0,0.021270801051248366,2.222881402287359,-0.8672907308521163,1532.9541900812128,102.96626303936287,1367.6596223937245,0.0,729.5897703403166,157.63908436190385,0.9142755612896001,11.608205129979282,118.91620630687719,82.63563613911292,85.34763908487147,91.39076409085041,106.30988460857367,93.63841808819082,82.00849720244398,87.10093560979334,117.12813682417294,456.9415239127765,34.633775396082015
5,1418.1202423268132,105.4530688521796,0.4770426432735108,0.07003219942151379,0.5063384162353176,49,0.0,0.008232177313056381,1.1337626643034973,-0.1363053780786653,1418.1202423268132,105.4530688521796,969.7295522520282,0.0,656.93465021237,157.68693508959862,0.9153109129779153,34.63535440285723,87.60101454318537,83.9081393506676,136.71847956823126,87.84632609594328,65.55136674268881,80.597002137002,90.62448596841791,99.38564488384148,100.89360674072759,66.91765922875362,35.05047258971212
6,1268.6278395960226,125.61091032631789,0.2780584673318709,-0.03415092676021887,-0.23173396779784428,49,0.0,0.005763240537296752,1.0704840928268293,-0.07395054537960119,1268.6278395960226,125.61091032631789,819.9352464718834,32.44915684028625,525.7617907255045,157.74922817846644,0.9237071491481789,3.7519201172577903,80.54847528992036,77.2342297773095,41.15033432004752,43.245033688186005,65.90358710938972,137.9328341938344,70.71823155135165,113.1059189265757,57.74489322006444,96.08168912341068,32.518099154535534
7,1644.5522138591643,144.5994191755802,0.6421636809688295,0.3614623057926893,0.05387109970485355,49,0.0,0.011540247864349032,1.0594226654691254,-0.06267315017289843,1644.5522138591643,144.5994191755802,1016.8499050685355,0.0,790.9929698022098,157.5925818758698,0.9316207716944824,10.405519381091612,96.28749978161352,97.11598106283677,90.529757895091,106.44816166220404,94.19311202742006,88.34612144348951,92.72535518537492,87.002402025045,111.63990555676004,109.52403289491232,32.632056152696826
8,1081.2064470005985,148.2478464246462,0.44736444301205225,0.12787940326697408,0.23063394318580785,49,0.0,0.008816333413901848,1.3018198440328914,-0.286377218345546,1081.2064470005985,148.2478464246462,547.484926400209,0.0,411.0395412494585,157.8273262789714,0.9331341738964253,0.0,46.84030257892054,38.405830776231205,55.66940960808459,50.17418592287237,94.78253355149319,50.046246684528185,47.716517332621606,56.43517456957393,53.215659067138,35.991773806988654,18.207292501756797
9,2155.0709286535316,147.49513955279707,0.6865770700993287,0.2939584540339993,-0.14688684129034837,49,0.0,0.017371393344230567,2.0826565439797964,-0.7965441381999776,2155.0709286535316,147.49513955279707,6682.686198313215,0.0,271.1543697383296,157.37985066718707,0.9328196488733568,0.0,0.0,8.981390923731153,6009.758896435433,136.83331875662213,35.736385844875414,73.72774219314863,104.85454499726217,60.50108431608957,81.07295776583355,111.67445507411371,59.54542200610681
10,2099.897332768552,152.59325856775789,0.5688700994740462,0.2280085340533223,0.43314058378027115,49,0.0,0.009138667679463251,1.3619012047032608,-0.33536401011586786,2099.897332768552,152.59325856775789,654.2673988447764,0.0,471.28609710241665,157.40284088405215,0.9349450491088667,0.0,49.95870860147286,55.679867436315774,45.047203500366024,64.09142407502061,54.060770210196864,78.16446546746239,57.00105916158054,92.2087022264274,70.96507072693475,52.51173546226724,34.5783919767319
11,1923.609571213541,158.6122335859396,0.25531963028650384,-0.5515576654332103,0.12703693240084654,49,0.0,0.006961160655670428,1.0479604895394352,-0.05086227270117236,1923.609571213541,158.6122335859396,797.9387378537615,12.84091961953688,668.7737311351045,157.4762990010552,0.9374562561454841,10.944377623740818,75.99201615206384,86.91512053011161,83.96054039826544,82.07415770494379,76.72077841999247,79.14757441967792,66.96930274325734,61.70260264021563,54.65334636024768,82.09245374433382,36.76646711691117
12,1660.8882952327933,164.3974322668195,0.38480945934695704,0.35416717730334507,0.50299694881267,49,0.0,0.09729607153989707,15.439152474316291,-2.9715586406096883,1660.8882952327933,164.3974322668195,3314.8382080964266,0.0,1641.7331846185284,157.58577456066467,0.9398689888986209,37.45298319764761,298.00894186771586,309.6755169749464,315.55976527609334,303.93246947058253,343.9522762888214,295.9586996992406,291.0746909770842,358.2028683680396,289.89175900462567,324.35670378691,146.7715331847195
13,1110.5752220736442,167.92494101870898,0.28924733045507517,-0.677666642121781,-0.5431093071666512,49,0.0,0.006787534990104191,1.1851794037600738,-0.18446023908409495,1110.5752220736442,167.92494101870898,844.5704510920442,0.0,593.4823658224245,157.81508929785275,0.9413327405349828,8.34929968450204,99.59372130618544,66.49013209368012,79.49361904038511,97.84028728485944,65.74616486420226,67.20296975711932,66.86622578033185,58.48607313629993,87.76173226626068,78.14430220667472,68.59592367154332
14,2044.9397374693772,169.35769351629327,0.6601558927158885,-0.16076190964186696,-0.3701075953820363,49,0.0,0.017055757510922538,1.4244079519559054,-0.3840859737961366,2044.9397374693772,169.35769351629327,1311.195476758855,0.0,1070.2551656746953,157.42574078549967,0.9419307107359517,9.258015528970896,117.51597214709454,122.26209566771419,118.45707565052378,111.28161085076997,132.01476145415535,136.8775561759824,127.10009257586098,119.01590260261392,114.27554975262396,144.2762152253228,58.86062912722217
15,1151.8041549250433,180.58371422761797,0.28842365150277144,0.3314331246040085,0.6632807340880092,49,0.0,0.020642028425716035,3.4253130959101594,-1.3367506874626156,1151.8041549250433,180.58371422761797,1305.3711191814414,0.0,1083.0638156598277,157.79790985170416,0.9466075971416673,19.04409018459411,132.79413509841646,105.76555317060728,152.14935823572716,101.12407244032555,107.30521779013391,123.73100651165706,97.35173717773517,114.13774197841653,137.1560177819022,138.5263147497912,76.2858740621347
16,1632.9357744195245,180.30709969657426,0.22388862601963067,0.5862503726414595,-0.06994069780489628,49,0.0,0.010303503667680472,1.1859981516151512,-0.18521003044589235,1632.9357744195245,180.30709969657426,1155.204668220244,0.0,394.8096706939253,157.59742233297163,0.9464973663254351,18.029199203991357,111.51300056075758,111.24895603318002,100.83608120392465,88.46645494980763,113.14867258259721,113.84083016239572,100.74734118726113,116.32001160308499,116.179295110557,121.30585605477089,43.5689695679158
17,1565.663471826847,183.08499999651616,0.39570657010946597,0.3518700683564987,0.7609599855100438,49,0.0,0.01161346765057129,1.4807820818187942,-0.42622787650706656,1565.663471826847,183.08499999651616,1065.7529796134895,0.0,340.59364596115586,157.62545479640295,0.9476546974972979,11.024834795194856,113.73437896492517,85.77861518504484,96.73859307593915,98.79703473873406,122.40729521171082,105.08860546047431,84.64226507797281,83.80901524535133,97.30222419528215,114.67223371648487,51.75788394637512
18,1240.079841447645,183.71722818873215,0.41550327346784194,0.2044073782367032,0.1934776623815074,49,0.0,0.011599673990570021,1.321166177811564,-0.3023936177826596,1240.079841447645,183.71722818873215,1002.5857954376994,0.0,813.7518119435335,157.76112566773645,0.9479148723610589,12.438381229835736,83.13241518471914,103.92081951561354,93.87795473985933,101.47392662451817,102.35861784447033,84.87032565543805,89.67191674326168,83.54541670031088,105.20676473960985,88.08621157447428,54.00304488558844
19,2094.9209677702897,189.12548380927913,0.5540962727624915,0.15732764694905876,0.6212200730446922,49,0.0,0.06364646025669064,4.569750613848524,-1.6497312496359338,2094.9209677702897,189.12548380927913,5407.278532372226,0.0,4464.935594779261,157.40491303413586,0.9501651882244645,59.2159464973384,515.1181618944208,502.1533154059908,477.6624871708225,506.7530455409465,481.28547154057856,493.9764669398118,508.9654820595072,569.1141134526096,504.91577538638234,536.5023679988439,251.61589848497414
20,1949.9874374137703,196.2069142931574,0.7225864913376167,0.2168589689822061,0.5687091211158897,49,0.0,0.01156577610592598,1.1315040157027032,-0.13414024900665247,1949.9874374137703,196.2069142931574,917.3510499546869,0.0,578.1696751670156,157.46530635331686,0.9531185384371487,4.935570594138699,87.35102207354669,104.08288554112025,83.30634470017496,77.1991097815411,78.97459695230938,96.2873814517006,66.20487343853947,102.74470155724333,91.4585717762917,76.5064771543836,48.299514933697125
21,1922.8032986248986,214.22024975335455,0.6740259160394876,0.4894814919718115,0.4426390941032916,49,0.0,0.017225140121932613,1.627668388394435,-0.5289148223902745,1922.8032986248986,214.22024975335455,1102.2388116593158,0.0,409.02010481292916,157.47663351456924,0.9606237618147935,18.249286203282356,110.22573752696184,114.7848589569078,106.99288712516456,86.12850941328955,108.54613248217615,89.72104659705631,103.88845402363074,94.95764280971221,108.22094065893546,108.15201626361505,52.37129959858379
22,1221.0871523117148,222.67610150456002,0.6357171324399504,-0.46544789089568805,0.7207482337297182,49,0.0,0.0114955510554887,1.027704348294669,-0.029670485160862993,1221.0871523117148,222.67610150456002,972.0684271426733,0.0,446.02754604826265,157.76904109652904,0.9641456461634034,10.102433349771275,111.66314292899915,96.24154354577819,88.05963032024746,76.84734792859217,92.77432063590047,102.4588248012077,77.4764665290774,86.49047502546082,87.5374789451295,87.96271170269075,54.454051429818364
23,2296.0232143396483,225.96749634629768,0.5928048777521687,0.6268587626303,0.5257526955273021,49,0.0,0.008595625792519317,1.1840867907106598,-0.18345884073349653,2296.0232143396483,225.96749634629768,446.26765126347425,0.0,268.92809904790994,157.32111282114894,0.9655082430633651,0.0,20.95579628780066,21.707984127528967,61.878722515594276,35.54699439232431,48.50682291316594,74.40616730836143,31.71250970752221,26.05078562628988,44.588667793766575,55.086913900244234,25.82628669087582
24,1084.7137502876687,230.40890426290645,0.4625758550157147,0.01412051313321944,0.43868269642878566,49,0.0,0.022842932263732674,2.4550448980076407,-0.9751485973375564,1084.7137502876687,230.40890426290645,1429.5881692071803,0.0,1169.5949576435078,157.82586825846457,0.9673641906695033,16.30248333295443,109.63453167983562,133.55259712358983,138.22562244191522,121.6768924994368,139.53987734881406,138.77722300482142,129.1385934637633,154.55937732609073,136.51410455471523,144.83579188215296,66.83107454909077
25,1994.5346900065695,229.93124289050547,0.6484277948808751,0.6169972448592711,0.4266307957496941,49,0.0,0.019407709900883842,2.0432891882407334,-0.7758245925100681,1994.5346900065695,229.93124289050547,1116.7507825681375,0.0,435.32300477305245,157.44674245231,0.9671680191352643,12.546487129944673,115.86172655803477,100.83532072814529,105.90137565902273,93.46311162571884,110.29893084493918,126.07558607117599,82.71722621648402,121.7603911949999,116.0116912913166,98.7481636641637,32.53077158419178
26,1150.2869289193457,236.83781687121117,0.5441593677120984,0.3951096269616723,0.687068266693257,49,0.0,0.015979972136518066,1.929139020300242,-0.7134088137620892,1150.2869289193457,236.83781687121117,1108.2101433369508,0.0,519.6751889922568,157.79854413540085,0.9700442455153359,6.237448324002908,98.18034396805302,100.66361541776098,96.16227493645646,104.2457283636856,98.51460272774492,118.18681719690797,92.00446535201952,111.49493060064904,111.40866706791644,122.61980856098174,48.49144082077232
27,1659.441411493213,242.5245991385838,0.5642441074952609,0.20912444185895135,0.5157751057686518,49,0.0,0.05726005996873878,7.449967702616424,-2.18038597495601,1659.441411493213,242.5245991385838,1888.4157239892024,0.0,0.0,157.58637710239125,0.9724186158593582,19.723064814905328,171.42759192363144,172.7486797162743,183.4684298195109,182.17895194830464,196.0853314899552,182.59737447078808,162.19501412239134,185.92911546859546,186.26669851236022,175.63712194525496,70.15834975723078
28,2310.9987933378306,255.7339249371298,0.9054803889978632,-0.3770855131838501,0.11927717181316376,49,0.0,0.013936828473657818,1.437644087799312,-0.39412845670883295,2310.9987933378306,255.7339249371298,863.8427775831902,0.0,513.5896127248725,157.31487086485905,0.9779090059827761,1.2029380365937796,77.13639769780778,73.79936184456358,57.221226153131795,59.53321235514683,98.74444364992242,90.3582125728699,81.89639817330816,128.90797826415928,71.37111348976478,52.613792050029524,71.05770329589238
29,1680.7275006634964,257.44723864917734,0.6131806916179103,-0.13982753997853734,0.4584670444756934,49,0.0,0.04699245810529516,5.7409649788723085,-1.897462243963641,1680.7275006634964,257.44723864917734,1630.6331039819127,0.0,0.0,157.57750695845542,0.9786357054009972,11.700824344317564,152.67355390988763,153.61291181580185,173.80466232769703,146.3731645243953,146.43198599725577,167.4418618886504,154.42524980838073,148.60156740543889,130.0921221551282,169.64950659398252,75.82569321097665
30,1770.8866079565403,262.0692375652464,0.7484820712351633,0.2749444901541002,0.5751967329478265,49,0.0,0.01152382457194037,1.0266519514735644,-0.02855809250480198,1770.8866079565403,262.0692375652464,917.7571624667146,0.0,0.0,157.53993694367813,0.9805607690332534,5.024421879634081,86.52061075453297,78.98670092801805,81.37084502068228,82.38837384729669,97.63918219255021,117.20905628682122,80.07083519823834,96.06871036888083,89.171183530562,70.97173620575535,32.335506253742516
31,2299.268973423766,264.82032838039,0.4268877805633585,0.24521874795985177,0.419653482660279,49,0.0,0.013953719633452988,1.1339681354496136,-0.13650212758967997,2299.268973423766,264.82032838039,1355.6298338233942,0.0,1039.6812101966439,157.3197581231684,0.9816950263482573,18.76654984425682,153.55457478261175,129.07720789240855,128.6922968572279,106.54448280648147,114.96073521149923,138.87654000055784,118.342145606913,122.14826168859685,141.35827035267232,132.12464137439218,51.184127405776216
32,2279.7857599587524,267.76744766653644,0.5257788694480393,0.07593598781658543,0.3077649687918199,49,0.0,0.01934252386736717,2.0677826202715606,-0.7887622018928709,2279.7857599587524,267.76744766653644,1266.8449715932575,0.0,1054.8334008517404,157.3278765707976,0.982923559079472,16.679223518216105,103.74873298869406,119.9906997664093,130.4023207135093,97.55364793495141,118.47850140178451,110.63428819363396,113.03769441471957,117.59689825696218,130.70482796525496,143.3419097898228,64.6762266492993
33,1961.2143458433156,277.100351687313,0.403230289924081,0.2028765287587677,0.08271428294809689,49,0.0,0.02870810896542977,3.740116661148878,-1.4322128721476108,1961.2143458433156,277.100351687313,1577.4249705150223,0.0,0.0,157.4606257287742,0.9868205041200693,12.473130184424083,156.6073112029572,181.87884728042388,149.36904559508923,153.0217562007599,139.7541835111444,174.79584519543903,126.84899402852417,146.73066160960116,124.15378441599393,148.5961839286873,63.195227361977885
34,1793.6998389983755,279.2121206117234,0.23663704316468442,0.02296066090688599,0.49715082639290864,49,0.0,0.039293061465788356,7.4026773417530745,-2.173472050832916,1793.6998389983755,279.2121206117234,1966.1757827559068,0.0,0.0,157.53043023603126,0.9877027468422076,14.793614858232822,189.20874394166222,183.81616789049798,182.18439925937653,170.7745672850817,183.40685328498319,182.2488213660523,163.75233586537036,213.08730896347973,193.48554910596917,196.57195467412785,92.845466261073
35,2320.8148156163106,281.70616570314974,0.6702479856959769,-0.4047131731688552,0.47112166892290974,49,0.0,0.017913719550433502,1.4576869213471524,-0.4091606430622776,2320.8148156163106,281.70616570314974,1264.3979769591906,0.0,1038.2460179981972,157.31077904411902,0.9887292462602982,11.430659916098051,127.71252829837027,132.9780352031524,125.77664996401165,104.49623204614457,110.50187305954864,113.26586045226989,119.35372037454184,117.31689982335068,121.69112910020786,127.43681194179794,52.43757677969695
36,1548.248406384613,282.87690172681135,0.6213217561151371,0.1700569837459747,0.43321724238321674,49,0.0,0.06793329886434513,8.529696723523754,-2.3273339748585444,1548.248406384613,282.87690172681135,1942.567905505728,0.0,0.0,157.63271210426052,0.989230501843544,24.27100892703026,168.06727437866124,191.79112659718442,199.22918645814713,177.4946976956553,175.05119689946133,177.71828916928442,166.5705252087874,194.30755022821438,197.60923064828782,185.1876889560872,85.27013033892743
37,1825.1853704254477,296.8808582753217,0.5866377639654173,0.3179120198090844,0.526785263401115,49,0.0,0.4676056448661586,64.0845124552603,-4.5168827115536425,1825.1853704254477,296.8808582753217,9363.799016401626,0.0,0.0,157.51730962810942,0.995063696804296,111.9905632591607,877.6525552670026,945.0791597549544,850.3284126722028,852.1668513389194,906.6040819123069,972.4426222235097,799.1870378750465,889.6116265769223,871.6025543852564,912.2055873443774,374.9279637919655
38,2225.9150443332596,309.6450211649801,0.3854083869888703,0.522779205148855,0.4006389195259117,49,0.0,0.07813282386572824,11.956566884732412,-2.694016244061879,2225.9150443332596,309.6450211649801,2909.8601631454226,0.0,1420.2765973685414,157.35032231513736,1.0003726063045135,31.484989311327183,293.01116719646905,294.2498797662216,287.13916552015553,279.2602046534068,248.5955123701779,263.64805598391104,237.48614457069948,311.1456292183283,244.635344989899,292.3490674886035,126.85500207622317
39,1617.1799232076028,310.63348520252737,0.42465195799615735,0.16344746498276766,0.6154353460470375,49,0.0,0.03577052905525946,5.401568265840029,-1.8312996728531619,1617.1799232076028,310.63348520252737,1527.4227900198894,0.0,0.0,157.6039876396271,1.0007947694527426,13.161451844457963,127.11823150401364,160.20352219889907,131.60402446748768,139.1091689885604,147.2440290095797,146.33892019820667,142.60640510939123,152.96840399608357,134.40102456300713,156.79157389872694,75.87603424147535
40,1433.9402612598547,315.0748784588437,0.43296246860630205,0.21145150072813124,0.35020645516603877,49,0.0,0.012655025858180631,1.2674305513526907,-0.25731042890766476,1433.9402612598547,315.0748784588437,1095.2060263090377,0.0,0.0,157.68034581447884,1.0026444595632595,11.481840929118093,78.247116147952,123.65212247462566,103.42850576990764,99.65128862057517,103.4767548068771,112.27561998937976,82.02027782026079,122.96830914726924,125.95683665002326,94.91970793799179,37.1276460150571
41,1751.9390724909097,321.31331646680195,0.8407248240437223,0.30951349178639,0.48754854089137795,49,0.0,0.025209776652565605,2.3854143219980064,-0.9439095560607608,1751.9390724909097,321.31331646680195,1049.2503074428637,0.0,0.0,157.54783179167816,1.0052437086208466,7.506419735316891,111.04416777624952,118.92395091796439,94.17891703354456,97.82083947644813,85.77791456134358,111.48079180812422,101.22188910960831,87.2906867118301,104.49937052596042,96.25348759106276,33.251872195410755
42,1339.5968986302355,325.59602098717994,0.20743138374606346,0.314929988428902,0.04172916809861628,49,0.0,0.0069197549165508155,1.1933999552322707,-0.1919650430412342,1339.5968986302355,325.59602098717994,926.2809411349303,0.0,0.0,157.71965997774495,1.007026811933758,6.5035182806157525,87.52336526367328,82.13902872043914,104.71629032748503,71.15528551604558,94.23981692789123,88.18068345567173,68.10148992609474,94.61493012335058,82.60105484260956,95.27497908319536,51.23049866785824
43,1715.2397006494684,328.975106182473,0.5536345539455761,-0.07344405895587211,0.4539700223661501,49,0.0,0.020759917149205036,2.548747999209359,-1.0158172446529103,1715.2397006494684,328.975106182473,1136.2320329749523,0.0,0.0,157.56312480278632,1.0084361049691386,11.40888069012568,94.35449627101653,126.17327247646296,108.33096076921098,124.49710481452944,99.77073269966431,96.4686770440274,112.43305806504551,97.30675590820964,108.9104377546048,102.99517937833457,53.582477103720535
44,2086.133136825197,329.8380211016143,0.5161365276913626,0.5498800916141323,0.3248074463256873,49,0.0,0.029605426855182786,4.111350833970382,-1.5349613450500734,2086.133136825197,329.8380211016143,1256.192070077007,0.0,0.0,157.40856933522187,1.0087896821058016,16.907636568460497,108.21413830825881,125.0878653386675,112.1440440409758,107.61953742642405,126.8511475215484,123.94130023079691,114.3330371577301,124.89158756696696,92.60290897124395,135.76952444801628,67.82934249791784
45,1949.8407816057706,335.2306411558091,0.6537836052087175,0.1437674356630309,0.5037561163602284,49,0.0,0.020800628373809686,2.290196480647606,-0.8996818573787745,1949.8407816057706,335.2306411558091,1199.9670984252448,0.0,0.0,157.46536351364568,1.0110394444946407,12.413300887956748,109.0413315009478,111.85108974313823,114.32216182315847,111.92583329497484,105.87209341269244,113.08674153480487,121.82519656194546,126.13503018591042,99.74407530495358,122.3448832701929,51.405360904568994
46,2315.5054990122712,341.21636297368,0.5593128741232026,0.17767295164657548,-0.03880604676946939,49,0.0,0.012420942419554139,1.3522031974549917,-0.3276048963634654,2315.5054990122712,341.21636297368,976.0323529108465,0.0,651.9667597981322,157.31298796514048,1.0135228465465271,9.774679852111687,84.29641411839418,90.06669963808741,96.66968519329345,91.07542006497647,97.2011853182675,86.57657063169206,83.64167768698937,98.36581042595985,85.59398460186605,92.99888086742394,59.77134451178447
47,1234.9312564735458,344.4942410053959,0.9657911175127569,0.4363004285196468,0.08547647541210886,49,0.0,0.013858096334431108,1.0352693681611576,-0.037633410437445676,1234.9312564735458,344.4942410053959,1004.1497512898363,0.0,0.0,157.76327585790594,1.0148986295811049,10.07300848441253,99.80974453900185,93.87669624958761,88.969906547027,96.8366826511545,89.88206842575622,81.58838742694572,82.1160626224544,113.62580253059654,94.09474447397821,103.8614698364548,49.41517750246699
48,1998.4489201554136,350.1515873859676,0.7378573833819162,-0.13504405388752597,0.07405184203368922,49,0.0,0.016258021523850166,1.6280603619795915,-0.529176256893822,1998.4489201554136,350.1515873859676,1067.8155711048516,0.0,0.0,157.44510749306355,1.0172549881227653,12.346031963605945,83.55830290005758,118.6870402002773,96.89743822253,91.58471762420734,107.57818506133442,119.20051360863258,85.87927390571356,103.64009865178318,112.6365781703093,88.35810543767474,47.44928535872551
49,1390.90390709235,353.2085699131598,0.4237692854419542,-0.5638176903543974,0.12371840890799038,49,0.0,0.01502399279849123,2.114498335779084,-0.8130183691763865,1390.90390709235,353.2085699131598,1055.1041398125149,0.0,0.0,157.69828020773073,1.0185317024733729,14.210351437921226,98.92859213804363,96.45728103803117,98.98538596492287,110.54264943864915,92.64850295904472,104.05738791938221,103.10692720678664,118.53032480725125,93.47767656328011,90.35129666283481,33.8077636763671
50,1850.7528566582434,353.7760012062727,0.5440347643827151,0.2692838811122663,0.4271872201678567,49,0.0,0.3015370891016451,42.93178307493928,-4.081947315743535,1850.7528566582434,353.7760012062727,6410.428148376466,0.0,0.0,157.5066542542512,1.0187676088058468,61.7974340673172,600.2831810767212,597.5736376540509,577.3506924478027,619.0824842441962,607.9843764042439,557.11954848654,574.3245299211615,675.1657222561214,590.0634556283752,631.2130768490673,318.4700093408689
51,1464.219743777306,357.5451444712088,0.7114774725327413,0.150392969561056,0.5916289937958684,49,0.0,0.022885422339729542,2.223450580960856,-0.8675687028517312,1464.219743777306,357.5451444712088,1278.3446166077679,0.0,0.0,157.66772846892698,1.0203391424917487,19.92974643011081,124.87689244339504,127.44769244257643,124.20365150166052,124.19230419918449,124.17348901758984,113.66434923403399,100.87094106129263,129.51663541074566,124.5868328953537,114.22079390730057,50.66128806452423
52,1890.415584142854,359.0560063712371,0.5115649355772233,-0.38673775084590556,-0.6536731977680288,49,0.0,0.009269395941289834,1.0938147444626434,-0.09735943326030405,1890.415584142854,359.0560063712371,867.464607826787,0.0,0.0,157.4901261236487,1.0209668488433765,9.947203217526303,80.09095245049387,99.53199240651338,68.87327313247515,86.61057412509942,80.29291934033023,79.82017616909906,71.85469545980115,85.49984487438381,83.81657119810129,85.0416091002037,36.084796352759554
53,2437.4116795646564,366.2474018889441,0.75074164516766,-0.04013408036022701,0.48033855933449465,49,0.0,0.06004674504533434,6.028861531662329,-1.9505882732205415,2437.4116795646564,366.2474018889441,2177.0228353887196,0.0,1844.9027727759012,157.26218782202318,1.023946325322202,27.92636166067402,218.43634615966133,209.37435470243008,200.95154311778697,174.1908580290189,199.47153203150543,223.5822341128909,179.73623460654193,222.3936986222967,201.96000988810073,201.85872348754862,117.14093897026393
54,2041.7542557914246,369.65654770891734,0.35816768591505166,0.24295866038953381,0.24606551783862388,49,0.0,0.018096737407179212,2.7510796143205076,-1.0987578968754887,2041.7542557914246,369.65654770891734,1197.0400282062046,0.0,0.0,157.42706097291287,1.0253803740411338,13.68175547569997,103.7466690193103,112.8608201663685,114.5511568176791,116.52379747836572,118.04443835489576,131.48532798761823,105.73442053839062,113.47071287295137,113.03696404464448,101.19255781025129,52.71140764002928
55,1781.4800798328913,380.48920838925784,0.46630579697953906,0.31105498717958846,0.26374037104428494,49,0.0,0.03816986941406313,4.895300791793373,-1.724448455466703,1781.4800798328913,380.48920838925784,1712.0599347693283,0.0,0.0,157.53552082327798,1.029898011510624,14.979680111773458,157.64968113055357,169.12152074498997,155.01295547193502,164.83517207400334,155.91368552159355,146.90702572725678,178.9151390471893,176.04936068143152,129.35352412380163,174.0176633554002,89.3045267794001
56,1531.9006385562425,381.45182166334524,0.508342523028771,0.2700379973627234,0.3973978302991279,49,0.0,5.76807970696275,836.6317483346876,-7.306335852694205,1531.9006385562425,381.45182166334524,128363.87875768603,0.0,0.0,157.63952492565295,1.0302998326327522,1356.5888538178579,12377.819792541575,12345.698676518316,11909.552738585891,12191.777693679456,12018.432672782357,12214.986982403343,11587.367032007951,12471.084805794402,12011.35970365545,12197.655396653827,5681.554409245602
57,1950.10657963848,383.7149841692022,0.26649630021787934,0.2857895472264392,-0.4617833826375455,49,0.0,0.009155886342152177,1.359160661475828,-0.3331769903749343,1950.10657963848,383.7149841692022,877.1785383499945,0.0,0.0,157.46525137357355,1.0312395382684736,9.488269304821578,87.73642244607478,94.65835313432997,88.8580395600432,98.59730800482888,76.7430984898687,75.51158146359538,84.39521276083354,72.11833004826751,74.79471553573953,66.87751963216856,47.39968796942289
58,2510.2659897056615,391.36682603706174,0.6866761963386193,0.18436581959601522,0.10690494699894112,49,0.0,0.010165219804698448,1.1030887748814235,-0.10652616299007599,2510.2659897056615,391.36682603706174,911.2217060551126,0.0,532.782378693573,157.23182760035206,1.0344082513692172,104.45800118317878,77.5353720922836,77.5068876137136,82.31390360613047,71.71937685242577,55.71203885218137,78.71078713421593,88.59471056886038,73.28864396041912,76.20463330070058,79.17463591068258,46.00271498032049
59,2053.449672396593,392.92815500480395,0.31352246998747657,0.3985557565658756,0.2805331158955455,49,0.0,0.009013100854549847,1.213994067681798,-0.2105414112892936,2053.449672396593,392.92815500480395,897.3661019673448,0.0,0.0,157.4221864913676,1.0350757786686795,10.588060412773793,68.37781609128716,103.5327300784042,91.01683175376115,68.86968952792053,97.89651142627011,89.41193401708709,72.34482116810116,85.02020093513468,93.14430590778278,87.77850782623035,29.384692822591838
60,932.488984981975,396.3983995259529,0.347048131376984,-0.16499264433797825,0.6902542847729262,49,0.0,0.00787557158226772,1.158149467011697,-0.15941152911221199,932.488984981975,396.3983995259529,933.0991521468329,0.0,0.0,157.8893089758293,1.036514987337048,11.99374685798394,85.46569590678506,97.70953552926278,82.74649108319707,86.37477031890262,80.5761265538039,100.00406629240635,85.79661483868357,86.64593687718731,95.2276017940905,82.06322780017864,38.495338294351114
61,1766.3796516705015,398.24936367746534,0.5016288155297232,0.2761824789619062,0.16997072785825082,49,0.0,0.10170506455777714,15.566390425483561,-2.9804697973110943,1766.3796516705015,398.24936367746534,2517.277269577962,0.0,0.0,157.54181318758222,1.0372976394546713,28.836299607501005,238.42059310329367,242.15996527339735,240.84120631980088,227.92279168782244,245.44248994276114,260.1583332373474,200.474953783186,271.0301887200064,215.73772572816856,233.87477810069043,112.37794407398655
62,1411.2420657296407,398.96987187632334,0.6686078161029909,-0.08717194695723356,-0.10408121279699233,49,0.0,0.017053845785000743,1.9161094293869982,-0.706050770235537,1411.2420657296407,398.96987187632334,1163.0340316900483,0.0,0.0,157.68980570691588,1.0375976002526768,17.745945930354203,124.91034376998319,107.83711985892666,117.99152656614544,92.44547919671493,113.65545163356626,124.49229627467403,97.94523822953141,94.42291451797827,88.43721736364134,129.21830653940734,53.932191809125115
63,1650.2754542670368,401.5683430800914,0.5239209528864426,0.8907147510270422,0.7114127700621792,49,0.0,0.0160128805556098,1.5945719559157836,-0.5066103044821999,1650.2754542670368,401.5683430800914,1190.9036698634668,0.0,0.0,157.59019597044156,1.0386811288335467,11.943886142246946,117.06274275056106,118.11000944688541,94.414558892674,98.89840778301941,103.27757625332734,139.3629565495332,109.19057960345441,103.5114645720416,100.74252285686413,121.68470966361465,72.70425534924473
64,1554.0115135199696,407.078276854757,0.7348749668273112,0.5925368272781613,0.8371033748888242,49,0.0,0.01378547837328521,1.2127257567578993,-0.20940650383068854,1554.0115135199696,407.078276854757,1092.3976209963107,0.0,0.0,157.6303110319849,1.040976769422046,16.28500465813872,105.57429707362749,136.51692956659497,123.11888678593823,101.11363133752322,89.63981665297575,91.3287725788964,83.71906300330755,100.55077897514325,95.56187915323318,99.2817566263278,49.706804584603994
65,1328.013133436796,407.8859764735645,0.5009624332580458,0.1779918616719742,-0.03641687869961663,49,0.0,0.010449261544706125,1.348243076553007,-0.32442049698320896,1328.013133436796,407.8859764735645,821.1650503475676,0.0,0.0,157.72448889083648,1.041311300583237,10.505242942732508,83.18051664541969,81.30879953453262,76.98510507590314,70.20783335058545,71.85074737594074,92.75774569940853,63.8134457354501,67.28569815919674,87.80001354305062,78.48363171214496,36.98627057320239
66,2025.0800315198767,408.2009136523265,0.7064426752864581,0.410009841872827,0.17994450857677485,49,0.0,0.026280004916461968,2.8782863662486444,-1.1478350013595395,2025.0800315198767,408.2009136523265,1108.399923454897,0.0,0.0,157.43400800040777,1.0414395946153692,15.870643669256562,95.73948487037453,120.66917213096707,115.60915987947274,97.3385334385243,84.10386647839367,108.7248407007398,88.51360875333916,90.10165058578485,108.15049372075589,134.91998726738038,48.65848195990796
67,1841.363194746293,414.60932043579714,0.8188561708206716,0.06253532675396166,0.39285004236395904,49,0.0,0.026521870658114108,2.6531141999653967,-1.0593898601116676,1841.363194746293,414.60932043579714,1098.8213102852137,0.0,0.0,157.51056586652032,1.044112927097769,12.272689362252741,92.73522737251548,107.19451198196006,84.74969226144341,112.6380230703821,100.11634336763312,110.1670694578201,100.85584469439797,120.86955957847553,88.43665337783865,116.95897502892235,51.826720731572166
68,1372.8939456461546,418.6127991663231,0.20450663813975944,-0.15276856030516103,0.3518781003723044,49,0.0,0.008100723613376557,1.5232625904624708,-0.45693694113500244,1372.8939456461546,418.6127991663231,873.7020812396217,0.0,0.0,157.705786427622,1.0457810887850396,10.556637390109158,64.2286934475405,89.68482210562865,73.62549724183002,82.02137741156645,63.987125342544616,90.33176087440506,89.91785046921103,93.66220548305864,85.89429806067116,86.2524897150014,43.53932369805506
69,1410.9175628049045,420.30103390438694,0.5315181699611686,0.19794569853085947,0.3894397000126057,49,0.0,0.49158437889224166,73.17119001019405,-4.660850295457546,1410.9175628049045,420.30103390438694,9569.73524468405,0.0,0.0,157.68994126224348,1.0464849060467827,88.18419332540907,839.9658099767041,955.4545426765952,889.4669338521915,891.9987895174291,882.6140411348874,934.8709697242341,872.4707055151019,944.5961985797867,947.0020038947891,914.9849040455218,408.1261524414008
70,1462.8294468445229,420.00928131791136,0.5148008912448302,-0.4712700464436403,-0.08650040170329107,49,0.0,0.015938547390172284,1.7248528623248496,-0.5918801343118633,1462.8294468445229,420.00928131791136,1112.6864308913991,0.0,0.0,157.66830852658805,1.04636382159829,11.170432780585877,117.19223159785619,101.45595858065488,96.34723584804439,92.13978374257518,107.78254242477449,111.86905186938014,111.45113293659314,108.50612222404601,93.40337264676815,112.41103831960558,48.95752792051519
71,1543.422149407315,420.8148682011429,0.30253965030939717,-0.11834454180345416,-0.2448711133131174,49,0.0,0.0068619143729523055,1.018350168916268,-0.019742849418952414,1543.422149407315,420.8148682011429,871.7885243392918,0.0,0.0,157.63472389233294,1.0466998923326294,14.334877263562337,85.13985653199421,72.80861015917299,68.4154808678843,86.45373097831612,70.14398083231032,81.11700606109801,84.82926059208845,95.12635042980602,77.17672250255082,94.41431484210588,41.828333278402376
72,1092.9037150414117,420.46186693229373,0.8254523754204243,-0.3157103241973888,0.30227478376717326,49,0.0,0.013629036512344955,1.211441591833001,-0.20825620000940176,1092.9037150414117,420.46186693229373,911.8361223234199,0.0,0.0,157.82246335180898,1.0465457790988235,5.925489721479058,102.58725161159136,86.82167565906184,89.15392714936434,81.58456099305103,96.03605245467544,99.49458696809836,58.3651840978664,116.80625556236029,66.70680477744023,77.10962446975769,31.244708858673903
73,2381.739199738253,426.1940273566808,0.3815679269057957,-0.35397002230005037,0.14415999321754894,49,0.0,0.007765262399151816,1.022428570161213,-0.024082441653381692,2381.739199738253,426.1940273566808,891.0747949837712,0.0,164.94245289112638,157.28538284527994,1.0489242057655876,7.047677857110337,103.85780541710491,79.15903937424069,82.40849652956018,66.73265528906894,79.87654248698755,92.84978312071016,70.08967622063669,77.44231763266839,83.1410400688356,109.40904653870068,39.060714448147195
74,1399.6125080023442,430.194309523915,0.9586896271082974,-0.07195222524049934,0.03151642337756276,49,0.0,0.01719307070573221,1.4728629187522113,-0.4204058209425636,1399.6125080023442,430.194309523915,1020.6694325704711,0.0,0.0,157.6946524662342,1.0506066765771607,7.103492623621198,88.71030281789703,103.35690862548236,98.37642565921703,83.42250823996267,99.37154138359037,90.82664623848031,81.80058952843355,116.69326247599354,84.37428062018398,100.49845038598018,66.13502397162904
75,2013.7432793324524,443.2866336468309,0.4041447963011061,-0.07127529923557915,0.6948186428777143,49,0.0,0.011287758292858191,1.47055636868682,-0.4187041908435965,2013.7432793324524,443.2866336468309,934.5319326135641,0.0,0.0,157.4387310265149,1.0560577731788816,8.159925484438855,92.55465031218012,89.57370712009711,84.66525990805098,92.65136144704182,74.64765037378007,86.46716852971369,89.4166778520824,103.84371301393955,74.74846697855389,97.12636195252045,40.6769896411652
76,2265.4812763453624,443.5677013926184,0.7240870011465329,0.31466732099330674,0.20501026240306663,49,0.0,0.015470339978089484,1.6524050233425234,-0.5452912664249856,2265.4812763453624,443.5677013926184,962.857193617228,0.0,0.0,157.33382771622087,1.0561672952781247,3.5053402792860897,98.24386463219915,95.2746273067248,95.25608993395923,88.7158880496614,77.1039898370694,98.50040182719158,75.73968956344456,94.83089398823901,84.94916533508848,94.56527641828603,56.1719664460782
77,2320.58580533778,443.0033385542769,0.46804488811483846,0.20112189147293535,0.365207347052068,49,0.0,0.03358125103415133,4.505044964335155,-1.6342478249498507,2320.58580533778,443.0033385542769,1469.4085084786361,0.0,0.0,157.3108650229274,1.0559300324013527,11.858342938581137,144.88976086853455,138.9797643009403,140.64596061500862,155.530334760092,113.74594802448452,125.90677689298096,129.8646784036635,146.4672346404501,135.78911728298058,173.147618096584,52.582971654335765
78,1783.6802474358255,444.73079674810833,0.48676554980814996,0.3348909587010086,-0.6399068683393184,49,0.0,0.010311974364502603,1.1231373363574098,-0.12608216174759457,1783.6802474358255,444.73079674810833,875.8386531553527,0.0,0.0,157.53460301892187,1.056663296560443,2.7987896367612004,104.85556927935387,68.761824522566,76.79286011830325,79.59921919422258,76.0832592585196,73.64583783910655,85.05388782139048,70.06888582316832,95.70908500107092,104.88154693825778,37.58788772263218
79,1085.0916924807523,448.9773992112319,0.46069498152697136,0.2300874694960077,0.27455967049844693,49,0.0,0.010196336290129154,1.188695292863588,-0.18767635734698912,1085.0916924807523,448.9773992112319,980.9610473038406,0.0,0.0,157.82571993511598,1.058426092280206,9.997568458926965,93.02214568890194,117.15983089502086,81.56873319209748,91.31490387924778,105.52814650532675,80.02823757008439,83.91702127292302,84.68741640444988,92.0030765526643,101.70612551244554,40.02784137175165
80,2164.045603996142,452.01561299491124,0.5429073060989732,0.3005372979387689,0.2823076356479116,49,0.0,0.151165350145352,19.900173326154192,-3.247142147590161,2164.045603996142,452.01561299491124,4052.486587743458,1.922084875127463,0.0,157.37609703262146,1.0596904618721952,44.73236232954683,422.9963805800145,392.17396470816254,390.52909596981704,359.10216927901956,349.3657295464468,373.32996164466755,374.1664277710406,388.1865454043388,387.7053472476341,400.49828861656704,169.70031464620268
81,1069.5739357435598,460.6059470593107,0.4589715590372515,-0.6505773151539641,-0.10519879881392653,49,0.0,0.0124272503964564,1.4530884415410177,-0.40573012057698427,1069.5739357435598,460.6059470593107,1143.7891946764073,0.0,0.0,157.83218695242746,1.0632704936472144,16.9437574525147,120.32589819196338,105.56110232411577,103.40272436796643,106.71535396804956,105.71936139698786,102.37095950168344,99.59863948951654,117.78632425080747,103.57426558152542,107.97146800496918,53.819340146307525
82,1058.6042564610248,462.7475010239107,0.5978101657012633,0.33946485060224035,-0.34403794478726607,49,0.0,0.012302955819224491,1.016434798314679,-0.01769881247609503,1058.6042564610248,462.7475010239107,1260.9532254733076,0.0,0.0,157.83675830706594,1.064162408781638,18.062790805273167,153.11000332492017,115.96181518683498,113.18389993432731,117.96624884897192,120.13370228793465,116.11299434974163,112.19904397638385,131.67897342333788,121.71308795086544,90.3039272651626,50.52673811955397
83,859.4771858456631,479.3325325134309,0.4752966563803952,0.1672460003620065,0.2022617853178291,49,0.0,0.0830939774651236,12.673688388996338,-2.7572575620458224,859.4771858456631,479.3325325134309,2418.719639993944,0.0,0.0,157.91973857164587,1.071065083324448,39.25725522012188,216.09391609823388,201.69436852617278,200.3246329281037,229.77966244922226,232.32331928447513,228.11112930383047,238.4410153797329,255.90280077874888,212.59428772705758,245.5920478380203,118.60520446022443
84,694.6270760048801,480.26159581811083,0.4741358371988771,0.08264900410435194,0.34297495961579605,49,0.0,0.09173197242905401,11.95493428144248,-2.693867982646561,694.6270760048801,480.26159581811083,3049.882373281592,33.98804526871841,2320.7068167571942,157.9884334337986,1.0714444697774899,37.244509074867,287.1116928635141,317.32778712828343,302.13854898937643,310.6753331065115,270.4678667567667,267.9383095328311,259.71520346532077,288.1091915189495,265.7991070854009,261.536437493646,181.81838626612458
85,953.1618119048525,479.929183662582,0.4513179511164974,0.19255704711979674,0.5067182748460469,49,0.0,0.08697345036014376,13.78037404522849,-2.848152514824162,953.1618119048525,479.929183662582,2524.4965401629297,0.0,0.0,157.8806988149072,1.071317352532447,25.842246539572116,242.3279520934816,246.76148545725093,209.26932018469668,237.87530458787796,225.15939015463974,241.09963830468786,220.2356749104353,264.7636532441671,274.18161136688514,231.22526730311967,105.75499601611534
86,1703.6645900881435,484.49814132412433,0.620256338496885,0.25781806177925765,0.4197257695292837,49,0.0,0.0783183345714059,10.512591282459315,-2.5542744496715826,1703.6645900881435,484.49814132412433,1854.4830107132334,0.0,0.0,157.56794699802833,1.0732325283515285,20.903165610959565,182.09159420629686,165.60581286488605,168.68410710915856,192.92363404370752,175.66706137212168,177.37141638826483,146.86021792657652,190.47514685827377,171.4944281349462,191.84585158392326,70.56057461411852
87,1562.8879279065525,488.73171796557693,0.42555188737504,-0.7064136926427635,-0.341162610033563,49,0.0,0.018305872923813308,2.159065026288644,-0.835664306313878,1562.8879279065525,488.73171796557693,1768.442382338635,0.0,0.0,157.62661230500424,1.0749966647150344,16.822705182986134,167.49428006620965,164.06092276075486,180.62195018190658,173.27257627746204,167.3442039322417,168.12408690942425,160.8698154107561,176.36133975602624,170.60985405479954,150.00085487563,72.85979293043809
88,559.6396267646073,494.3957239498995,0.6778211366778354,0.055065046017936777,-0.17582231712311056,49,0.0,0.009541841029266545,1.4516629065160047,-0.4046644492498333,559.6396267646073,494.3957239498995,423.1925190548346,24.298274425166273,170.18449534638626,158.04468454706412,1.0773256900304418,0.0,35.53898487388835,62.60092290044318,51.673444062882496,47.23941253708572,23.73440892805467,49.64672213088808,81.91393681762887,15.39655342730966,25.447821964220598,20.23763684707326,9.76267456535966
89,1391.3988842680797,495.17437528244113,0.5835630269720026,0.3935654359807332,0.40855599819706634,49,0.0,0.019439907827450375,2.278594691108969,-0.8941677029584594,1391.3988842680797,495.17437528244113,1083.8330374050224,0.0,0.0,157.69807635880716,1.0776797250027108,9.989625709200887,103.85642636864631,92.71309829549007,99.25925004940939,102.93663708309747,98.47860766575818,109.32653607214655,103.22003843513443,94.31863561974961,104.65057504099408,120.88549168092231,44.198115384473155
90,1966.5464427167897,495.9660818535956,0.5118684615071386,0.3942884711282647,0.4423961246059193,49,0.0,0.013797488842543624,1.4229211565021742,-0.382952091664206,1966.5464427167897,495.9660818535956,1083.7641119412226,0.0,0.0,157.45839729254538,1.0780070078636463,11.116649870800398,114.80277074707767,90.10088300921993,115.83556068028,73.37765455831844,78.04123373192434,107.56169126768667,123.67640526305956,102.84344141544851,110.77769195434779,114.39862946656794,41.23149997649138
91,2686.376086910284,499.892451349337,0.7104555512800155,-0.06026556609510632,-0.08630041626163418,49,0.0,0.009213174042383969,1.2892735331614098,-0.2758626683641595,2686.376086910284,499.892451349337,706.885855024987,0.0,115.07877792927763,157.15843355706505,1.0796130469831617,0.0,0.0,14.05241018043839,431.329859053174,36.99825099210386,27.049018911069677,31.507689980040567,32.3376410039053,31.623645801624193,47.85841603636902,17.774212543308558,36.35471052295341
92,2024.9006140856372,508.1363789379188,0.30538281439510656,0.6506138883123154,0.5691159150500019,49,0.0,0.007965997210182303,1.0411607929444202,-0.043794513728207016,2024.9006140856372,508.1363789379188,868.9135843657535,0.0,0.0,157.43407931577545,1.0830763023698453,7.828733929643894,87.52174912630969,88.58492113552423,80.50571043542587,72.48184010073348,74.13547319342541,87.14126955461359,81.99079427945455,84.46241618412317,79.93307976193445,94.86288598903614,29.464710675529084
93,2412.432715463016,510.23204400408207,0.6757290205564415,0.5841057870400538,0.45155356712585365,49,0.0,0.03956942073598601,4.302412949158113,-1.5842802299901417,2412.432715463016,510.23204400408207,1469.6175684870168,0.0,0.0,157.27258708128483,1.0839357039528736,14.80841545541986,146.28823915576518,139.5120338872499,147.43208257492273,125.98121169041492,134.17904984901895,128.1431929052544,137.82656523143942,143.45373290826177,137.64528729353088,149.0332093468856,65.31454818885334
94,1966.6185495206528,511.74248603236265,0.3527650823552923,-0.2456129630315018,-0.6595313052180897,49,0.0,0.01017225212070843,1.2504022594154114,-0.24262437440154455,1966.6185495206528,511.74248603236265,939.4027429517862,0.0,0.0,157.4583667739558,1.0845800667254275,7.627028504828031,108.80717052429658,99.42696644044074,71.10770132053119,88.8206097484056,71.9944444305496,92.13480075116834,96.01514242114666,84.43965955080614,78.10532574714233,80.53991041125093,60.38398310122005
95,1091.9849820855534,523.9531062842611,0.628983584995914,0.19452968167615395,0.3289462367302911,49,0.0,0.3547708329713592,48.20929360355949,-4.207826919854388,1091.9849820855534,523.9531062842611,6164.437013417127,0.0,0.0,157.82285048351423,1.089663903014245,71.4061889673965,579.5726145635812,655.8841947795421,559.4840855495497,545.6161510559527,558.3103010028054,570.8694210198869,566.3596409904483,569.0155462924763,627.5214889711002,568.1152136274114,292.2821665969771
96,1992.0128680768642,537.6879854987649,0.6419485864872895,0.28059932222905215,0.3461900578311451,49,0.0,0.10442361836403452,13.924014473958641,-2.8594111651497562,1992.0128680768642,537.6879854987649,2295.3711472149116,0.0,0.0,157.44778349745982,1.09538943421522,28.43622886508684,204.2648121609891,262.1953515138514,202.11480484865626,215.4460566644211,222.75707703654933,198.12133559113292,184.78926102779923,234.13210549430306,216.32350703800245,226.85088742614363,99.93971954797613
97,2506.8592418960343,538.5326973083784,0.9977339346003826,-0.08637521659173782,0.5892355149413689,49,0.0,0.014441198199605999,1.0472569645021053,-0.05013314300514367,2506.8592418960343,538.5326973083784,936.0296429857153,0.0,12.95730449020505,157.23323634120896,1.0957220138513972,6.437248499284126,101.96824557273249,109.91454423535534,82.86546089285589,84.00454042915219,74.03802712178037,94.78732727564748,92.7209188658112,86.53914198013527,79.05952531146974,85.49292033440307,38.20174246708824
98,1469.3519243295195,544.3103816014092,0.4000765068832886,0.14263440747308823,0.20552116915167268,49,0.0,0.04895903748315786,8.646295569265229,-2.342075193974551,1469.3519243295195,544.3103816014092,1598.8847531265565,0.0,0.0,157.66559180347872,1.098152542708059,26.219776700307538,136.60608875000057,170.3028673612001,166.89249615887329,139.60105575401366,130.27117087107968,159.27391813272624,145.99456300684596,152.72895448406962,155.1290281570574,147.73638436136451,68.12844938901782
99,2675.9668417756993,545.3853614324805,0.9318112978981675,-0.49414466087420217,-0.37367923360310107,49,0.0,0.011299903326841334,1.1337307334312037,-0.13627479937520748,2675.9668417756993,545.3853614324805,799.9436632697825,0.0,524.5313366358927,157.16276712518754,1.0985673236874747,7.971801595977396,109.24896258141227,123.62357640256684,66.87922149307369,81.4786061712832,58.397672542161985,54.6808413138146,57.76087027687851,59.71237910611043,86.80419817430858,63.81959822489921,29.56593538729584
100,922.2373148463174,546.7507689373421,0.4975195662110809,0.24721563876400782,0.33840878358270776,49,0.0,0.027820113660677718,3.822918987695503,-1.4559877372202135,922.2373148463174,546.7507689373421,1251.0942477144054,0.0,0.0,157.89358923491514,1.0991564388158939,16.537154265132365,120.25312430261374,108.92714507527984,122.82434952684264,113.23621133189228,118.63573978244493,100.34006647728583,107.70515107313216,121.24007323709921,118.43896342839932,128.90609736975424,74.0501718445288
101,955.130285198117,547.7325756009216,0.3487082876845619,0.4437752664118824,0.7000688644933915,49,0.0,0.008815795823592053,1.1994782020163726,-0.19748089997591256,955.130285198117,547.7325756009216,887.5842185187372,0.0,0.0,157.87988207990114,1.0995667618842395,12.229990496682362,87.17448036664297,87.78024601381621,75.19888212028813,85.6479087995499,80.45410325265811,91.91669907566504,79.94325352990143,83.27213210873683,82.14690304000474,82.61558735040327,39.204032364388254
102,2100.512360505642,553.2675027585358,0.7171493811473194,0.32577943857087466,0.016886980796819523,49,0.0,0.046327363518430496,5.411809245019522,-1.8333562005533222,2100.512360505642,553.2675027585358,1322.9484990061346,0.0,0.0,157.40256830672317,1.1018776727909312,18.459813496242667,122.55434681984636,135.17460655105447,118.17901648707605,116.54070529940606,125.00492272385966,126.39781118089236,123.08022924445812,120.60602948784575,121.51791590189056,137.12985594111865,58.303245872444094
103,1137.1802709589608,560.9751716883505,0.523369524611125,0.1312432782429616,0.3367759216055287,49,0.0,0.02018334653332913,2.901515203177945,-1.1565621262389576,1137.1802709589608,560.9751716883505,953.6096261462903,0.0,0.0,157.80401791522863,1.105090028330252,10.538280276936204,84.16254413410729,97.4794455967974,77.80589134335496,81.27281924210311,78.96534696721244,105.55799660880766,79.31951234409411,99.39611327695951,113.50997826544408,92.88574362093571,32.7159544695379
104,645.056653883232,564.1257197781088,0.5480172822603228,-0.2480046813727574,0.2503526853186178,49,0.0,0.01399490082276408,1.4300224466139515,-0.3883571362571774,645.056653883232,564.1257197781088,1047.6010909804672,0.0,365.1095264776259,158.00909627543956,1.106382247112264,10.836753229624682,98.6465530253177,108.94978200018485,86.09425593195193,88.73368802396136,103.27198397751935,105.53308668311222,81.67455087306085,100.00258235158833,102.30015475538275,103.47138458817949,58.086315540583755
105,2012.4260758267787,567.1598925293978,0.5070529670297614,-0.13807829199970026,0.5042991151789694,49,0.0,0.028373696803984445,3.959750723559519,-1.4941696170927576,2012.4260758267787,567.1598925293978,1298.8553912522082,0.0,0.0,157.43927577853003,1.1076681519038898,8.212747296962403,125.1245041619649,115.11063318929496,134.3584538121251,122.85685536130781,110.66919808239174,108.04736544140752,110.39142384140482,143.72206542620785,136.92551158777022,121.89851045002258,61.53812260134817
106,2707.1037349038215,567.0640851652688,0.24604881166823828,-0.4602348240760393,-0.696279395984316,49,0.0,0.00985296500308924,1.4839220342301842,-0.42852770890552694,2707.1037349038215,567.0640851652688,1388.7838554809687,0.0,892.5825747022551,157.149790281741,1.107597338020435,5.3536772754793915,72.2010082360509,64.38812619136958,143.45475486846306,163.3950709448769,164.67038620274735,135.56450512659444,151.19782389723431,147.25826751881402,104.33912829781812,129.01178133626325,107.9493255852573
107,2425.129135237164,567.9780546732075,0.3405851024435074,0.4882887190229104,0.30057253709242066,49,0.0,0.008780298621053027,1.1110004201118358,-0.11428555791071439,2425.129135237164,567.9780546732075,896.985579075809,0.0,0.0,157.26729243890054,1.107994079535233,9.881036739553794,92.38372141939438,87.99986679065373,87.07852117989972,85.13524290687867,80.8593005680888,102.98633956400465,84.5782944412428,77.86595913801712,71.5897058118537,78.7731412982096,37.854449218012114
108,1610.9671559683022,574.1223895462273,0.6065919478228363,0.18135244719058272,0.18168375604506093,49,0.0,0.23225094516039685,33.333679560119634,-3.807208140470985,1610.9671559683022,574.1223895462273,3903.1680301058514,0.0,0.0,157.60657634928285,1.1105739966582029,36.036008109065335,378.72382103611426,361.9099121560827,365.9524529991654,391.4820102624448,380.3045355731159,388.18335210279724,336.48353011130393,369.5493656624342,363.39120819922175,365.3683382313907,165.78349566271493
109,664.2115660350811,576.2774979157934,0.45548764985879164,0.7745685222861682,0.26276785630601945,49,0.0,0.014102351992894833,1.6875700291073286,-0.5681545094966891,664.2115660350811,576.2774979157934,1067.265538785272,0.0,39.567984800855506,158.00111510393617,1.1114461464683998,16.322784603296263,106.2817470658968,96.06425180068007,94.02165666438188,87.66808849880606,98.63312698969386,95.98289647649088,110.61215207474108,115.12903185271807,92.42937703987806,114.09834326111195,40.022082457577
110,2171.6555540386266,584.3079531075016,0.7501085613244158,0.6855569705895163,0.2536313424998341,49,0.0,0.03236095753275288,3.411705210078133,-1.3324287467667877,2171.6555540386266,584.3079531075016,1361.6222753339891,0.0,0.0,157.37291969463303,1.1148081335871993,11.987372937604114,126.15247989950106,132.86157167447868,153.38492767367205,110.03430641371415,139.94357858989827,122.25197919329123,110.4655481295838,139.22860703386007,135.07011444373435,108.90094596205,71.34084338260143
111,2323.8030245246773,586.6257409189784,0.5294512462444187,0.4253317287841361,0.24784079336688494,49,0.0,0.13902283495005618,20.115540496727892,-3.258829265968519,2323.8030245246773,586.6257409189784,3221.4282364513683,0.0,0.0,157.30951591969261,1.1157680065444866,29.722408841431744,295.66164062365067,292.9468754961795,288.02177106195825,298.437753342161,293.75383571495934,329.96198773225007,317.54346375616717,300.45938219332623,310.56137496740143,306.7312054384233,157.62653728345964
112,573.1311462060177,591.9564158236611,0.7008986470463109,-0.4130907246370933,0.17828169959230555,49,0.0,0.011761968210720538,1.184302851153725,-0.18365693706186764,573.1311462060177,591.9564158236611,960.6037607253473,0.0,791.2321800799855,158.03907074137075,1.1179732332113865,10.123727250578186,99.98107757473156,108.30332174990292,107.08126377606732,85.67587600149645,78.35496191841759,89.80338013585708,71.01193295612805,94.58481206648898,78.71172644632702,95.72683944854337,41.244841400808696
113,546.5440653893462,594.3667347344099,0.6590808502379434,0.37659624656646495,0.48338761577024325,49,0.0,0.025530283930853846,2.5960939247289843,-1.0358010021521171,546.5440653893462,594.3667347344099,1327.6381038552233,0.0,1171.89890671805,158.05015007492676,1.1189758134738883,15.363834255206289,118.6756737791896,124.24778290304194,110.78839505891064,125.10368553497561,122.06737538158671,149.20048488399738,115.63771579072522,126.62249221517818,141.4238186674904,122.417867248933,56.088978135988526
114,1549.6456936749023,601.1302633408686,0.8079353701457742,0.38608242118785224,0.7133234677100067,49,0.0,0.015870284602677677,1.565690100167308,-0.48676451386738734,1549.6456936749023,601.1302633408686,884.9952679246636,0.0,0.0,157.63213115803944,1.1218265933482232,12.154965153349721,75.12146136294825,94.00710829391195,84.68518820931794,97.30878693123051,73.4073237970012,85.99110749622298,86.66640727342366,75.58485566039926,87.08119790227565,72.59069858434903,40.39616726023341
115,1743.4613918877583,601.3773456009734,0.6614353259864164,0.31947522064818246,0.2021698922645574,49,0.0,0.32438011374799086,43.93472322345129,-4.107019737028335,1743.4613918877583,601.3773456009734,5166.295509153591,0.0,0.0,157.5513612878513,1.1219290092052907,61.79552853702809,474.77443900900175,542.0046321612575,483.7649543894795,499.9306185768611,479.9802687635991,447.43899996577113,433.994041870337,547.9449795492355,498.47959134945995,480.67906551440933,215.5083894671518
116,1923.7384286792606,602.0560894671038,0.729854933915624,0.37985986965399865,0.20111086739209857,49,0.0,0.01938630771674746,2.0397441800981992,-0.7739392566303777,1923.7384286792606,602.0560894671038,929.7821972265756,0.0,0.0,157.4762336447255,1.1222093099401889,5.831291489123891,95.84712284921027,96.7076549126226,81.51149420477105,84.21986149456802,87.02002460091562,102.24365738008032,82.88189545565346,80.79641690432229,79.23456717128164,93.00960374886186,40.47860701516444
117,776.5737464865479,602.8427462737643,0.5000396730483663,-0.4633415175560817,-0.2294728862602583,49,0.0,0.019515415583101152,2.255185637934213,-0.882955742710278,776.5737464865479,602.8427462737643,1192.4205973022647,0.0,0.0,157.95429371929032,1.1225200157604,16.65742995780591,108.45967730620976,125.40272249745432,99.03309614231765,114.67089460770792,90.30142066722183,145.68970431430358,105.43338448443208,114.12741512723366,102.95397588213505,109.5405475336168,60.150328781826076
118,2738.700220927486,603.0128911635026,0.9735736149900482,-0.6863888934676231,-0.6558730656769345,49,0.0,0.012590212124193508,1.0790818530172548,-0.08263597260959424,2738.700220927486,603.0128911635026,781.3600498356388,0.0,477.90983192052363,157.13662053917236,1.1225725996306148,4.655159814655775,68.71349061355605,124.43387704014943,61.03821419383294,58.531624960042734,68.71627970484887,47.561859043358766,51.74034963077161,74.40230556615452,71.32073323676957,107.65193383936676,42.59422219213181
119,2623.744968824366,603.6561491875785,0.30212076923033215,0.08838489033510057,0.37590029226282057,49,0.0,0.028511435651710024,3.4424571069041963,-1.3421713441082617,2623.744968824366,603.6561491875785,1905.739679188851,0.0,980.800197354999,157.18452347972374,1.1228479778832465,15.39899435464549,197.32695470543462,190.70122670845348,164.63970812374214,173.06934093503799,178.98278984783806,156.57479707371598,186.201001529939,192.0702696623331,163.95964810119534,192.42646382046723,94.38848432604865
120,930.8008549797053,606.6131286146643,0.6780461176994904,0.12133303858184263,-0.3869985345905643,49,0.0,0.012226185436691005,1.2791588165533487,-0.2673111713428942,930.8008549797053,606.6131286146643,875.9530223122891,0.0,0.0,157.8900238888721,1.1240977452389775,5.969160016412325,77.06477928996424,84.95173879109441,80.82586507662418,82.21199649259219,81.61771172524465,89.70310027245804,75.71293522145646,96.16496593609261,79.9683490999507,78.03791389484768,43.72450649555171
121,499.51503438905536,608.4967589627455,0.5262292312519821,0.13953228889004543,0.3153484082671792,49,0.0,0.1751699126944788,22.798524853746393,-3.39476686875074,499.51503438905536,608.4967589627455,4982.577518721235,100.01844526072597,4509.646838874131,158.06974877962637,1.1248598253188868,32.17805609582545,455.51465027090376,405.0653233172394,416.49772546470246,481.475119680429,444.01683301549576,515.7048428565913,486.69894208238577,475.07456424246624,509.6994043242614,527.1953369431187,233.4567204278153
122,2034.600192842841,609.7561366498467,0.41969833556273267,0.41341006221161714,-0.11103676234857665,49,0.0,0.014818672141232492,1.952427986146469,-0.726437560539819,2034.600192842841,609.7561366498467,1046.578733504078,0.0,0.0,157.4300336801539,1.1254149875097712,13.115983748420309,91.2309845643315,114.2627344129384,87.98500270411196,109.93266026510766,109.1508992500037,84.84443536254419,103.94694009412692,106.08406968538303,83.92495892233873,97.98087138844004,44.11919310633145
123,1103.2949761296063,612.7587958641889,0.30276155487021267,-0.10128043476877073,0.2596195804192855,49,0.0,0.011118969036116455,1.8145907204753011,-0.6469467140872577,1103.2949761296063,612.7587958641889,897.6046067734994,0.0,0.0,157.81814093369826,1.1266642735559198,8.255084083680154,85.29958667952445,105.54241525169353,70.93107261389203,80.3388803887384,93.12777546203546,83.237517995975,68.73997093152805,88.74684839755139,86.02460033171413,88.62980649142207,38.73104814574482
124,2109.97367613182,618.854160661424,0.2288722452049178,0.3292089561752803,0.4071048572996242,49,0.0,0.007932963348591445,1.0776773497454417,-0.08122188774975886,2109.97367613182,618.854160661424,892.3195020289838,0.0,0.0,157.39862281146213,1.129203493249821,8.437192462786077,91.66599012849888,85.43699901862465,72.98332861917298,95.36271786805375,85.84330742741037,71.6763140883511,81.81144918050927,85.08653798592772,77.43295053364506,90.77242983414112,45.810284881862984
125,1651.1271089374452,620.4229043661512,0.28515044056111155,-0.05007706806585441,0.34366943506171393,49,0.0,0.021866150653457806,4.488776719298222,-1.6303200081641969,1651.1271089374452,620.4229043661512,1118.8236253141517,0.0,0.0,157.58984016804624,1.1298647774942445,12.248151964448423,127.05746179499242,112.13072627429275,118.67714669766808,119.23564562321071,97.17548130092845,102.10056103141852,85.00737429858555,104.3480579961234,98.20740048605825,102.9051068422416,39.73051100418367
126,1906.4027862034786,621.9051942345868,0.27982711265272203,0.2972042372937608,0.2233844834634633,49,0.0,0.02416395285360344,3.930990987531887,-1.4862551203174217,1906.4027862034786,621.9051942345868,1410.638995491212,0.0,0.0,157.4834574924942,1.130479646058193,12.957892719041467,145.80336235483225,130.9786991865711,122.9199714186151,118.25080375664433,143.63741838761086,139.54896323238222,130.36465851845108,117.21956592960288,140.83335331926156,136.96847377586997,71.15583289232895
127,1085.3662910948958,627.0520018604349,0.5719372972706923,0.3119838747217112,-0.016777246926663908,49,0.0,0.008889264898942387,1.0238424669114043,-0.02558284810781929,1085.3662910948958,627.0520018604349,848.271437275219,0.0,0.0,157.8256129687182,1.132618890648126,16.39345581980593,68.8864834319688,82.12859050201789,73.21081062839892,87.19947951313854,67.56598564350728,73.54033525403983,80.16957569614735,89.85083164010089,96.4444601725343,88.28462793085265,24.59680104270664
128,2387.265187073338,629.4503974249802,0.5706500704868702,0.27015465303646663,0.2486386106627558,49,0.0,0.31773111632839524,43.35273674036823,-4.092541296267858,2387.265187073338,629.4503974249802,6650.283513601352,0.0,0.0,157.28306711263627,1.1336075641039731,79.66049802681067,612.0082011882537,630.0086980509038,652.7010276365445,580.7805439445576,647.7610937380243,666.6818403722842,578.6456868992778,635.6128001624063,593.1073103077628,679.7895471616226,293.5262661129034
129,1462.310828064599,630.0699111762622,0.4964779331117474,0.00761726733126554,0.2245040831060289,49,0.0,0.03754942411948844,5.463169793526085,-1.8436117461361339,1462.310828064599,630.0699111762622,1423.6143381976099,0.0,0.0,157.66852700743414,1.1338836654680238,11.4331925546973,125.20823979459846,128.15698498695934,140.5192424915324,128.39051360388692,155.76912325053055,152.98639102096567,127.58266623254194,116.88515904034516,116.61312968588739,156.34502081878537,63.72467471687945
130,1098.5018304832488,630.59102562755,0.5428622005352254,-0.15703405773962711,0.26981628295550997,49,0.0,0.03776955404537357,5.307837549638076,-1.8122940562160204,1098.5018304832488,630.59102562755,1305.9676512981746,0.0,0.0,157.82013911436337,1.1340938005933305,8.541879388247828,116.46756244054941,105.90308810729218,113.58320866307223,153.64633089002416,120.33285256890511,132.09339820981387,122.59129108007652,118.32127855770909,126.62245637065747,131.03503063836388,56.82927438346286
131,740.3116141706117,632.4704668358032,0.5105114275208898,0.29226890920954707,0.38358446438119387,49,0.0,0.7203824568080914,104.23224097180604,-5.045005187772773,740.3116141706117,632.4704668358032,15890.133233840526,0.0,0.0,157.96940695030963,1.1348622142522802,160.67229270728586,1526.8290668977952,1561.8609376920554,1510.7456415946785,1473.6057186837024,1462.0755272008814,1553.2683671151613,1455.684730005954,1495.8126316604476,1432.2792567478573,1563.2399349054517,694.0591286292552
132,2374.192252063002,632.2766482822065,0.39386130269584235,-0.15543173313346778,-0.07173096075275082,49,0.0,0.013111178131349377,1.6230002020420329,-0.5257964347253679,2374.192252063002,632.2766482822065,1140.4574800369915,0.0,0.0,157.2885147460312,1.134785702948463,14.825453535872608,99.8496034552632,109.02726489465537,94.9175076094506,96.55930825034378,102.43415228123462,106.23313515986737,95.17719568301297,129.00753686127257,127.01852365492286,108.94781253346582,56.45998611762981
133,984.5831757295907,633.1614163183775,0.5618525561607282,0.03533237419106892,0.23481942629197622,49,0.0,0.6409347467620871,91.98585478634665,-4.909302621066384,984.5831757295907,633.1614163183775,11791.151723222007,0.0,0.0,157.8676126810257,1.1351609135424392,119.19853858819317,1108.293367960482,1176.8593373571257,1122.9404551034568,1130.1078504676098,1080.2511565220395,1104.352717092113,1069.4799159240954,1116.3213613581358,1057.8337726009513,1165.11443078354,540.3988194642628
134,507.9674811770147,638.4208395955415,0.25135689748879403,0.0749145886235991,0.312441246875631,49,0.0,0.02217736218388543,3.8179842305475593,-1.454585325727985,507.9674811770147,638.4208395955415,1537.229193350203,0.0,1367.9095393407224,158.0662292236753,1.137327720514878,18.026731510076353,161.51000040937424,151.15083002157155,159.21174144260203,144.9751610064116,135.48046129302347,132.60645589716268,155.85864569551674,119.43204745248508,143.12716026493354,166.0852639977812,49.76469435926455
135,2761.8787777645603,640.734504919623,0.575334474869045,-0.7633566505037032,-0.1928556399160726,49,0.0,0.008037047362749943,1.0273407938008767,-0.029286333715870232,2761.8787777645603,640.734504919623,881.1060944888104,0.0,527.3800247121842,157.12695831839463,1.1382869995498093,4.534087743253152,83.10907515608841,96.85071738178519,95.07291984185731,74.2040742302382,101.99744307505793,76.75360826584377,83.68551821426729,108.01810133996266,53.76911959247202,56.8953206556407,46.2161089923437
136,2529.7970587456407,650.0382451948453,0.9583613241967209,-0.6018266232812166,0.15792326020206524,49,0.0,0.014132564784623023,1.0983311208458402,-0.1018332234119307,2529.7970587456407,650.0382451948453,920.5397601181778,0.0,0.0,157.22366944963986,1.1421778871942683,15.041903222294803,81.01227644926169,85.14743574943611,87.43825956928578,78.24886130304867,85.43002766753787,89.90139949137723,77.54597761239938,89.68048840293767,90.34474666647321,89.06746176391289,51.68092222021245
137,645.9342184937739,649.1142727084999,0.7768514378647906,0.6291201623175301,0.7917561305622153,49,0.0,0.012979175869842242,1.1103365742283877,-0.11363661402391742,645.9342184937739,649.1142727084999,1094.4938113392839,0.0,0.0,158.00873718405367,1.1417914885947984,8.633937903861735,109.6763578738478,103.3674039829372,102.2465933132786,101.4954538554297,100.0445592944268,95.57504461300915,98.57076636505855,114.0040885183832,106.07390883312681,111.07903328834406,43.726663497580184
138,2104.9930015028685,651.0297750703766,0.5405501037374888,0.11178674543169685,0.18155997224116308,49,0.0,0.5934156523414351,88.74317951772414,-4.870337461736378,2104.9930015028685,651.0297750703766,10752.295307536813,0.0,0.0,157.40069709379162,1.1426093987487151,126.2575804652672,1058.9642484940348,1051.2944155048435,988.7212328685684,1018.8796609372939,989.4981953518491,1048.8400891306296,951.154846044623,1060.6266032983176,991.700628935201,980.8850572557703,485.47274925041563
139,1128.000182962375,658.7205829655609,0.22721892470952434,0.29089153486092717,0.5749852181419192,49,0.0,0.011254598794522756,1.6874787858133988,-0.5680958044804848,1128.000182962375,658.7205829655609,1151.3603246749044,0.0,0.0,157.80784726769036,1.1458146760283558,11.462938746624236,94.01922353209773,109.46840584107099,99.09550677303704,92.48298816593328,101.83010052323365,124.60349310246872,93.02359118025213,129.39457228238365,130.62180381943222,109.33695458467685,56.02074612369397
140,2463.1201641704147,664.8279245475469,0.8303266207997713,0.23604581340272537,-0.17057543771889616,49,0.0,0.014078697243102314,1.1693902049787732,-0.16989862947087114,2463.1201641704147,664.8279245475469,893.9491916207701,0.0,0.0,157.2514541280965,1.1483434511154722,6.930595084925612,81.02658775419198,106.11905314311895,80.62442489438413,92.04304470606576,83.52659488173964,80.50175585320056,74.30156166298809,89.50776013620528,79.95428693104667,91.81757322379454,27.59595334910901
141,1497.3158834494775,670.9545804927687,0.7081349544272869,0.22690013211466797,0.31038888260813563,49,0.0,0.03940340906223256,4.7771904656299045,-1.6979313921570236,1497.3158834494775,670.9545804927687,1140.5287063053388,0.0,0.0,157.65393942891154,1.1509183797666922,10.656871794178167,108.65751276862721,100.21908506870483,104.16511609595005,106.06370838814945,122.06345564791258,123.40665705974126,101.94987024975708,125.03967937328595,80.56908222339726,108.88835693202218,48.84931070361277
142,1470.1444540842233,673.5307941557967,0.5999826809294216,0.08829191228201007,0.37461778798455325,49,0.0,0.02967167262429233,3.6367867515028256,-1.401794590717076,1470.1444540842233,673.5307941557967,1204.6649085342774,0.0,0.0,157.66526290270644,1.151991559597432,12.124334955317474,109.98842371319034,123.3907377209413,117.75143809920252,108.75218783090325,106.60940201438312,130.0199551610482,102.16170258052765,122.84767035704417,100.59111879170541,112.82944275725927,57.59849455275479
143,1108.6031953875456,675.4134004447217,0.6497576455434033,0.324809094317135,-0.30627409210285944,49,0.0,0.012323954143130741,1.178287090731385,-0.1781277989837768,1108.6031953875456,675.4134004447217,996.2891518504748,0.0,0.0,157.81593134135485,1.1527690848211354,15.473249402084269,97.28605035745181,106.87232318871439,84.45167525074869,89.29919512595968,86.0963732517566,83.83281519057306,87.24588816789321,105.7368569184963,83.0307361552812,103.8940305047716,53.06995833674392
144,1891.6097046511823,681.3461768972845,0.8189400512161394,0.06050549246092251,0.2115732607803363,49,0.0,0.049711592017308785,5.2914055932138995,-1.8089276301312078,1891.6097046511823,681.3461768972845,1294.3379576889558,0.0,0.0,157.4896208833034,1.1552457510280902,19.44666577782526,104.23642611235618,124.27205832904134,120.41168467676562,119.25040584926973,138.1253760414138,131.6296229859673,117.94043241400405,114.49883326335373,143.82041292700708,109.99353427986384,50.712505032087904
145,2217.2290360485727,684.771497992189,0.6547907338684715,0.3055747191373756,0.29991000260260886,49,0.0,0.035623395742036754,4.40176889439692,-1.6090680927474854,2217.2290360485727,684.771497992189,1271.2507469874213,0.0,0.0,157.3539229806495,1.1566638594255156,8.75153122734774,119.36748663313746,122.23101850863857,141.12697731229525,109.50942623888159,124.90983238905929,124.10746672735173,107.0703171948389,116.0947476473614,102.74199022544455,148.64807318446478,46.691879698600005
146,2204.0366588371703,685.7300201386214,0.8596004277483512,0.3086407638862952,0.33045792616553554,49,0.0,0.04677718005633807,4.904584376211764,-1.7265055258415742,2204.0366588371703,685.7300201386214,1240.7899365788244,0.0,0.0,157.35942064753152,1.157063714512071,14.696347750793286,121.99664282387516,137.5936304687648,110.24276011157372,102.65454949771308,121.20567613460616,106.56297124736751,101.59519274193732,118.16314236819652,124.48664929080294,119.89596201476579,61.69641212842818
147,609.4379554684926,692.7370686505434,0.2922951905789571,0.3620351590376798,0.26460613510350717,49,0.0,0.02263941714501054,2.25280813388875,-0.8818105137729247,609.4379554684926,692.7370686505434,2032.200942246008,0.0,0.0,158.0239493725184,1.1599642065727482,26.828395682512294,197.66152384863722,184.1299929776781,175.37191874070123,199.0631663116682,174.3782410446955,210.1076484420223,179.053304503863,202.66716143502578,180.08325443071857,205.51646309120244,97.33987173728335
148,2801.8772425712536,696.7902976073675,0.8032568654734933,-0.7518273929803703,-0.005102704853992213,49,0.0,0.040695847503148745,2.1060911300154603,-0.8086928976633047,2801.8772425712536,696.7902976073675,6887.846577616359,0.0,5725.151468553664,157.11028515916874,1.1616387707780118,13.287091166832695,95.84442847861894,90.40465092562089,133.97763812964965,330.63253073752594,538.037389397504,985.8661950756697,832.8983739853776,1001.8751784682374,858.2480297115494,1034.0641338134683,972.7109377263055
149,1742.6569780168625,694.5147456686558,0.46139857600721923,0.5841679748593572,0.42531418043307895,49,0.0,0.012663047696515281,1.557400281016253,-0.48100062180984726,1742.6569780168625,694.5147456686558,952.6221236457991,0.0,0.0,157.55169543804104,1.1607343817038285,13.890269080903979,84.63046094297313,83.10609216771763,96.14861980558446,78.65788648857685,100.27878296301344,103.93817890390903,91.2737186569309,100.17392412209847,78.17074129644688,85.89218967402985,36.4612595436145
150,1870.5354397408878,694.6064864691931,0.6114304634392269,0.620607758680838,0.35140796937999863,49,0.0,0.025613657346944086,2.8842258765420223,-1.1500731722738946,1870.5354397408878,694.6064864691931,1281.8139403893808,0.0,0.0,157.49840308807845,1.1607709873299483,14.026976084077711,119.2821349057787,138.5177306236464,132.21462824378605,121.9031202303646,116.96096014243156,109.60985292367613,103.12213825608661,114.25449319940397,132.07736620521487,121.49713054330066,58.347409031613566
151,1125.2407476084998,695.5218251047608,0.6251091922000206,0.04189528516962524,0.29977810288512813,49,0.0,0.1516202666887334,21.391043896039747,-3.3255799473132845,1125.2407476084998,695.5218251047608,2693.8145784975086,0.0,0.0,157.80899864487046,1.1611476645573187,33.958361029483434,247.87091596255488,268.3714318336891,248.33728906229098,283.3006534653538,262.3848819028804,257.34600595828937,227.3874332982731,224.66590663045343,247.16750571076614,261.67614270457966,131.34805093889403
152,1456.9569866041522,696.9152826504784,0.6897238390242607,0.1251597906162211,0.21321327277349397,49,0.0,0.044684827332524796,5.682428050243937,-1.8863348637070587,1456.9569866041522,696.9152826504784,1261.3817907349144,0.0,0.0,157.67075893445346,1.1617345494444637,10.729849333879336,134.2507813327988,102.76383360575036,151.46715709510116,140.83976733037545,96.64510589682496,124.451581306763,103.43525293914539,101.07900678194203,113.10587476536344,129.80699554235002,52.80658480462022
153,2228.629484159959,698.5385333034163,0.43156236810185306,0.11311897668882738,0.009669541124155712,49,0.0,0.03491922338170602,3.833552509923966,-1.459003540908401,2228.629484159959,698.5385333034163,1933.2142393590327,0.0,0.0,157.34917132491339,1.1623993795958099,21.532776425682528,185.0234527948574,198.77461664036198,170.91841927079577,160.80273006427785,181.3415658455815,180.0991704829496,172.0177846157934,189.86774050219222,196.1603972265056,189.8427859068203,86.83279958321448
154,2354.1266488407064,697.8836640332204,0.8285644846653069,0.5663667130671386,-0.07489137865447636,49,0.0,0.012246984249641676,1.076977111522686,-0.08051618386003172,2354.1266488407064,697.8836640332204,859.8329729027048,0.0,0.0,157.29687256591902,1.1621212029458992,5.127789179726803,101.05007592931504,94.80299894330105,84.45334598349581,70.97377104670718,68.63079019963536,76.22206824370781,82.86204495393602,87.78687336669532,67.14619425519848,72.04625193148811,48.7307688694978
155,2795.1940634085413,702.6127861154471,0.7391828546829776,-0.6047164915665354,0.45734435612690133,49,0.0,0.048248003551077535,1.6798628041196733,-0.5631845348997545,2795.1940634085413,702.6127861154471,8381.776684193883,0.0,7149.668360767077,157.11306955202883,1.1640651038272989,27.424433828754417,94.19722050294612,89.86437226800524,506.55901828072336,996.533425053479,957.7770729716044,1187.0702937269425,1072.7584879719252,1048.1203380504546,786.4482654662995,842.2802461796016,772.7435098931455
156,1003.7152456091752,701.5336415429264,0.6101376255487881,-0.019735282706114524,0.22148594095195923,49,0.0,0.011014852377398564,1.162059546797012,-0.16307095736202615,1003.7152456091752,701.5336415429264,859.8779124260175,0.0,0.0,157.8596430928113,1.1636484563040088,2.3315769243089437,78.791458630909,95.8857740302766,75.43596858287745,80.54888050328492,82.41559588896828,80.65645589212227,76.76467664546378,74.94852093189945,89.6609858181202,77.12963945931777,45.30837911846875
157,2165.1496903296415,701.8164044784489,0.5899001913955423,0.15077645383134383,0.2529854328832538,49,0.0,1.0374200607931037,149.59448230708884,-5.437288937902379,2165.1496903296415,701.8164044784489,16737.765082222315,0.0,0.0,157.37562546537683,1.1637674166678307,179.32777090843172,1588.9552482017439,1637.887698032977,1526.309788336381,1512.806461391046,1533.9873684420036,1656.421723844249,1470.9500371033748,1669.194537203135,1648.7301078725045,1566.286072227294,746.9082686591718
158,2792.136707462763,702.4697568627305,0.8517803685793379,-0.47620775834171186,-0.2116485866888966,49,0.0,0.055756949442367795,2.787914290011011,-1.113198544845917,2792.136707462763,702.4697568627305,7865.210811729336,0.0,6729.216976165387,157.11434360406756,1.1640057376621824,23.93331976603612,87.04352452089815,99.07360853144615,590.8587186078848,1066.895600912338,912.6995959853897,1064.713745289528,988.3896265075434,931.4020928443099,696.4823063545257,739.9879955297324,663.7306768797034
159,1447.051951787182,702.8998871388839,0.3442883456212596,-0.3540511239937939,-0.24088566852849483,49,0.0,0.013778207478033926,2.1192901442082346,-0.815476046098071,1447.051951787182,702.8998871388839,1021.8632553579905,0.0,0.0,157.67488686159538,1.1642279357656349,13.734691345414273,77.46752555698949,94.67785423884395,97.86078154889123,108.86057697349153,98.27105455263171,85.11530963404934,85.11059114511488,88.28377706873968,110.15427211043847,112.05137477721918,50.275446406166864
160,1708.710197465458,702.0644089661967,0.689903203037258,0.5697174972622941,0.22273530621529627,49,0.0,0.02649998341189581,2.1791554360964325,-0.8457205224162266,1708.710197465458,702.0644089661967,1505.643270485478,0.0,0.0,157.5658424476506,1.1638801992470438,18.275888750556124,131.4528671243225,142.22945761981876,122.01648192429958,148.40308118881325,133.76926763623158,147.28063384411692,158.39078851134727,148.85754598836292,133.25797620748966,128.72920077404618,92.98008091607333
161,1817.7161565413298,705.2105892249571,0.6296883584446644,-0.014399762645695108,0.32115517204290606,49,0.0,0.016235390594247494,1.3708681679771617,-0.3424892302033001,1817.7161565413298,705.2105892249571,1129.145561503884,0.0,0.0,157.5204149055375,1.1651899584627303,9.44348135740548,118.42754891599502,110.32824010406179,116.15969231902793,120.22102674797425,93.95764783879594,115.67520595132527,99.64758717976605,96.8744268091915,87.72835172379817,112.92090539268621,47.7614471638563
162,2797.189036655381,703.639826087412,0.5283804565868604,-0.7767768954328681,-0.46159169065038774,49,0.0,0.04663812792752023,2.4994740561651567,-0.9946215831448201,2797.189036655381,703.639826087412,8151.235244531967,0.0,6942.89125128364,157.11223812218103,1.1644928558617973,25.50510864651728,112.46760841770678,86.1426823378511,445.75746603017234,897.4563778433047,922.7049638334076,1191.5519444581996,1046.8547670661615,1033.036454980815,776.5269834533661,845.5467569364041,767.6841305280611
163,751.471238123928,705.6277315163013,0.49620965851206417,0.03585856303067005,0.2741297377533675,49,0.0,0.2772782946996418,41.21087506763642,-4.037529590971197,751.471238123928,705.6277315163013,6421.612539118315,0.0,0.0,157.96476154341752,1.1653429996684475,57.132550195659945,584.3075420324494,596.8858722233485,586.8383227221067,570.7966601119783,601.7241213116079,633.8791525812444,601.0145282155247,626.2721282357575,604.7761054298676,645.3073442305247,312.67821182824434
164,2786.8582801892003,708.923646788564,0.2199622742887996,-0.025491458592155205,-0.9354971615739728,49,0.0,0.03926460670212756,1.6461620152861471,-0.5411814406203248,2786.8582801892003,708.923646788564,7753.119734665026,0.0,6709.421264369605,157.11654256835513,1.1666950308195208,23.047964068334842,70.35632800724903,80.83013670695067,1074.7313324574643,1182.584224786236,891.5461124013922,865.7385640335252,844.7080420949467,765.38555797547,660.8631744050286,698.3336068738741,594.9946908545537
165,2784.0313317721057,711.8456825922124,0.3687829513142142,0.31176852749120765,-0.9185618872912693,49,0.0,0.04019333453678749,1.7132190293500191,-0.584532224047218,2784.0313317721057,711.8456825922124,7162.482565948372,0.0,6221.62308812932,157.117720314138,1.1679126562924858,10.279870894515868,76.65659665142739,87.16438627670107,1139.5714140621549,1046.8612766107515,794.5368074170378,744.2202561346705,737.7333585423687,684.7827544373501,672.5509595501145,626.5647792127793,541.560106158501
166,2788.695965998539,709.3632957721612,0.9477351989409133,-0.36413426602209814,-0.18166720492280874,49,0.0,0.04241818421643546,1.3966010816868661,-0.3626809351805366,2788.695965998539,709.3632957721612,7819.880852194478,0.0,6764.250659580832,157.1157767378539,1.1668780687328604,25.76456233598739,79.80630745538767,81.39896507054067,1013.5250999657871,1189.1665173164788,902.1757519958037,913.8503952906516,875.7275378170455,766.6729767354004,681.0217606645717,691.8573991268314,598.9135784199932
167,1134.1006555608817,712.4615610613528,0.6515939788246606,0.28402041673942,0.6240980168243511,49,0.0,0.015827295880974063,1.7695694532078208,-0.6196690319477759,1134.1006555608817,712.4615610613528,930.6164027390026,5.0,0.0,157.80530702446248,1.1682058034250793,4.966162506526782,98.77716732991698,72.60459584636345,80.41005222272528,99.9793217988827,84.4179265767401,103.7722252946746,80.27349271900852,92.72135923791598,87.37247560055823,74.66362119031102,50.65800241537903
168,2770.616038007503,716.4931438216254,0.6445099360806588,-0.2214899346013513,-0.8918738883950028,49,0.0,0.021659445048695596,1.1736258471292136,-0.17382416385949723,2770.616038007503,716.4931438216254,4965.092720197218,0.0,4312.41806455848,157.123310212628,1.1698499230133097,10.629106622045478,71.92952273094622,462.7102600106558,724.4231119891745,571.0723756685395,548.2545156525514,505.8669774586076,440.7072202594103,495.39872902170083,468.6321489480737,434.5126307096808,230.95612112583154
169,2429.8624121735184,714.8131258670106,0.4685966068494462,0.28066935431630996,0.28863220676355195,49,0.0,0.3241829082152965,50.301736079779275,-4.253957435644646,2429.8624121735184,714.8131258670106,7303.709301431745,0.0,0.0,157.26531008980314,1.1691710344261468,84.46035047287678,700.0371920835088,718.5130801526188,647.6012307112611,648.617822263609,680.7218351240695,744.6016510943157,652.5226642971579,679.1763255281794,667.0634577786501,738.4216680382233,341.97202388727464
170,2778.284120093302,714.47990110159,0.783796756073548,0.10979061959014061,0.8140957743360832,49,0.0,0.0357130557751126,1.318354863575634,-0.30008081424350114,2778.284120093302,714.47990110159,6126.3714279552205,0.0,5330.450909893259,157.12011500422471,1.1690105804702176,12.721187537000421,78.21623451184394,158.92014023915766,1077.210869040379,807.6756076820632,703.7375521977472,610.6949972801501,569.1251965032702,589.780630151781,598.1852442157299,516.3117991088866,403.79196948720994
171,1559.8093713120693,716.9443762108451,0.9481064589588638,0.6847240370929762,-0.1406876696531443,49,0.0,0.017248319263349767,1.495513514520536,-0.43697585494488,1559.8093713120693,716.9443762108451,879.8158476880495,0.0,0.0,157.6278959762672,1.1700802344736898,1.6697522248088523,75.56857863790606,106.64073155904751,83.33241655711709,79.87518889688755,75.68904013019048,69.07377772852715,74.58657423986506,88.15042660560825,99.39619996978517,86.44296212429904,39.390199014007294
172,2782.2047392633294,717.6505619787728,0.6762833814949081,-0.09278542841639083,0.7945891947646377,49,0.0,0.026826441381494162,1.0349801363235862,-0.03733003687886466,2782.2047392633294,717.6505619787728,5328.7551326933235,0.0,4641.544139285094,157.11848092216334,1.1703312997525654,10.939918594129134,86.08497443258756,121.41439268665482,925.3965080410696,658.2424005881655,587.6600407012069,532.691642641956,519.1609276993463,502.5275825602023,534.6623187831125,454.6372488588246,395.3371771060686
173,2762.161720918751,721.5963662490766,0.938953893816221,-0.7391876509872614,-0.04025337840464678,49,0.0,0.028041432357551813,1.2875386518020662,-0.2744006884818857,2762.161720918751,721.5963662490766,4634.193424806936,0.0,4014.1844926842855,157.12683277069067,1.1719767122392701,9.346065741488692,74.66324521811313,968.2919809147206,515.3880614991266,501.51201983530734,404.10322036125643,455.6475671593332,363.813991746815,416.6018973167683,398.03168327471894,363.43174732807495,163.3619444112125
174,2314.9023475648833,720.6653132290404,0.3962179545683626,0.00023328792594201408,0.09469779474334133,49,0.0,0.040955953362801965,7.031311705097001,-2.1175908776797243,2314.9023475648833,720.6653132290404,1571.1083975250656,0.0,0.0,157.3132172448025,1.1716147994515453,21.532837005656457,150.2649414563282,143.1096754442479,151.07524386948393,126.30226973716015,138.2534731450492,175.066873707015,136.0601251921538,164.51734448991377,144.07276243016014,158.78480016761017,62.06805088028699
175,1422.494798925958,721.909259075452,0.40274576455322775,0.6919170542247601,-0.09018337479816042,49,0.0,0.010384153569546523,1.3597662039226135,-0.3336606071851031,1422.494798925958,721.909259075452,892.7520938463542,0.0,0.0,157.6851211637554,1.1721479197911024,4.172449907073148,85.71357084720483,101.649831209961,75.25196454044635,88.99925204759893,76.28629491128444,74.35448100122149,77.37777171953718,94.78779572535959,83.02746893671136,97.71564806841627,33.41556493153982
176,2766.9132499381462,722.1821803348702,0.9259627800160947,0.25178216003053566,-0.11700298864078486,49,0.0,0.031078604514110885,1.0848109198538187,-0.08838512053033999,2766.9132499381462,722.1821803348702,5271.1366818960305,0.0,4567.5434059300205,157.12485267944527,1.1722204398734504,9.338627692957582,71.35097422776144,1002.215644380227,609.0855087234235,572.7684848283717,495.19468853048346,496.3259827753777,459.52081687012446,463.4391612451624,439.3885484105459,429.2594650064103,223.2487792051843
177,2035.800382039703,723.4347454425199,0.5590319557738795,0.000947585434248405,0.32711404804182326,49,0.0,0.10055500097883552,14.999731816734968,-2.940208735713647,2035.800382039703,723.4347454425199,2149.093135725874,1.0,0.0,157.42952949641148,1.1727786186280218,28.94016145656902,203.38538527063673,207.3377918357379,206.8274687947704,174.2772235343379,206.73476780659945,187.13413795772172,188.63501235713525,203.99679161359205,201.62399057670342,235.1878734517427,105.01253107032767
178,2773.795641328324,721.1999869065346,0.6533439223274788,0.9227072128253637,0.41182356794890496,49,0.0,0.02476617294128897,1.2088182420138727,-0.20590251306059937,2773.795641328324,721.1999869065346,5077.328280653361,0.0,4407.523956306529,157.1219847759774,1.1718107250892436,9.339598280155865,79.39690535941838,518.0609447395549,703.6040180409262,579.8095475624023,567.5394720093174,528.7026689567621,457.67239031102235,468.51743954754215,464.04808719699804,427.6030312980223,273.0341773512385
179,1225.9377086503093,728.0221419122998,0.5802158564341318,-0.12453540572742502,-0.2968852568402457,49,0.0,0.019163337528030185,2.1346079465802488,-0.8232953046416125,1225.9377086503093,728.0221419122998,1089.462920252746,0.0,0.0,157.76703526223926,1.1746914749421895,14.887471663261396,104.17980169802024,78.83518273635127,96.12958947424966,100.58023804964782,94.23234124545685,103.80991894987062,78.09197966271658,133.77495706268996,127.86497747376369,98.87640311471232,58.200059122005655
180,1717.3929710214725,730.3522160060703,0.7295558449993612,0.11748272051775362,0.2294759936915788,49,0.0,0.08806488054719473,10.827235062930704,-2.5862939139035745,1717.3929710214725,730.3522160060703,1829.9746495249906,0.0,0.0,157.5622236893758,1.175666233644373,11.31833687319591,187.4901716106404,198.9331512187361,164.05767654820806,143.88198761305375,147.255594289444,170.51364666805273,159.2516946375507,172.8100152089587,175.25245820459162,197.66792575692153,101.54199089563696
181,2752.545079067455,732.6143161100903,0.6823458246537616,-0.240836631264613,-0.14793097613858708,49,0.0,0.027207677955436854,1.1863652738961377,-0.18554606492605324,2752.545079067455,732.6143161100903,4384.433572688042,0.0,3686.3697014352456,157.1308391448832,1.1765678678335105,12.881346052601343,80.33499790860174,790.6499378091553,463.31167204504095,443.32481040511345,462.1467907030151,442.7509746267834,385.36790705664305,401.35450111829005,373.7742839177277,349.9268741073097,178.60947693775995
182,2735.038300503814,736.313118102072,0.21208582791116803,-0.5457990139023557,-0.6300745335112469,49,0.0,0.01408962344655435,1.133138121050971,-0.13570712583733002,2735.038300503814,736.313118102072,2689.5309597083547,0.0,1204.718332275715,157.13813418305838,1.1781101671687317,10.482893460593058,337.1239711609245,343.612409457343,274.0867873845898,225.41734220481231,223.10672478484707,239.85682334666467,228.55639643242722,222.66704909612264,267.7803340376099,228.60350409916654,88.23672424325409
183,2742.6336847069338,738.237866594152,0.9745649310575004,-0.20098317897057505,-0.030742188313437044,49,0.0,0.030462114603119577,1.8497111507150508,-0.667759786622687,2742.6336847069338,738.237866594152,3716.3006160406167,0.0,2518.9407533442327,157.1349688710922,1.1789115477191519,5.778391898979293,240.7819822659721,515.4730515346002,382.57626369107606,378.24968314385467,378.1797568163447,351.045373700312,344.5818952482223,335.21369177985565,315.8088915836237,336.3951285468555,132.21650583092006
184,520.5681843453367,740.634785447854,0.32877235259129384,0.06468334429222965,0.05980156286851315,49,0.0,0.012680266196404371,1.6569108608183296,-0.5482478617302339,520.5681843453367,740.634785447854,1057.3420422182164,0.0,9.222524330641342,158.06098733363226,1.1799145027737412,13.044983512295236,88.43095854969611,92.64660752849174,105.7898299495308,98.92951170677533,101.12241389869503,99.61926210065138,103.05717900051053,105.40799989148621,99.44444099660465,89.45892447158229,60.38993061189709
185,1711.5441508291062,742.6610817188844,0.7665356364930977,0.16307045919037533,-0.08245405851048292,49,0.0,0.024269157375553588,2.657344582593205,-1.061119684497333,1711.5441508291062,742.6610817188844,1020.5010543229371,0.0,0.0,157.56466104922316,1.1807947650019688,6.986052574109193,101.02004845268542,84.74074897652613,104.72304429022329,74.58759123684116,97.54167912122455,120.51799435719971,90.10764258193203,78.00529822499459,114.98280739969218,98.53925233126128,48.748894776247596
186,800.1979033130335,745.0347603332036,0.4359655129516783,-0.18792988191218496,0.4199569102415792,49,0.0,0.014159443547008476,1.9193256993773422,-0.7078716961404643,800.1979033130335,745.0347603332036,1100.8527255246656,0.0,0.0,157.94445829287017,1.1817641282007125,12.850998762382726,100.83253525986538,105.67281760608742,110.10012978574068,95.96757310200891,113.74419776451482,104.84847057554322,88.04512878283208,100.59326238356901,108.387209453223,124.60994267849986,35.200459370398725
187,2521.195298026228,745.436148230702,0.5033243041754693,0.12327909759622212,0.5094058000263877,49,0.0,0.05090982134127616,6.828690483726897,-2.0858435709833754,2521.195298026228,745.436148230702,1808.0912890789978,0.0,0.0,157.22724683449587,1.1819248879083066,17.83063145970841,176.1451244427633,188.73181391681774,160.69897588954237,186.6428000219565,175.47129669855983,175.27827781543735,149.6857833770018,159.356188355975,160.72697531199577,182.90945812299972,74.61396366623988
188,2052.9719950270014,748.2178157616966,0.2691068214462292,0.3496407874945016,-0.17053351275050374,49,0.0,0.009213460520943231,1.551808213116363,-0.47709511522415504,2052.9719950270014,748.2178157616966,906.3850411244862,0.0,0.0,157.4223724662636,1.1831039608879854,10.49838052077185,88.63901736033579,98.0693061123493,75.05975141657242,79.04742606808992,90.19973898717714,104.4722486799165,89.6167000398001,79.28883020253667,79.69627845670018,62.70996555907419,49.087397721162056
189,2218.65451509006,751.8606647621256,0.8436755951489316,0.7636778258470605,0.5856812102385937,49,0.0,0.014541342992722655,1.2024940720407888,-0.20020736025226163,2218.65451509006,751.8606647621256,927.0994062843531,0.0,0.0,157.35332556069594,1.1846161914380549,4.767685119529923,81.82221609850976,92.26306853966534,64.65355246623997,82.19282362085039,106.20531173144312,86.6443704048662,99.23393365750323,88.18854021656202,86.04871916268687,108.02362000517881,27.055565261317554
190,2119.2258204929085,756.3728580051807,0.4274732261729851,0.16302775534598063,-0.002871468684349647,49,0.0,0.01361993904115407,1.7042837050887574,-0.5788547291557908,2119.2258204929085,756.3728580051807,1062.0875321985413,0.0,0.0,157.39476135033257,1.1864997285019279,13.438010918882252,98.76601866811475,83.0953904240865,108.1705724167575,91.50815462416749,97.24197171640412,115.85288494082151,109.08373802293211,96.37817390823648,108.43113314912478,98.94515780267758,41.17632560633635
191,2720.695485631598,757.0950697347539,0.4883366365182348,-0.6131526893633121,-0.44626348105049246,49,0.0,0.02682833821686733,1.1694566470172407,-0.16996031673067608,2720.695485631598,757.0950697347539,5106.248547944926,0.0,122.33995303641376,157.1441092054662,1.1867696998491024,187.9640436984098,1040.0986129903106,565.2285949383396,430.4327878875336,445.19779694573947,404.00800097455317,419.5360026838848,369.3164500079937,357.73543519253906,368.64825237008324,357.9679981460567,160.11457210948242
192,2612.990583028292,759.2100217105152,0.7019524161065313,0.19963142694316943,0.2172208880127831,49,0.0,0.024717804876606846,2.744655335244588,-1.09621953735733,2612.990583028292,759.2100217105152,1068.373551352548,0.0,0.0,157.18899215648247,1.187658081489537,13.69176612320194,108.44655106152555,119.25556538908451,78.67679823267011,109.8012878378434,102.40741015504238,101.58579501525907,99.46378641773833,94.75547885380008,99.00567810767288,99.34553584305868,41.93789831565092
193,2721.285517542517,757.7931222849621,0.5890985913844078,0.3295215193640651,0.9905710249053384,49,0.0,0.02691485035285387,1.3439320716014922,-0.32094329516843906,2721.285517542517,757.7931222849621,5098.406004987195,0.0,120.2629239316581,157.14386326338524,1.1870604929844277,196.88304564446952,1012.5725700858943,555.4050087701733,433.00477522106553,445.8638026540938,403.0298962656998,424.6244728165444,365.923409466625,363.6944400838578,368.29965498719224,359.5998523962595,169.50507659531968
194,700.9835283227688,762.3321456224913,0.4788531685800117,0.1339616367323992,0.45227788553745857,49,0.0,0.07305048870898759,10.561444546725237,-2.559308307749697,700.9835283227688,762.3321456224913,2156.139393519804,0.0,0.0,157.98580529493955,1.1889656741310581,17.833261826244467,174.99261370146223,194.2255533892896,225.5453247366604,197.35117268176796,223.31364237685614,214.22518417055335,208.16977709063758,216.98073982695888,206.46515238100397,191.49257343329302,85.54439790507637
195,1446.5696159039803,761.9376761106386,0.49125772312589544,0.024342514988124113,0.21745702581391613,49,0.0,0.039204807414555856,6.04542518573369,-1.9535671274767508,1446.5696159039803,761.9376761106386,1377.4710957704801,0.0,0.0,157.675088611311,1.1888260138500002,16.996030420761134,139.8596333451872,138.62888791001367,142.63121670419514,131.77348777621674,140.44974211320937,130.78350644946187,116.32365721648088,113.79542355426193,114.88764901852292,133.06109668620417,58.280764575964966
196,2713.6271058273123,762.7468305249947,0.22523821852781029,-0.08641416700304697,0.344593194398008,49,0.0,0.02261770158062741,1.291363663835239,-0.2776214053490466,2713.6271058273123,762.7468305249947,4621.386709500686,0.0,18.261030768010713,157.14705423404695,1.189124930388761,118.73712985293449,721.5517346356512,554.3562846709874,441.018451863706,427.80102634959485,425.4168681044897,382.3207425043756,358.95113460578256,338.8480855054589,338.1630376403871,342.8920411766817,171.33017259063672
197,2183.30544177362,765.3580837973298,0.7040923326755341,0.5017698454908636,0.1074781059729423,49,0.0,0.03614385159496911,3.372778752397194,-1.3199696331653326,2183.30544177362,765.3580837973298,1574.7050160607293,0.0,0.0,157.36805628822933,1.1902411846066727,10.762948844324658,157.7273255899188,136.3406541642779,134.1992413904981,154.10112989425437,140.09233057752783,178.83189055681743,137.26189559164627,151.79230159136824,140.66119780871975,175.73247424642778,57.20162580494824
198,1961.3773400878674,769.358232699472,0.4751248228016077,0.4138337747327459,0.3376543857030485,49,0.0,0.026561894618185217,4.103807476724428,-1.5329674459529654,1961.3773400878674,769.358232699472,1124.9333647956073,0.0,0.0,157.46054335434076,1.191914438400803,11.35695050642764,108.8149327356688,112.81879912256592,114.31196310071658,114.21680669849951,106.62328487577,82.85810415801856,99.59246756125663,118.81398430398667,93.87091320076283,122.19415524197909,39.4610032899549
199,1541.1248553295618,769.9964673971089,0.20912839285877774,-0.16175537202350757,-0.3890534307662295,49,0.0,0.010493267204768517,1.837403745445872,-0.6605114933135177,1541.1248553295618,769.9964673971089,1029.2481117837344,0.0,0.0,157.63568290948052,1.1921843536640961,4.981877037370221,128.14527499443307,70.90172488427376,83.37165132215726,103.44110488010149,94.81222711464673,96.14707292961009,93.15866539266422,99.9004119220177,105.42472986117943,110.07120353807241,38.89216790720805
200,1819.67415608996,771.2594889303034,0.5596688157884613,0.05282657454180399,0.19803869327234694,49,0.0,1.7433700988089902,262.3466469022163,-6.047188794442709,1819.67415608996,771.2594889303034,28045.096331579764,0.0,0.0,157.51959774507895,1.1927091894452062,304.9381805859042,2699.1565671160165,2682.990818512158,2604.0846963480735,2626.0934981565733,2719.2237864111885,2617.662396301171,2463.3892845776054,2726.990990733375,2646.0321962897206,2694.1296563439337,1260.4042602040495
201,1805.4731727667468,772.6200117861492,0.5871582290392884,-0.021520755338136147,0.18871848259937415,49,0.0,1.0689070866197479,154.64172393199493,-5.4733167063080215,1805.4731727667468,772.6200117861492,17428.166399574555,0.0,0.0,157.5255159593473,1.1932762427420145,192.04932999548498,1731.8759412837258,1710.2848235608885,1619.010313612675,1579.069401622066,1516.9157578506217,1613.2231074133601,1569.8827304618626,1685.8768800175626,1651.3268589497916,1726.7776710712196,831.8735837352987
202,2621.783971139752,776.5280684172933,0.4282352262532131,-0.030449403499063603,0.015223356706742063,49,0.0,0.010688097398448455,1.328627450601471,-0.30850805275213616,2621.783971139752,776.5280684172933,873.1966628901714,0.0,0.0,157.18532628739578,1.194872908934924,5.717758592169782,86.44253924791872,79.17905233607652,81.13297770354099,91.58803584606338,92.59971589459091,65.53351328645718,80.51287252752901,116.51185840585671,85.17635780307819,57.46105689603673,31.34092435085328
203,2683.119808039926,777.3643395721213,0.7680940749124011,-0.15638024070658224,-0.5347281966952614,49,0.0,0.021736215812071462,1.137436260454155,-0.1398176726445494,2683.119808039926,777.3643395721213,3406.654606796688,0.0,0.0,157.15976601207896,1.1952172545273412,37.93886039248937,477.3764748694955,496.6927149328975,300.55359779534297,341.1108413432597,344.20189012888176,303.92264303873526,255.98982308366686,267.5923635093699,273.00705519898025,246.4221035176343,61.84623898593463
204,2674.962506160507,780.9676327237738,0.6992203682576615,-0.49216351999753943,0.11544919985923076,49,0.0,0.0214931235444786,1.1875387318356654,-0.1866194578437127,2674.962506160507,780.9676327237738,3711.03884229904,0.0,0.0,157.1631650424353,1.1967190833935535,35.44411358712869,392.06711156567866,539.307390426501,446.4386483538308,395.88136860222517,413.84293580564855,338.0834965167812,313.0012151275963,264.7734505546964,289.81592853507317,243.79071493357674,38.59246829030338
205,976.5238154830387,782.1058443373645,0.5041217821460919,0.09718815056166046,0.2680943996290973,49,0.0,0.14666525472804548,23.088528367266935,-3.408490631086431,976.5238154830387,782.1058443373645,3214.640992866919,0.0,0.0,157.8709788177253,1.1972175301812558,35.31756352039352,281.9954603596274,294.2498785868889,298.5390346788275,333.0245814713329,309.14593750342283,289.1753973872933,284.4101710115882,352.77318043342905,307.3430030186164,299.06577735509023,129.60100754040883
206,2677.7780626331546,781.7146959035344,0.613626330514162,-0.21459360060618182,-0.9451966000158282,49,0.0,0.023547972185390814,1.3360238851394561,-0.31453555607400424,2677.7780626331546,781.7146959035344,3947.3227384629736,0.0,0.0,157.161991665155,1.197030147393937,31.922648231949665,459.83683258891676,587.6669508574254,448.605048353476,417.6791601406376,438.5914266433965,340.11588245132623,309.13987273193123,278.18450107684305,320.4016221517927,275.39691660650465,39.78187662877387
207,1615.8842356771345,785.3872035627701,0.3761692902312561,-0.10000442530004547,0.4731628300377762,49,0.0,0.02068434769404585,3.354823153277826,-1.3141740790867709,1615.8842356771345,785.3872035627701,1150.9907765757514,0.0,0.0,157.6045269737767,1.1985970344444088,12.243206756495049,117.7170663695353,98.42387287961355,95.65725093099063,112.95636885477418,117.1689683243045,111.61912141995441,98.41453080406467,98.6540548558389,110.38369589621524,128.02217507054576,49.73046441341922
208,2693.6901780609696,785.3380290055147,0.7135667729327709,-0.6550673669453605,-0.059070891315396376,49,0.0,0.019643344195532826,1.0860128149044135,-0.08958737484808502,2693.6901780609696,785.3380290055147,3335.9844626629415,0.0,0.0,157.15536037820564,1.198538675272356,30.10500850410586,487.6577357055818,523.7714076727887,280.91941178265427,330.47420005897266,353.9138844815205,305.3645475997377,190.64671647304692,266.7714308590223,261.78866700902563,213.52187588723504,91.04957662924971
209,618.8438314700512,790.4683649168416,0.5268614986474778,0.07823247861818698,0.4713515574134353,49,0.0,0.05889971795066048,7.922614638667707,-2.2471713301577676,618.8438314700512,790.4683649168416,2043.8952705410843,0.0,0.0,158.02003754750393,1.2006835206171287,19.230656033116126,169.54897479815196,180.29412796256725,209.57072836406132,169.64727246543248,196.8391740405127,183.36522645951732,221.5119179520699,196.5493600060641,188.60438193482383,207.97800079108086,100.75544973368643
210,2687.214594952624,789.7340267595414,0.916277252804032,-0.46969296984895353,0.5164353984544425,49,0.0,0.025940867736406092,1.0808289143688576,-0.08439238607230075,2687.214594952624,789.7340267595414,3866.7918150273254,0.0,0.0,157.15805852257833,1.2003706671495997,41.50313424400076,507.1375183530166,591.0621048370563,419.2753195284767,375.7829184830849,407.43241970686574,351.45090942431267,267.43862580126995,274.3168845707937,321.3899103853687,257.61664456156745,52.38542513151151
211,625.5787239190892,795.9773509172705,0.6830510969196543,-0.7465110010941456,0.546017447421948,49,0.0,0.016065122550266226,1.5284781990559893,-0.46064812172591696,625.5787239190892,795.9773509172705,1546.634077702316,0.0,0.0,158.01723135382457,1.2029792130119297,20.71532479364163,130.37592294775834,137.7627562962601,164.36054075145773,157.92482505348482,131.36418751531178,146.31039238877432,161.63997692025922,128.52644016151692,133.64567156990378,167.50354157126714,66.50449773268042
212,2375.7386211289963,797.1186262233721,0.3996932093931322,0.3505911623793874,0.01237162825592073,49,0.0,0.009875223864283205,1.0360416868140288,-0.03844307575533996,2375.7386211289963,797.1186262233721,989.7397100295606,0.0,0.0,157.28785993756586,1.2034658381882526,12.23741276468291,95.7490111091525,90.83969899216756,87.40743636700384,89.26928853478259,108.27137216640739,86.69653369856859,108.73777307854303,93.91490551618732,79.60509082194179,83.4978905411595,53.51329643896359
213,901.093322933102,799.7563760702269,0.8828073515428245,-0.216547960910918,0.2978756876186391,49,0.0,0.013150670125000288,1.1398229610975648,-0.14209350336486454,901.093322933102,799.7563760702269,858.693533201978,0.0,0.0,157.90241477113094,1.204568407886417,11.623470595132837,69.29470069673454,85.56814527537114,107.32022190528268,76.39588992985784,93.12011799596124,64.40246195848914,75.32351045768065,73.57863833874592,79.55690406013375,75.92525632761257,46.58421566097575
214,2670.2201807966894,798.825609761199,0.5642289159085105,0.1799719404173205,-0.377029040276127,49,0.0,0.027739900896089555,1.0982435678252256,-0.10174667094015927,2670.2201807966894,798.825609761199,4797.809310321103,0.0,0.0,157.16513973282142,1.2041597451055384,38.787654066938,655.7811906729804,429.3048436053329,406.88961737487637,446.80600779750375,473.6322497580901,492.5740499186306,526.2637151060819,516.7514841154195,432.24315809812305,344.82385383145566,33.95148597567032
215,1371.9559275960532,799.4274503135616,0.710006646320976,-0.3231059315985975,-0.1568473228447105,49,0.0,0.012465279596865846,1.2963931413953518,-0.28184181179746964,1371.9559275960532,799.4274503135616,872.1927807269532,0.0,0.0,157.70618439960094,1.2044452790178897,11.722850940236036,93.42958593519266,74.77148279664502,73.42860550827527,80.56677080721808,80.3139441651736,80.50802724256899,68.82856547149039,81.42608589560011,97.59214359072303,92.53032503793872,37.074393335891344
216,2664.813915224139,800.848382483629,0.6091601649595534,0.07248248068265849,-0.841913434525677,49,0.0,0.026599958598995884,1.4315876194001476,-0.38954483471429313,2664.813915224139,800.848382483629,4342.070279690504,0.0,0.0,157.1673924919138,1.2050028806145978,42.314627231788975,658.8140005996249,285.38003462813145,300.23021857167095,299.85522960280923,314.1084907088997,417.3763170708701,479.7070929275647,593.078895553193,521.776059805656,391.3032818505416,38.126031139753465
217,2905.004758864782,802.5547961671497,0.31715954237051064,0.07289276285892504,0.49883708702584295,49,0.0,0.004768447308538864,1.1483856144729265,-0.15021935891209864,2905.004758864782,802.5547961671497,414.4552084404894,0.0,226.08799439755717,157.06729980061456,1.20569570054896,8.326934584130237,0.0,63.02198203597848,50.60185453738394,37.16133442725547,30.440461818447908,43.933247302141254,38.99148181666229,22.423590526452806,33.0630520541184,56.472888074439666,30.018381263479014
218,463.9252383210679,805.7800033398898,0.373957714249245,0.05022799983324185,0.24322452822480856,49,0.0,0.026232854868865438,3.641592598603652,-1.4032283942327246,463.9252383210679,805.7800033398898,1468.8815758889764,0.0,143.28750794780495,158.0845975957264,1.207052515635905,19.48774081638081,143.60397949506392,146.4977865176126,148.35427224188652,134.42880667339813,138.45812842180123,141.43632324287768,127.33895245651186,121.27456841659345,132.75721048073518,155.12556105353445,60.1182460725804
219,833.1687959404588,806.3494223190651,0.5496077807102909,0.2281025813717905,0.36039537983539544,49,0.0,1.0065609835630498,150.18677278664487,-5.44157921318289,833.1687959404588,806.3494223190651,17700.610760669428,0.0,0.0,157.9307220390142,1.2073122017318536,181.07005644263145,1709.0318873315168,1759.621164128981,1648.9717356089573,1618.5362192277644,1668.7713084549787,1686.4307828447031,1580.2856629075955,1680.879248866826,1673.3480892839355,1713.1657041475914,780.4989014239507
220,1390.7991918002456,807.6944621316067,0.6938673101483798,-0.04961226952292847,0.2752113496957702,49,0.0,0.0221538072923637,2.5972479075579433,-1.0362835126427232,1390.7991918002456,807.6944621316067,979.1104823076826,0.0,0.0,157.69833159869464,1.2078900106072172,17.083594328240395,98.83677169798698,97.86623771166077,87.37833465109416,82.10691581657184,73.36864178568375,104.6778680481823,80.54453329859987,78.15949461611939,88.24333810783278,121.20106178825367,49.643690457456664
221,687.2001078365012,810.1855552364527,0.7296056542978283,0.06089595336021094,0.40711405960979374,49,0.0,0.05687006204018777,6.1843544909701835,-1.9782359391206734,687.2001078365012,810.1855552364527,1628.4530451256037,0.0,0.0,157.9915528234092,1.2089026698797158,13.704955418672611,145.51186556745276,154.55409920251407,129.6002633784843,139.70460016239855,176.4280456957513,176.48034698105394,143.5733187598413,156.15285505757214,145.78156981215136,181.1680274513796,65.79309763833184
222,470.8961616708918,813.6937175407015,0.22736192214185397,-0.1535062798690791,0.5865171069527095,49,0.0,0.008460544641632258,1.1707471414422053,-0.1711577651479096,470.8961616708918,813.6937175407015,1082.8837262791487,0.0,7.465206584001532,158.08169337282914,1.2103501804291905,11.66530854888455,100.03782147757633,106.38204783597111,92.02126080592834,114.24968650675365,91.25999849251886,94.31778658944413,100.14977856197324,95.73595711605262,109.33696432689948,122.33011028121331,45.397005735933135
223,1198.4003825321754,814.4743456494019,0.5750917003256362,0.3037318927744657,0.1579910468440565,49,0.0,0.03380216690734511,4.854620069399793,-1.715388117422797,1198.4003825321754,814.4743456494019,1122.3290944673008,0.0,0.0,157.7785140660907,1.2107110968821826,8.145380791249512,113.82667304251493,109.91875552272629,98.54880166691277,91.38951844445928,96.42812509507615,123.32025795139398,127.92089292730275,92.64242190488228,102.32999304882031,102.31201917835389,55.54625489360875
224,1275.667133222242,815.0450303352011,0.7334218775424662,0.2299950366565517,0.252223129378904,49,0.0,0.19686838174313556,24.55123934347983,-3.475183550358171,1275.667133222242,815.0450303352011,3169.975429444592,0.0,0.0,157.74631316465027,1.2109506721029286,36.106017335655594,295.2488569763954,311.5194609208598,300.90608860774796,297.5524087810546,315.321798900282,324.38764471862754,300.270045040469,286.53475869010344,275.85916392549734,287.10449694458345,139.16468860331588
225,2168.420232627205,814.7168359764813,0.6658719035314199,0.011370348272490303,0.17364509585189822,49,0.0,0.030598534396971713,3.618636259953297,-1.3963623266332115,2168.420232627205,814.7168359764813,1125.9382237639593,0.0,0.0,157.37425729320046,1.210806980371857,17.696658414287374,109.09097178668638,118.31275259958775,104.2598522574654,82.96044162471304,89.48496777303087,126.51651553932933,114.82840113768161,111.90207701855772,90.71755032587569,113.67838940644167,46.489645880302284
226,1570.6879834786027,816.4058684826999,0.7248362465607971,-0.1484668022836677,0.23659006150161846,49,0.0,0.12304895997350485,15.110838529559276,-2.948221412114292,1570.6879834786027,816.4058684826999,2309.7943903730193,0.0,0.0,157.6233626110092,1.2115210201357214,21.29773220403998,212.0301682694397,225.99848891222786,216.9782104766329,199.09073127735786,220.95122570479347,245.67402784308382,226.99333013196576,195.2550188789731,216.0546257216311,231.53391878866495,97.93691216420892
227,2682.51918020459,819.5070297055056,0.4803436712775761,0.22900788025752425,0.20110311976173306,49,0.0,0.03527126275602603,4.548610723083899,-1.644696927120707,2682.51918020459,819.5070297055056,1553.4965482588054,0.0,0.0,157.16001259786418,1.2127756084139127,12.614443970105668,157.22478806052686,157.99047394517777,154.43999421746253,134.538819110097,139.63645100818712,135.3064785617791,137.7302298171267,154.1965646229371,140.2727699550922,156.96314274067126,72.58239224964228
228,2411.241102628958,823.065624480217,0.5144489914100593,-0.12487569360082659,-0.17391258293295062,49,0.0,0.010987312198555456,1.226211261552565,-0.2214132509502248,2411.241102628958,823.065624480217,872.985049160781,0.0,0.0,157.27306300616607,1.2142747502704745,10.019524048357457,85.6902762546637,80.2040411441537,73.84733954732161,74.11452123273625,76.15822481240755,93.24853265324424,83.43754688071931,90.31297600217877,77.95044106742347,87.65931807400887,40.34230744356605
229,600.201129924165,825.8352348673874,0.3829419129126523,-0.025505707626629175,-0.036902037474865736,49,0.0,0.008474217584166784,1.0469828267436152,-0.04984889543003014,600.201129924165,825.8352348673874,867.1695737377311,0.0,0.0,158.0278093859692,1.2154176638069711,3.3818630760261996,91.35336255617304,98.1010570693798,82.6655034716615,86.63996105541933,83.9653670857028,90.79354356300738,83.7102027980346,60.462280918303705,71.56173938818648,75.63418911622438,38.90050363961174
230,889.8226939577623,825.8023470012073,0.3660753271098261,-0.2620134856007836,0.3011785994326616,49,0.0,0.0076837468151979525,1.1278752429011558,-0.1306526597653358,889.8226939577623,825.8023470012073,796.3736446129492,0.0,0.0,157.9071132076099,1.215419888352791,9.666687324338316,73.60251522193761,58.37917858313594,75.79705444941061,74.49932155077697,81.21096653607499,78.78513356471245,68.94555490259688,80.73014504308594,67.66906482460044,91.5002178659026,35.587804746376406
231,1165.1354973787534,829.6842076928564,0.7191198431045346,-0.051878477076480876,0.41320600344662245,49,0.0,0.012508037259289808,1.2041875886200764,-0.20173536671612327,1165.1354973787534,829.6842076928564,874.1797581707087,0.0,0.0,157.79237771361716,1.2170474125824104,4.936823866243269,78.45997959281965,78.85965391533274,71.26207234012773,78.30937133158398,75.31142295507084,87.03700012655938,69.28814093184243,107.19955930770043,78.62143128220431,96.43572697471257,48.45857554651131
232,2536.1780563773827,832.9121984885405,0.7011173135562403,0.415983138871115,0.5934451158923228,49,0.0,0.012934690039937018,1.305186878976409,-0.28918174795511326,2536.1780563773827,832.9121984885405,836.3668336179289,0.0,0.0,157.22099643532144,1.2183702585883942,5.7265552181786274,82.78160180104751,75.96240280007262,80.01076873987287,49.90114472410781,76.67302013073294,79.07862615173158,89.212687169937,96.70165139325105,79.82912880209312,86.6900173903164,33.79922929658743
233,2112.9878358638707,835.4119205177591,0.48050567565342617,-0.13035276087447017,-0.17387690923614896,49,0.0,0.010314371757073683,1.2584527824667449,-0.24959231332073017,2112.9878358638707,835.4119205177591,848.7537627910185,0.0,0.0,157.39735768639952,1.2194315157909725,6.3691565880161605,80.69857279487246,88.23394988713447,63.621248117855274,79.13066292013738,68.06682919631,82.02555028524168,77.75202971895828,89.60729237659726,89.30790056253937,77.0372452922372,46.90332505111904
234,1994.2659892947488,837.6419967134798,0.24418094966833226,-0.4753303044944733,-0.2412630108438677,49,0.0,0.008089248663690877,1.4626277517038677,-0.4128345235299386,1994.2659892947488,837.6419967134798,875.81438803996,0.0,0.0,157.4468349505359,1.220364151383136,10.426724058736145,71.72127116699944,70.29886079335691,81.17747893374057,78.20067474435407,90.32505395362816,90.57867602645612,84.91746489195651,82.52923015371209,72.86140154245854,91.30149496876793,51.47605680579343
235,872.6414285150145,842.0422534962624,0.4893052534074911,-0.1674614477686952,0.3231668290563689,49,0.0,0.025026009605787432,2.8736931194192596,-1.146100970335078,872.6414285150145,842.0422534962624,1464.1833664888704,0.0,0.0,157.91427433149303,1.2221854165114423,18.824691172390676,140.3114566351096,129.79078128583598,158.0607143126382,130.03252619173077,131.784979143136,147.49452473191582,127.16628054770351,150.29249300618034,140.32551979920652,130.10977955700375,59.989620106019345
236,778.0206048347161,846.6601725178601,0.47970982129466677,0.26769295290741585,0.10437522684725224,49,0.0,0.02274725378504534,2.927565688938816,-1.1662666214648336,778.0206048347161,846.6601725178601,1223.5656497934392,0.0,0.0,157.95370710033063,1.2241047155951708,14.429063033473724,106.6573686711435,123.55810336469717,116.92723418536528,123.8659410745228,101.29416553643578,108.42830110769732,113.16291902967185,116.92210047059464,119.07324113338554,119.70154473182164,59.54566745463002
237,1095.8574792553932,846.871830424664,0.6400506151848054,0.15301172809973487,0.19944759999175377,49,0.0,0.18382767823707855,25.558641538119602,-3.5188444175170597,1095.8574792553932,846.871830424664,3130.5416442024466,0.0,0.0,157.82124998208153,1.2242065577996086,28.51881468333601,315.2485562961831,294.7329772253749,286.2906900617417,264.73171915985637,282.6280085103135,300.9234496063467,286.23891701558625,292.18927544128167,319.99756403417405,333.20540489735123,125.8362672709012
238,1438.3040101586926,849.4259269956196,0.48060059310150066,-0.07744304132769146,-0.23165908110938468,49,0.0,0.009159462752094892,1.1445725441390935,-0.14660830974103106,1438.3040101586926,849.4259269956196,866.7254042622869,0.0,0.0,157.67853444128156,1.2252781251218876,7.724636704252162,101.46839637169269,75.92000873211796,72.39453991765114,64.46298991801267,76.91888102538655,109.34034985543377,70.94708874642811,82.05753640315493,73.31171105475946,92.5667034293372,39.61256210406033
239,1348.0078789403788,849.4244696903834,0.6013495618730114,-0.3688923247350783,-0.5713428390827986,49,0.0,0.01609342921565974,1.3561909497284061,-0.3308021046812125,1348.0078789403788,849.4244696903834,1153.7626533290018,0.0,0.0,157.71616578567762,1.2252763045984572,9.201189539161467,96.2201133489519,103.29783406297172,131.41328279709037,90.92199153285253,101.18216981512508,102.04260060697314,118.44916858577596,124.4017930595875,117.9270428107366,116.65358032033215,42.05188684944339
240,1043.5710371588332,850.9755253403251,0.3973700853073662,-0.06965529603954056,0.18864244319370818,49,0.0,0.027683823099759426,4.675298112402028,-1.6745232703440305,1043.5710371588332,850.9755253403251,1210.4004590286304,0.0,0.0,157.84304050721644,1.2259145685981292,20.108506271083677,127.26659919863687,93.37108254535946,123.91606100286961,104.52271529200758,106.53346074247403,119.91924719843524,116.52969746085245,123.55427995709087,100.71471885935958,120.75930428686641,53.20478621359459
241,1614.0142044888837,852.8657134911591,0.9943722707506101,-0.6616103864103772,-0.018660657483649954,49,0.0,0.013884329363090022,1.1761037518490522,-0.1761140885084692,1614.0142044888837,852.8657134911591,883.1257662387861,0.0,0.0,157.60530623605757,1.2267121734615263,7.015825883658257,64.02091235524894,96.620900623381,76.33600018657096,69.72619690888953,85.3273910552502,87.11946237333397,70.43234655579076,96.5069711888838,79.09940691821296,105.44701218495881,45.4733400046069
242,2947.810800016817,853.8185156202697,0.6670201221817198,-0.999807311463902,0.16963446041454086,49,0.0,0.0075328799107967255,1.0772994374347893,-0.08084108264360063,2947.810800016817,853.8185156202697,777.6765574454117,0.0,72.01987744883995,157.04945633984613,1.2270502647452415,0.0,0.0,21.989193551452328,8.881092250482002,35.54181583779356,51.175063593519496,13.469499854624972,22.75407642006813,51.97368777046686,21.76370785765777,533.48747088642,16.64094942292642
243,531.969686393235,856.129501895852,0.2868425127524677,0.28586955078038295,0.47001344238408665,49,0.0,0.021125961449512114,2.870031167766228,-1.1447165327020428,531.969686393235,856.129501895852,1305.2929136205203,0.0,0.0,158.0562461246803,1.228034971694454,14.000010488606245,125.12197600410087,129.66839376995236,109.91492452399018,108.7583088731988,124.1054583396046,148.88437614389085,112.63524040385416,115.15988276822563,121.87565883436409,127.62179372074877,67.5468897499836
244,2127.654461114267,862.8524060713315,0.213748309873379,0.2119507616025777,0.0824345763741201,49,0.0,0.006902135505183599,1.0664825115615644,-0.0698843454444375,2127.654461114267,862.8524060713315,801.4621110948842,0.0,0.0,157.39124421310453,1.2308641342568434,7.287723761889921,80.72019724036338,100.46500550913076,83.70756348490636,83.62208591211473,59.47298066760352,79.02946931255518,60.10423778191662,64.20375955424544,75.3063261392216,73.85458251878437,33.688179212152356
245,2139.2652980534635,861.6504672325999,0.6902106300395695,0.08164762092621604,0.23538395961263375,49,0.0,0.012606847100770332,1.3171470287427525,-0.29908564129138787,2139.2652980534635,861.6504672325999,821.1588312029884,0.0,0.0,157.3864054428445,1.2303629418335829,8.65082877131744,80.12631645604787,78.90917136216211,81.92594261272393,67.58508169264245,77.44121047620546,84.51246271555932,90.36899245379884,73.0545683779684,71.65216261809674,62.27031194802663,44.66178171843917
246,235.52015268754218,865.0,0.5850067998529304,-0.27993910717571047,-0.5088325881873884,49,0.0,0.025898910264755777,4.69576665564702,-1.6792662690003202,235.52015268754218,865.0,223.66314567395528,0.0,6.261519650289606,158.17978459316666,1.2317072966098803,0.0,0.0,57.43419004224653,0.0,0.0,8.487356323249179,0.0,105.00031977353633,20.1572392168355,27.557697554161468,5.026342763926274,0.0
247,2288.7724096080688,864.9971959112303,0.654263675071662,-0.024128010096463464,0.12048529937027821,49,0.0,0.015499925311371515,1.7660374832194805,-0.6174997925300197,2288.7724096080688,864.9971959112303,911.3035096964064,0.0,0.0,157.32409840609512,1.2317513855895665,8.621393843992415,82.03870807373616,92.2217652501241,79.31676575740465,82.54708151663566,79.92072119501789,82.05449070846376,65.04053801147239,80.82708965375681,101.2806014580642,110.14259263517594,47.29176159256236
248,2487.3242668190173,865.1185837858047,0.29303262762667565,0.19138306106319736,0.07750941519486124,49,0.0,0.03553131521787033,7.310306509774346,-2.159838966578285,2487.3242668190173,865.1185837858047,1477.9450295524834,0.0,0.0,157.24135324839332,1.2317917744090077,27.72013867585563,141.64514909414163,142.82541610834176,140.74329049734615,151.02015321191473,120.89947363914914,118.7016897472511,131.58294326608524,146.72851407349123,121.88490979366651,157.0401903991676,77.15316104607248
249,1129.3462960828444,865.4645297204646,0.307222873680285,-0.5745244962119473,-0.27605126254392387,49,0.0,0.017842522914815393,2.3363264959400634,-0.9213338356951811,1129.3462960828444,865.4645297204646,1409.1539856193717,0.0,0.0,157.80729422093097,1.2319543012941232,15.166127114376941,171.83783667669024,135.72405537509118,137.07508893767863,120.44006618595554,124.43368114661672,127.65077997178858,118.17242810930848,132.9805571535541,124.115790105191,141.97493501414175,59.58263982897851
250,934.2465116942128,867.0403501557826,0.469470110250383,0.26110373006777404,0.3571225153307885,49,0.0,0.013242751585753526,1.7221197325635196,-0.5901583576081779,934.2465116942128,867.0403501557826,902.5336012823467,0.0,0.0,157.88860211189404,1.232603637094994,7.72516070661963,80.40422664852551,86.09214980816105,70.2105593706211,79.04332112167151,99.83267374248916,87.61368761445068,75.63160308374201,88.04764747034372,85.44982619995469,97.19021534691758,45.29253016885008
251,794.9942800480153,869.3070184392968,0.6840169065877347,0.008607902787247391,0.2434095886370399,49,0.0,0.029314706155577755,3.2477040060192612,-1.2789411025233244,794.9942800480153,869.3070184392968,1205.128532035769,0.0,0.0,157.94663495987336,1.2335413587661241,10.552558914948541,89.44770380664329,118.14878145429478,106.71460086878622,117.5563072858802,110.5311827718444,123.82924073736967,122.3048001393911,116.90635198924322,118.47916276094351,115.71906588410619,54.93877542231799
252,767.7180482800266,872.9009976425589,0.7097016545159295,0.22837704388097252,0.340462999967171,49,0.0,0.04781759761397116,5.530003983479845,-1.856813610360612,767.7180482800266,872.9009976425589,1443.2198278732799,0.0,0.0,157.9580023702348,1.2350373227852145,18.155898670321363,143.54433351869298,124.24452842268727,136.35292609251576,158.23851191921136,133.06036347711344,129.39727376473877,116.80390754939387,141.79968482448393,146.0092490942116,130.2586317835644,65.35451875634521
253,1536.1461605385775,873.6191847150264,0.5204637434631496,-0.06916484843929972,-0.010368105931489522,49,0.0,0.009215133238136528,1.0619063960792674,-0.06521559163323876,1536.1461605385775,873.6191847150264,815.9321025686652,0.0,0.0,157.63775831917178,1.2353590751823291,4.6177482218539065,84.33037932227361,75.16408003741924,89.73376830622013,67.76509312721583,62.241833877634086,85.17840020003266,57.58033404956825,74.64940806521368,79.52787000225368,91.02520751277561,44.11797984620453
254,2746.1725990017167,874.1813614930686,0.4108205185506751,0.008339666223056007,0.06088970727135016,49,0.0,0.014960399037637313,1.7267281811267983,-0.5930599424597576,2746.1725990017167,874.1813614930686,1072.2805629575892,0.0,0.0,157.13348146971506,1.2355505566905454,12.807546798275157,116.10758958256625,106.97704380470205,107.56419267626552,88.6331923681777,94.5004314751707,96.16415394284513,95.03244550579907,91.94103593444294,108.18006858813624,104.39226502221044,49.98059725899789
255,1045.018510564298,876.3816882248125,0.6195805373030141,-0.11159134554689155,0.07145951095184334,49,0.0,0.01109579920768707,1.1868969101139661,-0.18603249807532865,1045.018510564298,876.3816882248125,890.8336536090649,0.0,0.0,157.84243842244038,1.2365001316175748,7.751656641809011,91.68735975484773,86.13345371518741,83.25923436472874,78.6792454592929,66.00316613833014,77.1825276598175,93.18172977178433,90.8050869085834,82.54627055829812,93.11453139514538,40.48939124124017
256,2557.847185081208,877.1078681532995,0.5440989959998296,0.14800805093948843,0.2380460224174624,49,0.0,0.29170924690150046,42.91620899626287,-4.0815533789524165,2557.847185081208,877.1078681532995,5702.475302556639,0.0,0.0,157.2119627158027,1.2367828113926986,49.911290337619505,515.1132376646763,556.8169879166218,507.6600123027007,508.59186017006186,559.2677683741597,563.0477713225237,528.6260266291958,582.4992288738929,519.421820186338,538.4946854648191,273.0246133140302
257,2355.0281597069397,882.1749560730585,0.8651632172983645,-0.13325727720488909,0.015034962362387844,49,0.0,0.013133407068943649,1.219352137257429,-0.21532285958144037,2355.0281597069397,882.1749560730585,846.4531400992532,0.0,0.0,157.29648556382548,1.238905363982209,4.7279400177940385,79.41450980809515,81.60999714584486,76.12296433631928,67.65253477544437,75.73761653412097,82.55977109068894,77.77039734833852,92.5248180666444,81.13998754395541,75.46783231150022,51.724771120507086
258,1248.1093949424564,883.9248757836236,0.23877094299221552,0.7144572020680775,0.5643738228887702,49,0.0,0.01480748029607834,2.214880189044635,-0.8633755965511125,1248.1093949424564,883.9248757836236,1211.6900657922465,0.0,0.0,157.75779983871794,1.2396490591043703,12.543233451514968,114.66294043748454,126.34303866852704,106.66954902529976,117.18697799705001,114.53968773985963,106.07811616736203,119.33957780968785,135.15741479614516,108.59224557757418,98.60726182144461,51.9700223002967
259,1144.070729082507,887.0468095111256,0.5714707346716692,-0.31318555849573476,0.29949433407070825,49,0.0,0.008973019207568074,1.0620391250890417,-0.06535129068021056,1144.070729082507,887.0468095111256,885.766837860657,0.0,0.0,157.80115858111813,1.240947063817642,11.305012815919461,83.42623750557613,82.35550081367123,80.13452352330104,90.92588894041367,73.03153130216258,80.76128923582817,85.37233348942905,81.98329113860729,82.7070665817429,93.03657775117793,40.72758476282759
260,1927.2857467010908,889.5461882482334,0.6582964594887144,0.10216765252612905,0.417815639294477,49,0.0,0.029192001397290144,3.2030464652798316,-1.263908097103093,1927.2857467010908,889.5461882482334,1245.4362656513943,0.0,0.0,157.47474771469012,1.2419917730198289,14.28553414436691,106.30216469411988,131.79492933331375,114.08824989358801,129.86242747131743,111.39202690077722,114.57697258798497,99.20602228146579,133.16718927571281,115.50719757796541,111.5892495343792,63.66430195640285
261,2221.0397396189105,897.4840355552403,0.5830906421938152,-0.3089186115647339,0.3322191098758109,49,0.0,0.012431406933867569,1.3375665284646951,-0.3157884808949404,2221.0397396189105,897.4840355552403,950.337783828764,0.0,0.0,157.35232419064195,1.245289948128035,13.464139071252,99.77943117258441,89.08423257197026,75.13424722934062,97.91388119038723,85.58564221039535,99.08356570624727,86.7629349979373,88.49326764301412,88.99120970231476,90.62676776998339,35.41846456333727
262,1420.5630716067442,899.3499423975725,0.2278472274906099,-0.06721948227827144,-0.34273461328272425,49,0.0,0.02315452361773344,3.1062755718978243,-1.23059995337332,1420.5630716067442,899.3499423975725,1751.2386036466987,0.0,0.0,157.68592879887674,1.2460790034799025,17.551389737279305,196.23931080782955,163.3403094344356,135.94760186896923,158.82761900779622,166.65084377553762,165.87379251016682,148.7021148643732,159.32403234470797,170.73793873800292,179.1604237575687,88.88322680003174
263,2730.835271266673,899.2633264074077,0.5800489460377601,0.2105785432777338,0.5504113737942549,49,0.0,0.021212220649079107,2.3253688734554547,-0.9162296371502076,2730.835271266673,899.2633264074077,1146.0037657324506,0.0,0.0,157.13987067519042,1.2460018810595734,14.795609026326405,103.88408608727292,107.22110541352097,107.27924609623956,89.04442061896913,100.65959018226965,118.42183587829416,95.97210198877698,118.69947446231197,124.64410443334299,104.02737371880174,61.354817826324
264,1676.8783822877367,900.9197120545527,0.5488822339272078,0.11598480330332928,-0.009797608649480387,49,0.0,0.033669858683256275,4.186675775194337,-1.5546733238329686,1676.8783822877367,900.9197120545527,1441.0754404143936,0.0,0.0,157.57910691584033,1.2467339318150341,10.868874639389897,131.00514790952457,164.14623926752313,134.65495411176244,164.68978859074147,110.64873179608273,89.99582905586088,164.7006781178323,139.36739788008327,145.57475331665177,131.1828011756698,54.24024455327142
265,925.9552184858503,902.3013718230598,0.49163125168807703,-0.40006516953924787,-0.49135756753118964,49,0.0,0.009984286718863648,1.2257500892232056,-0.22100483382703962,925.9552184858503,902.3013718230598,878.1943541965488,0.0,0.0,157.89205942115518,1.2472947919954167,15.031011229771504,91.40009457455332,79.38376302338946,81.8105591872705,88.84980343744968,94.52950009179801,90.27626709655026,73.12425525930406,77.55723560440211,74.83343253688992,78.54284887750057,32.85558327766949
266,1028.9175507948044,906.0945908833206,0.6566768664648512,0.22112256856688722,0.34072166016339894,49,0.0,0.035877757230739604,4.587717239983638,-1.6539916067156744,1028.9175507948044,906.0945908833206,1140.8962725778679,0.0,0.0,157.84914989448268,1.248879477902908,11.433014125970532,111.80483594487839,121.82171415976471,92.20978866391148,100.38678379795013,110.19162431467082,121.00602984293687,93.05986094358526,101.67311051512075,109.21541803974,107.47058869791962,60.62350353141943
267,2735.2394423799988,908.9647530166899,0.3484758008041757,0.4588431608910314,-0.06290095211024063,49,0.0,0.010548917605454199,1.36981015908092,-0.34165095698507675,2735.2394423799988,908.9647530166899,985.5225022328734,0.0,0.0,157.13803442250122,1.2500435720667864,9.20892139107852,82.30202690639548,106.62883010320307,91.2967312851408,74.54386684958334,98.41240344044628,93.42912923979948,81.26047439463838,89.49887381942334,97.48420579384992,102.50098535424704,58.956053655067706
268,1702.1984311437477,912.5513025563168,0.6948513313790247,-0.1866595631928249,0.2734880253061362,49,0.0,0.014048344683768126,1.5461703695870737,-0.47314336576520893,1702.1984311437477,912.5513025563168,867.035772794144,0.0,0.0,157.5685544421305,1.2515801545048686,16.067093452095087,73.99979802912918,87.33753498389476,80.6872232669425,70.10898354964002,76.72784652974076,77.06814999968552,85.00419203969074,91.00667610873242,69.55068513012944,98.02732231653768,41.450267387925955
269,1069.8602957729631,915.1681211103742,0.960820449602585,0.14654285688183155,0.1962914335150077,49,0.0,0.04822763427804113,4.802971351410765,-1.703774990456803,1069.8602957729631,915.1681211103742,1197.0348792569714,0.0,0.0,157.83208724764515,1.252661482635189,17.592792518504016,119.57042302886543,102.02417759494729,113.58931785617474,124.73377554258576,109.85600726809926,122.71544435828918,111.92274322145823,118.0337580922741,92.61073038156147,105.88244975899494,58.50325963521689
270,1381.7312456911704,916.0643371611892,0.6612080494343238,0.05265263577792462,0.11734993786713108,49,0.0,0.011535330475313256,1.1221571916448099,-0.12513424275104693,1381.7312456911704,916.0643371611892,924.1406335703552,0.0,0.0,157.70211260656606,1.2530426388295968,6.488478868022669,97.4699493067267,65.96915439803593,87.2346964387205,65.93590807629272,97.10279071727633,98.66141282250891,85.71573629666057,79.64661352291232,108.87441385755326,79.30213086244532,51.73934840320001
271,1983.2943934853445,916.7565324972693,0.49244965421645,-0.22654888239469415,0.3037095135035789,49,0.0,0.042825988852216335,6.395868846899121,-2.014748873906572,1983.2943934853445,916.7565324972693,1418.427236592542,0.0,0.0,157.45140491473524,1.2533277755302956,9.844538182602399,131.6015105918786,144.51682288207996,130.6324622896885,126.78198042542715,134.9549039560905,135.32873204204122,135.74014312656058,152.52934213203338,124.40776667480861,133.43326660399254,58.655767685338425
272,1651.5000767186611,918.9110923691891,0.5253324480012802,-0.021170280224016784,0.08752358340800279,49,0.0,0.11595675474297489,18.00593087983549,-3.1385389466655744,1651.5000767186611,918.9110923691891,2537.6231305187084,0.0,0.0,157.58968349984235,1.2542302572730757,30.40332701749159,241.56897322735296,210.26264586196902,230.49815041505997,252.3153963391377,248.74191164975758,267.0492513383566,224.15625826674454,243.8332481310353,211.56623212558836,252.68564008995497,124.54209605626019
273,594.1297086768654,921.8840305761147,0.540490631482009,-0.7632457609319165,0.2938605772485134,49,0.0,0.025705202933766144,2.447358666785955,-0.9717440525084007,594.1297086768654,921.8840305761147,1670.748705746661,0.0,0.0,158.03034740454603,1.2554354122616296,15.238309803570015,173.1714966509594,166.28009930743497,151.44565643949977,162.92561353504385,167.8123021324873,157.62581679849092,168.0051645372571,139.40843194874637,137.6109355079475,149.81596109119153,81.40891799403252
274,686.9706495976269,927.3925051463626,0.452961333576368,-0.1419164304689707,0.4200894583497865,49,0.0,0.011785185179805684,1.4762256900576396,-0.422881897196177,686.9706495976269,927.3925051463626,949.8878209055324,0.0,0.0,157.9916571590419,1.2577364215814844,9.583349854943137,96.4741803130909,85.7727474041437,89.1358099555624,91.33923732481301,77.67946919986335,96.88033742576374,86.5955859989561,86.84857267003994,99.25433059455695,92.7402777734909,37.58392239030831
275,2568.286116600669,929.8829614453078,0.4866156992290987,0.08351986346332502,0.22197021642518808,49,0.0,0.06779376503485021,10.318260450666445,-2.534016215041048,2568.286116600669,929.8829614453078,1880.7353457059771,0.0,0.0,157.2076082648174,1.2587706661716247,32.28324823809949,165.85958225543203,190.23678756087676,174.63901789332067,180.7975336660046,138.2856435541495,185.34659562878113,164.54080108969015,161.04878506803954,186.8147649192715,226.81053499562464,74.07205083668717
276,2281.5153602437877,931.0730234561776,0.4398009810001169,-0.05832111755650338,0.21330601454128637,49,0.0,0.04256972467781218,6.937805499663307,-2.103055300740095,2281.5153602437877,931.0730234561776,1435.7648356660848,0.0,0.0,157.3271190955996,1.2592822472523126,12.856666388479358,139.46857345312478,120.29094273466,118.02070546939895,133.82980341523466,119.99024876545715,145.63937539600886,152.79271369148765,148.86740079097626,126.0736270913173,151.18594695241723,66.74883151752272
277,385.4795692173645,933.9161393163358,0.5497823027182156,-0.4141147730388098,0.16231271205101,49,0.0,0.010398610653322798,1.0042416858266021,-0.0045956121753784685,385.4795692173645,933.9161393163358,907.8573578228675,0.0,101.54544361522377,158.11730027643932,1.2604330876439689,9.669651374344687,111.53241518369283,84.48166481315309,86.68180298011089,75.9622189063323,85.85197070922041,83.57088702960544,74.56566999662738,81.78712767280601,78.96300499137777,88.07418513616001,46.71675902943657
278,1231.5004210471589,933.9776392947173,0.3749738817234445,0.22531070327045258,0.12012942249176857,49,0.0,0.033924702168564226,6.238791353000056,-1.9877511538675603,1231.5004210471589,933.9776392947173,1351.9899544838618,0.0,0.0,157.7647232259235,1.2605033816188649,3.5773444595171506,121.57270236437449,126.19818898011322,140.2226711598894,135.0700327028883,103.33129962595862,118.4940717209403,140.29997379025866,124.65303590169503,145.97325647496416,137.09111896329375,55.50625833996883
279,1931.4729121073572,938.18514469501,0.6300433479569427,0.11533011643341186,0.21050148484303832,49,0.0,0.11844490352287128,15.614683851934826,-2.9838329889067188,1931.4729121073572,938.18514469501,2546.2137284711453,0.0,0.0,157.47300137577398,1.2622573501641363,31.068285080205907,258.15051017505846,222.66016863748936,231.87917923100244,224.50287946738194,238.97653816675745,247.93472581763496,209.34374297177897,211.44219104841554,270.16014536179523,287.920571683096,112.1747908305286
280,469.76458851131565,938.767179072471,0.5017398357860644,-0.13711392086118812,0.3328019410426191,49,0.0,0.016875988574977727,1.8846008415305404,-0.6880484517691093,469.76458851131565,938.767179072471,1081.7368114518108,0.0,0.0,158.0821764349331,1.2624608286690904,12.315564869561308,96.20338582586922,95.08828761029046,95.78043334173472,97.1495544912353,106.09937321393309,126.19736458486199,93.51510880330505,90.44987845437319,117.50469723141137,106.5702933700922,44.86286965514271
281,1184.9706488812174,939.047977547345,0.9386508116890976,0.053881258265287627,0.16641360847813821,49,0.0,0.020355359093254075,1.6659588322453882,-0.5541606632207953,1184.9706488812174,939.047977547345,1117.1570171398812,0.0,0.0,157.7841151092906,1.2626147467837874,12.53196320318867,91.53943775859963,111.89919607235288,100.23319867736448,99.42754572716596,89.16938874199356,120.35726628245266,107.76202725070641,124.98002175547863,105.37163156772124,114.34079199258957,39.5445481102676
282,993.5397432670599,941.2960220982505,0.47642889379060877,-0.2738521096445872,0.23876169892567808,49,0.0,0.03302997206858936,4.438604639805571,-1.618116157000438,993.5397432670599,941.2960220982505,1435.7512671638892,0.0,0.0,157.8638954298176,1.263544865510273,15.298642198678394,122.49458848446383,177.71041033454367,124.59707632391027,132.2917505315632,126.29635988532284,135.7408057909025,120.69411689623783,136.91688199639373,133.3204159953741,145.49778542645666,64.89243330004214
283,694.4239596894137,941.7415987837181,0.6462439058725186,-0.13496202669278531,0.6218106354394579,49,0.0,0.010797921894700198,1.025305291301813,-0.027132996617411802,694.4239596894137,941.7415987837181,912.9686142882579,0.0,0.0,157.9885520959543,1.2637153915901316,9.914998842722431,97.73683893471284,89.2207264534409,68.81267179193262,81.30615398954825,99.31825170356544,88.34211887823844,64.59529604044849,80.44654846380702,79.76662069562258,103.26496783167332,50.24342066254559
284,1139.476952188655,943.6439361390509,0.35122438311634313,-0.3985746914406039,-0.176448360529576,49,0.0,0.009049443767480108,1.278019061570823,-0.26634332836129193,1139.476952188655,943.6439361390509,858.8758567997556,0.0,0.0,157.803075180061,1.2645283432088326,7.3134399456105115,93.02726938584323,82.80502781319272,77.19549747951086,73.23285190370447,73.42064090008697,86.06587008497448,72.96938519098642,89.31791441946109,77.31674902436862,93.42673982914464,32.78447082287154
285,900.3124414159691,945.8840690768427,0.5304650890517211,-0.13188110362428926,0.2797445141561392,49,0.0,0.038578376536105824,5.3860488562159,-1.828175721318853,900.3124414159691,945.8840690768427,1374.028774742275,0.0,0.0,157.90274852217837,1.26545241129967,13.107221412779486,117.47777966095236,158.89359143014383,135.60959568504714,116.12999025857948,129.82184721094148,107.17633016438505,114.8117868410458,131.76384474887794,155.47360245620024,129.21175276824872,64.55143210507343
286,2253.294022517815,948.1799911882015,0.6035433274467054,0.24248137063375025,0.24124559877169485,49,0.0,0.022268204307410167,2.668069057554713,-1.0654926655539416,2253.294022517815,948.1799911882015,1116.4916695900572,0.0,0.0,157.33887950216362,1.2664111590242497,10.716533550140838,94.85498644567039,111.67223505202975,94.48012809391074,85.72032997349208,104.87311783336685,122.81441039014123,99.27360400100483,105.29555756817872,114.4175285728644,109.39809301849644,62.975145090760975
287,1257.167930735822,951.2055288056698,0.6164818474929461,0.06422021529464453,0.048870627759657774,49,0.0,0.017081082411205276,1.9070205473135906,-0.7008884310114959,1257.167930735822,951.2055288056698,1003.5642965537374,0.0,0.0,157.75402652037548,1.2676820916968161,3.650819860735666,102.20317915153336,84.725749336535,83.46985181008279,87.99423459485789,84.76690787847073,109.66271039093232,102.57045816204503,104.43150445565402,92.31355208036862,107.14423488673148,40.631093945790425
288,2333.3244252085165,950.7452574079941,0.4710898433013524,-0.3679092310346672,-0.04018032284515036,49,0.0,0.011179808186636848,1.3026150176544524,-0.28704020195824764,2333.3244252085165,950.7452574079941,918.3870816664505,0.0,0.0,157.30552642397637,1.2674762669482817,8.06823472345077,87.83626245376703,90.00998966070148,97.1721703758482,105.87711439987703,89.30446821373575,81.56313477634384,74.56842275007955,93.7963546883919,78.17530741987463,85.01832124762089,26.99730095675943
289,1878.0037047273788,953.0503836715603,0.9751633943085728,-0.802885981141457,0.008966083148047138,49,0.0,0.01522252711928891,1.2455198915083538,-0.23837666951136527,1878.0037047273788,953.0503836715603,883.9533186438597,0.0,0.0,157.49528491618693,1.268452132698196,11.93904639502177,83.43722874993784,86.01233828015525,86.86488343540117,80.20125657340897,83.17878053524441,76.76847445460184,90.37070749670029,77.51827022201667,71.08786953178992,91.7677687842128,44.806694185368755
290,916.379902973814,955.5638095395138,0.9389016634692303,0.4695685349426827,0.6101493278061841,49,0.0,0.012054978658445993,1.0346248131765334,-0.036957224464565494,916.379902973814,955.5638095395138,806.5112666482901,0.0,0.0,157.8960528977738,1.2694862408427041,9.214012921840984,78.26250254634702,75.75831871524666,69.98281069032075,85.43336062383804,66.16340329903647,95.24710391523885,64.55095645605779,68.75759257266124,84.78143216649588,68.8598806474061,39.49989209380017
291,1820.4472862054117,957.2823941486221,0.6717788016303186,0.36979143155553124,0.2663459336355043,49,0.0,0.06919062628847686,9.061213066240834,-2.3929658564184573,1820.4472862054117,957.2823941486221,1672.2970024024812,0.0,0.0,157.51927221495842,1.2702163897669794,15.23718944422167,150.0597949578122,169.75951969612157,157.7387743416989,158.23863831341657,159.82180048003198,161.47713696529487,133.39263989392174,184.6012266349276,140.6229736414759,158.49967348492646,82.84763454863187
292,2485.5366004565544,959.7646188773673,0.23362968631376738,-0.1133542505708617,-0.10645168833526503,49,0.0,0.011786602691056778,2.0323102122978813,-0.7699749987031207,2485.5366004565544,959.7646188773673,994.9274345440098,0.0,0.0,157.24209142377788,1.2712259193522073,6.343559432856896,66.51715346308872,118.46553532545612,79.91335782971493,107.31345176664281,92.55409756061243,82.94115404630281,101.26083700492504,102.08961121900717,88.57615631258768,99.41054419142125,49.541976391394
293,2880.200124108441,961.088138004373,0.523078858514326,0.3182044295685871,-0.7812610730506182,49,0.0,0.009686593297116457,1.021136265523331,-0.022709250947162044,2880.200124108441,961.088138004373,911.7705948906327,0.0,567.6163953630485,157.0776197594687,1.2717486296956997,6.849111364101069,97.54520891489963,94.1084637871199,95.3669384115939,77.36835698009338,87.23796949848489,89.22125862659185,77.52259824279696,83.26158191827565,96.3286216005564,64.32929359245009,42.631191953669
294,245.11764756698136,964.3077846637553,0.2018303123837897,-0.4372179337095665,0.5223026121922104,49,0.0,0.004980883196551248,1.2006361661620346,-0.19852855313025847,245.11764756698136,964.3077846637553,844.5589572617586,0.0,445.50844369325284,158.17579611350942,1.273083348316372,9.99342779687083,66.86209416008506,60.284655775544074,56.37838745667804,79.5691575577882,39.815498878248256,42.195434009787064,81.55461471707835,56.738738236468876,99.70113267882095,98.50319962107272,152.96261637331617
295,2621.9696693769283,971.1675603950986,0.5696706691520863,0.12562764453577943,0.8651697502293499,49,0.0,0.010663654578367572,1.0567949413612432,-0.05997681435456612,2621.9696693769283,971.1675603950986,872.456824101115,0.0,0.0,157.18523272407535,1.2759681682443422,11.008994907589782,79.77830659307885,90.51709720488017,83.1753740653811,96.08184358250315,80.37084953609647,98.73897329783802,79.32003569761196,75.97698597210203,81.8725994986021,66.85396538618667,28.761798359244757
296,2375.2899344792063,974.053708931485,0.771535416245543,-0.08386662714633727,0.009476608298831108,49,0.0,0.010915116862700901,1.1089361511531095,-0.112266354101163,2375.2899344792063,974.053708931485,814.906079590392,0.0,0.0,157.28803576730238,1.2771856376775046,4.7619041971551965,75.26221476611947,91.17141619658184,77.6087652517373,79.3648554193881,84.51068514966238,82.175663678285,55.796969893181675,70.8006091977129,79.52784819378132,82.51120892937831,31.413938717408506
297,897.0625129091992,975.8705317467444,0.2414993506087599,-0.2696298237723303,-0.04783691287382301,49,0.0,0.010918578685134546,2.152208992844128,-0.8322111043259399,897.0625129091992,975.8705317467444,891.0810033058028,0.0,0.0,157.90410465526415,1.2779461841279338,11.744758744560208,95.44875636128236,86.11682882137713,82.61077519792161,78.890451749693,77.69305101006151,97.23905504926401,78.84266747291001,83.07399725162611,78.8485461335064,71.50327454305221,49.06884097054826
298,269.8265745485169,976.894553272305,0.5127571962021915,0.039378450650642785,0.09176751664486657,49,0.0,0.5574254455250673,72.69900152926687,-4.6538211154107465,269.8265745485169,976.894553272305,15218.403062042267,0.0,13706.867215723287,158.16550064082458,1.2783297138289933,150.77908019415887,1466.6833782862618,1503.6520484713537,1374.1906550413717,1456.3700360396533,1456.4920043992165,1403.9730213235223,1334.326648519596,1475.3553656262156,1434.3577214756108,1492.7353247480012,669.4877779173057
299,2999.781823266705,976.3779399013846,0.42820613591835577,-0.3761212585399935,-0.04287058400270708,49,0.0,0.006496685573417531,1.3726528638021886,-0.3439018012188615,2999.781823266705,976.3779399013846,204.13608709154897,0.0,77.96118840909672,157.0277853058673,1.2781081424767926,0.0,0.0,0.0,25.219922691748405,19.91688635995434,12.067389726405436,14.86920555879712,36.97674800815517,23.201274218600187,21.136824916802674,20.6657642055344,30.082071405551225
300,1022.8379613940195,978.8927673143673,0.6253646603848865,0.37943862372981907,0.20537409040721674,49,0.0,0.026972009026145063,3.395023406724591,-1.3271069320908495,1022.8379613940195,978.8927673143673,1088.2199570787816,0.0,0.0,157.85168700411998,1.2792108576009105,5.108566467320031,115.28274055842769,104.9737851148551,87.68463799684842,105.85505623364526,107.33123274547788,115.49182661811203,85.77692357532186,110.09221850896178,109.8925399655848,80.77003357249534,59.96039572173146
301,1558.5853363483652,980.2374524063273,0.5646436190692681,0.03624277613229566,0.1657569009546871,49,0.0,0.2567092180536841,38.554367399441354,-3.965183954024725,1558.5853363483652,980.2374524063273,4642.031296750981,0.0,0.0,157.6284069846572,1.2797823611173964,50.607811045795245,449.00637885975544,457.4709243672727,448.39502266522305,478.4054481273118,394.4165168907833,464.04173479427243,402.30557337843857,435.1816233468132,446.9692428171113,429.37490121826113,185.85611923994242
302,1350.5933582244725,981.3809201228794,0.4558543759515879,-0.10392777441278667,-0.06917306607195514,49,0.0,0.009093481732253774,1.1560966818696297,-0.15748538678292695,1350.5933582244725,981.3809201228794,875.0209945277263,0.0,0.0,157.71509095944256,1.2802567412342754,10.45034517898651,71.04826716781477,100.98939256480026,77.35535482086613,72.65218834546351,79.50830165270398,95.27365538903032,87.32817632958951,82.85413442086045,69.35127510552351,91.2205501746713,36.98935337741605
303,1496.8835128764983,984.0838958065553,0.84083149640416,0.286228476661851,0.27086793836644774,49,0.0,0.043066286244873034,4.5305861274873935,-1.64038597714406,1496.8835128764983,984.0838958065553,1248.56726898947,0.0,0.0,157.6541222556321,1.2813847090887218,18.34577376796403,102.17236856845655,107.76108979920679,133.47851941001994,101.75855881331012,117.21252884274084,118.2987396291727,117.11644621319411,125.79899448889583,120.4155280557633,138.0207805394008,48.18794086134496
304,2213.969952262621,983.9789963696445,0.5820719822058891,0.9477069531133752,0.1354775626419728,49,0.0,0.011306261073447347,1.3350191256987045,-0.313718718794391,2213.969952262621,983.9789963696445,831.875218826583,0.0,0.0,157.35526621550062,1.2813286127454526,5.918858455010477,76.74094220645293,66.97380314318355,71.34441775432327,83.31637909993259,79.47180782802675,67.94038897643324,81.63375240566904,103.83709398093808,59.4438037461053,96.34265193495668,38.911319295551095
305,760.3629713964224,985.9629075776917,0.4890004783779385,-0.09181786088553062,0.33901167392196824,49,0.0,0.04212134197413384,5.991265127161408,-1.9437963463450862,760.3629713964224,985.9629075776917,1518.8729388538095,0.0,0.0,157.96107527081566,1.2821440457013562,16.102199440802977,138.0520828793087,127.32642111014067,137.24900119047481,141.4794524614793,138.64380346989603,163.99660797147408,149.53735214245168,132.28422123015744,150.9428981083165,154.97873376693335,68.28016508237407
306,1108.335424905078,990.0931898791688,0.4289383838579985,0.09029878575221192,-0.02160737788696766,49,0.0,0.008813574955706316,1.0228331143455025,-0.02451194979540839,1108.335424905078,990.0931898791688,889.533312692816,0.0,0.0,157.8160555334996,1.283880671112007,7.247213791752638,94.23346208007274,72.00610823496325,83.04331307694565,68.83168683190263,90.13364866616968,86.16311538291039,94.8038807025175,91.88402568069955,73.04944628089373,79.25496339927577,48.882448564712575
307,1467.6575622344524,992.0867148568935,0.6057193779973827,-0.4093934598519443,-0.3122813285218826,49,0.0,0.016071304108127245,1.35204441737763,-0.32747739821733524,1467.6575622344524,992.0867148568935,1363.861965178614,0.0,0.0,157.66630273616107,1.2847189151404665,24.377625599736675,153.53829540048784,127.26530793938052,112.26146553132084,105.50633945792359,121.38757174874169,114.40408020528582,133.03177775567073,139.8040533502694,126.71086765446734,135.78255801107045,69.79202252425901
308,2507.1167655890295,995.2329787728326,0.7363411117234111,0.27892160015503764,0.3148110305000612,49,0.0,0.01921768062494875,1.9706619183277285,-0.7365303105735308,2507.1167655890295,995.2329787728326,983.9743295196702,0.0,0.0,157.23309533742173,1.286002478013639,9.054595018037077,93.46487183031121,92.69187202234372,103.8410637054867,97.10305798347474,88.10548083188576,113.8014959033443,112.3815091926081,83.42714202623783,76.65519938647635,83.58002952493817,29.868012094526105
309,848.460868662949,996.8292281738368,0.6481681978940543,-0.5994436070413119,-0.2683486466744521,49,0.0,0.010862323195458773,1.1201678377033388,-0.12320774758486927,848.460868662949,996.8292281738368,830.6565164267223,0.0,0.0,157.92436088461878,1.2866762787364194,11.422006466499695,79.02246525114867,81.77550626919412,85.99902107563483,56.80607723374448,71.05932686592209,93.89211013012606,76.47301852841846,77.25747406787477,84.87298734819066,68.8742911950354,43.20223199493316
310,672.3042942627222,1002.9526982445914,0.5282241707306898,0.16215809688498528,0.27509544367946187,49,0.0,0.3055249117638565,45.619070994693985,-4.147866092203275,672.3042942627222,1002.9526982445914,6110.943140532933,0.0,0.0,157.9977749728214,1.2892175464301068,83.62050600691484,616.3780820447264,596.4553650699418,527.7984733862637,549.0524784868147,597.7249619708189,565.5223531333029,494.38566320681866,600.836175499034,621.065073617592,563.070252797991,295.03375531271473
311,2225.3342430018483,1003.6214444859371,0.6604911601957074,0.540481609232967,0.22676220024386826,49,0.0,0.028309530772025054,3.070318359077607,-1.2179585237274115,2225.3342430018483,1003.6214444859371,1390.2366223598647,0.0,0.0,157.35052905492995,1.289512245395814,16.744986876020576,132.63148474922724,128.5689016105437,131.39329272008052,143.2683917049574,127.28382499285124,138.06308333419884,112.2788274410377,127.37173330768266,138.58265438930314,126.42208927096141,67.62735196300028
312,2070.784108704888,1007.243862116308,0.5662495490223111,0.08569911219111678,0.3163550767237178,49,0.0,0.027950624576431504,3.816404998029382,-1.4541361398419017,2070.784108704888,1007.243862116308,1096.6954089201076,0.0,0.0,157.41493948324737,1.2910273208574112,4.918213642363519,87.23144397850416,96.07369201819333,104.29483618143014,112.6133841359088,112.0008814089769,105.4059652768994,104.78330192063163,111.93058540001323,91.71159610443397,121.39970326445419,44.331805588298465
313,1090.248109716872,1008.3674338793871,0.4381109194553685,-0.20718023274945804,0.2136534660178352,49,0.0,0.009048295912170655,1.1630734438234935,-0.1640178492462852,1090.248109716872,1008.3674338793871,931.9884231763767,0.0,0.0,157.823594391646,1.2914941257907626,13.397477462093882,93.30676389377152,82.53457897064965,81.57711535563874,85.40837178565155,87.52152477026361,95.8477818505244,90.92604159763994,92.72503269908452,84.83306274869425,88.10745625560614,35.80321578675854
314,2160.8220180865696,1010.1241817534847,0.8057634273280376,0.026172068843630575,0.25076157453447917,49,0.0,0.04110185305277604,4.416674456898706,-1.6127384739311013,2160.8220180865696,1010.1241817534847,1176.4130056687413,0.0,0.0,157.3774149081971,1.2922242536258943,16.034713290701895,114.07087406677402,108.62170568267295,100.2745381970096,106.13821585767676,94.75977083150158,119.09545961248472,95.10571278809547,127.38008795223762,129.4079279140878,113.30237964430822,52.22161983119061
315,2526.2685558376643,1011.6907425260871,0.695653529166293,0.0435396761550513,0.2829915033400348,49,0.0,0.011856515889650001,1.0598083131749336,-0.06306830453343693,2526.2685558376643,1011.6907425260871,874.9130849565896,0.0,0.0,157.2251126062436,1.2928584013183173,11.33858263350454,84.16628230105229,78.99529174087078,80.70465177631843,76.44163214337664,70.80139432431845,89.85317607004404,63.51671130884631,96.97320928918323,80.00702471399666,106.73540739207449,35.379721263003816
316,2570.4173056842374,1014.6287316511156,0.6600693345947243,-0.7039856920354234,-0.2009414868652152,49,0.0,0.012771293819887966,1.3552563345869304,-0.33005361471965317,2570.4173056842374,1014.6287316511156,892.0200883199118,0.0,0.0,157.20671342105192,1.2940796492234161,11.385903771079974,101.13388623646168,105.14147840019106,72.7976952258825,87.47178598666505,77.92153388646044,72.83685189441582,70.38553960204723,95.17115930297561,96.32653709497771,72.9489945811876,28.498722337567106
317,2460.225899702115,1015.9263036559067,0.8590734195577747,-0.2519899790158771,0.36793383295865506,49,0.0,0.013019449521373119,1.111405377795353,-0.11468123472515558,2460.225899702115,1015.9263036559067,830.6252997392571,0.0,0.0,157.25263567710982,1.2946271834805714,4.215682103832498,68.22915901662134,60.70149665986658,77.0215825461232,79.19933750624882,83.42655943921923,78.14101935372587,90.27024389950228,80.15497746430799,74.40971546588315,93.44043147236604,41.41509481156011
318,2757.3265542534423,1015.7863132871022,0.6530988868478762,0.16947451617636375,-0.1520779283902243,49,0.0,0.028243620837016554,3.297960156849634,-1.2956135114088565,2757.3265542534423,1015.7863132871022,1184.8750074223556,0.0,0.0,157.12881996866375,1.294548345710887,21.346776842723756,122.0698117350794,107.01278508181635,97.71663404285295,120.3915457899758,108.37294377437871,118.35793994642725,82.03331537895856,113.5724545097837,127.57901914061782,123.20890916251076,43.21287201723048
319,1105.075589731726,1022.9304807981785,0.7167571184283866,-0.2694141075297086,-0.3963955888184821,49,0.0,0.01117285643550819,1.127380012086191,-0.13017582679224105,1105.075589731726,1022.9304807981785,865.3877186548498,0.0,0.0,157.8174154322082,1.2975624221378368,9.687777022018675,83.88249801576598,109.86730411586949,68.72090710703955,71.30316219276807,73.80884068747682,85.98170316735036,74.43208653067015,94.41343454563815,87.27773910913972,71.93203813039806,34.080228030714785
320,1608.957875525185,1025.1102400781308,0.8524213289240408,0.03670633231444655,0.647457020066185,49,0.0,0.012836838363667337,1.052567981751326,-0.05562538750684292,1608.957875525185,1025.1102400781308,985.8820177134597,0.0,0.0,157.60741337304842,1.2984790594363869,6.171639949124268,90.74662081234175,85.4435638860399,89.72392075284623,105.12175524791274,93.66267500356277,81.19040164229116,100.71718381862993,78.71912428313689,101.72158731116312,102.64056421536226,50.02298079104867
321,2973.509857642362,1025.943015414032,0.2830265603815216,0.4268433316766611,-0.7401004709457633,49,0.0,0.008135527155105206,1.8652931885149964,-0.6768677607997822,2973.509857642362,1025.943015414032,1200.3285970420432,0.0,552.4719207417169,157.0387279192845,1.298761296276709,2.328944357464847,82.20977051561792,85.79723889887612,70.19282351436945,72.73479247419348,445.38922536311213,153.7548884920461,75.39883120802787,62.12534597326183,61.87220056292697,55.201406840392465,33.32312884175401
322,1018.187176714379,1028.2134747505459,0.6019209392567926,0.26863165075231893,0.3388611057436321,49,0.0,0.031126927778289078,4.066735526640407,-1.5231148242648236,1018.187176714379,1028.2134747505459,1242.4975229585882,0.0,0.0,157.85362759701522,1.2997603979902708,17.114749566131696,146.66977253252804,118.40646004223403,106.04253036507045,127.68273401716627,96.18470480996399,127.17546424194444,114.62756653698153,94.64330760318276,128.9547311239558,108.00049644839359,56.9950056710355
323,2127.0484711309464,1028.752131429933,0.3512185661383346,-0.43731132278970775,0.375086777190638,49,0.0,0.02084292848663094,3.333833095523761,-1.3073596339703222,2127.0484711309464,1028.752131429933,1138.1068516495307,0.0,0.0,157.39148965134476,1.299986958236263,11.684601936579513,108.02403294860108,119.3093549380437,99.91743127448864,108.64577453248562,99.67495449774091,102.37221318472164,118.03901937380428,110.03475156502336,112.36244806311146,107.27034535254603,40.77192398238455
324,283.24034669582386,1029.9019179222403,0.5840142138432419,-0.12228816876308361,0.24696143511882787,49,0.0,0.2671702777320759,31.998858517524923,-3.762836215457408,283.24034669582386,1029.9019179222403,7927.008035220511,0.0,7129.787686914943,158.1599164352414,1.3004158857583403,83.66388311992944,745.5254776195486,776.5608022801034,788.0080850864638,735.171800114632,741.0841334453337,746.0210805890545,704.8563324650872,775.1826761672619,722.0256239187013,768.9612719323958,339.94686848199876
325,1028.5565312266367,1029.9562133348495,0.30628424734450876,0.5770870818399864,0.09201120397837217,49,0.0,0.00780546745708036,1.1172580130699263,-0.12038369535174043,1028.5565312266367,1029.9562133348495,880.711510554898,0.0,0.0,157.84930611536893,1.300486931657192,12.112574736200099,92.09049032960503,72.27926727300581,68.3273515578295,97.00291993824008,61.298537919949595,102.52262665012063,87.32032483216136,76.01824333139572,101.35660973141752,64.60066101197269,45.78190324300004
326,2082.6686939380215,1032.3393557511365,0.8739981725113621,0.4704657591008814,0.4832846277537549,49,0.0,0.012766192848342335,1.0522691022098742,-0.0553170459789694,2082.6686939380215,1032.3393557511365,861.0909527654247,0.0,0.0,157.40998543619264,1.3014831392304795,3.648998426496604,88.84752024352858,73.27048574805798,91.51656035057752,62.05970669845562,64.11356877433761,87.9019021074372,83.59975670758467,77.54983120062798,80.00058345307912,96.85658172382068,51.72545733142114
327,2475.025884961232,1032.2069068839876,0.569362785475078,0.06671386124128317,0.3872907489394469,49,0.0,0.019397492564135997,2.256275556233532,-0.8834803460393952,2475.025884961232,1032.2069068839876,1018.7940751171527,0.0,0.0,157.24646658448296,1.3014096329192917,11.675950501211721,89.27247960511164,99.61071074919023,103.94265535480372,100.91235494617567,93.17845347406185,92.86384943933255,103.22856103945028,80.60092641172687,99.20394303536537,101.65448935871089,42.64970120201188
328,1709.1308005360058,1032.622446654849,0.3249281410249827,0.08002548214150147,0.21221903824212332,49,0.0,0.008186327605236935,1.1220642022744824,-0.1250442677366803,1709.1308005360058,1032.622446654849,916.5376459152715,0.0,0.0,157.56566424200068,1.301608687660904,8.16397342911196,82.2235044552716,90.77393912947795,80.38598572692335,95.67457411271263,81.75590534129738,103.95339657938457,74.67647282782471,94.61681305434904,80.43487508215361,83.61498870834511,40.26321746841957
329,1522.557729482081,1037.5360508047083,0.35321750490863124,0.33234231184030144,0.39879583205215496,49,0.0,0.011494405007083874,1.735190150719929,-0.598367684680906,1522.557729482081,1037.5360508047083,934.8035765283461,0.0,0.0,157.6434224407812,1.3036561848742525,13.746224351750264,77.81979642151835,91.03349182024799,88.26905669398266,92.24015171008801,100.40544824200984,98.07818499509123,88.38873164414925,95.67696092486872,78.62780028779767,77.54173956273797,32.97598987410417
330,2690.62121841841,1038.3015472160953,0.5490736345820506,-0.0020017884703987915,0.7568664703242307,49,0.0,0.030331653976207074,3.0170897489646618,-1.198970573167314,2690.62121841841,1038.3015472160953,1687.493581578473,0.0,0.0,157.15661684924947,1.3039343661508238,14.909193725838984,179.82347583288043,170.61575404129732,149.86052972168318,153.17118475594415,155.05428755754343,167.36739776151396,148.61942306557307,162.9674967551931,160.5843973746558,156.43425961476223,68.08618137158726
331,1558.9504684968135,1040.4936417303247,0.5946726360380215,0.44727145592751943,0.32109049401318684,49,0.0,0.018571049340392016,1.9758386507189034,-0.7393786917683364,1558.9504684968135,1040.4936417303247,1109.4016131475373,0.0,0.0,157.62825501360595,1.304888643753248,15.899339629795707,102.52758774061375,113.79222751852787,108.02485305121766,100.8934242473419,96.05960406945049,105.02463196057238,86.50821330461667,112.89966822965187,105.97419599657381,117.0709529904751,44.72691440870004
332,666.9727741259304,1042.3703776916236,0.5967008037720548,0.6435711010104952,0.33287131014971055,49,0.0,0.02222964849387633,2.572647420987904,-1.0259506765522932,666.9727741259304,1042.3703776916236,1103.6625671551528,0.0,0.0,157.99999987362355,1.3056405722867184,12.620391149716806,97.64625118044115,88.55728174149542,120.76057245076775,95.21055571922037,107.10391246037284,115.840008466733,99.83143278812025,107.68659280393797,93.672043495097,113.75434480587427,50.97918009337599
333,248.1073700433078,1043.6456633779,0.5206676577072937,0.3227388556267281,0.26022995554257883,49,0.0,0.011510143827117425,1.2232368105148614,-0.21877635425080352,248.1073700433078,1043.6456633779,947.5836536278445,0.0,862.8889619246409,158.17455895314976,1.3061388476324027,11.874315320769831,93.03797103667128,96.54126125526913,77.9334545697667,98.42779066630796,82.87494000007803,85.09571562571662,65.80010540859496,112.03990036478044,99.97849461069393,94.17814654298368,29.80155822621181
334,819.4347837188967,1044.558331271221,0.6589817793311653,0.705755688942189,0.38148213670662207,49,0.0,0.013010446674426355,1.3550378381853456,-0.3298785566342932,819.4347837188967,1044.558331271221,883.9395494039899,0.0,0.0,157.9364606779745,1.3065612160530922,7.800003334210043,96.82653125139745,82.22927861509459,80.63121142370915,66.10353862348543,88.56208578393031,67.91560891502942,83.66205868092442,90.50367617797119,99.49841427107764,85.59753050365072,34.60961182350952
335,2226.5410434759174,1048.4873940953462,0.6951279368373203,0.06072402819222573,0.10052328634298582,49,0.0,0.015865320396554625,1.609173086247306,-0.5165069007373272,2226.5410434759174,1048.4873940953462,893.8340856264632,0.0,0.0,157.35002382343248,1.3082058193241435,16.962250450792837,96.70751456091091,86.56154703044913,77.1863415860212,79.64166351407405,80.57061098231898,94.25206468086526,69.20929207264012,79.5952498311089,80.01362921388085,95.95989353483927,37.17402816856171
336,1628.2786775867307,1051.92034438105,0.628355058928067,0.1992409772251765,0.23705008321987212,49,0.0,0.034938494969584205,4.515953489371772,-1.6368736509948105,1628.2786775867307,1051.92034438105,1197.2590147786386,0.0,0.0,157.59936098112811,1.3096497253451471,20.629200056286194,129.7852398696201,122.6188976928127,94.23104788200875,104.15280317475245,109.34384863612976,124.21517746921518,110.39734807677061,115.70764303319706,98.46544497308659,107.71367346278291,59.998690451976174
337,1171.5801612620612,1057.0538036635626,0.49867119645789904,0.10704139056819455,0.20542330570006717,49,0.0,0.09418884894980159,14.827697254032941,-2.927684275494374,1171.5801612620612,1057.0538036635626,2293.9794892419704,0.0,0.0,157.78969983588195,1.3117822773115921,34.089095416836344,197.81350012070197,233.0324158063516,239.11794010249685,213.87106420193103,230.5120947872718,219.02180067821368,212.7760221678331,200.11758300461167,214.1264904787337,213.75483486042287,85.74664761656588
338,2147.877074237862,1058.491161144616,0.4051182446366628,0.22123775067754506,0.34756856548709475,49,0.0,0.017256325140857145,2.664774926208692,-1.0641513331874275,2147.877074237862,1058.491161144616,1022.0266976817217,0.0,0.0,157.38280771512774,1.3123771500971253,6.108252194350787,85.30298356811741,98.37721172050772,94.03435740603572,87.00388074960594,80.04617771028143,109.43878679086258,90.60757241176523,129.71786016332405,101.024076396827,100.89547891974989,39.47005965029392
339,442.0341476731523,1059.6540366913332,0.4373362735157406,0.12265053066155876,0.3010580567391056,49,0.0,0.038541308589832526,5.499608735462378,-1.8508294827928577,442.0341476731523,1059.6540366913332,1534.6685858372834,0.0,0.0,158.0937440516932,1.3128254785180615,20.1401445069308,148.94702531033604,133.89532539840758,158.87636292197485,155.45352425836438,134.19465226179096,156.3757163521736,137.13367272064693,126.63970884926778,133.1100638758699,155.07127551471075,74.83111386681006
340,2030.7692066121926,1060.706508705947,0.5482166783461365,0.12176161849897144,0.2747903504532461,49,0.0,0.0892045045480405,12.995355134841011,-2.7844703808111886,2030.7692066121926,1060.706508705947,2089.919821645268,0.0,0.0,157.43161438644285,1.3133041664586043,20.120044392885113,167.58206490540869,211.7572948080574,202.06028568619587,186.82431725378785,192.69775554396116,188.71941387925784,220.60511906308653,214.813702699406,187.43062772010973,194.60289169981382,102.70630399329796
341,725.0581030884866,1062.2416583232734,0.39235560296822053,0.14248079029017333,0.13621450053164724,49,0.0,0.011852080966839353,1.8490983773915923,-0.6674000437467048,725.0581030884866,1062.2416583232734,861.1451085701843,0.0,0.0,157.97579403096313,1.3139236011003996,8.462041278746838,71.85155987993636,73.26291310338031,73.98294268289845,86.67230044296731,69.90525539552473,91.78313490565108,90.03074065421762,76.98533666609652,85.97610789056469,85.87208256899504,46.3606931012054
342,266.3699314881752,1063.1708906008523,0.29141524869002705,0.65270796660169,0.7509701518981305,49,0.0,0.00828202052193398,1.054834726444921,-0.05796104715112125,266.3699314881752,1063.1708906008523,959.7830722493004,0.0,872.8190655018109,158.16695048341796,1.3142755416717327,13.556880032077611,92.36862070698974,89.76920089293108,95.56527182032887,79.00808213791129,77.91079899650404,92.5182768197161,88.29797704612325,90.67348221242645,84.73252625567375,108.51806285968595,46.863892468932285
343,287.82852917038974,1062.2972386971342,0.4755794280799386,-0.5506082962143826,-0.04123909015027337,49,0.0,0.013450131018647785,1.6110479613924762,-0.5177711742293694,287.82852917038974,1062.2972386971342,1121.740041046578,0.0,708.7847095911497,158.15800785171706,1.313913516180749,12.13272346080539,85.06403521670808,116.32667757272928,102.07041148970117,110.50721770120373,97.69986862193556,115.0278831806286,101.87478325345225,122.0869564065454,100.80212391612176,114.42342286897636,43.723937357770325
344,1309.7712861897212,1063.095446749918,0.4955666730779705,-0.2083358134104821,0.217519576539637,49,0.0,0.012437345743199676,1.5910634834112811,-0.5042187708404847,1309.7712861897212,1063.095446749918,959.9340834767123,0.0,0.0,157.73210609820381,1.3143030341821151,10.704866602031231,91.1637954281001,97.41208940366667,72.59979065011794,99.99916683932659,85.25939522674372,87.53106206116935,78.65930595417248,97.47071615938785,84.29293544567061,110.96627297184179,43.87468673448402
345,1830.280340609369,1066.4243031498356,0.7332959573013328,0.23933708797904907,0.21481386371164338,49,0.0,0.019099433651644543,1.7946183828286622,-0.6349302801246114,1830.280340609369,1066.4243031498356,1048.5979064496673,0.0,0.0,157.51517211684052,1.3156911373883997,7.607942750725004,103.53000577537458,125.55250927243084,99.9683715796824,85.90437708942468,88.70311459806878,87.9612995194352,91.77834184178462,106.5705491664227,107.62399441352707,93.48997237538154,49.90742806740981
346,1327.547449282559,1067.5686861328754,0.3623978591904394,-0.4433305887385596,-0.6025416268531383,49,0.0,0.02282761064209745,2.9245526458743645,-1.1651486091337524,1327.547449282559,1067.5686861328754,1563.446950009305,0.0,0.0,157.7246976015467,1.316167200307049,14.062000529637437,152.42066369145158,161.15760537171911,157.93443592673594,147.16639172239047,147.0868842983923,147.26714506812255,137.90463151975806,128.36642931737998,147.89879759370763,160.4795016790848,61.70246329092488
347,2831.66675463372,1067.6095123388247,0.7369887933590643,0.08612739969336294,-0.40473905236912905,49,0.0,0.026338811983032104,2.57960891804249,-1.0288846742005804,2831.66675463372,1067.6095123388247,1265.8974378512096,0.0,0.0,157.0978344024927,1.3161340452043164,14.54784222495815,103.02966034518249,125.09404826191005,101.33167796115367,122.01371449846216,133.15085076991897,127.69009464512386,125.51262295663453,108.32122052412792,120.0059295909781,122.55114936694568,62.64862670581405
348,474.64301630040836,1068.8733412707793,0.5251457392108511,0.15214260305757163,0.009726343611964061,49,0.0,0.027350626831951084,3.4491528540732186,-1.3442811029158457,474.64301630040836,1068.8733412707793,1295.2530759343401,0.0,0.0,158.08015534324335,1.3166692542582634,9.249327015066754,114.91812120951141,135.76704109794343,92.5484649684582,127.21951833344251,117.12689342313432,129.1783195654212,122.26691425065746,134.31174863634544,125.99285456832877,115.1653877632383,71.50848510279232
349,1767.443173586699,1073.7718108914532,0.7341101561787354,-0.028184790619514184,-0.007447822975324051,49,0.0,0.029449986527611667,3.446351598131688,-1.3433989556609474,1767.443173586699,1073.7718108914532,1089.9983141419916,0.0,0.0,157.54136082197667,1.3187534185621046,11.29789159690259,105.42389341863904,123.16748977190602,97.95543193422736,112.98745807874147,91.24593988038288,105.0779084345514,93.82097895039914,91.34224567624125,104.47744044939469,99.15341173104943,54.0482242195564
350,1516.4298297988591,1081.1956727321788,0.6010450726147972,-0.08558614965752416,0.05693712161062588,49,0.0,0.053770734253791905,7.046577766632333,-2.119945623004754,1516.4298297988591,1081.1956727321788,1558.9554316896786,11.084926733433814,0.0,157.64597666979734,1.3218473745156882,9.966288118133527,155.2564099420787,157.64612214077675,130.1947680728959,149.3083430674739,169.4183072715425,158.3780350015724,119.33165394463502,147.33560476150814,153.1023656339528,145.97126528825822,63.04626844685065
351,1452.564406004226,1086.596516607133,0.4322748599460273,-0.11270338965584666,0.3443835140872981,49,0.0,0.010365959363548807,1.3965468744922438,-0.3626387929706068,1452.564406004226,1086.596516607133,916.7024030822911,0.0,0.0,157.67259420217437,1.3240971750792945,9.618397237696415,85.82662025059858,85.35951704647934,79.37697101084524,90.16651629216784,91.73114861203746,101.13721214059248,74.04965512983422,86.54863292552528,76.36024008811142,91.72221110428174,44.80528124412113
352,1763.3024646576673,1087.3336789299965,0.4085563240114735,-0.47790235093886946,-0.5000845643770445,49,0.0,0.008296925167441682,1.0274558089826593,-0.029407879709200613,1763.3024646576673,1087.3336789299965,886.255194993332,0.0,0.0,157.5430863796399,1.3244041597747964,5.889950498786755,85.47343254609562,92.7103532548681,91.35215176324179,74.21158648236687,99.09608759738612,79.81901395094509,82.18868351824418,84.03412636229513,69.39719938567139,71.96666761292674,50.11594202050422
353,1105.295063808842,1090.2581882712152,0.24797943527208804,0.11178305046064024,0.5041918833069092,49,0.0,0.006759391387618863,1.0163487431346554,-0.017606886087761623,1105.295063808842,1090.2581882712152,891.5429723314146,0.0,0.0,157.8173266764872,1.325615019565776,9.462537722103274,76.91363902580673,81.58991633683837,73.0007688638812,81.95670091333275,86.44499840981315,79.57235006082465,103.49408845238773,94.27931403599717,87.72306831857799,81.2646896934892,35.84090049836241
354,920.0304570421494,1090.9018024073107,0.6143388508139696,-0.6790120495725628,-0.32970577683902347,49,0.0,0.01542901602062334,1.4572057999697117,-0.408802227879932,920.0304570421494,1090.9018024073107,1105.239270433437,0.0,0.0,157.89453900866238,1.325875549229418,17.03940842920037,94.3462754206507,109.68946880468408,111.45366185247437,84.03578148173048,102.06808661650632,114.80034578818605,96.72983353505902,107.34787620593185,103.98843288477836,122.82584091437019,40.914258499865284
355,1354.9214375938152,1092.5205262018055,0.5549743816895947,0.294828462220217,-0.296527091487664,49,0.0,0.012608738838242964,1.5385244271414797,-0.46776098982160624,1354.9214375938152,1092.5205262018055,915.6394763473893,0.0,0.0,157.7132893880213,1.326564128862673,6.1835997842478525,96.78993189984885,84.41830842768034,89.27954593061008,68.4840453880397,65.85471282975584,96.33992762849334,83.96918457922152,105.3774674166535,87.33375512655664,86.03099932354783,45.577998012733744
356,1246.8837916370578,1094.4885514349896,0.5407620364905098,0.06142709157254196,0.27139062564763305,49,0.0,0.0408420240091798,5.912850190202908,-1.929492189298705,1246.8837916370578,1094.4885514349896,1298.5210590880085,0.0,0.0,157.75831667529712,1.3273818543821,21.48603785064762,103.65339558629378,139.25459161819882,117.73824346677323,114.67360709748252,111.0824772122917,128.37294323151224,119.68951620907399,140.53050639971417,119.05551453961677,123.33320698394996,59.65101889245385
357,1875.461656292195,1095.4054306029377,0.4490391349236256,-0.24994372428055414,0.1011428026199026,49,0.0,0.029478665043190293,4.634879630915964,-1.6650961497030217,1875.461656292195,1095.4054306029377,1256.6233569230453,0.0,0.0,157.49634116127646,1.32776561704575,20.8403575479849,132.1132997657903,133.00664445499544,106.05843277094513,110.15680949260104,114.9268973561404,131.69027251394905,126.24904881757719,105.67472336783504,103.65741770862408,125.69940235439677,46.550050772205935
358,2322.693418710288,1095.6348397392856,0.558940510249521,0.03621813511143019,0.15052345641282558,49,0.0,0.29486034677893924,43.52267119321792,-4.096788855562278,2322.693418710288,1095.6348397392856,5305.067518890362,0.0,0.0,157.30994840541229,1.3278455419478694,52.237155186012814,477.1730152459718,556.7487862448561,502.4960929591556,496.0860398493523,490.7533905968991,514.9694572786556,510.03641651196807,499.96451442227493,478.52244855535275,495.3719739971577,230.70822804270574
359,960.8338183940127,1097.6607995273812,0.5416895210778476,-0.12793037153429984,0.2851070996498567,49,0.0,0.03604299067353424,4.930393857560083,-1.7322040341630383,960.8338183940127,1097.6607995273812,1363.4815622562342,0.0,0.0,157.8775339156201,1.3286936181524813,13.888922708470004,140.8415579823365,129.10905769939643,128.47735392004427,125.47181051683293,119.18253181499618,134.27196144136576,137.84372684546742,123.75992198355422,123.06964553165622,135.7941702654316,51.77090154668282
360,2821.5336140990535,1099.0860732747608,0.3838141806466702,0.06660801910025374,-0.2744178214301717,49,0.0,0.021949735413662595,2.6683542702004974,-1.0656087229492637,2821.5336140990535,1099.0860732747608,1472.2516767263064,0.0,0.0,157.10205416346878,1.3292494408453295,9.051480216267823,143.84172460492962,128.72892994657445,121.22107309860463,139.98430788487443,162.00998659817725,122.35716682357383,128.4348244151626,154.35057614648548,134.78062103470214,145.4025272658202,82.08845869113415
361,2392.0283034567233,1101.5383476008224,0.6284927085333943,-0.2599119572407073,0.16743165657743003,49,0.0,0.012015265088176987,1.2829534399799112,-0.2705272388977343,2392.0283034567233,1101.5383476008224,914.0210175698935,0.0,0.0,157.28105180092416,1.3303015777625096,6.944110186744079,67.97752569258681,89.6067235378664,68.4870526674869,99.32053060664421,82.70893768430723,82.35312994295478,115.60410533784543,93.42785774860758,76.30200088000207,85.55802767231552,45.7310156125325
362,2769.9252669836333,1102.5033327846804,0.6588818116660947,0.6155375621411692,-0.14405659557318368,49,0.0,0.010260351019933367,1.0147565823616387,-0.015904692777116182,2769.9252669836333,1102.5033327846804,866.4752057488179,0.0,0.0,157.12356133590478,1.3306775652568223,6.984097037050067,67.5671064118799,96.99312017399059,72.907650208623,79.50222456311413,91.94595093785398,88.09444421909605,65.8208892954046,81.47022823865734,86.51751877933641,90.60454145384425,38.06743442996752
363,673.8933720683743,1102.7552580525403,0.2754501071564927,-0.8669415211005302,-0.3630901014894916,49,0.0,0.007438772449474395,1.0615864464020897,-0.06488841280419654,673.8933720683743,1102.7552580525403,903.9979336498645,0.0,0.0,157.9971202513304,1.3308004407359242,12.469883549771989,87.67103580525949,88.00816803758248,84.35513280967058,70.56257774359035,87.20425306918787,92.11567713665113,71.81678355357336,78.02731895112457,98.56012445516124,89.38740324579743,43.81957529249401
364,745.9223029983568,1106.9409784208249,0.7219722024585158,-0.08182423293944309,0.4252440264845386,49,0.0,0.01182654498678878,1.0785214509440717,-0.08207196825101584,745.9223029983568,1106.9409784208249,856.8189352512479,0.0,0.0,157.9671018473087,1.3325489498219243,4.2258930020196654,98.04595450248178,82.53024774229189,89.20288520599435,84.17068262643463,64.9488557090163,84.71144573513352,75.47207260811169,78.61627426063986,74.6749443222215,88.11112454215984,32.10855499474292
365,2165.2108811904386,1108.806737214347,0.7170258097468424,-0.054541418597587876,0.20057856162948334,49,0.0,0.06943245494172769,8.420310284692594,-2.313320238383017,2165.2108811904386,1108.806737214347,1672.5944477739479,0.0,0.0,157.3755812624896,1.3333408311018962,20.162924296114618,153.4306277952982,191.50040193654064,143.6856388615301,152.65600321833648,144.20291742502224,152.01153557227852,137.58423938851547,182.51469768511268,145.3377660960984,189.96994001075294,59.537755488347656
366,2348.533094300684,1111.5839491039915,0.4897572067875656,0.03021436825669061,0.5377831413970122,49,0.0,0.007764257634665363,1.0112328326746332,-0.012127904565749819,2348.533094300684,1111.5839491039915,776.0563164807545,0.0,0.0,157.29917839151761,1.3344894849384832,11.570745764289013,73.87708516966379,76.23055962666285,67.1131299995205,76.7721540210247,71.93296434520929,76.63322341287008,75.89092079368929,71.13605910111326,77.73985191363418,67.09929639033282,30.060325942744736
367,1556.9516760150218,1112.14585381983,0.5672834203134102,0.14087793344325544,0.12262915091380033,49,0.0,0.040765315344807,5.819782573898338,-1.9122668994597558,1556.9516760150218,1112.14585381983,1383.7359518287112,0.0,0.0,157.62908830678907,1.3347432902643335,13.12136907378946,139.4417145819525,123.55019498272478,127.46027790071321,138.42951677111438,117.502087823197,137.3735597110655,129.02437533387143,129.03125934870548,120.41846449800808,139.29342482846562,69.08970697510406
368,2191.5517190270157,1112.0373445862365,0.5662469703938838,0.32946994595655443,0.21119055922928343,49,0.0,0.018265567466637916,2.2463964225203954,-0.878715997045654,2191.5517190270157,1112.0373445862365,1026.4623564782,0.0,0.0,157.3646030496357,1.3346858144552205,20.40510276723233,110.60922784977971,108.69398410430048,93.13448555798591,90.01566192702198,102.05835207460143,106.32510383238454,99.39778110826148,98.6144649913636,75.55273714815348,90.04146596271089,31.61398915440401
369,388.3226237502541,1116.023879272807,0.21263901385517503,0.22926377270872292,0.637183486145459,49,0.0,0.00931084680267442,1.39143595614934,-0.35865805446705357,388.3226237502541,1116.023879272807,993.0450376529814,0.0,0.0,158.116133452781,1.3363072524193096,14.083797730531787,117.16013380048045,85.69180098063285,99.25550988197577,86.78320732666862,85.87212807400653,97.86346211830103,75.18830997053044,94.10141955529869,81.78617957874565,97.99276797026974,57.26632066553975
370,1898.4369577093785,1114.7247712385733,0.5077084226934934,-0.24189875577669,0.36313645340398204,49,0.0,0.03892844590555051,5.861899208987184,-1.9200958669871016,1898.4369577093785,1114.7247712385733,1358.5485645590252,0.0,0.0,157.48676518569818,1.3358147566958862,16.282272989617336,130.88341456117826,129.3287318575039,112.04123322545063,125.37491135220364,119.8966061411731,140.4578063720277,109.34313437674348,134.76241849966823,134.24132273666294,143.92351793539513,62.01319451140073
371,1493.4104935807009,1117.4792076173173,0.5643476741507899,0.18861739890932983,0.12371713813243415,49,0.0,0.3460807084523725,51.79346535248289,-4.285687423476043,1493.4104935807009,1117.4792076173173,5982.63514753045,0.0,0.0,157.65557085611707,1.3369651547365204,87.25028061011983,560.3894234908221,572.9731363395344,561.6701979751292,577.9593729547295,562.8259386928321,565.5876851722633,580.5242817633733,544.526273963413,545.5719005149272,548.1505965455054,275.2060595078006
372,1759.2697883881722,1116.536245929504,0.4543693718267632,0.01552719416965959,0.22124776067548763,49,0.0,0.0273491621595815,4.05599831283739,-1.5202444141825504,1759.2697883881722,1116.536245929504,1215.1454021774957,0.0,0.0,157.5447667190895,1.3365717733363225,11.233363408088323,106.62564642907518,125.56699282925379,123.21428463521002,104.35653919418289,105.4074819231992,104.3367042047172,138.05750044385684,125.34159969791997,105.25877084323739,114.93366790995623,50.81285065879855
373,2036.2464678870974,1122.6855635433888,0.6335602691291898,-0.03756100514386236,-0.24964462786144373,49,0.0,0.009406152808226957,1.0534765952777398,-0.056562228705484316,2036.2464678870974,1122.6855635433888,809.1340379692201,0.0,0.0,157.42932943695396,1.339128124150335,5.93732101358939,82.33022769184905,77.03039271652084,72.84119779314166,71.76669217793469,78.92353970581034,66.57291028843298,82.4375183278255,92.95974165999966,62.92151626508917,83.62121612976341,31.791764199263433
374,1038.8359516374287,1123.8119482988025,0.5783955644790922,0.2190882964691572,0.27151966138002204,49,0.0,3.7648221779742563,551.930978803885,-6.854711927118245,1038.8359516374287,1123.8119482988025,58968.67146508928,0.0,0.0,157.8450263196423,1.3395929936915514,619.8098101348414,5624.133368809433,5635.893235191429,5495.248023072013,5457.832377066443,5586.153965164623,5602.681839059128,5163.147977212349,5744.538049305835,5531.86130135022,5888.762536953948,2618.608981769029
375,1781.131186715294,1131.4115129241177,0.3518734512076876,0.5703340344837364,0.4785824171775357,49,0.0,0.01659229547340915,1.9821613260547062,-0.7428474959131144,1781.131186715294,1131.4115129241177,1203.8536018384943,0.0,0.0,157.53565517579148,1.342769459186816,16.389061302808912,129.4875542263838,98.95678469630532,117.21317552656501,109.17461105113465,117.01920146726482,111.60633798672104,112.83600188209246,107.54882796385891,118.35128923631022,112.16238242234377,53.10837407670547
376,1092.8000013099272,1132.0283963811248,0.5589735834834816,0.13676783302736867,0.2482961954435389,49,0.0,0.5984076292020077,93.37771235898569,-4.925608075088946,1092.8000013099272,1132.0283963811248,9174.903519209543,0.0,0.0,157.82253596697905,1.3430184943738561,118.790946064797,831.4423808716676,888.6709185511605,864.7222485559352,836.5804045724634,835.1908845284108,899.369637624822,821.9338593002756,926.6740564608939,842.6420992881788,903.2397872586879,405.64629613224906
377,2349.544210058633,1132.0630498951698,0.6226329217648071,0.18009616262020203,0.2374624774947505,49,0.0,0.015443350689694671,1.7487362381843417,-0.6068107744979326,2349.544210058633,1132.0630498951698,1075.0304467446654,0.0,0.0,157.29875574578847,1.343022160086778,13.30640398807154,109.10173829333556,119.81433778427943,97.74775819545299,95.8263599652037,95.36480236960426,92.10248220245646,90.90951415127873,98.79165289359936,98.07069904501401,110.31897889166504,53.675718964704124
378,1133.4111826982564,1133.8529236805866,0.9706400211418514,0.5231622816492866,0.026704242287073483,49,0.0,0.013427250122539454,1.0933368840996365,-0.09688499856778837,1133.4111826982564,1133.8529236805866,860.234926363916,0.0,0.0,157.8056103721167,1.343780106983116,8.514986422062304,74.68290019624098,83.91925238637089,81.68817563694957,80.28102618851236,75.45490039794092,68.64449824327197,96.84421361238299,69.59225228509422,94.09987915998441,82.7272304413446,43.785611393760746
379,2339.493115778068,1138.067226219923,0.4820449308421089,-0.4729890915414879,0.03427437209921983,49,0.0,0.0407267542729291,4.1681333401677545,-1.549854009397575,2339.493115778068,1138.067226219923,2562.4326886453864,0.0,0.0,157.30294434445725,1.345524366630581,30.211024907953977,236.51386134416862,235.56603246385703,252.81926098151024,227.37246279373548,243.00143877484976,261.09789350250827,201.35207074150327,247.60410253458832,259.3165232830835,246.26680687998268,121.31121043764482
380,2802.177106799174,1138.0170993794445,0.4126490501532498,-0.3405442462458483,-0.3093810666339749,49,0.0,0.01657247300806797,2.000010078413829,-0.7525804603955578,2802.177106799174,1138.0170993794445,1065.0330543814298,0.0,0.0,157.11011705901458,1.3454715310325789,9.100489905556499,101.48756497815575,91.58360168976633,108.70545765071735,100.47977117892546,90.19332861944997,88.62328102895817,93.04069957415305,102.20066514715924,100.97078438201976,130.98463244318125,47.66277778338694
381,1059.819764706827,1139.2426051605783,0.6184480502485417,0.02220858834600829,0.1186104388243808,49,0.0,0.05909017499841016,8.030520690628029,-2.261859263487878,1059.819764706827,1139.2426051605783,1805.8672330155596,0.0,0.0,157.8362815460265,1.3460231290190074,18.50376953053939,189.62194110335815,163.89509532439203,148.78938161736136,152.87532932694862,135.43874989574508,152.4274265081729,182.99497285424664,192.3622473266116,179.44856630345424,192.86721858364479,96.64253464108461
382,1586.3442661666768,1141.067070794287,0.5648209003663534,0.08433700968988377,0.13168406011255585,49,0.0,5.739273604191927,843.6069291594697,-7.315350345649191,1586.3442661666768,1141.067070794287,94782.88649019491,0.0,0.0,157.61683818150453,1.3467937139819068,997.6919770660375,8848.000822676267,9205.713999206773,8988.851634002885,8899.639113608644,9085.806588536245,9088.652760554623,8525.97098200304,9169.630107519408,8787.53988291231,8990.69645332926,4194.692168779427
383,2335.493751597102,1141.0750929710434,0.6116819286730677,-0.8184491661102385,0.6018048035355478,49,0.0,0.031127473868078893,2.8219109518263163,-1.1263582626132993,2335.493751597102,1141.0750929710434,2488.830740212883,0.0,0.0,157.30461096857653,1.3467778222164475,26.746089177382103,233.46223701193745,223.7398804720484,250.48718854563384,220.70288885707834,237.15779814888492,253.61333505711417,198.75914737430193,246.1861347626509,249.0660734058186,223.48859867703652,125.42136872299565
384,2498.467912472497,1142.3437227833313,0.37315257680062913,0.9033034320673107,0.5036563850602105,49,0.0,0.008606311904956565,1.0877892453083589,-0.0913619018571856,2498.467912472497,1142.3437227833313,876.2582336008278,0.0,0.0,157.2366889939806,1.347296922058554,12.816920592904573,74.76325660954865,87.56759819675888,77.5683065254398,79.05855762096087,85.74779408984531,84.93685430795699,75.36674025096991,93.0579043976907,85.00800433412039,80.84067371656195,39.525622958069775
385,683.0603486839526,1143.4253559438046,0.48104328361696197,0.07787225794290774,0.2878716346010638,49,0.0,0.26686858047772394,41.63423896221542,-4.048626576350863,683.0603486839526,1143.4253559438046,5722.47824290892,0.0,0.0,157.99330288048188,1.3477463280069042,74.66083629313276,527.8750573191198,557.2202355735449,519.3042332763343,551.4549793314231,521.9941684694714,553.6344404223537,525.4062507389071,549.8782441897777,550.4217080687159,518.5817951451204,272.04629408101846
386,3003.039556780219,1143.0299049489304,0.32249988148347775,0.26932346902905047,-0.09607244038635468,49,0.0,0.008236642480649857,1.3398528720606833,-0.3176427788219515,3003.039556780219,1143.0299049489304,1108.2933604202804,0.0,719.6996005792514,157.0264087144344,1.34754145626782,12.161639806146034,118.80676287270329,109.79342097839236,102.56524116663968,100.90341194064887,88.74635557571415,109.28378077459513,111.91118754416456,121.64667593467706,131.57103945217452,68.78594847128906,32.11789590313557
387,2659.196396377375,1144.4734950527654,0.5636625368751889,0.7481686731658,0.6343555576319626,49,0.0,0.08921678784289223,7.165795477613973,-2.1381610215026527,2659.196396377375,1144.4734950527654,5467.298987430682,0.0,0.0,157.16970386033717,1.348173085682081,68.31187728935726,535.3871838383989,528.2243571363285,508.92022675625776,511.0880050042994,529.8215713736602,513.2649443729679,503.29122759344625,531.4931961107325,471.2667120409386,538.718440262981,227.5112456513143
388,2527.4513433246148,1145.6677925715771,0.5805109353584851,0.5652249023211808,0.7602719300762243,49,0.0,0.01069027688115686,1.1486229463588227,-0.15044372013248924,2527.4513433246148,1145.6677925715771,910.5996517847095,0.0,0.0,157.22460957323983,1.3486800198032456,9.302037296878607,89.65511122577817,83.00592372776032,88.64207063679716,61.52722252202848,91.97941587319885,82.58824250537924,92.90149890318318,111.12221818821398,68.61978326838141,92.61722268077428,38.63890495633586
389,1883.892484551136,1148.5826495056685,0.37691430489528677,0.0631640065036307,0.44092016154894387,49,0.0,0.03788361473388045,6.645244556689443,-2.05627742093441,1883.892484551136,1148.5826495056685,1490.797651996094,0.0,0.0,157.49282618446782,1.3499223106292386,16.394475105655214,170.86343675648857,131.59845100446998,126.06880420242256,162.92568919571613,134.56235024601136,143.1583112114347,141.59143028427394,140.43299522134234,121.19751033440802,131.03519551993026,70.96900291394064
390,1711.3176473345036,1153.1708497577697,0.5789366501662001,0.24573212897699248,0.2938835968165194,49,0.0,0.023432804147786267,3.014072320013419,-1.197884171544036,1711.3176473345036,1153.1708497577697,1144.6318274076361,0.0,0.0,157.56475174184692,1.3518364684714532,10.210163194919499,128.43329611601973,102.79830998277077,114.76288635369923,97.16089987018117,111.8992440873082,121.32957818505001,80.55109564996,107.44797731015305,106.15257967356558,107.08481722188279,56.80097976212612
391,1983.829415574238,1154.509821508893,0.2485229031932529,0.19998792706799495,0.12577757567891293,49,0.0,0.00710683427528324,1.0635548588401078,-0.06689974000937603,1983.829415574238,1154.509821508893,859.0297746649915,0.0,0.0,157.4511745232832,1.3523895509219528,17.409449277679702,74.73251628522624,71.06294096437406,70.45702641679796,90.9495105598478,61.38609035675454,89.89553035139427,72.14574837993038,96.63032732634164,85.77774970579827,92.238754934642,36.34413010620468
392,2584.5760461416194,1155.8637651619313,0.6255719807394832,0.3417283144038298,-0.6594077178516153,49,0.0,0.010555809567667516,1.0468394179065872,-0.04970016822352073,2584.5760461416194,1155.8637651619313,789.7141212404999,0.0,0.0,157.20080148200725,1.352924293773299,8.305372706662919,80.06075426465321,65.98050329538367,82.61861883286034,66.85787381718075,78.72756604956186,87.59223671945873,54.62146649516327,78.33364974138416,65.43793941810185,77.22083422823104,43.95730567185802
393,1112.896744751977,1157.5489096444069,0.8438922537281338,0.13192564801548223,0.14359729240046173,49,0.0,0.09495211114088684,10.338819643913606,-2.536177398298036,1112.896744751977,1157.5489096444069,1900.7826735809444,0.0,0.0,157.81416119401413,1.3536525683058585,24.74619195954047,182.46641812614592,182.97377732863168,147.04415355665355,200.00487917748245,177.86812642184645,172.82521206839317,176.34569890336635,191.9761447206151,174.13933142265307,188.68321718366394,81.70952271195225
394,927.0906062895589,1159.4948122450178,0.7203623369980123,-0.1675814511497946,-0.28317268391905415,49,0.0,0.010777149672558889,1.0763750511119203,-0.07990905715424182,927.0906062895589,1159.4948122450178,841.180008984569,0.0,0.0,157.8916003425874,1.354455620172179,6.353439542119196,96.25537678246135,76.58385594915498,81.78136117970128,81.42680760662554,54.2346803603308,86.50010294850547,74.60637383964647,80.3329263166164,79.27015483748357,83.19979609484308,40.63513352708087
395,2011.5580444968386,1161.314373104801,0.5328315500680884,0.35092322006177845,0.16783698089387067,49,0.0,0.01865713688542538,2.1576004652512655,-0.834927567733374,2011.5580444968386,1161.314373104801,1085.8636563442649,0.0,0.0,157.4396176383484,1.355223950867471,12.337090047195609,81.813257181388,95.81391969635143,121.69087791575573,105.62729347444119,91.50385542144701,114.92729672504663,88.18944581576932,97.13155344611391,107.52419339880745,113.94142004440924,55.363453177539554
396,1950.6950204364732,1164.4746775350352,0.5800546913478095,0.18405065827298708,0.2704242951739588,49,0.0,1.2537542491567393,184.63675201305642,-5.665795379425475,1950.6950204364732,1164.4746775350352,19751.19924177535,0.0,0.0,157.46498391307205,1.356542387388083,185.74963802133163,1883.8213282876168,2001.5444228350184,1856.3163405622445,1873.5465677498632,1965.7836370714303,1811.5651353874346,1700.025665550139,1898.2489003364299,1811.9463479487254,1906.194339330243,856.4569186948727
397,3011.4181998903305,1165.0361994285804,0.41815064017721437,-0.321749356476358,-0.15375283020493677,49,0.0,0.009303084685412667,1.3833615570998328,-0.3523392567298862,3011.4181998903305,1165.0361994285804,1154.5897928182317,0.0,652.5672456362137,157.02291450559318,1.3567093259837504,4.7236829908246865,119.88198453987724,91.38537459019716,110.20251967484336,180.4058838138945,110.04094731207901,163.56269208526336,111.49058545346,69.35712625755377,97.0740120587987,65.4851969913037,30.979787050136277
398,469.1918475573537,1166.1649941441308,0.252476687593853,-0.3386999122977079,0.14232349815538983,49,0.0,0.00734171688307669,1.071362555365768,-0.0748411587550591,469.1918475573537,1166.1649941441308,818.6084840696632,0.0,0.0,158.08243605027462,1.3572051399611529,14.418273487862379,61.65764703584296,82.77695088180205,81.97300672997586,65.27995706545357,75.26211234786919,83.13025353741207,78.49565023575894,72.59955408875561,89.31690340503954,82.15126911367558,31.54690614021546
399,1691.6814089376114,1168.0696790159266,0.20271061621430925,0.6530340902558017,0.3643865559094691,49,0.0,0.02239608261486197,3.9957899271169186,-1.5040066193727797,1691.6814089376114,1168.0696790159266,1456.8956157063012,0.0,0.0,157.5729356273805,1.3580443909110629,18.88537915343907,118.18363801426979,145.34355525499797,142.01323939067646,130.58701672369858,155.1852231301629,128.79876310276933,135.69536796077261,138.99523200337856,135.02611817537456,155.11594906582437,53.06613373093701
400,991.1793752441687,1169.569774362108,0.46739879907544485,0.04621020003621118,0.3615379234375666,49,0.0,0.016511442389516247,2.437985949955982,-0.9675779961569231,991.1793752441687,1169.569774362108,936.1049472961124,0.0,0.0,157.86489044428703,1.3586563823885254,6.994317599167145,70.50886369679999,85.8308725189853,85.89262832275652,92.36626184054802,101.12071018004369,96.91872826503598,89.10217833572763,79.30117777700968,86.79207047627152,96.99850336878922,44.27863491497773
401,1435.9050259945961,1171.9770909404851,0.6430010138464517,0.11607271719364949,0.1768160444172216,49,0.0,0.3853285395919302,54.21222239945368,-4.335243028256625,1435.9050259945961,1171.9770909404851,5650.803750832129,0.0,0.0,157.67953855073125,1.3596717876718853,39.45167279921734,543.940356704398,492.52879585279493,573.4210468249432,509.94221666308636,501.04011967138723,508.95605129336025,530.3442711864044,609.7336995776016,540.2270544225777,533.6169211793915,267.60154465696587
402,1640.9287586194112,1172.27169019125,0.24027187331480276,-0.07752880254434459,-0.1842363141967683,49,0.0,0.01188334134908041,1.781546399004623,-0.6269928442495322,1640.9287586194112,1172.27169019125,1136.3356897586486,0.0,0.0,157.5940883830887,1.3597954515845545,16.317788699148036,116.7221104153528,107.46440520924955,96.65991486628197,99.63041192154371,111.08018868489339,121.09525580257773,95.01069512890669,116.83124816430112,95.73954711430414,111.82663238190185,47.95749137018774
403,2222.790789060493,1173.2268795999148,0.27528622302783945,0.30270135176104024,-0.16242901905207585,49,0.0,0.047177206069557505,6.051774158855826,-1.9547067814443009,2222.790789060493,1173.2268795999148,2552.7639085606443,0.0,0.0,157.35158047493232,1.3601795718022156,21.879287757004796,253.7166194344921,229.65867560556495,232.38598448327133,232.38312948931144,246.45895768081687,253.45119864617178,238.33647899272938,232.54842664726422,227.43462140582787,252.26506936895225,132.24545904923713
404,2740.7760794987507,1172.5688643288893,0.7005743116931799,0.4074209525662629,0.2189826923955549,49,0.0,0.08695243382501797,10.469016483286683,-2.5497647089858915,2740.7760794987507,1172.5688643288893,1999.9957821141402,0.0,0.0,157.13570266867785,1.3598725700119774,23.982884211486002,189.96999022707976,178.93990513665193,170.34417578950067,163.06024998629937,172.95582814071184,212.35558132043482,191.30262435281418,199.64467903943364,204.05492988452613,203.26876650122338,90.11616752397873
405,918.958778055382,1177.2142104316974,0.35642717478644387,-0.030389732052059772,0.03396085488309193,49,0.0,0.009717803481565005,1.3544585357749908,-0.3294142861402969,918.958778055382,1177.2142104316974,842.9892024123367,0.0,0.0,157.89499043440762,1.3618381444001266,7.197529910536545,78.40308027360274,91.43336202712493,72.99654246827603,74.99865488635541,66.0149923701075,86.47074895900127,74.8729978820636,73.66338540936941,97.64158625850214,75.0890046566212,44.20731731077588
406,1853.4904058766017,1179.8004967792554,0.3161519569211592,0.5941024274061895,0.42951087688217493,49,0.0,0.009510919853038683,1.2298271706615425,-0.22461020928585806,1853.4904058766017,1179.8004967792554,935.3843129931203,0.0,0.0,157.50549647450316,1.3629301761458055,11.540762515541145,90.80289178634439,76.06571962064416,99.83973440478701,82.36688230273063,88.90581535132827,91.91819805569287,87.18069173782291,95.35120140873147,76.41927749091965,92.07064132663808,42.922496991939674
407,2669.219450051582,1181.1689689677999,0.5447198225419908,0.29014450582698353,0.6442540543713955,49,0.0,0.011417590349196228,1.3471725344695826,-0.32355805012710637,2669.219450051582,1181.1689689677999,858.8364923658894,0.0,0.0,157.16552351312222,1.3634614891817245,9.680752185333315,80.68673387701358,87.82650346904873,95.4137434622995,75.81925480522955,83.49982898923736,69.0397332422538,62.06136768185836,91.88355977394264,65.67251941525589,86.85958823160212,50.39290723281458
408,3037.4006502430984,1181.527173158037,0.2812123949752933,-0.06011569615034058,0.5580759628517035,49,0.0,0.007615518970996912,1.6951087879668334,-0.5729939384975955,3037.4006502430984,1181.527173158037,778.6893839819409,0.0,470.37814292857615,157.01208473625272,1.3635774686650168,3.4606333113179333,0.0,68.30064383185498,64.82748806611198,58.80342650571884,140.7096399421867,74.93173666773535,78.291262820916,79.87470639595438,64.89400819367333,75.07659328048396,69.51924496598755
409,1515.7529777313794,1184.2762611669605,0.5734825221684293,-0.002264442513325259,0.15264317959610246,49,0.0,0.30159376387153597,43.82724696993196,-4.104360477723297,1515.7529777313794,1184.2762611669605,5491.229472296433,0.0,0.0,157.64625947538653,1.3647971085401496,66.05803653648044,536.5465727287839,565.279124589423,469.95238849250285,532.6324963795487,521.7593052602714,516.885162520458,496.3948645836201,517.5386045120654,525.4270601471759,503.2533481342738,239.50250841183038
410,2127.011459507328,1184.2993631840843,0.8201737183821592,-0.15847009317073146,0.2598515572065725,49,0.0,0.06167028930329561,6.712381750152646,-2.067191619875718,2127.011459507328,1184.2993631840843,1409.4056273898213,0.0,0.0,157.3914984115826,1.3647969874824282,17.020099340673298,143.62411291463013,136.66457717612795,126.48605488459629,132.7899785789253,142.91423975800765,136.11983123728587,117.67803173101288,126.19657718626914,128.51419365369395,136.53679655825493,64.86113437034399
411,757.2317224701635,1187.6997682932492,0.784988213082939,0.2923680836446995,0.490138830421054,49,0.0,0.013791543697103793,1.377681397428231,-0.34787198562527977,757.2317224701635,1187.6997682932492,858.1772900199948,0.0,0.0,157.96239406661988,1.3661981227055833,7.510153973016971,89.87871625415508,94.64312591441234,72.65418573828956,87.73051243044796,79.96775396376663,78.81546653670071,93.22206465043186,79.02475838468114,72.14471277806737,76.76807025690275,25.817769139122387
412,861.1678138430823,1188.3959747741042,0.32379229695892064,0.4920409234144855,0.8790647842608635,49,0.0,0.00872111053910612,1.0297541417377734,-0.03183386848117223,861.1678138430823,1188.3959747741042,938.8801966964185,0.0,0.0,157.9190767214746,1.3664941451088248,13.980515825470931,83.61499189353447,83.59541656241927,103.17370222003782,79.4045600118439,101.72662960836003,88.2711978948912,78.79192925723311,88.5387282629872,85.68936011101428,85.85735759117355,46.235807457452715
413,2694.370034020278,1189.7438778391856,0.3236547010489574,-0.4525937261565647,0.3282406809428939,49,0.0,0.00823486035991582,1.1508675714223542,-0.15256338225137434,2694.370034020278,1189.7438778391856,801.4564096128237,0.0,0.0,157.1550410689694,1.3670322610272576,3.510057914612903,62.210385823477196,79.3510661906848,75.45412021309771,93.44395507560932,73.58363839712426,78.39794527374661,74.19395425527865,85.92404539259618,58.72481099595065,68.23709212468889,48.42533795595646
414,1068.742534652984,1191.17444059422,0.36884676694875296,-0.4485606611695311,-0.034722133447078196,49,0.0,0.009908497557014668,1.3033189390849225,-0.287626765557819,1068.742534652984,1191.17444059422,964.8106996632632,0.0,0.0,157.8325650239292,1.367661355439681,4.917517666658591,69.8698667796535,90.35393656544764,107.18328514297629,100.83129176509557,86.0939625100271,94.17820669871867,84.3414705724989,94.76427972537037,83.6182749808631,107.29362255885223,41.364984697101235
415,1391.5505309294206,1192.5979754683271,0.29605152412437347,0.7096226569182694,0.43284223567087293,49,0.0,0.008030535580049293,1.0367997938383668,-0.03923725542396176,1391.5505309294206,1192.5979754683271,891.314392312154,0.0,0.0,157.69802502197174,1.3682631376875545,9.447789927490966,77.75378029228212,77.14530123851249,79.03530684744044,89.00932431870396,95.30299604200314,81.16269912619723,73.96186092046072,87.4908491325723,84.36863988161909,90.92348249797317,45.71236208689845
416,1660.3423410425696,1191.0232944054626,0.7343470817836832,0.6243147211213045,0.14661148909713062,49,0.0,0.011829137730857787,1.108622028944552,-0.11195876004578134,1660.3423410425696,1191.0232944054626,884.0046848813006,0.0,0.0,157.5859970608104,1.3676084767588628,6.925952957173383,81.63073939750872,91.60488059241035,84.15913830078694,91.2981354662644,64.59582888676509,93.42384859866888,72.36038319795824,99.9586346996138,70.16978178978377,82.99881944829227,44.878541546074736
417,1483.6733619646825,1195.6397824342082,0.24714768004178309,0.16575237861671488,0.28278724026767504,49,0.0,0.007027860752364824,1.016847568163618,-0.01813963582928055,1483.6733619646825,1195.6397824342082,883.6250487840397,0.0,0.0,157.6596298144936,1.3695316317467698,10.483791036388638,85.54528721801911,83.84306894148293,75.48656602421453,82.34808286216749,81.0399772090054,85.36779057182898,86.04358023207749,77.21850074638411,71.61682595022297,96.04129902126266,48.590278970985324
418,1736.9295659809777,1196.9554772475128,0.2797371722658095,-0.12048856284090127,0.8079148184944549,49,0.0,0.009332938011047167,1.447345634726114,-0.40143063900980347,1736.9295659809777,1196.9554772475128,928.1722765563509,0.0,0.0,157.5540767170564,1.3700796530940162,4.069092347304875,93.99856024930187,100.8262054406114,86.19284524988117,54.21800432692176,70.06193722610763,102.89005795179528,89.15803466934912,84.82727514510519,89.9575591171135,117.70143337628014,34.27127145657894
419,1269.410907893859,1197.5271702574594,0.9632971260890056,0.3089303386905677,0.39884075779624195,49,0.0,0.01701760634915973,1.5706081376646521,-0.490169608242336,1269.410907893859,1197.5271702574594,823.6805074515707,0.0,0.0,157.74893075556338,1.3703145581619696,6.054583160624418,67.65828795141239,100.6675145573819,70.04933459711505,68.97039455770927,80.88871382429099,75.57701774436765,81.39725481394616,77.50975899317316,75.5310602839463,80.95079309118564,38.42579387641776
420,1931.3894997205618,1198.0336595960716,0.2541390448642146,0.3871618010919025,0.3105124199965652,49,0.0,0.007041078768219392,1.0125784901718813,-0.013571743981790653,1931.3894997205618,1198.0336595960716,871.8228814762742,0.0,0.0,157.47302914158772,1.3705255977532875,4.131562904069973,76.76632814365735,83.17212519327492,83.44751133997521,82.56497113602273,91.66378708007645,77.62942432540555,77.47419854934745,94.02466498441309,78.50064056245404,93.60432388206263,28.84334337551492
421,948.7651430776326,1200.0056084415137,0.47304456145942764,-0.3724705823475148,0.051079046733834926,49,0.0,0.010840066099083721,1.425827358144889,-0.3851673587685096,948.7651430776326,1200.0056084415137,846.5317950368917,0.0,0.0,157.88256916650502,1.3713357995606485,11.254170023551124,77.91935355726551,70.87914276471534,80.1325558777501,75.71905790865058,71.25879556836702,86.89592645309023,69.40078434766835,96.5404508947594,81.6713009492857,86.98145956865444,37.87879712313391
422,1171.4268750430372,1201.8273446493495,0.5443420243306565,-0.8069512310470532,0.16107030412181655,49,0.0,0.013530709391568469,1.5832173572172108,-0.498851356265074,1171.4268750430372,1201.8273446493495,1023.0105173798827,0.0,0.0,157.78976877608542,1.3721035741887493,3.6571806233905466,89.25607720265575,111.49670392000655,104.93334655863333,92.5801740407313,84.9447582910706,103.10521208160762,92.5457948038732,98.78474728140343,90.82364989480836,106.15099857636864,44.731874105333326
423,1031.4219362252643,1203.4430606255785,0.4338413615115288,-0.22966091164770353,0.3425084171879284,49,0.0,0.011042597822680083,1.3018186909620524,-0.2863762566676942,1031.4219362252643,1203.4430606255785,994.7088162789754,0.0,0.0,157.84811995439458,1.3727717066810434,17.918894856914093,95.36254338367729,90.9890748732414,86.8745527440741,94.84071301959654,83.22894496146465,112.31298656204135,88.08404804546203,88.09795798966417,93.81086359997222,87.46766640823091,55.72056983463648
424,1834.8320887581965,1205.2052460853295,0.22236524631592214,0.02613476242122717,0.265968602584254,49,0.0,0.008328770700862475,1.5275823572638303,-0.4600115846695223,1834.8320887581965,1205.2052460853295,944.4001805136182,0.0,0.0,157.51327242804496,1.3735157075099826,6.944824160015513,115.88699257024612,99.63649002005712,61.15668419155261,79.63670266417142,79.74750839526949,84.66465579657745,90.15183268418858,90.74747991720433,100.35291779258021,99.56804691410713,35.90604540764826
425,180.5492355149112,1207.6077287023402,0.5356718865069213,0.139434799102625,0.08843317195661043,49,0.0,0.020688432140578746,2.0707895448645286,-0.7903399090535863,180.5492355149112,1207.6077287023402,1495.8324915590601,0.0,1339.3757949714757,158.20273134400924,1.3744454384486928,11.219058402578309,157.4776258611808,140.3688175310607,163.08261691949983,124.0141549391738,152.64939660645598,145.01283335295793,144.0411919785263,123.92132209782974,125.19212361018184,161.79013027439885,47.06321998521611
426,2669.3734485033924,1207.6948096230533,0.7527954407295683,0.40683750784451195,0.3527305461893188,49,0.0,0.015596420050440698,1.558255381514143,-0.4815965885617202,2669.3734485033924,1207.6948096230533,902.0346691806299,0.0,0.0,157.16545702575795,1.3745134803907415,6.373876763397469,79.85399306488516,108.99036883659485,82.45058698960418,89.19371771013208,78.82064694613697,94.4250259130667,73.20464582580867,77.07211087108524,90.79200491171889,89.51180977800269,31.345881570196877
427,2632.7249099751507,1208.6534895544246,0.3823295088411603,0.612575822836039,0.09650869020390572,49,0.0,0.010452409710799864,1.5966625008556963,-0.5080328139746049,2632.7249099751507,1208.6534895544246,842.3922126107259,0.0,0.0,157.18073061062498,1.3749157148895306,8.524902597725927,88.50468740142102,71.61851092164233,86.2298741721627,87.29117504371189,76.65250789066795,68.71654273573665,74.57442617767167,83.7941489222132,77.33708476287853,72.78611972820482,46.36223225668924
428,3012.658260992234,1210.9836994537836,0.4222291314471061,0.9188244179893029,-0.8923764293447016,49,0.0,0.008687597228569113,1.0497399750461145,-0.05270433960872997,3012.658260992234,1210.9836994537836,1167.1838576935404,0.0,819.0140274118608,157.02239244554062,1.3758528094637845,6.633767999209235,145.42638518959194,128.8692215909619,99.12018764790709,103.78330470148138,87.99460137878916,108.3639921348394,103.16714270209998,85.51599748767184,126.10754333332866,131.802675656075,40.39903787158483
429,693.3279931547886,1211.42138932335,0.961574561326436,-0.041027822564349614,0.8966362633216027,49,0.0,0.018059647589194042,1.4006114337842948,-0.36579416839055967,693.3279931547886,1211.42138932335,1004.0006460029251,0.0,0.0,157.9890287433692,1.3760777906215265,14.627199342671254,92.03480849126771,92.46637077457976,96.30962465886208,111.66336008136156,73.39339628247774,101.32431063996458,98.04933958763743,89.98839316760434,104.68682047227016,84.68071705681754,44.77630544741083
430,1231.7341746490483,1212.0434832236635,0.3942595308366174,-0.4831348456134232,-0.1980081716609236,49,0.0,0.018183988456734926,2.3951352281146034,-0.9483250962199201,1231.7341746490483,1212.0434832236635,1245.510555325819,0.0,0.0,157.76463415170517,1.3763619944309964,11.767059053638842,113.22996063785004,120.06232016630648,98.05655110734153,133.80909375430272,97.89403731353887,116.89337844925586,92.56366773786624,132.40847224892093,129.8278588198365,126.89825227475353,72.0999037622075
431,2810.402032066699,1212.836697415093,0.33770968094864073,0.5876616341985343,0.2978302759552284,49,0.0,0.010417460976467556,1.519515471610384,-0.45426281599352114,2810.402032066699,1212.836697415093,971.5471676806726,0.0,0.0,157.1066819780132,1.3766441516486678,12.543892239042272,108.13802573342093,99.05247121720829,90.88674450609739,94.80873489347464,69.826100435384,85.49943987546467,81.71183750580133,96.82038809952363,85.49096222883522,86.3966355579038,60.37193538851652
432,1380.9803317662627,1213.3781733341978,0.6244317296588662,0.007817932242325876,0.1294984170703157,49,0.0,0.15250553031578273,21.13600390514406,-3.3125572012796454,1380.9803317662627,1213.3781733341978,2878.868260733251,0.0,0.0,157.70243086893603,1.3769213061632875,37.99744008359351,274.56546706097845,260.3777505836398,281.09280604258817,304.9113332935324,257.2388787476501,262.19084485507483,247.51172272889806,268.69166147033303,273.24618558604925,277.6866416321811,133.3575286487325
433,1142.0445476173195,1215.9156220956427,0.4584312635444533,-0.17432875623390276,0.5062962739906217,49,0.0,0.008870703413794999,1.0125077568106362,-0.013495897561586393,1142.0445476173195,1215.9156220956427,875.9100134327659,0.0,0.0,157.8020152704508,1.3779726632187537,10.15640792837645,97.46696501699586,92.25052184263023,82.22925492189688,75.40323841747573,75.03991274602822,85.32538360647285,74.38483978617938,90.2922256205834,75.69783155719098,78.78776529225449,38.875666696681485
434,1323.5733233261285,1218.0415042949273,0.6126458094879049,0.1257643766487629,0.09874523637543776,49,0.0,0.33511765403614513,46.87126749116249,-4.177266744637674,1323.5733233261285,1218.0415042949273,5734.045674376679,0.0,0.0,157.72635729651134,1.3788633037401992,69.68945510041274,561.0509140493026,572.7358044940161,554.2981207357692,492.4342579738765,529.6901905614147,546.9327837158362,517.8364595366119,555.1754931469646,516.3843568159784,520.2773800035396,297.5404582429562
435,542.9661135542532,1218.944194142894,0.7824384141734657,-0.0433224651405229,-0.10987571014600389,49,0.0,0.01464936577687096,1.4687003035070192,-0.4173329615453696,542.9661135542532,1218.944194142894,897.0137871670413,0.0,0.0,158.05169479118368,1.3792014245653845,9.25173144044787,74.9083387827541,79.37212842293607,75.01111457551322,97.68829066701434,82.92056690251013,77.22279274414406,89.02755184916762,79.37562181109013,97.0838260759295,91.86463662362739,43.28718727190669
436,1684.4861943588876,1218.65338169874,0.7346810361626663,0.08454949225172091,0.03483450977618898,49,0.0,0.02238940193577727,2.4072532811426406,-0.9538044683294726,1684.4861943588876,1218.65338169874,1050.80270916447,0.0,0.0,157.57593411399847,1.379120790030228,11.918850841170837,108.66480382143727,89.05668067119672,95.98494211103113,103.06337129522939,95.87980586694957,101.03271048066047,109.8695969664627,93.06232332086795,91.65634908715754,108.22716981014077,42.38610489216548
437,2001.3437869593224,1219.0436189638995,0.8821759690182642,0.37287396578095666,-0.5299074525239736,49,0.0,0.021068658744783034,1.515776657637787,-0.4515880370443325,2001.3437869593224,1219.0436189638995,1582.630267077378,0.0,0.0,157.44387282771655,1.3792777837501178,16.179845847388563,176.22003577229208,144.3170225859855,127.14956074769269,119.59551540402238,158.46252731025322,136.6637559283727,146.68213644354478,165.7511759265168,143.1293195715296,176.64006425550323,71.83930728427642
438,396.93422698549386,1219.5889772136027,0.6537114437855863,-0.7689219125924283,-0.33969576355958764,49,0.0,0.018582901199599686,1.7650208414430268,-0.6168745948057252,396.93422698549386,1219.5889772136027,1217.4510373137505,0.0,0.0,158.11255475141624,1.3794580284875069,16.571455137711663,130.7165790471241,117.7313179217843,106.77699318527627,98.38787402922043,108.93431517910479,128.67460503154098,120.92989199147634,106.77154764853333,101.23976819607026,120.11607192003876,60.600618025869096
439,2009.417763857365,1221.0788423512545,0.42523026606125547,0.2940621200163042,0.5100405346722738,49,0.0,0.020989799865438082,2.530702707998928,-1.0081028245126287,2009.417763857365,1221.0788423512545,1621.695798584941,0.0,0.0,157.44050767006348,1.380125544759029,19.445002659885255,185.63128919141528,152.28906273838072,135.69022638770156,129.54370190055755,153.35361205116507,130.1674223290495,152.1047788470913,150.17305978972058,162.81484879069563,177.8387450213092,72.6440488779695
440,388.50738560288926,1222.9918018783706,0.5170405040753334,0.6606762468184584,0.4826823487392845,49,0.0,0.0134626878918417,1.4614095934142552,-0.41192988485500376,388.50738560288926,1222.9918018783706,1139.867917440861,0.0,0.0,158.1160670043593,1.3808750636335614,12.504394170342389,122.50059445584856,112.33014687178408,100.51663646306146,109.82161605065068,102.24467211201375,102.92700612102479,122.90761768152441,94.6556709115439,105.49024103329467,101.98390079218129,51.985420777591095
441,686.8136743403276,1223.5290364758384,0.5420433964915506,0.08085256389560844,0.33503594236939044,49,0.0,0.031551284057565965,4.4413142694677425,-1.6187787628523775,686.8136743403276,1223.5290364758384,1148.9839146434374,0.0,0.0,157.9917445962779,1.381122061350003,18.121076523616544,103.19377643951822,97.50931472769602,104.2817525154241,109.3045684672508,126.4743607633252,106.14106841032816,105.83968455636926,110.51114203551435,104.87123224069522,120.035498014744,42.70043994895546
442,1754.1490228135244,1223.5228976263716,0.445522916460346,-0.6886585861970391,0.21444577340989218,49,0.0,0.009407044908673985,1.2147591385150607,-0.21122543725638948,1754.1490228135244,1223.5228976263716,1036.0016664662548,0.0,0.0,157.54689959828977,1.3811491344812634,11.10916114923824,100.20938330371592,110.31851940341136,88.48297986393462,84.82111652240575,76.57461608179193,103.45104051461621,102.14615951143273,99.68420854342747,99.62041241896503,102.18036848487898,57.403700668436755
443,1418.5416350095923,1224.649915411988,0.3329363282241562,0.06395786175788161,0.1569318747878822,49,0.0,0.025442170089652667,4.691611977221473,-1.6783052158124836,1418.5416350095923,1224.649915411988,1255.2944547162306,0.0,0.0,157.68677606794165,1.3816183742513857,8.571302440425761,118.36632266134006,87.36706481815673,116.68822203492087,124.2511684411295,147.14581839061634,120.32925761058335,120.50241476780003,125.25801360263321,101.19242728875155,127.25628776750325,58.366154892369806
444,2219.960310134504,1227.5296923561978,0.9106357555610114,0.4905140173927988,-0.2723868195420942,49,0.0,0.013600293474178704,1.2175731970710966,-0.21373769808118592,2219.960310134504,1227.5296923561978,791.7080018418135,0.0,0.0,157.35275740619548,1.3828054486153947,1.2220368359726477,68.46101089416541,88.29781373990366,72.03267949419413,68.77357138569621,61.74355131643718,92.48938005889019,88.39628514714828,63.57272199808825,69.8524150909725,77.18423999174024,39.68229588860484
445,2063.352222774132,1228.9409838194206,0.479506462827892,0.06841989650059359,0.057416888321722384,49,0.0,0.034722619790018935,5.510103334332017,-1.8528993587943337,2063.352222774132,1228.9409838194206,1210.5250522717702,0.0,0.0,157.41802847336692,1.3833996778510773,10.818812057606367,107.78594834120138,119.83010158118066,102.65050970265828,114.28459651045824,130.85227637557605,104.95636883536577,102.02596249785049,111.33171689571026,112.70012436932365,119.4243607083151,73.86427439652361
446,1598.9205230865414,1229.6649732747394,0.8513288396469888,-0.5213285081332835,-0.22291071244175759,49,0.0,0.02015125273565919,1.8684762981079095,-0.6787189828307008,1598.9205230865414,1229.6649732747394,995.1064221873946,0.0,0.0,157.61159666712445,1.3837091760039657,15.346559166973009,82.39484716855208,104.51050739180766,88.10968657239593,92.98800041253406,90.36072058723984,83.85607764209905,108.60460156910011,99.43177252932924,69.2282612066777,110.79370092650103,49.481687014184885
447,3023.6734647100716,1237.1239360615098,0.5408117781418268,0.3852848142488355,0.4041394060725556,49,0.0,0.010494368271765895,1.3257345422436715,-0.3061414301187538,3023.6734647100716,1237.1239360615098,1151.3811352539826,0.0,799.9411713521233,157.01779893280207,1.3867427730347037,8.096420024809387,132.4245387459324,110.9005466153824,169.95879068629944,105.10938065345701,93.23680797796868,128.92052128288657,72.2246311391022,110.34775735361416,93.1884772049038,81.81257656781484,45.16068700181185
448,1987.8400171045257,1238.9482433870933,0.603980333311384,0.0629194570586969,0.17899188682204123,49,0.0,1.2398185135849598,177.59399605594788,-5.623570698597352,1987.8400171045257,1238.9482433870933,18912.333411904016,0.0,0.0,157.449500333832,1.3875716720378892,205.1482814108383,1833.4654277378731,1828.4397160142134,1814.7475168372607,1764.5789801353678,1777.0648805343417,1830.0796597549602,1591.9932936391103,1789.6795819733775,1754.8030684160071,1850.5829228254192,871.7500826252447
449,829.111473764655,1241.8393090860545,0.6191867535911331,0.18190836881187913,0.24715512675905948,49,0.0,0.038794078141040064,5.097535017688717,-1.7684005446525373,829.111473764655,1241.8393090860545,1235.5579955824755,0.0,0.0,157.9324402212596,1.38875992513883,13.863227188970585,115.82737480317451,123.5748502233575,104.82121708917384,113.9967030895582,118.951138030328,126.20507299691832,114.90246238016456,121.29406256638326,104.22561523491353,115.79790655956016,62.09836541997314
450,2651.284011018966,1242.4982351597043,0.7132145570761185,-0.12119323356421516,-0.016449237587627924,49,0.0,0.04046972070287098,4.664386649844138,-1.6719863591660769,2651.284011018966,1242.4982351597043,1412.9659228426844,0.0,0.0,157.1729930058774,1.3890157696622911,8.65038262291795,129.91178905239335,145.08593756042987,123.48022611014255,149.39308092484805,132.22139891792236,135.11151914345336,114.09589014113283,130.41539185153738,155.2695531715435,131.18361880375028,58.14713454261312
451,1546.6439973853805,1243.7477530487474,0.8699634693380079,-0.2181854121539627,-0.004392945135040783,49,0.0,0.019668637404756308,1.8296114464727888,-0.655897171635038,1546.6439973853805,1243.7477530487474,989.9269154020942,0.0,0.0,157.6333848877175,1.3895768533321151,12.17978488683803,93.91328976789767,97.56243503836144,92.11698487148044,102.12822321139551,79.44127657136112,91.36752196451299,87.06087233143697,92.18654851089777,87.4507042658515,101.763508128545,52.755765853515584
452,232.3589655004546,1245.1182497486666,0.4708175817745524,0.03144459315032015,0.2307005330777519,49,0.0,0.02136035496752677,2.4198354837045253,-0.9594646019882452,232.3589655004546,1245.1182497486666,1308.1327053934378,0.0,851.2807557501918,158.1811442280794,1.3900791826571468,15.13832370182492,118.17588532680568,122.10823355562549,113.03681561111458,120.28105194775495,132.40036628920265,132.09496367977806,103.30519255112476,132.61918173854565,119.57296707581465,137.4119534639696,61.98777045187662
453,2390.8849931764416,1247.8621173060715,0.4846325530429929,-0.06636829307047457,-0.11085436800955738,49,0.0,0.008878969424006808,1.0223186920023524,-0.023965753691490718,2390.8849931764416,1247.8621173060715,780.2951815918758,0.0,0.0,157.28151887778589,1.3912682806416872,6.878939811953871,90.11716396696633,65.32871272905105,64.2833076227966,53.44355518332747,76.50930510796044,60.911910967958335,72.27056512997399,86.5602637360004,90.28228765052035,80.54349138360942,33.16567830175755
454,3022.7199646675804,1248.5261605223977,0.7974105427298025,-0.6908377797368839,-0.013741747927008037,49,0.0,0.015044119997648087,1.5510365697732758,-0.47655509392715556,3022.7199646675804,1248.5261605223977,1327.4925919678103,0.0,940.3225570868628,157.01819497728707,1.3914935129785364,6.27346964604922,172.93822428769823,129.08095868441518,125.06312439381415,116.52360217124343,110.22391162281701,118.67059666729526,153.36044887099592,127.70187146572943,116.4374302609602,103.67371030498977,47.545243591802404
455,2083.7223473875442,1250.302728149766,0.9165345927273035,0.7249885121721779,0.10834337595301799,49,0.0,0.014958150556191154,1.1913141301744508,-0.19006573245013086,2083.7223473875442,1250.302728149766,902.0623334849844,0.0,0.0,157.40953773823577,1.3922995832498322,15.152343538277197,74.0832054567716,79.4774435011371,78.36374267013318,83.37372998428276,83.86439845078073,80.6137559383981,101.79272425474991,84.5888974416923,93.6505411031583,78.76623112692627,48.335320018677
456,2017.7551707805776,1251.966936896083,0.7243548174263537,0.023078800180956996,-0.02464610359071417,49,0.0,0.015119325805463324,1.4748620296377908,-0.4218784871082124,2017.7551707805776,1251.966936896083,967.6842843096197,0.0,0.0,157.43703173813432,1.3929951832190692,10.612011456126716,97.90050393303335,78.79173844938721,85.49498731498284,77.51365015718575,110.43609341963389,112.6471518533238,96.20110439714767,90.22681839250373,75.93854272994058,88.70847126084394,43.21321094551025
457,816.7248113056215,1255.274548748658,0.5304084639520409,-0.5227979632920323,-0.08292153642191932,49,0.0,0.016031573874452452,2.133045722739318,-0.8225004120888304,816.7248113056215,1255.274548748658,931.00758779017,0.0,0.0,157.9376035213721,1.3943571064940758,11.715891254173494,82.16004982863232,85.24036340800389,95.96837381835746,70.31780166260006,94.46019410837732,94.87149291675846,69.58598176734289,96.07556558026413,103.94883161169909,89.33361465655564,37.32942717740521
458,1187.137582970675,1256.045085845165,0.9027898886260622,0.5465684591498539,-0.3619822523811803,49,0.0,0.012311023035085097,1.1520869220240322,-0.15371311683971872,1187.137582970675,1256.045085845165,785.7423371868234,0.0,0.0,157.7832226832066,1.3946945125973025,9.504555152563949,79.77740638365182,87.73995937048994,85.98749323819246,74.1271771128682,69.76317563590011,68.74002599669348,56.372399223031266,79.11050291280077,71.07071642218894,70.0652214783136,33.48370426012883
459,2193.976331433369,1255.577589627521,0.253472636836875,0.0806497747066036,0.3137521160199323,49,0.0,0.013608213752714248,2.623215247348051,-1.0470848199758147,2193.976331433369,1255.577589627521,1015.6256420226717,0.0,0.0,157.3635856125922,1.39449303649426,8.766911265286542,100.80879494162622,99.03837690186296,102.11880695294764,74.09975511237778,101.70867684767781,100.25637402119635,89.95417127795096,99.96774941538126,92.55894856893673,103.14898202283679,43.19809469459067
460,845.3081756509764,1257.706989824662,0.399566410047765,0.18211766881629757,0.32016545621757575,49,0.0,0.013931998056401766,1.9727638000889234,-0.7376877252202452,845.3081756509764,1257.706989824662,1071.9880212559808,0.0,0.0,157.92569081882897,1.395372224112137,6.827674084829107,88.90048147929986,120.74110525803408,97.88020738967833,76.88551545352769,103.54005317840156,99.94755627914888,100.69534867935647,117.84905844446135,100.29277572166687,106.58192015497605,51.84632513260065
461,698.0143306782201,1258.9222930476512,0.38052882976206837,-0.5622299110939137,-0.0057944366859433525,49,0.0,0.012503366163526111,1.9199849275373106,-0.7082445484345665,698.0143306782201,1258.9222930476512,872.1887463476978,0.0,0.0,157.9870791206288,1.3958695760318858,9.482503108850764,90.51846002589826,80.0716472629857,78.14144912944455,72.44128863002985,68.92248557226053,92.78401198730019,78.15608146075814,91.38101726638118,82.07182128066049,88.63577342578974,39.58220719733836
462,782.1739559677529,1259.7003725255518,0.894707337612279,-0.09965168247854533,-0.1124891424130845,49,0.0,0.015999100465621356,1.4956949873041072,-0.4371075953912067,782.1739559677529,1259.7003725255518,866.90880593067,0.0,0.0,157.95200373567974,1.3961991143487806,16.083184625827467,83.52353136970265,90.37317614589307,64.39664399254931,87.27806229307971,76.37143724525475,88.9610648971356,76.40045947223027,87.3751018630197,97.62338336439002,64.03299222463194,34.48976843695551
463,2647.0946354863895,1259.8922088010463,0.6004566121057935,-0.007794300924992294,-0.049294928771203755,49,0.0,0.010472232876934585,1.120327466539192,-0.12336245873858094,2647.0946354863895,1259.8922088010463,774.2304887141918,0.0,0.0,157.17473750308804,1.3962633246190403,12.005522480367365,82.35528953909488,89.62104550475624,74.95298160436863,73.37831855694009,75.26795541866638,65.0962707376805,62.46307888450469,63.85124226810155,56.5095187032081,83.94895769123973,34.780307325263735
464,2745.9865330897533,1260.1343724940036,0.40612444878020487,0.01907418202381058,-0.05513559506715821,49,0.0,0.020342319818320825,3.3594268635845355,-1.315662976797451,2745.9865330897533,1260.1343724940036,1084.6233622526022,0.0,0.0,157.1335230324547,1.3963562174042499,10.939365135596898,93.90787282264559,84.26893622830804,103.73039521045628,104.58012652198559,94.84908912604322,114.74869244997211,101.12159158882778,105.48291904819675,109.23813533341578,115.43656668760258,46.31967209955169
465,1933.9483240056193,1264.2877183373953,0.8745161553382242,-0.3368412879361924,-0.5228781501404561,49,0.0,0.023681144069213164,1.9564247849168297,-0.7286578900812899,1933.9483240056193,1264.2877183373953,1252.8544956714486,0.0,0.0,157.4719608725076,1.3981311130414982,9.079638863536214,117.66801387398799,115.45171512429152,108.39496909735037,118.19597070482081,127.78514824117158,117.01979542523583,112.487443459079,129.72472463036,119.94378046460434,121.81067984951079,55.29261593750034
466,203.1220933748778,1265.6663629061368,0.697035956242732,-0.07023721899792465,-0.07380233888870709,49,0.0,0.02541916704862537,2.6121847027870517,-1.0425097046366107,203.1220933748778,1265.6663629061368,1556.3147670902222,0.0,1436.8463878261136,158.19333090780077,1.3986374279215894,17.372371898097896,135.76329411031082,159.7146410656749,153.4915877369708,150.37331205223995,147.32987748502188,162.0967340627049,137.8129267036075,137.8586420713417,143.07482551241716,148.28344372175434,63.143110670080205
467,2218.62139196004,1266.1572894996207,0.6012018627393932,-0.13876330748577662,0.06443658728826815,49,0.0,0.2618995499331671,37.13502809189346,-3.9244593919667077,2218.62139196004,1266.1572894996207,4583.171966474435,0.0,0.0,157.353313494738,1.3989000720757674,46.74007223379374,452.73897095414236,394.4849701851209,437.1795078579961,419.98247124827594,445.2218571047622,415.59314224626297,432.90324730873783,426.0647673266608,435.9616448647904,442.6155148930616,233.68580025083122
468,624.6394781762579,1267.9876057806948,0.2521935707257526,-0.028620017692938142,0.08854704204857389,49,0.0,0.009460962778515469,1.4648632598310642,-0.4144927165504781,624.6394781762579,1267.9876057806948,855.7077756842018,0.0,0.0,158.01766024901767,1.399641583973883,5.474130172742105,63.85854460775399,85.38487647789171,59.94826170106908,66.65555708681538,86.77836515119506,74.24685968667791,81.6180318684776,97.7630139784292,94.9978490892924,93.82792193563606,45.15436392822131
469,2112.7059490378438,1267.2038170992128,0.2744715340614498,-0.29400446667497226,0.48790389663649114,49,0.0,0.006902395991246958,1.0290413707660373,-0.03108208786388071,2112.7059490378438,1267.2038170992128,890.653893432296,0.0,0.0,157.39745716405923,1.3993405488882484,6.0658036180438835,78.50665469302544,87.7548545059617,89.5186779982828,70.8595025629227,86.25905535889652,86.64661047064754,81.84350082606446,90.57702255787717,92.24584056700283,85.291354023004,35.08501625056704
470,952.5703660652908,1268.875047604907,0.47739167963705964,0.3433617070008427,0.32053148881396865,49,0.0,0.01947689646860035,2.7119926387948285,-1.0832212659603475,952.5703660652908,1268.875047604907,1080.2354222813346,0.0,0.0,157.88098687641764,1.4000310558565783,10.867525120349223,97.07770619813952,112.93612142679834,98.12585720821397,82.93908953357331,78.69424236343878,112.67891352559529,94.7906912163399,104.00254591494405,103.90883491746605,125.82589775087726,58.38799710559881
471,569.8936765262258,1270.250404890402,0.2844991398974414,0.23646857697704868,0.18018576861033062,49,0.0,0.007277600458810017,1.1009615725103945,-0.10443040202080578,569.8936765262258,1270.250404890402,763.6666511708776,0.0,0.0,158.04047671544217,1.4005803190133372,13.609231913795558,56.851093538433545,68.01928762432804,80.9843058303407,66.67946004391118,69.58098907973807,91.50032048999026,72.9559168602997,77.59832314446385,65.21580622376334,59.24694933072166,41.42496709109169
472,2017.3666120839132,1270.07529910213,0.6771361557903289,-0.07442133545793912,0.027320684159632423,49,0.0,0.059793651264197216,7.663059681527456,-2.211005519867545,2017.3666120839132,1270.07529910213,1500.9491458752216,0.0,0.0,157.43719306907525,1.4005402653870085,11.503311527740447,168.00118544587272,153.52112579638856,125.86270959674562,115.16274036794002,135.1045170045851,152.4844428191887,139.81788184187423,143.97104015905248,130.74143587544884,149.08556982580603,75.69318561457887
473,664.8282007953692,1271.962536037439,0.26477156175016026,0.5142144308098999,0.6418055888830998,49,0.0,0.009384081548631917,1.324492262232811,-0.3051235636623838,664.8282007953692,1271.962536037439,902.056153956996,0.0,0.0,158.0009111115142,1.4013006005766362,6.968977375548871,69.4142104377022,78.58869886616603,87.60768000009548,88.43814274998218,95.73711838743955,95.2698098446163,95.54406782068791,77.54289615722786,67.74938471038209,88.3989122681022,50.79625533904532
474,704.5654720183408,1271.8095366594418,0.5712682562033817,-0.06576127198815969,0.24115699615938965,49,0.0,0.024002894276625237,3.144431545443551,-1.2438553613442507,704.5654720183408,1271.8095366594418,1125.6920478162108,0.0,0.0,157.98434973301542,1.4012395498524024,8.012673160881288,118.48957103992589,125.69062976342073,105.96391136047788,105.42595474848518,91.02633587535834,110.00892095993393,99.24359876189529,84.98557619207853,115.58055014291527,100.45664998610576,60.80767582473264
475,1174.392832276436,1271.668191589208,0.436196634744608,-0.07682750582780515,0.30962609480102843,49,0.0,0.01669918737420227,2.4572628081599728,-0.9761290186217909,1174.392832276436,1271.668191589208,994.621417985553,0.0,0.0,157.78853504527677,1.401203675058184,8.760649625048469,90.24521938892826,95.32211404791013,83.0144158889589,106.10506267632644,79.16890072778747,99.5774916521109,93.74053909751,102.06216786318532,88.19470790913235,113.52143541446293,34.908713694191775
476,322.2771566556253,1273.72869799172,0.3989391112557646,0.044799933291604206,0.17003552537944921,49,0.0,0.013303966404002502,1.7578558023476887,-0.6124581170986794,322.2771566556253,1273.72869799172,1005.0182139412091,0.0,0.0,158.14367385907224,1.4020083614881806,6.5732806442936065,95.00774779513611,74.50905680312113,104.86692788201304,89.14893974613938,102.36051503530095,103.75715914442833,76.07442774646682,115.05838366727897,86.20854881104279,101.61191707114759,49.84130959484026
477,1434.7028043446549,1272.7786868496662,0.5005321069789657,-0.3927626504667916,0.15805184817085544,49,0.0,0.05390265766796176,5.816469065655475,-1.9116485567025316,1434.7028043446549,1272.7786868496662,2757.475172423562,0.0,0.0,157.6800409745107,1.4016720883425935,32.572530254806054,251.61403423090903,249.92504499223753,271.3926358452634,286.90860609280685,240.7651705386091,236.46941299641207,255.64785270872542,287.8573069043075,251.35842904874042,262.8942255624966,130.0699232482482
478,2499.727553260408,1273.2831445297816,0.5327507704787686,-0.07578144604469288,-0.1511197074781195,49,0.0,0.012837471096044351,1.656403100875419,-0.5479150871341447,2499.727553260408,1273.2831445297816,906.8026674523028,0.0,0.0,157.23615444160265,1.4018533174340575,10.106370448251454,69.91192869916748,74.08691236114183,108.9236754912897,80.54534370905336,76.24312535134472,77.16059641123887,84.07279114931353,86.84664892836487,90.21866968022273,108.65139677945527,40.03520844345893
479,1482.0659251381883,1278.363996801639,0.42945870444414486,0.3807710864594981,0.08107134753136516,49,0.0,0.0334733972054957,4.346174283997507,-1.5952678444577923,1482.0659251381883,1278.363996801639,1616.017428655123,0.0,0.0,157.66030056519318,1.4039997860151934,20.057197118382934,144.91865306840782,149.88594271212128,143.81343485990496,149.09636523474484,150.71672537654325,152.33304280988904,141.34781223613413,163.45617427772146,148.7837572231715,176.4609490038572,75.14737473424458
480,935.2557464829811,1281.8057839895305,0.612045298000255,0.2870106859442441,0.13579423191110737,49,0.0,0.03030441026830872,3.73822671472061,-1.4316640919692278,935.2557464829811,1281.8057839895305,1175.0043246826244,0.0,0.0,157.8882039700764,1.4054179275842353,9.701075940987213,119.5299881184954,104.89538584034551,116.59098872870757,104.72301197192598,95.99373897688277,119.94241126533666,110.19388412242772,116.9530864797429,112.19483577884253,119.63638530385415,44.64953215507602
481,995.7160092542623,1282.2421342282034,0.5253277677866045,0.08889135525790805,0.20880945699658185,49,0.0,0.9692170087789344,153.4675134723241,-5.4650411415054645,995.7160092542623,1282.2421342282034,15959.893370808528,0.0,0.0,157.86300524040402,1.4056025915350647,160.47554417271215,1487.495147721483,1572.3398872352589,1486.9197906246636,1578.895663065176,1487.9071469210712,1497.0644605901298,1412.3731807376798,1577.12888996433,1457.174586286675,1510.702767218791,731.4163062705552
482,449.7265728422674,1288.5397518684965,0.38583426804981746,-0.019206755197210875,0.21652552842845263,49,0.0,0.0666137022078738,10.898597092725113,-2.5934264939110845,449.7265728422674,1288.5397518684965,2291.9769404089766,0.0,0.0,158.09055971859414,1.408190862490994,24.709434956720074,199.44754542952904,213.8433984651753,212.18733039187737,212.36248044718857,227.322370451229,240.4204193855295,211.22295638873658,179.49645144337126,228.59096274993257,236.060553924874,106.31303637481344
483,215.15367208034166,1288.795117585036,0.4789317277865655,-0.11345763353508248,0.1923046497429103,49,0.0,3.9067765451347505,502.9593122241961,-6.753832133657536,215.15367208034166,1288.795117585036,126225.73382169892,0.0,96719.51206872953,158.18831939185472,1.4082751047296649,1374.505140007538,12247.629260483052,12124.293920636757,11869.187710571887,11791.117807354713,11871.531827620749,12013.592329186244,11220.400938480077,12269.161654346817,11648.33491584449,12140.114106721805,5655.864210444817
484,1005.8231827959747,1288.75861611367,0.4246428925824998,0.22842494275766814,0.13735635110434422,49,0.0,0.010934614617070485,1.5109823940331732,-0.44814850992303024,1005.8231827959747,1288.75861611367,1297.276004954453,0.0,0.0,157.85879305733332,1.4083182033329766,14.045227198350966,118.45162111230562,132.39616641575566,127.41587502540068,124.53940946745196,111.41281425444231,146.91593335939558,104.67906903508073,105.28356348818517,127.73889658063828,122.83598998033037,61.56143903711555
485,2124.4238654366,1290.3048729831764,0.37830260671682664,-0.026178516342317857,0.30010735180456105,49,0.0,0.021817472507250798,3.287413611272625,-1.2921358724589416,2124.4238654366,1290.3048729831764,1223.67475081033,0.0,0.0,157.39257234102075,1.4089654168756045,7.837424611431151,121.00182713285767,119.8683110853766,119.96684051739284,103.19664169961393,96.1504576028611,134.77428193373657,121.05827455734386,109.12211006523705,111.82292635933194,120.22903170833891,58.64662353680822
486,466.05118318525655,1291.9302696764844,0.4595759642252256,0.4035269899893331,0.5060787799600774,49,0.0,0.027569294727562674,3.5443171030695124,-1.3738314260627198,466.05118318525655,1291.9302696764844,1357.3426429807596,0.0,0.0,158.08375654315205,1.4096049122272032,17.29184412864786,119.87228460719402,153.2395024286327,151.9376304424169,132.51459472294448,128.77733731177278,120.90841266952337,102.43577092526402,119.35761321683493,121.64851566789164,119.7268847372595,69.63225212237755
487,945.3141725960938,1292.654554193209,0.6225235951861058,-0.2964325343771827,0.08246480532814963,49,0.0,0.010792086291848888,1.0647718819698575,-0.06814143489830507,945.3141725960938,1292.654554193209,976.7481619907683,0.0,0.0,157.88401238446943,1.4099386673545966,8.642821426401014,87.28957109313498,90.95146256556158,73.90047247151175,93.84685189742149,98.31114218700402,83.35373129753415,102.97503622831093,99.22188811095299,102.09373644750123,86.3930624555291,49.768385809905105
488,2787.5017435567006,1296.860926703692,0.8753446865151294,-0.5290898542574702,-0.3654985913366116,49,0.0,0.01430509732094846,1.154867902978102,-0.15633077812760496,2787.5017435567006,1296.860926703692,955.4795783535892,0.0,0.0,157.11621764003218,1.4116547179947396,6.55148478164196,95.53406385089465,79.26573311417494,95.95655330936765,79.09148725347676,82.98703143055594,100.62323801402155,91.68400320883788,96.72617607615229,86.09967206571856,100.75173971994917,40.20839552879792
489,406.59835238086606,1303.9432685820743,0.8786597495083301,0.03490745854719715,-0.007207209495831776,49,0.0,0.013288144740209142,1.17651999449964,-0.1764982806013397,406.59835238086606,1303.9432685820743,866.0168882670159,0.0,0.0,158.1085353826972,1.4146049551300928,5.463528149282441,65.91920969498479,87.58237556995024,84.63538645656324,77.29657200790433,88.95841944779004,61.90041763390935,86.98982582736335,99.2353470432487,80.28715969107535,91.03346598464802,36.715180760296114
490,1272.7439608583754,1304.6023437608258,0.6598653669857537,0.25559243309319707,0.22743895750332432,49,0.0,0.08814821346643206,11.611518370270716,-2.662222533996293,1272.7439608583754,1304.6023437608258,1910.5802484099702,0.0,0.0,157.74754445636276,1.4149288762010135,12.02772683558924,172.8131772255371,204.2384817701017,149.0961656033498,189.29606637660544,176.71105978571373,200.0131322951524,159.99746383929255,169.68606995438105,154.11650739561188,219.38954086985387,103.19485645878137
491,2658.0067487396973,1305.7116864679042,0.43513356779195944,0.42451466636575563,0.18263010946012134,49,0.0,0.021519286131023118,3.1074116479203053,-1.2309969733194723,2658.0067487396973,1305.7116864679042,1114.8024402543974,0.0,0.0,157.17018577569868,1.4153532588167428,13.945231087553102,105.4033971381556,103.41450090460552,119.2292077508215,108.07880459482402,97.30889520539542,104.60150237215413,101.36278294626261,107.02905314053312,97.25626431468248,91.93491463870791,65.23788616070199
492,2212.040010185928,1308.7662093109584,0.7794580544249402,-0.12080645174321257,-0.2502111632097291,49,0.0,0.014554466121935247,1.3645356287793757,-0.33746219955723755,2212.040010185928,1308.7662093109584,884.6201637990325,0.0,0.0,157.3560543710429,1.4166538202388794,8.310820121993594,85.41498906603651,79.92730340369192,75.02110346453475,104.69067001370485,81.30066060797239,80.29173249750617,70.8744166820871,83.4878018241991,88.20171518719299,85.78424305578146,41.31470787433183
493,2865.0939594683773,1314.1918763759827,0.42306390317458525,-0.39625457421852445,-0.27177647180874004,49,0.0,0.01746380360489705,2.3914762652532793,-0.9466651874390652,2865.0939594683773,1314.1918763759827,1014.5685289772825,0.0,0.0,157.08387860143793,1.4188685067641889,13.185721699224198,112.40864124816443,100.8975507692501,76.64196814013678,96.81330752331449,101.04394318374679,109.98984438913085,81.36326416697,82.13270286512017,87.09402070866392,106.3120715950635,46.68549268849728
494,578.5103241438819,1315.2114307721317,0.2936277660776318,0.12825122433773772,0.2946799479190398,49,0.0,0.008282399656756582,1.0403736485961075,-0.042973358775383566,578.5103241438819,1315.2114307721317,898.5123639993051,0.0,0.0,158.03688932266132,1.4193141231570325,8.14850651026836,88.37879758587748,77.34342180056437,93.44624005335481,84.3617599273868,95.70857419725448,82.90505536611187,86.54876218036352,83.65381609807443,86.67747868456954,82.93342534658875,28.40652624889061
495,681.0513380682829,1315.4528849483067,0.3341940856308954,-0.05472828424739419,0.3640553006547242,49,0.0,0.011563111954570618,1.7482801254313751,-0.6065275512695211,681.0513380682829,1315.4528849483067,930.7557327009913,0.0,0.0,157.9941530301751,1.419422198923368,10.621290161405753,84.21641960507903,78.52388948178788,103.58302010438544,87.91685777586204,86.17149795964517,82.37995579846705,83.03446163665089,99.47345472230202,80.32884497477501,86.5791388584581,47.92690162217289
496,1381.7319811510874,1316.4955741925055,0.4321237689749248,-0.06472534493069287,0.45737478938757,49,0.0,0.006894922036363191,1.0353822645610051,-0.03775180380394516,1381.7319811510874,1316.4955741925055,785.0352568814866,0.0,0.0,157.70211942926076,1.4198865895677397,8.185736255127619,72.15857264499502,64.39221668888592,74.4731786621974,61.37233658194137,78.87657303047229,85.85141640296575,64.57799808455457,91.20498903941083,71.25135433874357,68.78494045551858,43.90594469667365
497,697.7914801097891,1320.7059061120378,0.249258492679708,-0.22843830968756754,0.4027602156405966,49,0.0,0.010399225675220588,1.9165684834639622,-0.7063108555570892,697.7914801097891,1320.7059061120378,905.0159149539238,0.0,0.0,157.9871765373246,1.4216120463711062,8.821882166002538,81.09101825914547,96.6981867227887,81.48772240948269,82.17617035434543,81.24872991755473,83.44094792724938,70.4872552376022,100.85513970365868,71.50995242002672,107.00647406838824,40.192435767679
498,2219.1573266571463,1321.3579905010665,0.6213497707812051,0.0025937209742373313,0.006390644572161664,49,0.0,0.03850727618456637,5.082274652661568,-1.765145327952875,2219.1573266571463,1321.3579905010665,1243.5210258303082,0.0,0.0,157.35308734784797,1.4218999919438509,12.518025006663951,129.20905612846082,98.28315866796964,94.30736765315366,120.4633638201102,117.84825344547386,127.32699881097167,117.40925483726613,117.26654982109459,112.39303016674455,125.73949449216599,70.75647298023317
499,2414.4503972942557,1320.4571114812275,0.5866628860530418,-0.1223183205976547,0.15999620766898995,49,0.0,0.9401746271757677,131.63590664242813,-5.298435922466549,2414.4503972942557,1320.4571114812275,16347.053454110906,0.0,0.0,157.27169262166373,1.4215141127649604,159.83907496830273,1551.6879010110947,1585.1809992629856,1526.5113025378046,1537.5080999878924,1468.9117931880978,1547.4881162704883,1506.704677324876,1663.948125903754,1426.8061024676026,1624.4494648875084,748.017796300499
500,1824.448291838382,1322.9622062022295,0.5921726594580533,-0.07220447413593764,-0.14348856867976134,49,0.0,0.01662263904503249,2.046686195178664,-0.7776281506847144,1824.448291838382,1322.9622062022295,982.2625768879531,0.0,0.0,157.51759807738543,1.4225809186391654,18.11858383462032,87.48870393287109,70.59732414340347,89.10715884419824,100.15954396374033,78.21554622639947,89.0301719388525,109.0489475059565,101.59148677523395,82.89379828621674,117.14032336314327,38.87098807331725
501,1575.9684454912385,1324.1660997727502,0.7913632258048594,0.3238584089561271,0.2273153842830994,49,0.0,0.016372866467410246,1.6892606626527171,-0.5692416722064177,1575.9684454912385,1324.1660997727502,842.6081292934994,0.0,0.0,157.62116297610024,1.4230844032322867,11.900160256167455,69.9697036495208,93.27540124898366,71.1954026144255,80.65095413779741,86.06090168345307,73.44224829249691,86.5422335164461,72.28919019954714,78.96170039868908,80.16176689174301,38.158466404229216
502,2912.3715404549152,1326.8546972057234,0.2993448913029224,0.6744156875318013,-0.5936374597260473,49,0.0,0.009257180966864863,1.086863767569015,-0.09043777764700965,2912.3715404549152,1326.8546972057234,1020.4548543290055,0.0,0.0,157.06417398838693,1.4241398493857185,8.811412693738518,98.57279497243204,106.69259398711759,109.56985564853305,83.16357703738875,95.32538737434437,102.44039428637555,87.27961288736805,114.48722160048172,90.4128456998863,90.73186877363972,32.96728936769969
503,1402.787426401785,1330.0711558946002,0.3603390731791173,-0.4451067463728643,0.38569553746917495,49,0.0,0.012521009371540538,1.5946095094821062,-0.5066358742197759,1402.787426401785,1330.0711558946002,4551.637187398655,0.0,0.0,157.6933438897779,1.4255433824064738,32.864203842323796,430.38488574442255,414.70601650304513,426.3571441773817,414.6923788143825,428.00063328135406,445.64377696106874,433.9990788202344,486.7125035573185,422.8004806395887,423.78410250710317,191.6919825504321
504,2427.4691385931583,1330.2987160897653,0.5992206944106286,0.15552786788224343,0.19952747172476787,49,0.0,0.07904382687224247,10.556327128072432,-2.5587821000701583,2427.4691385931583,1330.2987160897653,2106.836738482788,0.0,0.0,157.26626601830114,1.4256138876086868,18.167037359095495,188.30205946812123,215.8689885912922,203.0489068505966,222.89618842253867,178.10296142201238,214.72229711437302,176.34370512151216,221.23528729541113,172.2884194098379,201.8431565918812,94.01773083611604
505,1555.7549095264565,1330.5765058237646,0.9694782480957722,-0.5215157984065313,-0.18253098581194868,49,0.0,0.01640758323956892,1.3752554443066896,-0.34595843223242745,1555.7549095264565,1330.5765058237646,921.8668848958064,0.0,0.0,157.62958788707232,1.4257553423692726,13.090837295175135,90.69689053854586,95.75017983591881,73.3291196743625,78.40856920504446,74.79799762652678,94.11354141052695,93.86298384947153,80.03503682414453,75.00036422695953,105.78927259056627,46.99209181856398
506,653.8215790463786,1333.422714835158,0.8753222460392606,-0.22092647710328867,0.13013489308236134,49,0.0,0.038658549359212604,4.039767187114449,-1.515890843305637,653.8215790463786,1333.422714835158,1136.4355806556966,0.0,0.0,158.0055030830003,1.4269075127959523,8.533628956330936,125.26393193690345,120.0501191146916,122.62615289772734,111.65044764621035,88.62028417957941,92.18296976462503,86.91929685747394,111.94882025708593,110.59367226197095,104.33075481563466,53.71550196746297
507,718.5801681530799,1332.658774474268,0.36852256641616965,0.2025260151817737,0.1508313325303577,49,0.0,0.027158328804510672,4.800291230000748,-1.7031689662230836,718.5801681530799,1332.658774474268,1213.0659814513087,0.0,0.0,157.97851315785,1.426593680789777,12.056205120136056,111.02884870894513,125.57655422486862,102.28929839269625,100.0175913544771,114.57978318126996,124.34596772095904,108.00804258191432,129.0164120148899,104.74357015202553,125.0363940092773,56.36731398984967
508,2959.588721294404,1334.1244238248512,0.6184751719796789,-0.08287937758513919,-0.2994751072461382,49,0.0,0.0464603764544172,5.162052989745253,-1.7820561459263677,2959.588721294404,1334.1244238248512,1891.2873874404822,0.0,74.66428685364043,157.04449517578593,1.4271639926991848,20.51056886778592,168.09258077162286,183.06415743857008,171.51429957733305,192.85078325592173,177.4860675224805,185.93111070875057,182.18002683770564,189.22689180591422,178.6398108694134,153.50528846594747,88.2858013190368
509,1921.1602044108809,1336.0178555277892,0.978516393373185,-0.06003753084197883,0.19509785014445527,49,0.0,0.020410239019062314,1.8135967017721915,-0.6463517932656058,1921.1602044108809,1336.0178555277892,938.7104243253821,0.0,0.0,157.4772889243832,1.4280187549308847,10.802655223287465,90.15292507822365,91.17882233142095,113.79409982220577,87.7229899281732,56.29728213201521,88.81338767368443,80.57102622567365,86.77099990600391,91.21755387896911,98.24925437092854,43.13942775479607
510,2783.84522535344,1336.045671982179,0.29751570845707387,0.2298849861433302,0.013218355149678725,49,0.0,0.01116326298127437,1.9179597436925737,-0.7070987186668345,2783.84522535344,1336.045671982179,928.2037950121444,0.0,0.0,157.1177377612299,1.4279813440424933,10.796383247374981,86.01029383553143,84.61129001862358,64.5458937579042,97.00262596726854,84.58588430185503,89.83465326598053,99.70754019290631,82.18603534702083,80.71663188314474,89.75251360316102,58.454049591373106
511,817.4846630579245,1337.4561975267409,0.5991306643410665,0.32563356827696416,0.0024962770742725285,49,0.0,0.017971834153356323,2.0362285104544715,-0.7720662849239636,817.4846630579245,1337.4561975267409,1008.4981872552776,0.0,0.0,157.93729207109106,1.4285987800068647,10.400100496704662,108.56980236844862,88.04754433761619,105.01603567308781,93.31430391249236,92.78392801791912,84.02203731068204,83.15734467867276,110.51925286636181,94.77621812473586,95.53190340838844,42.359716060167784
512,1406.1461929727695,1336.574500051226,0.6501134939183318,0.030057801890679393,0.22228002588133589,49,0.0,0.3661503182858969,51.156934221477435,-4.272261274495505,1406.1461929727695,1336.574500051226,5580.717254039428,0.0,0.0,157.69194407885396,1.42825314584879,56.701670878184764,530.780214796758,506.78118912400146,536.9195892008404,521.0677866189424,516.8717946058041,552.9937731891941,539.4801076298083,568.332274885615,487.72586545334343,529.7573312381888,233.30565641874614
513,1714.9533937540002,1339.2137510156883,0.27620247918926555,-0.30466211907274726,-0.5746532136578046,49,0.0,0.007178451976514436,1.0808916077024033,-0.08445536222611122,1714.9533937540002,1339.2137510156883,834.5701144419547,0.0,0.0,157.56323470180777,1.4293537613929632,10.555960774637189,79.58303193015422,84.45571613822469,70.99664793195721,87.96544466177315,85.31396842233252,78.16793669440077,69.85553742054933,80.74644913073932,64.3546075001186,82.29122516648337,40.28358867058428
514,1213.8862969887211,1341.2369819784478,0.6029936621555162,-0.6884457580088961,0.2013855805424953,49,0.0,0.011198406974854727,1.2575220174696633,-0.2487889942242276,1213.8862969887211,1341.2369819784478,864.7492568362381,0.0,0.0,157.77207689287744,1.4301916127037422,9.192576424592943,91.96604364936861,82.82641685802545,81.86519004743926,74.58494645803873,70.59214759496807,93.87426338601799,88.7681358816215,55.931534787649525,77.41996860199973,97.98634038069491,39.741692765821476
515,2474.3809092011115,1341.3754502469512,0.5699768497067087,-0.222535029300636,-0.038497886604077235,49,0.0,0.01813126732173332,2.3449903359795603,-0.9253526431721069,2474.3809092011115,1341.3754502469512,901.2123884627072,0.0,0.0,157.2467133932357,1.4302260748344595,3.404616619177086,78.77752941923032,82.56769583530003,90.79416249287861,88.19822414318222,83.10949841241259,84.80770628943492,95.21823074187017,87.15596077092559,82.65342789715254,80.72752720946383,43.79780863167922
516,963.2234947060869,1342.4680144445372,0.5494508063388619,0.054709625777074486,0.7331133061920694,49,0.0,0.016229095429814547,1.9633821723648657,-0.7325121081373015,963.2234947060869,1342.4680144445372,1030.0163670434627,0.0,0.0,157.87655067419735,1.430694827776559,16.231581531865356,88.3428940444696,102.16109958223593,102.62662542066943,93.20446289655922,101.82530482500599,88.51172984352168,98.73143887874066,78.59324201102311,101.81866763135034,111.12933187535432,46.83998850266689
517,2987.987208122297,1343.0359552594894,0.630264690005261,-0.3919900564684499,-0.7095051224499815,49,0.0,0.029643119998786813,2.8709016954912854,-1.1450458044417051,2987.987208122297,1343.0359552594894,1595.9000409505115,0.0,748.1637583722743,157.0326589980012,1.4308739843936351,13.647104401772264,157.9475600494517,152.3279207983661,138.5779300426504,130.23874606988448,160.91280989948808,165.67935838567547,173.76968393943588,160.1994989369089,127.22466746348641,150.35249960216623,65.02226136122567
518,1993.2105922495657,1345.103061742007,0.7915671293279706,-0.09116486260460856,-0.26189863773186733,49,0.0,0.016251747598911077,1.5071524966312937,-0.4453929932530775,1993.2105922495657,1345.103061742007,1000.5703096551617,0.0,0.0,157.44725857068028,1.4318022873319856,19.731798432518,86.39415281723443,82.32545481549505,98.8505804017068,100.77122026219482,87.16834747797125,95.34772475562107,89.03636465142623,70.20962741627798,95.74529683144928,129.68622567093627,45.30351612233047
519,409.1181770307687,1346.6104012463725,0.645542045504966,-0.09773676232915864,0.49664548837497713,49,0.0,0.012173297684482567,1.1738699844353409,-0.17404999490003498,409.1181770307687,1346.6104012463725,981.2531464875285,0.0,0.0,158.10748935406366,1.432382412886336,7.06494164093158,102.53921536646746,91.32319996531842,92.23857980719549,85.49910779636326,103.74236213242078,100.2209403181437,108.63846900014147,79.68033833681419,79.47330886914403,95.29195074928205,35.540732505306124
520,2862.7036759784232,1348.896550727561,0.5320845135044238,-0.12925640722418819,-0.0074904442239512575,49,0.0,0.02575255720642315,3.180594836041962,-1.2562708737443313,2862.7036759784232,1348.896550727561,1240.3985935791447,0.0,0.0,157.08487120717626,1.4333283494146551,14.84855979630345,113.87081936310011,134.1598833645986,101.27680978639202,139.39885467592148,110.53522978105894,115.02246793201618,106.81251405068933,150.87053321449338,108.0569894994606,99.1728668879838,46.373065227126624
521,826.7975162308356,1350.23921600464,0.5262903665488832,0.4512256916894178,-0.1471700228355952,49,0.0,0.01362873181053511,1.3066694426405434,-0.29041433736331856,826.7975162308356,1350.23921600464,1158.6995934735824,0.0,0.0,157.93341144553716,1.4339254825280072,10.018734247330537,100.05849347303226,116.6074537839254,112.09373518613234,116.56904970351732,90.41043385807053,120.77333451384406,112.23607999657952,113.61568467238739,104.20368625118623,105.46706145363653,56.64584633394032
522,320.3296879005271,1352.7264198159396,0.39750168762753474,0.06604937106487489,-0.08868607014612694,49,0.0,0.051912484858210754,7.960173287928604,-2.2523063053906576,320.3296879005271,1352.7264198159396,1956.4302690890445,0.0,0.0,158.1444937049956,1.4349223223084246,15.208663638776518,193.47338910158305,200.73499045316794,165.39369403952134,188.64988719631134,168.09833824418862,183.29358474805798,173.92383256793397,186.65224516469993,191.0382827355907,190.3600722277106,99.6032889715024
523,1431.3752896243914,1353.119823590805,0.718520084259279,-0.4863757496456028,-0.35699452517530755,49,0.0,0.012716056635440417,1.3940850997839866,-0.3607232135271793,1431.3752896243914,1353.119823590805,846.0021745890776,0.0,0.0,157.68142895384887,1.4351473480004913,13.630065783700385,73.11715789745836,74.02047450276974,57.43242996149365,77.04670119193321,99.77093536835912,82.62616391662833,84.67754553787458,92.28623088723882,70.21761134667688,77.60604741797533,43.57081077696926
524,2384.437216824086,1352.9528513747532,0.5431714167918058,-0.05486280148157004,0.05327072512276421,49,0.0,0.09056506199950992,13.50169232624753,-2.825970517883415,2384.437216824086,1352.9528513747532,2102.435251210214,0.0,0.0,157.2841994416622,1.435055537269581,23.52425885607345,226.48412354884977,234.92069670329272,183.84149991258732,193.9003097500871,189.7659105193466,184.6219871343688,169.52170660949537,193.13721648164042,210.18304986633422,200.46123893567392,92.07325289246464
525,484.3117675616367,1355.5564113275855,0.7043665199714234,0.30244182481828635,0.3746695150237249,49,0.0,0.04203098565851217,4.947683785362815,-1.7360048384171443,484.3117675616367,1355.5564113275855,1334.5396402498009,0.0,0.0,158.07615197187772,1.436116354831905,14.371527134310735,110.08850216364424,132.9097512398003,106.23702182066165,129.6087407955277,135.75279073585583,136.6650688779678,100.85857086171136,141.21170174438942,140.60058504704438,128.79256184533494,57.442817983552374
526,2368.374803224988,1354.2544007680638,0.3858789534172471,-0.330586409667856,-0.02403599011140203,49,0.0,0.016330028018680227,2.1458428364047437,-0.8289947766218296,2368.374803224988,1354.2544007680638,1162.2700614011897,0.0,0.0,157.2908939083776,1.4355987853192678,11.029564157681262,104.94148984642675,114.4247752933108,109.87668213137101,119.19485471230455,103.0685409452333,114.57585923333316,93.29221750649883,118.04747516289609,106.93762023710545,114.81644208854536,52.06454008648305
527,1859.8341463638537,1357.9504467486047,0.6209072292929152,0.10807061444859961,0.15067806375847326,49,0.0,0.16694677616247433,23.11449702116676,-3.409711118725923,1859.8341463638537,1357.9504467486047,3185.3252457731533,0.0,0.0,157.5028487627335,1.4371586306196709,31.881507884992374,307.7128653091725,296.80231093670153,282.6925553102865,297.7327637117726,296.17805141101144,291.5311630953795,295.58296176773104,317.26804705405175,311.585958955947,300.9802337355404,155.37682660056606
528,2864.6673689876807,1361.5814208955824,0.5729683355691304,-0.2678928775759129,-0.22612670819764627,49,0.0,0.027621062420014865,3.1104026413165147,-1.2320415301099699,2864.6673689876807,1361.5814208955824,1332.0173038890002,0.0,0.0,157.08405151107485,1.4386132836233256,8.075722704287484,137.59231456005372,136.88450668576752,118.7237531479348,136.78048515037926,113.32792749221734,126.75225004022296,114.7680523284713,149.88299468041546,105.07617156959859,119.93128569395316,64.2218398356986
529,3062.0926540309524,1364.5058733838187,0.4449665920434257,-0.4219289070820913,-0.8360001535929789,49,0.0,0.007357323867883936,1.015014951436005,-0.016181098919456273,3062.0926540309524,1364.5058733838187,936.77719752442,0.0,533.4287877838283,157.00177291433664,1.4398112600217106,21.25750264396365,50.239216945393444,117.48638018088828,109.92793617395742,108.2592951105399,63.24999203649433,109.88402533273806,90.29796574674945,52.599464197967734,60.735537430290876,105.47728142100047,47.36260030443637
530,885.1987541823931,1363.9341999693795,0.839794855827718,0.19712578881634746,0.2529674287242123,49,0.0,0.011768571765070998,1.0508472216350688,-0.05384895081312363,885.1987541823931,1363.9341999693795,840.7956925108999,0.0,0.0,157.9090715254743,1.4396349285012657,7.459397252658507,93.54204870523901,83.52584212425006,75.2384839885776,64.04153760812332,78.52337878857017,83.50496358235031,72.60650339731009,79.79310042734258,88.05803921546055,67.6391672092972,46.863230211720506
531,1535.8309763885613,1366.2420398892286,0.6015097665909229,0.021175375340951368,0.1977641984541811,49,0.0,0.794831587105504,117.30080336188955,-5.173252466231722,1535.8309763885613,1366.2420398892286,11514.651816133683,0.0,0.0,157.63789226720596,1.4406158476893147,122.41539857451525,1053.3750566760762,1100.6556258235723,1101.5721728495496,1081.106430147144,1120.9069126832565,1094.683079328002,1082.01894924498,1108.7928443572234,1011.0829237343385,1168.1909832704225,469.851439444603
532,1197.6108845214012,1367.0935812479336,0.7386417775266024,0.13903175829335507,-0.11298802682584387,49,0.0,0.025858699389231993,2.8945460030235917,-1.1539511405011686,1197.6108845214012,1367.0935812479336,1015.2096866639686,0.0,0.0,157.7788612078429,1.4409646288186733,14.338864833414485,107.25242840647462,93.82455681402885,77.7724775869174,78.05338216170878,89.66127648151749,108.14742153534726,98.10144541034941,101.91180005224095,100.12591099042032,92.88654156298938,53.13358082855957
533,414.13505782494025,1367.322109056994,0.22113712266292906,0.08861875896539666,0.2770410362832373,49,0.0,0.008153247065994702,1.098594345791547,-0.10209339869712547,414.13505782494025,1367.322109056994,921.8529220840212,0.0,0.0,158.1054004933068,1.441012394543531,13.344556310625366,88.83320527189385,104.28189923149915,89.09995631519702,86.71437205409264,74.10347698504435,84.5719450370531,70.8027998817274,78.80488232231144,96.65751162207808,98.6916513804413,35.94666567205749
534,1225.2048537260894,1368.4044128178423,0.6563131366278865,0.15185553666350768,0.21135148714826021,49,0.0,0.10225844151204175,13.57902059887701,-2.832171117821025,1225.2048537260894,1368.4044128178423,2129.073473439921,0.0,0.0,157.76736023238294,1.4415116233892515,25.96938366920198,198.0639683634426,204.65516211474872,202.49554754398505,189.16809572730813,202.7768355473961,211.5098753600845,192.44925705075838,211.3626099693933,209.18610153589964,191.88673728997102,89.54989926773189
535,1455.4068385466985,1373.4037168381005,0.717467975580684,0.26056385325137554,-0.01889418608640294,49,0.0,0.01380152875939633,1.4420276887126946,-0.3974339986348181,1455.4068385466985,1373.4037168381005,896.7682075375693,0.0,0.0,157.67141293534405,1.4435992269234488,11.440278347304998,80.604862459388,80.02121329441914,86.70502087454011,74.51584060461909,85.17131739766245,84.64720689293532,90.55255952918355,98.49666463758234,86.59113689360069,76.34445227278493,41.677654333548716
536,2361.1058036076765,1374.082043149086,0.6888385779478088,-0.4018609235732904,-0.048221794675937346,49,0.0,0.01854201647718415,2.05789022106441,-0.7835555086005459,2361.1058036076765,1374.082043149086,930.63829383667,0.0,0.0,157.29392228331378,1.4438605739315526,6.055238252238207,80.18937492500675,85.67678879467044,87.47648081197458,95.80464059371616,93.9040299661492,86.25936457964238,103.39241002853483,89.84386422574511,78.07830242013739,79.49501788180132,44.46278135705374
537,1835.109026135463,1376.071538910893,0.8401305185718841,-0.1282140492811538,-0.3916658920170637,49,0.0,0.027080429684127414,2.2375397532056196,-0.8744268998519656,1835.109026135463,1376.071538910893,1301.500308643841,0.0,0.0,157.5131537425497,1.4447095171164825,4.011786711803471,126.58356823821532,119.7620941613595,122.45937279702392,112.00796473858833,127.75405069866714,130.452697215917,111.8657545876321,132.5762607492399,123.31038760792434,118.7613542568458,71.95501688062402
538,2680.746502647588,1375.7130719993377,0.6432854623726906,0.013591803822389524,-0.14542894415244714,49,0.0,0.01952586643147673,2.042916984767422,-0.7756267978954458,2680.746502647588,1375.7130719993377,1035.020186185234,0.0,0.0,157.16070242703222,1.4445176778797046,7.755941177219121,95.48030044342472,90.29649568319607,121.88908817758306,93.49635184587483,88.56149189191692,96.82460724836608,83.7384351226855,119.41422670603315,92.276581149688,102.08172032021389,43.204946419032616
539,2720.4398740180586,1375.9935002296847,0.7254487848538683,0.4583283961223434,0.2955193111433231,49,0.0,0.012270710452282963,1.2566678223725871,-0.24805123722289865,2720.4398740180586,1375.9935002296847,811.2697577743781,0.0,0.0,157.14415932042778,1.4446311824856575,5.988635826970013,80.71979167931667,86.58450834309406,67.09608186047754,70.79410717094196,78.79780518471696,64.0849632145365,69.73950980869688,99.40399678174376,83.6817493985777,70.87782036740913,33.50078813789698
540,1403.9210705118282,1381.1223919166405,0.4575577141942206,0.014782636045054701,0.12805968480719085,49,0.0,0.00810950101401248,1.0967913679391872,-0.10031005943374022,1403.9210705118282,1381.1223919166405,818.4946585575905,0.0,0.0,157.69287221050715,1.4468146581355077,10.255080083654985,80.04072245491466,65.62506880402177,64.32092657355764,88.53113329231891,92.24974564165892,85.00803864045042,67.54647458225202,67.6206004347448,81.27584979926965,79.55123661226905,36.469781638477684
541,1534.2502711245936,1383.793275296351,0.47059461591109975,0.3658888955237088,0.24301072198325832,49,0.0,0.011617885741951368,1.3818615768855018,-0.35116135324366193,1534.2502711245936,1383.793275296351,1045.8445978357752,0.0,0.0,157.6385511961773,1.4479288340350385,11.135209718843688,101.08654031817503,93.32168674356748,95.8703694487969,85.43385384632656,109.48276660219841,94.42408663970983,102.93252788240339,87.65181718844337,105.66923374681055,112.56532183731133,46.271183863188654
542,228.34857226660662,1388.8582857406625,0.5507422827071027,0.38586106091636757,-0.027614467204604688,49,0.0,0.0111516786790761,1.225034860582311,-0.22037111877814738,228.34857226660662,1388.8582857406625,960.9146902183363,0.0,317.70819359421535,158.18283159656966,1.449967216644672,10.861025269583818,84.08173296898696,77.01385232092008,96.89669011596837,104.72987584455385,95.8352211646864,91.39700494838436,84.19288696510347,82.68769388658916,92.6577007964208,98.12444074145398,42.436565195685134
543,1072.150591661339,1387.9332371436362,0.37830904494042816,-0.06639761566194208,-0.3605359756933388,49,0.0,0.008774123788511142,1.1481168335155674,-0.14996521137731814,1072.150591661339,1387.9332371436362,828.3630489457212,0.0,0.0,157.8311530836768,1.449643279249843,9.409248316740868,73.5072401943269,79.06093777595203,75.75563895281337,73.62270468427491,80.1828725836791,89.46597354017501,70.94415308085536,69.78469945617289,81.83156496299861,78.69042335200893,46.10759204572319
544,906.777780637293,1390.03795619177,0.7896915450630995,0.5118413980685728,0.10231313412906551,49,0.0,0.018333502053170414,1.8753788592584397,-0.6827225399788351,906.777780637293,1390.03795619177,961.615977354347,0.0,0.0,157.90007914878143,1.4505124839864048,8.74723066540655,86.40334611054745,95.96206307363127,101.98257305753847,83.140133824601,87.72684157955487,93.84064749910942,68.94909169613453,94.50086008487418,85.22588027885584,105.6475259436981,49.489783540395344
545,1652.192872862108,1389.5035587303162,0.44355354307467226,0.5403541817784752,0.24848154715079737,49,0.0,0.015956691795556255,1.9703125774283636,-0.7363378241397083,1652.192872862108,1389.5035587303162,1033.9356072417766,0.0,0.0,157.5893927894334,1.4503081786236587,9.043909874743115,90.69065943703734,104.2321130111919,97.22099839398342,99.23824975091723,92.08596929117495,100.34870188750514,96.54665821373786,107.62869244863,87.66217138394462,91.96760133378271,57.269882215128135
546,2840.797489234817,1394.9311689625476,0.4975968641090861,0.06273786665832558,-0.1478900426035884,49,0.0,3.53943887327847,480.3289560598964,-6.70384692088626,2840.797489234817,1394.9311689625476,92766.79363179157,0.0,0.0,157.09399622362213,1.4525106844021287,927.9636238710409,8764.814007912151,9076.584639067007,8806.702349813007,8627.02994649409,8642.72004373459,8871.529168915707,8410.9705588156,8935.352543036128,8687.073280987064,8910.429986926587,4105.623482218591
547,568.5260567470489,1395.0213481252342,0.8512449113047731,0.08008465872026686,0.36128543944398767,49,0.0,0.01341624082694901,1.217334408055824,-0.213524743898066,568.5260567470489,1395.0213481252342,865.4760626350892,0.0,0.0,158.04105717272034,1.4525664417280169,6.8497518346969715,98.11083886041682,64.76902207885264,74.35920234821474,94.19908081564381,71.3435718567213,80.13942462957996,88.69674345542583,84.20053661385512,82.14274096896607,83.91903391552108,36.746115257195
548,803.5668743728335,1395.6342786730788,0.5567625840249742,0.16401112391997416,0.13823307819160463,49,0.0,0.3337400026628977,50.26585578471801,-4.2531827022277255,803.5668743728335,1395.6342786730788,5815.917509825627,0.0,0.0,157.94309652413554,1.452838338441703,64.62162374360581,560.3085353767412,514.5399189798436,543.5122156432267,557.5510390789084,582.6765597920579,511.21744439772715,506.1087174327683,579.9219339149495,562.3180944842,578.5294399556218,254.6119870259766
549,3093.108454977626,1403.8896210274522,0.8167839709132964,-0.4995103139595892,-0.38184567004112024,49,0.0,0.009956281097901813,1.1826125740148337,-0.18210623070521137,3093.108454977626,1403.8896210274522,828.3959383819022,0.0,130.0660777186939,156.9888423094869,1.4562166580812017,0.0,0.0,0.0,4.9122599424932405,44.10741969909645,42.40433627264639,499.7494736582676,37.06705312533056,65.92461210393617,40.87628355167281,36.31825012649785,57.03624990196099
550,891.9430197254153,1406.0097426336274,0.9201436865428044,0.06184478816071876,0.7372711960584369,49,0.0,0.011727337506967583,1.0177594362638704,-0.019112844192902774,891.9430197254153,1406.0097426336274,798.2075756735546,0.0,0.0,157.9062630335034,1.457166494129182,13.850921310448513,75.4113371193866,71.87167242354681,75.78702825972377,82.26847451215096,72.24228122238594,87.83876674777318,67.99054416920079,75.07428211081526,68.71540238689558,80.72288588405304,26.433979527174266
551,3047.6176187766973,1406.1256240265584,0.8487158757438426,0.22398622025367723,-0.01201422085771583,49,0.0,0.01851639968244219,1.4499905664051416,-0.40341294184343923,3047.6176187766973,1406.1256240265584,1867.8897837571287,0.0,1081.6510626035838,157.0078004984502,1.457153422438833,14.099879290281407,184.91198354515885,182.6829262653003,160.92317570765098,130.5798274386906,421.68622328443803,167.14903005175853,147.1032103485685,142.46856264754476,117.00973117054505,131.32647768174456,67.94875632544725
552,2299.977152798702,1407.520343528977,0.4546563485702495,0.32429800836821565,0.25467531765556634,49,0.0,0.016525928331009736,2.1783658414798794,-0.8453270457504589,2299.977152798702,1407.520343528977,1054.2562091152474,0.0,0.0,157.31939798712278,1.4577963944720864,11.241691043413528,92.99089057241609,95.46979224766059,110.3736607537396,96.5306315293007,110.65740717359648,95.82360651849686,74.55728891188446,108.5064147165026,109.82365519898642,94.98304439829752,53.29812605095252
553,2062.665751242754,1410.2452423522336,0.40135402974197654,-0.5548256717533403,0.21242416286301488,49,0.0,0.009142877746178788,1.0977696508747214,-0.1012780500823089,2062.665751242754,1410.2452423522336,1034.0585797630342,0.0,0.0,157.4183077625762,1.4589423889770388,10.022423205065524,96.44418625818962,83.05134622160872,100.40599744848733,95.1107822841828,95.9896481010488,86.22112739451492,101.11126046811026,88.20994764725847,110.83971268912615,124.91473404252599,41.73741400291562
554,418.8903946150414,1411.6942671774216,0.49384077465394616,0.28092002980368425,0.24708461919152114,49,0.0,0.04716105840130892,5.226070565387248,-1.7954381738071004,418.8903946150414,1411.6942671774216,2140.728033620644,0.0,0.0,158.10342289304222,1.4595004961770488,22.648306786214636,187.32948287549127,198.41052502592487,215.54892597437038,214.62158357141018,179.33169407269114,202.87476507830718,176.56627090597436,220.4267227009263,202.5371394447899,212.85339519669566,107.57922198784846
555,1165.53359121043,1412.382856433941,0.3469944506369407,0.10897709763185275,0.40081286158616697,49,0.0,0.016613502749664544,2.473191675136816,-0.9831444399412772,1165.53359121043,1412.382856433941,1137.917339988646,0.0,0.0,157.7922324345787,1.4598339969170397,8.260721279534604,91.53301551392728,101.85914930745014,118.35993400613935,109.793974050983,100.4082970622502,112.7554903255286,98.06962864589917,107.3702535339259,122.61894100218868,110.11992303147761,56.768012229341494
556,966.92285272883,1412.5972269256874,0.6566148063273409,0.0010997175144443695,-0.6988372699229664,49,0.0,0.010956274168715545,1.0886266319264137,-0.09219738649316542,966.92285272883,1412.5972269256874,875.2350644112869,0.0,0.0,157.8750124462956,1.459915123030038,14.200334892156569,82.02019089241793,100.03327954354631,78.80925208469579,70.99391291120949,86.6498055624287,77.23917938350522,73.27989414421099,73.85835851951305,81.48048533367998,103.08929080557672,33.581080338346055
557,1197.8036879805356,1413.5594468984254,0.3189935014411927,-0.056116225571404534,0.18960578515640583,49,0.0,0.007756766094275511,1.2613400803308368,-0.25208049022068946,1197.8036879805356,1413.5594468984254,889.2115365555658,0.0,0.0,157.77878237140837,1.460325283601554,6.987831955349192,74.95738406253875,85.8746062126809,85.25618805664354,93.2142251083773,89.35932569478524,66.98203883724469,89.59545946771291,77.54219138038512,98.82474924392247,87.5359285022935,33.08160803363218
558,2556.7628018351197,1413.8582544953958,0.2135907453323253,-0.30978105465727634,-0.3398799150645581,49,0.0,0.010469331103939194,1.507232983086079,-0.44545097326828237,2556.7628018351197,1413.8582544953958,1024.1061343991032,0.0,0.0,157.2123728493502,1.4604207296131098,14.520815843509816,83.24798701594518,121.86153375134501,81.30850643593885,108.14810347544505,84.82262636220378,85.83520025244208,84.32873385445001,101.1945386894283,117.71425215324699,90.94997090182059,50.17386566332747
559,1133.8922219349809,1415.0920723725264,0.6083591528612757,0.15035083461831308,0.24253466069953897,49,0.0,0.30934376632749605,44.692713375812794,-4.125591805669167,1133.8922219349809,1415.0920723725264,5133.439144831735,0.0,0.0,157.80542056764446,1.4609617268910913,58.85359512673004,440.40833557350686,502.63137336550545,480.8381338750122,478.34369297762294,411.08460317775905,466.0040067711504,455.85353165361704,508.1187542951152,510.0218075116808,572.198429518608,249.08288098542673
560,890.3844998378072,1418.6612406828187,0.48105818942886763,0.31701154595453623,0.03851455809752652,49,0.0,0.010625208838360467,1.4135161727498016,-0.375751954589164,890.3844998378072,1418.6612406828187,904.1852370182659,0.0,0.0,157.9069133401248,1.4624377862277067,9.426404288349854,83.75485926116723,95.32888589506567,87.20921632819262,84.41800190587924,75.50214394347005,81.30959288484075,85.38350923152686,79.28753825859697,86.83237773930968,99.17096668238956,36.56174059947747
561,1727.1973582868525,1420.2569083714684,0.5502820484018208,0.09652092638593819,0.2235691478979143,49,0.0,0.04608660550674489,6.71227798271655,-2.067174835232459,1727.1973582868525,1420.2569083714684,1399.7890565925222,0.0,0.0,157.5581306394277,1.4631215296487323,13.643996322419586,144.92570734777217,128.8010388285544,128.20906413700024,111.26522125201978,124.54443155082552,135.10078545448886,114.88944265626762,140.43356747390507,156.26028692723185,150.9158601917172,50.79965445031982
562,2168.921899088945,1420.867428338087,0.8716903387963738,0.11039556429585137,-0.29639825391410235,49,0.0,0.012467636431056653,1.0754835093083484,-0.07900938903721602,2168.921899088945,1420.867428338087,865.3190640084918,0.0,0.0,157.37402018602907,1.4633640285774439,10.71776695194363,77.10031522101329,78.0216158685991,86.28553113825399,70.8235879187259,97.84406466612472,94.9184006908539,83.6963361809946,66.5860386554721,87.31976547604428,88.17663520841224,23.82900603205391
563,1408.8414560813712,1421.5756121951072,0.2609866229878024,0.3022929937483609,0.3246340671228793,49,0.0,0.009081553807384,1.5647496899552915,-0.4861121854319727,1408.8414560813712,1421.5756121951072,1014.5683713088076,0.0,0.0,157.6908220337813,1.4636701878231388,6.224280498689584,98.00294377098471,83.15600577377293,99.91388385268398,83.08178589192005,113.39506028916679,97.11051125053862,82.94809451894224,99.7192394763544,89.44987355575046,103.33585848631719,58.23083394368671
564,3056.178691026676,1423.2694790593848,0.9983560843936391,-0.231019932779058,-0.27855100420613077,49,0.0,0.015599310089246636,1.4070944714358065,-0.3708081416784175,3056.178691026676,1423.2694790593848,2006.6762923891424,2.250734410684665,643.6738606929083,157.0042306012998,1.4642953241890115,20.55933953154567,222.47988035859822,682.0785645066237,88.19974665517893,146.45533805602176,307.6752721594065,88.60583173699416,73.41763932209909,78.05136568418493,157.87003580722586,93.54331938380494,47.73995918745857
565,1896.6215131985048,1425.042372666632,0.7600375578688722,0.234568186159012,0.5028372169808794,49,0.0,0.02954837948838077,2.957565158172766,-1.1773358033878454,1896.6215131985048,1425.042372666632,1260.900721876641,0.0,0.0,157.48751433950764,1.465112693071366,13.52112478074972,126.43541297278234,119.49111437204455,124.70258310800803,111.41405454997633,111.14202145534938,122.01545030406291,113.29458977286032,122.1421452029114,130.82728354560552,112.81074424388885,53.1041975684018
566,598.397335914652,1426.8071668765183,0.6102049628167705,-0.07029636272451703,0.06417121410132313,49,0.0,0.5366039068770337,75.85117776458095,-4.699905821497953,598.397335914652,1426.8071668765183,8719.393322586087,0.0,0.0,158.02861009311258,1.465812489868432,90.74432522185315,808.3001536708895,870.0242023955348,853.1156797884498,862.7054122257728,790.0164026933917,871.6862238922861,725.2411475104252,830.5654317064859,828.7931049838304,799.403220157332,388.7980183398355
567,853.5616910689058,1430.796057666197,0.6445224510422938,0.1892771227514597,0.09996685752934394,49,0.0,0.05824511197312158,7.4838896107446695,-2.1853184323057593,853.5616910689058,1430.796057666197,1548.5502928855994,0.0,0.0,157.92226146961568,1.467491801894348,12.52104835127802,156.7976988319977,145.1578168947111,135.27674677166556,149.0000518252647,142.72292565328632,148.70579043930096,145.09690895629893,142.01065748445046,139.70701324785517,160.5272987674494,71.02633566204118
568,2643.7955022228866,1431.5274086113925,0.6580714144061711,0.5213126214760981,0.6982252993838519,49,0.0,0.015408464554862968,1.6282454353778981,-0.5292996733674581,2643.7955022228866,1431.5274086113925,907.5567892829422,0.0,0.0,157.1760978932822,1.4677759313065333,5.462598822610888,92.63276416747786,96.71099903862665,91.45547511726733,78.59139196268019,78.51510756213017,96.87635990687623,75.96721976847606,90.72356688974065,81.99003999122633,74.36344973119365,44.267816324636144
569,890.7327934178862,1432.4770283868343,0.5702431240743084,-0.021063641960398522,0.2066260378110774,49,0.0,0.12594986068688374,18.467453820492935,-3.166017554256228,890.7327934178862,1432.4770283868343,2565.2284925577505,0.0,0.0,157.90676897262165,1.4681942975081614,25.436366596767442,247.25584635669304,269.2570813075968,219.53246146780953,261.84680754386477,226.98310164606994,234.00764841951013,208.60094010305863,241.19552541030487,236.7834013678423,273.4569451526834,120.8723671855502
570,2902.4868575648193,1433.6292612977031,0.940716477387625,0.6613251710774138,-0.2113424206331728,49,0.0,0.02150029010526507,1.6633732174531495,-0.5524742611954174,2902.4868575648193,1433.6292612977031,1128.9755658845652,0.0,0.0,157.06828218461484,1.468628112288243,14.641960911672484,105.78777223634421,110.02581289241282,89.11590932179791,109.73891907409822,114.46776650886176,106.85265460941588,80.44654966049515,118.22737608339436,118.97777743462876,104.57724610837982,56.11582104306379
571,521.2332918547017,1435.0142255439089,0.6273029864504677,0.1794954275946458,0.12711342257162905,49,0.0,0.04109015748087836,5.1742989204959615,-1.7846287860054277,521.2332918547017,1435.0142255439089,1313.3347952727695,0.0,0.0,158.06077115443793,1.469225760991115,8.413880000561422,125.70195437685734,128.80615989956354,124.70155783029786,133.3207918281118,130.66177812718362,110.44410371767151,111.98900511379648,138.42093613656505,107.97271542458927,139.13567028164007,53.76624253593157
572,1861.986331916065,1435.0185348536697,0.8427267936583228,-0.818911804645548,-0.024540111058254137,49,0.0,0.012873612271962827,1.2605911991026753,-0.2514356768643477,1861.986331916065,1435.0185348536697,840.8967004580578,0.0,0.0,157.5019501009813,1.4692701617675057,12.516831875952745,91.2042856367475,83.0385433838398,79.14241957909724,82.65123238757778,76.48238844897985,59.96606952036445,73.7364056031311,84.10246740306667,87.50945284799144,79.01110531788362,31.53549845342564
573,578.9885775583426,1436.5885864804263,0.8521892582035171,0.33779257942338253,-0.24906876856132654,49,0.0,0.014433254049139,1.282932175606235,-0.2705092431615004,578.9885775583426,1436.5885864804263,995.9674199232048,0.0,0.0,158.03670009160382,1.4698864401285854,11.982188639306926,72.26283844262733,98.66269142234535,76.14929669429742,97.99632378341299,80.5093691174047,100.24642200888701,100.34980712688262,113.6860045238692,84.67151978728057,106.05175672194993,53.399201654940896
574,764.2350297688914,1437.3771140335978,0.5457493890941593,0.05917661188755989,0.15581583454983913,49,0.0,0.04168765956747688,6.141047843292153,-1.970606202174212,764.2350297688914,1437.3771140335978,1304.9130106195844,0.0,0.0,157.9594923072242,1.4702283651879402,12.944241814511287,121.64879584129677,114.25035986004619,105.09304380820211,119.2854336479424,119.53737583676087,130.55518040187272,126.85487621152664,128.09290725841254,136.1529368421639,136.2222526479598,54.27560644888915
575,1504.3321411556333,1437.1045987056445,0.5509187610050768,0.2227967521359398,0.21953365065641678,49,0.0,0.03912469827180254,5.651582701907447,-1.8804252179777834,1504.3321411556333,1437.1045987056445,1285.0787055873325,0.0,0.0,157.65102146266418,1.4701416512270162,9.692907215327473,128.5244754260973,114.38143660557151,122.60097212177132,143.20164562732984,116.42569966134255,124.3259700571914,106.48798503574197,129.17567861699513,115.94080874391776,125.42017061073824,48.90095586530787
576,2341.9003359421363,1437.5185887800585,0.480406492560042,0.22093447743633554,-0.027438120211587452,49,0.0,0.008691492919905891,1.0220270713880937,-0.023655998789191862,2341.9003359421363,1437.5185887800585,838.6769562321688,0.0,0.0,157.30192302550716,1.4702931315832701,8.676595408682402,66.76645536470306,82.91428593744148,86.69105294187257,86.64335477197757,69.31735764283059,93.04637308778842,78.96161952827104,71.17004641731148,84.52944858813771,69.12813728561291,40.83222925753956
577,406.94201127507836,1439.0668480082763,0.3656366678348034,0.5052627027920166,-0.1781162323992051,49,0.0,0.012340684187522554,1.7694087115669526,-0.6195704029022735,406.94201127507836,1439.0668480082763,1052.888634961188,0.0,0.0,158.1084052844607,1.4709041943481709,16.185986187189094,113.37405573292918,101.9678872011481,99.16247454158398,79.3397129148623,117.22518430387953,97.43992019062567,99.88328566753573,88.78407340108775,93.51446662046888,94.21889490467842,51.792693295199285
578,580.1394996094003,1438.6033426497925,0.7630979681805167,0.39702508904315054,0.43724399236537964,49,0.0,0.012385907521721553,1.1259144217702663,-0.1287634550508262,580.1394996094003,1438.6033426497925,1014.4372098248473,0.0,0.0,158.03622057700528,1.4707259889156818,11.880739044697181,80.48975854435855,99.61857675812571,81.74480466017008,92.13440899754428,83.15962894268858,94.27634123545236,98.02103826369381,111.12627157352998,93.77811796649536,115.22758314308408,52.97994069500736
579,859.0379070717631,1443.0980357546991,0.6709781499407533,0.1787210100905972,-0.15898977145415336,49,0.0,0.025606984061753817,2.978140501653634,-1.1848629572253164,859.0379070717631,1443.0980357546991,1054.0215337237896,0.0,0.0,157.91997977533146,1.472617860620662,10.015353013024269,86.4038659267832,92.46074516447251,94.4822727618857,110.0488852008572,116.08807071839735,95.43908313069429,85.08808573331912,105.4504662808263,103.81239127186312,112.43772781219292,42.29458670947368
580,629.9933076922196,1443.7848246367676,0.8726746602799661,0.5253526772451936,0.4034606266677669,49,0.0,0.012328779196781497,1.0517680327552998,-0.0547999170279887,629.9933076922196,1443.7848246367676,842.23943127603,2.0,0.0,158.01544282472145,1.4728887435717362,7.772553007564961,87.78761852007932,92.6554826183785,70.1645791340521,81.06176414602939,66.56214039289563,79.96529140112263,74.93186350444554,81.38434459264921,93.90955626422804,69.23662428452344,36.80761341006129
581,2711.508442464506,1448.2728598745234,0.3044376575444095,-0.37662830844685025,-0.4975631950416578,49,0.0,0.01029718313922345,1.5801094905574717,-0.4967179539325933,2711.508442464506,1448.2728598745234,879.1294072120733,0.0,0.0,157.14787514789504,1.4747473027661464,7.54945308487037,79.5601237757489,88.3044990556577,75.77380058885115,91.69883055022765,76.05502890440243,85.20844943361995,77.55323893610199,81.95696603160003,93.56493711813667,85.59149824694524,36.312581485911245
582,917.0641317950555,1449.4799186437513,0.3841919083866054,0.38437309965321864,0.3161005042682086,49,0.0,0.017117908090426574,2.7707645397001315,-1.1064990522273042,917.0641317950555,1449.4799186437513,1023.2788127671084,0.0,0.0,157.89579521431028,1.4752801624915728,10.284940943494917,111.95666101959829,97.13507322281963,94.23835859989592,95.76846528184967,115.84267935911717,105.78601133194246,87.97137620546235,94.47892096150571,88.96152497096878,82.46205767963174,38.39274319082173
583,2904.5904898265094,1450.68464013466,0.48209197501321105,0.21583352301981937,-0.1564519149222332,49,0.0,0.013333146810584322,1.58026631495745,-0.49682570689582545,2904.5904898265094,1450.68464013466,967.2937896996433,0.0,0.0,157.06740365239125,1.4757339780011312,11.587413487639049,89.71468603231018,96.86156181365342,85.4264188126825,97.6566506208799,81.39291582396308,91.10046143055487,84.64170740299343,101.71396110932803,89.00923388037013,95.93679033278919,42.25198895247942
584,901.5042707534778,1452.1701758931194,0.39576880363147676,-0.37733515968993425,-0.18669467499560538,49,0.0,0.01706945802334326,2.5019553766123526,-0.9956988990211603,901.5042707534778,1452.1701758931194,1110.59431690478,0.0,0.0,157.90228062471067,1.476400247904778,15.387804391534802,112.11276204584108,91.75986838050973,112.92274073722743,110.7692701970208,114.17419000154123,99.00064986247682,104.52377541567424,114.98575357224824,84.44843130066218,114.60035590856594,35.9087150914777
585,478.5477310389838,1453.813910618056,0.7381939184661617,0.9360372269624652,-0.5407090015273682,49,0.0,0.01431919080541432,1.1296212901958778,-0.1323321725471524,478.5477310389838,1453.813910618056,1275.4151935274356,0.0,0.0,158.0785632174549,1.4770550411861647,9.840592788249236,136.91529422036058,124.86879583189176,122.24920393496666,109.64203752775373,112.8128793365687,132.76444631434265,139.04591254601195,120.0372354894159,117.29947306677747,99.04365497696205,50.89566749413489
586,761.2819499864918,1453.672418724994,0.7137583646632949,-0.0042780816085716804,0.2214672846920446,49,0.0,0.03841437572429051,4.710392300265788,-1.6826426960312517,761.2819499864918,1453.672418724994,1112.8021465493823,0.0,0.0,157.96072422880943,1.4770177479222477,17.273611575270422,105.60527441603486,109.32220005610316,108.85977790404489,91.58437898184151,97.6874805527934,119.13823948329606,96.87620831149599,132.14584061761133,96.57189027576521,82.82303883586135,54.91420553926407
587,949.3324431094304,1456.5953692305368,0.5803310522584038,0.1213010762229247,0.10410076368703695,49,0.0,0.009728417114857987,1.1439019947047266,-0.14597204326181087,949.3324431094304,1456.5953692305368,814.6767607191193,0.0,0.0,157.88234632851083,1.4782465772096542,8.327303537097286,79.405118456338,71.52771458316676,82.18794583610864,66.03967854429114,76.09862599406549,81.2120462841712,88.36614418244545,80.25241182549668,67.26588283989544,79.6084735721723,34.385415063870916
588,480.9969474335695,1456.679565042339,0.5749672550887792,0.36055238182631477,-0.042451873400498406,49,0.0,0.017496339690029748,1.635475763789593,-0.5341102816837885,480.9969474335695,1456.679565042339,1304.3687055334385,0.0,0.0,158.0775427009344,1.4782492373827931,12.278024841388659,131.7198834875695,134.74339199580567,130.3160345935371,103.75311807899283,113.72027439581302,138.05064767554936,134.5128394126167,126.10473727056691,120.19674900364708,108.47883845847595,50.494166319475966
589,2045.3658296681726,1459.3976705187351,0.6349914392021185,0.19648843696593626,-0.5926811212289361,49,0.0,0.049522803958002085,1.3162103489630685,-0.29831325300822686,2045.3658296681726,1459.3976705187351,11581.503156008303,0.0,0.0,157.42551653563515,1.4794230356541693,117.73364346942432,1100.9460114499323,1152.73289730101,1098.6136233315528,1110.9293490301814,1057.8444620762923,1086.6915627926003,1043.9287050762036,1118.3233470984171,1087.2634304789337,1095.9909702946559,510.50515360909935
590,1668.2334511902116,1462.7537725699005,0.5700424626312519,-0.5193542899629012,-0.13111846714773193,49,0.0,0.010509223585955522,1.195974679612185,-0.1943049628828358,1668.2334511902116,1462.7537725699005,842.7763917267807,5.999945855198362,0.0,157.58270667868624,1.4808289740718354,7.744547124135867,93.069925510088,69.20399328079259,71.9724491359364,64.83444719187816,74.41383867223831,82.6953490996371,75.2315402544213,99.98072579911758,72.85875989395174,79.46246380110739,51.3083519634762
591,2048.3508055879615,1464.2798230814763,0.5796177125514568,-0.5949540830620104,0.6616025686649762,49,0.0,0.09047593933818857,2.0598357330540678,-0.7845814695239663,2048.3508055879615,1464.2798230814763,22203.852758533605,0.0,0.0,157.4242722167497,1.4814571487581474,251.3657183364853,2091.2057978635576,2146.81922877081,2103.2841941700804,2136.9662611552085,2113.829137542827,2077.3123907305207,1962.997283971135,2202.0295104599995,2039.661492918627,2102.030487931685,976.3512546826664
592,2423.9712239053597,1463.36635205532,0.6814466091015194,-0.3344908034779342,0.34971535642228735,49,0.0,0.02142556475599799,2.235590583557727,-0.8734806791829702,2423.9712239053597,1463.36635205532,1105.261057807081,0.0,0.0,157.26771496036756,1.481057832783364,8.551272350004986,102.52734940285666,108.33058519373846,100.23837648793915,109.68671691290294,105.33133146879936,117.37760829564041,105.33841754097196,102.11986016781356,97.21757336070615,100.48208616757276,48.05988045813452
593,692.4776556687834,1466.2334935926835,0.5093777787328945,0.09529408120271055,0.03313493335249976,49,0.0,0.07273704870965478,11.305455638751756,-2.6332201755287477,692.4776556687834,1466.2334935926835,1871.748793489006,0.0,0.0,157.98940196667573,1.4822467134009687,16.860997450527357,179.0089146629359,189.78097044329436,167.63167293351665,182.9299423522047,199.10746734741477,188.20074750531558,174.85021988225782,186.78084170241254,141.25148966280068,172.17345656330622,73.17207298301942
594,2059.2040096603955,1467.1967015321836,0.290069117892214,0.7138892272145246,0.586991269337398,49,0.0,0.08026437872852778,2.3817123925506123,-0.9422232909886952,2059.2040096603955,1467.1967015321836,18487.55760666344,0.0,0.0,157.41974847881002,1.4826721213357623,191.08604379822677,1694.0472039436872,1744.3454837954964,1683.9518570384325,1798.2554703112967,1743.5846209378158,1772.812606386375,1613.0327178005668,1917.1333568590014,1723.817544109356,1787.222643076196,818.2680586069876
595,151.55183662772086,1467.3208520706294,0.4788671834916354,-0.18057252979120741,0.5287494822425556,49,0.0,0.011794295855730821,1.261875323269035,-0.25254111886478414,151.55183662772086,1467.3208520706294,1046.786215579999,0.0,982.5729846511182,158.21484633032713,1.4826497768356073,3.643515438913462,99.72292475982925,116.45314380581515,83.40564240304562,90.81550699321633,83.37552413034132,109.37438111547374,86.04795587959913,99.08275541944502,104.30871075994105,120.52118294463854,50.034971929740365
596,1389.932528630471,1469.2064861157264,0.3169600131387751,0.9612523408575319,-0.24439898481662686,49,0.0,0.05857478465081004,7.16254280993493,-2.1376680768148635,1389.932528630471,1469.2064861157264,4129.075136186444,0.0,0.0,157.69870411782364,1.4835160421301505,45.843990139479565,404.97541005106825,381.08282181774473,338.07329550467887,422.9730109928589,404.1012510078085,401.6911608533312,397.2237106111301,397.5180107144354,376.86585246421663,366.54036537175915,192.18625665793294
597,2035.8417447581508,1470.248662144083,0.39751067579978183,-0.39550254966437554,0.9738365169613682,49,0.0,0.12843771212571714,1.5491394323194847,-0.4752262719024009,2035.8417447581508,1470.248662144083,36053.18694398142,0.0,0.0,157.42948580034135,1.4839445831025329,354.03253048703954,3331.865583110086,3444.126158948485,3293.2679113013382,3398.2758127923034,3283.7417997831685,3566.6776974283557,3309.0130653360197,3558.877713126932,3437.252714658076,3414.865975478818,1661.1899815307902
598,1766.5659067741271,1471.2722511484385,0.5123011274493658,-0.11587721176066712,0.06767146275558625,49,0.0,0.12875420093565798,19.85436268339381,-3.244639877388251,1766.5659067741271,1471.2722511484385,2893.073622740876,0.0,0.0,157.54172107096497,1.4843774337943525,36.65190980045606,276.42387400282996,277.3214414237521,291.2364167655419,289.36221375451026,265.27280874857115,291.06341979513235,252.14724580232343,258.26930788540363,266.6958005904471,281.97634826133975,106.65283591056836
599,1947.265260669645,1471.1910884470176,0.604460229708283,-0.20105684161199838,0.04204633754503012,49,0.0,0.07651258124574611,8.687451321070798,-2.3472309602401547,1947.265260669645,1471.1910884470176,2685.685246000966,0.0,0.0,157.46640470756162,1.484339978060154,27.01465824474164,217.84896819608494,257.6293272404936,255.54934820479681,230.721325739763,262.25927108847577,257.44709889105934,245.70124927354118,290.68607999392145,272.365399527128,260.52385286123524,107.93866673972525
600,1420.085297506628,1472.2208743174988,0.6486555666456505,-0.16636456539342057,0.2179682946636411,49,0.0,0.02750842229377191,3.411984486258724,-1.332517619583125,1420.085297506628,1472.2208743174988,1109.1189797819038,0.0,0.0,157.6861363270131,1.484772497580378,14.735902225737814,112.14061136053684,108.08340151052877,74.18840504835353,95.66652494550135,88.61108228410731,131.5578126828098,86.77808256647356,103.18545013625882,116.12718080778183,121.18363099915307,56.86089521466107
601,2481.5209269763222,1473.5365923071827,0.4045480044670141,0.9414310592633899,0.23256636865055394,49,0.0,0.009587552135729014,1.2722053174393002,-0.26139301616471694,2481.5209269763222,1473.5365923071827,899.2246017470154,0.0,0.0,157.24372810861257,1.485291499642575,7.1918227456154815,81.82592035741568,70.81903659488708,72.08120083798829,97.93988130561678,85.742930627428,90.07653639415872,91.05099764188495,85.19354847428214,84.37344329501897,77.99991930984322,54.92936416287604
602,320.81988554551896,1477.9035903132465,0.5814985739896602,0.3080887235435788,0.33140725018874473,49,0.0,0.015030958709513185,1.5712314990864404,-0.4906004424995968,320.81988554551896,1477.9035903132465,1011.7817140617508,0.0,0.0,158.14430244671513,1.4870771661426125,9.521428049831961,90.2438190174887,103.64857800485566,101.16807086330077,102.00865053132061,104.62464021872402,78.01966207392289,102.56731067397048,94.55560090044916,91.37361936722083,93.74573368493282,40.304600675732914
603,2019.704883873118,1478.9233742791466,0.6906256097287296,-0.44338111425219806,0.0624386870302033,49,0.0,0.046996739777569886,1.7027147072537971,-0.5778547181966663,2019.704883873118,1478.9233742791466,8982.95696094957,0.0,0.0,157.43621138415097,1.4875595678646516,95.81087615501195,775.0564543282658,852.7955710442991,847.0927216055136,863.3232368330604,859.5341469552645,864.9401452212091,829.5958598244761,878.3754793402896,849.4987206333396,859.7828257449501,407.1509232638895
604,2745.1884599865452,1477.8809774863917,0.40894229799533605,0.2990095747156763,0.18447637453294558,49,0.0,0.041615432099523876,6.999899023314578,-2.1127294379165056,2745.1884599865452,1477.8809774863917,1425.5771269511997,0.0,0.0,157.13383535228107,1.4870806152952818,14.433759291744112,134.69208735355008,151.64619942504268,129.44860209137116,131.29094272270146,136.12744795369696,147.95536072159814,122.79113641003616,137.14534374770295,138.1118591581603,122.77086710589478,59.163520969701004
605,305.9381199872805,1478.6356550686298,0.8839577018845575,-0.5273890190607723,-0.46359185701385003,49,0.0,0.012176486273782082,1.0052317052121262,-0.005665444681784886,305.9381199872805,1478.6356550686298,816.8142047538893,0.0,0.0,158.15050480252415,1.4873806727551244,14.862149696770365,68.99556258941298,80.51877292285805,73.27535299982807,78.3343355040785,76.02500475787534,83.99553197137952,63.86292520105513,82.98722316102781,72.31768586333207,76.2149019016291,45.424758184642215
606,3070.5700051163235,1479.0811668738943,0.38807663431395745,0.23753818183531855,-0.6880684105875401,49,0.0,0.007012720686476835,1.2754139589384406,-0.2641279146780418,3070.5700051163235,1479.0811668738943,1354.3280739215425,28.115555722280074,440.94052335845873,156.99822626832267,1.4875472061605914,2.7142347611509203,41.99975696064278,49.15296165094544,60.3899881492646,294.2846884400693,107.2578247962281,40.79524234278114,78.31053120896067,49.35414123455585,50.069666987333406,533.7263838454824,46.272653544127934
607,2348.0876751356695,1479.9097023590234,0.4830835111667289,0.17965672559326334,0.10670435477294643,49,0.0,0.010930713047465268,1.2603446073918794,-0.25122326879876467,2348.0876751356695,1479.9097023590234,902.4782027007179,0.0,0.0,157.29934161650317,1.4879554571971403,10.30793307570439,87.64813444937994,86.59880333275076,79.8517880447052,90.47446913808766,74.06620240362665,107.92462062820577,78.79948443819188,82.99111340690558,83.39494439633133,83.5804608507038,36.84024853612496
608,2071.5655961635634,1482.7218830994934,0.36537312458117704,-0.20796148626980535,-0.7496723509342219,49,0.0,0.050319061739423236,1.9305523445196118,-0.7142039536826549,2071.5655961635634,1482.7218830994934,10761.272651594896,0.0,0.0,157.41459555880306,1.4891404529054824,108.09610188056013,967.9562556339249,1002.848445203957,1034.584019335054,1015.4397130080278,1023.1079930156741,1065.687522005015,937.0346476239074,1008.0432283033568,1006.1702048038047,1074.2942062504758,518.0103145311393
609,1353.5137800889297,1483.5136395037887,0.669529976293266,0.05387030326572368,0.07096423628796156,49,0.0,0.011397396399551245,1.0497120123378463,-0.05267541765677858,1353.5137800889297,1483.5136395037887,1006.7906392159887,0.0,0.0,157.71388392292823,1.4894766877371315,9.705275962803942,79.17160281372722,105.23246863372597,88.93916646765923,109.72023554075949,73.48447703005708,96.72976385366842,106.12215058047977,95.46802214231205,95.79812522963095,101.35830796386283,45.06104299730183
610,2041.190619782056,1485.0776491846227,0.45778218410277344,-0.2889900854567291,0.20770784103972634,49,0.0,27.574373214592402,3092.4401052653207,-8.725753242293182,2041.190619782056,1485.0776491846227,1240392.166052054,0.0,0.0,157.42725584643114,1.4901231071081742,13156.697681000887,120540.65922080653,121643.87761087083,116168.87707274879,115366.53089806778,115770.57157238158,118569.89433893029,111382.28707794,119316.72063407165,114555.30843904846,118443.47438490819,55477.26712127926
611,2071.4855678592944,1485.4008933655093,0.43810341616345966,-0.05067817378102426,0.6000584162204539,49,0.0,0.05622241385258842,2.1821464557176316,-0.8472097377384236,2071.4855678592944,1485.4008933655093,11197.701768454537,0.0,0.0,157.4146288120918,1.490256702799622,113.33973619042052,999.1936108609673,1064.860632224245,1092.7207868248124,1067.1130783779213,1044.0551871065256,1101.952458137112,995.3033921020212,1069.8534508928383,1055.2695144658753,1086.0796518752945,507.96026939650443
612,1374.4743438913163,1488.0899608149423,0.6116108073577149,-0.09322748639108445,-0.04376904277441102,49,0.0,0.031956333561497643,4.192966840259088,-1.5563035695854506,1374.4743438913163,1488.0899608149423,1171.62677071367,0.0,0.0,157.70514751596752,1.4913838749564785,8.877688564496193,111.66109657017283,121.03447795177023,95.31586502153652,102.91731532252439,103.7011494429084,109.50099611927129,101.19297364005445,120.96271609846396,126.30384802529147,114.92252742085046,55.2361165363299
613,1515.7335383983122,1488.1711173788096,0.5800116268277561,0.40596416636611465,0.275650382884384,49,0.0,0.009063742715664059,1.0061651030939733,-0.006673126450321866,1515.7335383983122,1488.1711173788096,917.091608887775,0.0,0.0,157.64626967396393,1.4914194218749919,6.772993894064516,83.85412166077364,93.02012760924944,77.43196807403694,76.20301684154,81.50099566931166,91.459941611452,82.12607363719843,97.15820793843218,95.8881145974225,97.4610610908928,34.21498626340086
614,2939.6945227289943,1488.2881820765128,0.4269070628136984,-0.14790742841952967,-0.4447331830606226,49,0.0,0.032891254401463094,4.382772825808182,-1.6043724006510687,2939.6945227289943,1488.2881820765128,1557.205645326765,0.0,0.0,157.05276938128938,1.491397741330182,18.106210840194095,162.13768988670176,165.31109609953165,146.54719692567517,141.5161308242595,164.42564871544795,146.55216381691417,134.0077517340691,149.94821667158683,137.71032477367737,135.5680363697021,55.37517866900542
615,619.2579796253251,1490.6545498124951,0.4492256014478503,-0.4442436956747128,0.2398337897641086,49,0.0,0.00922098306352366,1.2095644602710574,-0.2065725444856706,619.2579796253251,1490.6545498124951,818.1528870476253,0.0,0.0,158.01992087128585,1.4924164634723767,5.768312889588539,92.82146494852921,70.4791529987203,82.38013921359628,83.68186007707772,68.0461844328024,61.913380405667326,66.21427454973983,83.87709246351436,78.12546287998161,90.97023369420218,33.87532849420559
616,328.7147050146318,1491.8236544571853,0.6518492518428245,-0.2259784686365005,-0.03967283387266562,49,0.0,0.013198301808501484,1.2444451880100538,-0.23743943181310195,328.7147050146318,1491.8236544571853,1079.6028631810284,1.0,0.0,158.14101355576105,1.4928777327252882,6.9722579942691,105.24691537491331,99.16501371126999,92.84827975813667,83.9630915933956,118.00900125872246,129.23399312642226,88.04227716733483,102.51260495092295,95.8234625144186,91.5421904104219,66.24377532080072
617,837.4869626220279,1492.3580003459622,0.3397693289955427,0.26995858049103005,0.5104050108396482,49,0.0,0.010542623034641931,1.4402748067845281,-0.39611341024433594,837.4869626220279,1492.3580003459622,906.5639381894599,0.0,0.0,157.9289650866295,1.4931412475469092,6.945807059383133,86.19070446128944,100.02858628808582,90.07349419068866,80.21434877126136,91.63144969555262,73.51847545597643,90.08291411201077,83.60188492223378,88.07713359298802,72.3385196187846,43.86062002120528
618,2063.2284191066456,1493.8938261484027,0.2878995619486801,-0.05251596342650777,0.6483149729620957,49,0.0,0.10551214522117339,1.843826028443456,-0.6642998535465487,2063.2284191066456,1493.8938261484027,25474.633209706677,0.0,0.0,157.41807009407407,1.4937957063204093,276.2071542761392,2416.3703283124028,2436.21821045907,2364.6474400650955,2381.3734886311636,2375.9925220380105,2504.0919763205693,2289.1529045036077,2470.4461903416372,2345.462451926782,2418.341797190201,1196.3287456419973
619,1439.019200046824,1494.3604767027334,0.4284311460529709,0.21688655258052364,0.3097286584390865,49,0.0,0.01264225496763142,1.7041176557903879,-0.5787489401268189,1439.019200046824,1494.3604767027334,922.9843833822001,0.0,0.0,157.6782448579047,1.4939975730298163,13.4293795378046,101.99965737082655,76.91250638708804,65.58198626891058,92.13382237806434,94.12122997299379,91.00095848561921,91.6599413296593,85.1579661839508,72.874339249526,90.18800242272962,47.924593795027334
620,1110.0497190091378,1495.992841467293,0.5236346269309331,0.24195381283118758,0.13843139109686933,49,0.0,0.015425837565897719,1.5084226217853827,-0.4463075922212759,1110.0497190091378,1495.992841467293,1047.5592779208093,0.0,0.0,157.81536127431437,1.4946692459965885,6.596821631174979,104.77366706214171,89.62263738024419,98.38139187532484,95.84317445290108,99.62251231697162,116.10985701585676,101.77963138159797,105.78179971564485,95.47295873384853,81.53640773861565,52.0384186164872
621,1222.3289369689144,1499.7737196991045,0.9405838860296902,-0.21805290235215238,0.11174880090888606,49,0.0,0.01554592188179595,1.3397653419714568,-0.31757184738372274,1222.3289369689144,1499.7737196991045,871.4788471055554,0.0,0.0,157.76856294322891,1.4962484605071549,8.126121710798945,97.25932058140727,87.20952451108928,92.34182822751131,84.57992545391599,78.50156115955701,68.3303851391011,88.1676791721759,75.30489254147113,84.19137941343526,68.22054277889923,39.24568641619301
622,2035.8351398983623,1499.7692963184504,0.29358635635411107,0.6849219035982699,-0.187271037384742,49,0.0,0.12254727655100466,2.2322092233859863,-0.8718372457171129,2035.8351398983623,1499.7692963184504,33354.63071750682,0.0,0.0,157.42948750724543,1.4962447771597742,387.82897359585786,3163.356564635587,3189.318980586425,3133.06277276987,3113.77129463429,2997.2242049088213,3153.5243582130734,3045.591917831349,3263.2576754498673,3055.6630908886905,3319.310551880457,1532.7203321125298
623,888.1629287448787,1500.7974412678045,0.6383482806139567,0.045754895601686385,0.09674575590319487,49,0.0,0.301404813885034,43.1221390256205,-4.0867507385162245,888.1629287448787,1500.7974412678045,4455.928671747011,0.0,0.0,157.90784403285497,1.4966605845151009,52.385936312827965,434.4852818476531,436.89790798146856,430.34583185939607,396.32781706273806,406.0038493332561,428.2140161065665,386.9467165247067,443.79429741874515,399.3451638973953,442.43350941378725,198.7483439884706
624,2334.269002046896,1502.3678507267944,0.6332316228547581,0.21920107101495895,0.22696590988814663,49,0.0,0.022860156532595183,2.74233113544838,-1.0952997362861097,2334.269002046896,1502.3678507267944,969.2724691327751,0.0,0.0,157.30509982845993,1.4973136853297482,8.472988852060281,90.31387656127458,119.6627753739008,80.18481232225417,84.89716859006755,71.72532897540734,111.34275113092659,84.50146976600908,83.58062843905435,97.64163139845658,87.7379425184044,49.211095204959506
625,1235.2361788919936,1504.9641877693034,0.6030641835475058,0.1448624308562978,-0.21303899906378743,49,0.0,0.01114998060196059,1.3077512561537294,-0.2913128646475009,1235.2361788919936,1504.9641877693034,835.242719548068,0.0,0.0,157.76318328651598,1.4984115265320292,9.419383917007966,81.37790739871119,79.97234836949892,64.1094720377607,90.3739942943563,84.39929090072795,77.27910595668706,72.08892630672389,73.24625492529721,75.73819396404002,90.93030445703985,36.307537020216934
626,1321.0985669213098,1505.6079145245837,0.2165535667275247,-0.11751956339841106,-0.3328125228700458,49,0.0,0.006797076103036937,1.144440135222404,-0.14648269999134375,1321.0985669213098,1505.6079145245837,850.997323419153,0.0,0.0,157.72739527486047,1.498681938980519,10.149849467266698,77.50353847078911,87.28600444806581,54.26291081784241,102.16157016277835,83.3917470999861,70.24062833693011,78.6160672638404,81.55649390463972,82.90125397652666,89.1923496561637,33.73490981432397
627,2034.848906295938,1504.766438290158,0.4967234345666017,0.49205012803997333,-0.5592386538992834,49,0.0,0.0755697940478223,1.9062766715655381,-0.7004648328520089,2034.848906295938,1504.766438290158,17556.58242557001,0.0,0.0,157.42989839718453,1.498326942133042,200.2586445189504,1564.949810843757,1698.9829157777533,1652.4884301542893,1663.7860936894645,1589.2904454682614,1699.9822238599822,1645.4215144431234,1718.8257040870615,1585.8769421340664,1700.0487149736114,836.6709856196892
628,2046.6197150434352,1507.7771691321104,0.877581563039122,0.22658124178602052,0.8012731293223274,49,0.0,0.08712224465541796,1.9685012949407013,-0.7353392620465277,2046.6197150434352,1507.7771691321104,18441.14517788279,0.0,0.0,157.4249921582328,1.4995809954228383,233.48962644122818,1756.4506201302959,1725.8670391380706,1707.7597158856884,1751.9111101126587,1664.5228173148018,1823.3960977917573,1736.9380899516955,1754.0092203310985,1734.3868092400894,1744.5007914451157,807.9132401002918
629,2130.856561383708,1507.6298178799605,0.49846192515350474,-0.4172374963384663,-0.051741162197414634,49,0.0,0.02500182476277854,3.4519431060936006,-1.3451590729720504,2130.856561383708,1507.6298178799605,1475.0203959990013,0.0,0.0,157.38988190565107,1.4995163372145592,17.6254635145708,134.57458228740524,126.09152043416542,151.14773481488592,130.47183900127442,138.82749682698073,119.46772307974321,132.40613762351455,159.31443871967576,134.76853647692243,153.73028657337693,76.59463664648595
630,1163.5044913425543,1509.165183547287,0.35537788720440394,-0.40594050022894607,-0.33249670321365415,49,0.0,0.011083746915088732,1.4758439031262016,-0.42260106377867634,1163.5044913425543,1509.165183547287,995.7754050272315,0.0,0.0,157.7930816004303,1.5001596511607111,10.215362175859129,71.73494008291603,82.92441554117124,92.39020643421647,106.50558674992078,105.42729582893702,101.7804865979622,96.26094755084284,116.92199631171916,74.80777177169898,91.27420996870583,45.53218601328182
631,2047.3469269229138,1509.7183573751195,0.20889813044713587,0.9201602244763969,-0.034464434963905076,49,0.0,0.06186895805844831,1.9047567969662846,-0.6995988299789225,2047.3469269229138,1509.7183573751195,14529.67430324302,0.0,0.0,157.42468898213644,1.500389793468728,168.9076971627723,1403.8101644745723,1336.0139242381165,1361.657706798234,1376.5094583014316,1320.5222725139852,1410.595195031219,1360.2580858834654,1371.8965241783324,1380.4005500112728,1389.9768993641962,649.1258252854216
632,2904.463231730141,1512.3299398883553,0.48939169116705644,0.1658869061507562,-0.2680464544492743,49,0.0,0.1371596994881883,17.66759791041633,-3.1179437669239842,2904.463231730141,1512.3299398883553,4388.01308018754,0.0,0.0,157.06745014726664,1.501418357262617,48.552223788139756,396.1005988911967,409.0647953132207,423.5426794782476,433.0674325307964,387.7944360784829,451.58935884345897,359.20222114602063,418.94387281420006,394.7924477495899,460.65298780533396,204.71002574885273
633,1809.2945244193,1513.3970098161801,0.5908463798513586,0.04623871725346826,0.003929576437124814,49,0.0,0.010435363252046137,1.1220721234898356,-0.12505193246737953,1809.2945244193,1513.3970098161801,947.3521035418767,0.0,0.0,157.52391082905348,1.501928756500747,7.5376057475795655,90.14753820838494,97.61024770173591,84.50842461034767,67.18161552840996,95.27172585095568,92.04857314335774,96.46406677584157,90.48941447801863,87.54598636494052,95.11205843215595,43.43484670014857
634,2351.91224368932,1513.2010292960424,0.7526785995763289,-0.18427992717887057,0.3486974661580671,49,0.0,0.01299540368026301,1.3328364132521555,-0.311942123006526,2351.91224368932,1513.2010292960424,831.3642602260107,0.0,0.0,157.29774552067062,1.5018264025722794,4.227947236456634,76.86842277006892,73.85165455051218,78.75385157751074,84.28747236138469,85.87833986590573,76.80757419175976,81.83287713004333,79.25181398689325,71.9669960140628,86.91797609836436,30.71933444304837
635,1691.7324941159736,1513.9067500428334,0.3039804707112761,-0.6013541793781132,0.1768300739109743,49,0.0,0.009401731759054656,1.4124794776135003,-0.3749553663190263,1691.7324941159736,1513.9067500428334,938.8610608790314,0.0,0.0,157.57291176805666,1.502142549258818,8.738088881136992,85.08169399488615,90.8038317419251,79.99892907524821,84.11193136692299,80.5112632482316,96.99180712573327,87.15835428655222,99.95563357548303,89.72824966573171,91.67981971836912,44.10145819881094
636,946.8450743807597,1516.6191192365325,0.505967070441831,0.16280784487174463,0.2087704144490396,49,0.0,0.044949370108721916,7.080344291901291,-2.12513594098905,946.8450743807597,1516.6191192365325,1365.3628943878011,0.0,0.0,157.8833862466873,1.5032560458430446,14.8932511400713,132.45620376242837,126.1042565926258,123.48556236536461,107.07386350040977,144.301475441398,122.62411391212912,133.84279599068776,138.48472215794487,124.94871951781066,140.8016044304747,56.34632557645614
637,1705.6513882343088,1516.540954294439,0.7686055727455154,-0.03149593100327296,0.11146827918967132,49,0.0,0.03381302717393101,3.2912484817840655,-1.293401679447518,1705.6513882343088,1516.540954294439,1360.2937549208714,0.0,0.0,157.5671102166862,1.5032400250220626,21.054752235409776,138.47876934909903,106.89675639726391,115.57318927007111,128.38045212324568,109.56639996182112,122.2630775550752,153.00420348362474,129.80412996106304,141.98075014022425,137.66299297717103,55.62828146680248
638,1672.289396877835,1522.5704468270867,0.5940553810797845,-0.3998688166722085,0.16417885712764424,49,0.0,0.02774652290640355,3.717027747914086,-1.4254895078785346,1672.289396877835,1522.5704468270867,1198.8995883384785,0.0,0.0,157.5810157884821,1.5057525470620592,6.197654319414763,122.70474653316336,149.9373500283993,108.28770132271893,115.63432445781721,94.76268197612234,114.58745623426967,104.2249005550257,110.5837248698862,111.40038950855708,110.77397311520735,49.80468541789656
639,156.93999617220965,1525.8561839017393,0.7722214722528119,-0.3677296224143801,0.18590239246048726,49,0.0,0.01482395732995487,1.1152887789336292,-0.11846833182200653,156.93999617220965,1525.8561839017393,1186.8114737125084,0.0,1129.905802051874,158.2126076385127,1.5070387504332583,15.760666700009137,125.98703284095126,99.60613207126613,109.65087534055995,123.50250123212808,115.89672652386648,100.1640935544978,128.5848828588274,106.10401011210868,107.78772454196744,103.40849729093708,50.35833064538906
640,2074.8029846495137,1527.3790100529175,0.6042666183537382,0.23926229914546854,0.8002579212478934,49,0.0,0.01364258507431694,1.0555762164812852,-0.05872399108275103,2074.8029846495137,1527.3790100529175,1765.7718420316364,0.0,0.0,157.41324448365216,1.5077473487038562,24.41431360089647,160.9896395559389,169.0957106048326,169.9755129146536,160.28991537384468,172.9710008953801,183.86132091471916,145.3149769306217,186.46601524028068,155.4163755470002,165.09279195400444,71.88426849946396
641,2638.8629617178813,1528.737685381432,0.5307034521461484,-0.07200815546508402,0.06899893700643957,49,0.0,0.09615529825112103,14.912508495397413,-2.9338767602212545,2638.8629617178813,1528.737685381432,2123.537416567442,0.0,0.0,157.17814545828554,1.5082794235821662,21.86366294455653,189.48546316478937,220.4337276332805,196.41536187641145,186.05004422175261,212.1129547739859,183.84865060706016,192.38533285292797,194.84839468822543,197.32725216339747,233.2117808536167,95.55479078743835
642,1469.6912103597178,1530.7228712676233,0.7065983717768456,-0.13727242584948152,0.03529954883491504,49,0.0,0.01712772464178548,1.8778180030404725,-0.684133746042763,1469.6912103597178,1530.7228712676233,915.3022859922187,0.0,0.0,157.6654609131813,1.509148911864161,8.875673915742803,92.24351337285464,92.56718213183426,99.79328153386862,94.99946793872758,87.5724998862309,81.30665819473654,70.83163157106091,93.02471017807822,77.63410486874224,65.45693466193458,50.996627738407454
643,412.15457508709204,1531.4403756632803,0.6783505265342648,0.14102921390217607,0.13808707969055292,49,0.0,0.024587578581263755,2.6652722776256947,-1.0643539551983945,412.15457508709204,1531.4403756632803,1171.5007230321976,0.0,0.0,158.10624176557772,1.5093921805222668,9.989389717984178,114.69844333313591,121.4228457716559,106.09283510878203,103.9132387093185,104.3689939278859,120.86265484428151,117.06503555994092,98.10091954352359,105.46786363300285,113.53736654813545,55.98113633455083
644,753.9507613524855,1532.4715284870529,0.29689533336903845,-0.13043447040052503,-0.061176750510660884,49,0.0,0.014635706720891269,2.527020031064709,-1.0065217111970868,753.9507613524855,1532.4715284870529,1041.008108431784,0.0,0.0,157.9637852188148,1.5098495840058606,9.014310237501421,109.86737604149235,99.51047474974195,80.26543092665179,99.73428663603619,92.83521597740017,106.51995459208673,87.06553763109078,105.28472374547107,112.73429908631118,95.33627441245655,42.840224395543814
645,3051.229509415899,1533.217926742529,0.5793646889299419,-0.3110111534154213,0.7925514403140054,49,0.0,0.010304260327538993,1.0060459318994277,-0.0065445231593314005,3051.229509415899,1533.217926742529,1960.1248569484774,0.0,866.4329489595165,157.00628022046692,1.5101051446449998,10.90079539941995,169.35374909473973,131.47358892989794,110.41121679779405,114.9281906741177,108.09108370663395,107.67809334058461,266.72152832352606,136.19509778816558,550.2999370698088,209.210098285883,44.8614775379057
646,177.66964393054388,1533.4122232418554,0.4993426601003362,0.20284487251734198,0.08795986665027168,49,0.0,0.026869981733881755,3.239338177662611,-1.2761407237041795,177.66964393054388,1533.4122232418554,1502.1111594381919,0.0,1392.2387702842452,158.2039691116788,1.5101892988167063,13.535189487303196,142.37350569540868,138.63360734704398,144.5064819944066,106.19884221815676,159.20725582215948,131.6348631186471,154.05365792342064,138.01177878799865,143.84152839214497,159.745030473606,70.36941817789588
647,2806.200850585105,1532.4853788240737,0.6823467169229411,-0.3182021658373976,-0.06174286211733725,49,0.0,0.024564066191470613,2.231972153941265,-0.8717219301160374,2806.200850585105,1532.4853788240737,1387.059074459468,0.0,0.0,157.10840146806805,1.5098259230579647,16.163970375442176,145.42642180702285,127.80460208992228,125.78695001388405,139.3279595136359,107.80738287723236,143.8124593145701,130.82416474660323,134.49156581247263,122.04398306523784,124.1970431123572,69.37257173108743
648,726.499827802746,1535.614007113544,0.6072716727975431,-0.16666733926841426,0.06876962379083898,49,0.0,0.13845599225632338,19.93753289422757,-3.2491785423222295,726.499827802746,1535.614007113544,2559.8068969379774,0.0,0.0,157.97522685443724,1.5111570373211782,24.161671388533822,237.89579802251495,272.5077775111861,240.9965538556608,221.0782569764342,221.70024553492294,271.38678230649913,243.96620876173742,246.72767325136624,242.86392520666385,216.99275462686373,119.5292494955944
649,145.78453877757406,1539.3306056520735,0.8252643670001051,0.24354157758854098,-0.32866548401992435,49,0.0,0.01682525688007815,1.3969926498925498,-0.36298530283108027,145.78453877757406,1539.3306056520735,1184.707869900256,0.0,1125.2253438673279,158.21725843218286,1.5126514885289888,12.578021964042865,147.2012877447628,136.2079629728658,111.64767453794032,97.73251919694485,109.44715617760053,94.56026966194301,99.8090963601849,111.24174832291061,108.44708775325049,117.05737742419079,38.77766778361881
650,888.5155767184941,1539.9726234484508,0.36382931748901,0.9945789736427876,0.8315112842077477,49,0.0,0.007528999745569226,1.0656921318851427,-0.0690793983711383,888.5155767184941,1539.9726234484508,780.1906387517363,5.0,0.0,157.90769932026154,1.5129833723704469,4.479680604597579,77.86613681524045,79.40813516977077,91.88173312002536,67.51919276470963,80.75200927270073,81.67997843326003,58.396487581388044,62.522168522112906,64.85292652781727,71.95749375676891,38.87469618334455
651,2231.6218364396123,1544.8573323996554,0.29782945072605915,0.17448821177181295,0.4938197814383881,49,0.0,0.009925875889245596,1.3171674812548078,-0.29910250035110364,2231.6218364396123,1544.8573323996554,1012.9725429251399,0.0,0.0,157.3478808398324,1.515022991909661,11.963506807221737,89.63294044991824,99.98848276336759,98.30477189728248,88.47538979817153,101.91404857231774,113.51723165393385,86.79528651318856,85.55392575783303,89.92112319140377,100.83015378895033,46.07568173155104
652,1155.964306738005,1545.870276677977,0.8870183662787452,0.1377199284103362,0.06506985143958693,49,0.0,0.013212149108275402,1.1346488162219563,-0.13715366092151735,1155.964306738005,1545.870276677977,832.998484198256,0.0,0.0,157.7962257163094,1.5154530918673228,9.929827388183224,73.40368911843873,86.98938660755357,81.86674216281037,63.95343364838635,80.72413687990127,78.22124418308275,79.63906909322277,86.68879857895547,73.07318411138597,72.64300060676814,45.8659718195674
653,1212.9965289188915,1547.5687968706548,0.6830064124116308,0.11928624240783564,0.1909401106492262,49,0.0,0.09634297078628415,12.730591830982512,-2.7621214849698292,1212.9965289188915,1547.5687968706548,1888.6979022913083,0.0,0.0,157.77245424915756,1.5161627076755924,25.568263929119173,169.73766878067477,171.90297607880302,180.11938088272956,161.27371140381052,188.8194285925702,165.53657614982177,175.35712360241166,180.11205536839924,190.02844461344057,199.8720883914238,80.37018449810411
654,269.89617410256056,1550.2521409815263,0.9571837457621513,0.3265559752337157,0.058132496442825435,49,0.0,0.013082808536183252,1.0032482376327863,-0.0035210137457442415,269.89617410256056,1550.2521409815263,1015.2055429803679,0.0,0.0,158.16553372214432,1.5172157431898905,12.047667689074208,87.42684451376047,90.96336664931921,87.56910232251408,82.88226943103197,83.02275214192704,104.76227046580098,95.06107354681345,101.84756859687818,101.06234324713841,114.8932502316087,53.66703414450106
655,1589.4537352897678,1553.694850641232,0.6593946254152674,-0.16489326905144802,0.11383282121288237,49,0.0,0.01278734945796343,1.1771718607932355,-0.1770996803573209,1589.4537352897678,1553.694850641232,997.4373266655784,0.0,0.0,157.61554258957267,1.518721246273646,9.410837665180974,99.99096339089387,96.87298663494943,98.45696354739643,102.85338076199804,85.68394694446044,92.45620642081778,97.56619961707385,91.96591476785241,77.63604654155827,93.83087137653247,50.71300899686443
656,887.1161500796541,1557.541366089586,0.4931961634255854,-0.27616815458098193,-0.22480670064255553,49,0.0,0.009471016787107212,1.0558510816200766,-0.059006672882466166,887.1161500796541,1557.541366089586,909.9137488817728,10.3456155640411,0.0,157.90828362245247,1.5203035023609095,4.884972696496106,68.67069643572727,83.56549994172431,84.0691638340983,79.0204825182851,95.61860518262829,85.49596448956495,93.20392785368931,106.53769268552989,76.2152867872282,91.53649058906095,41.094965867739965
657,1945.5943064316316,1557.3882832292297,0.5838295487113602,0.04790384586079713,0.29839908451669866,49,0.0,0.025424433060917257,3.410609463830791,-1.3320799820325115,1945.5943064316316,1557.3882832292297,1148.1101525715844,0.0,0.0,157.46709874630653,1.5202553927982294,14.872812875871716,101.91132295912544,97.78334576911134,119.96451276398187,94.00395945110525,102.90701797918092,99.37527053151919,110.64642913943082,119.71121034316323,123.08634234636357,110.47561558756806,53.372312825163156
658,1812.261727167218,1558.8369413376456,0.33577027513596874,0.12979084685186712,0.06781998795427571,49,0.0,0.017293898777914582,3.0022402936023784,-1.1936136235065724,1812.261727167218,1558.8369413376456,1075.6828867402162,0.0,0.0,157.5226732895958,1.5208619849417935,8.581080979276079,121.40269225300506,98.80586574007957,87.67669655408558,118.91598576566653,98.61760096694697,102.30100916296747,101.24470048500893,97.70151843215714,83.05950366490158,111.47524293099531,45.900989805126045
659,775.1583636210952,1565.3922722457967,0.6779406944322935,0.1441985988691715,0.014882325179010412,49,0.0,0.04560595752784629,5.603485972828836,-1.8711457227607333,775.1583636210952,1565.3922722457967,1347.321195013623,0.0,0.0,157.95494818825946,1.5235677271904564,15.55324617002529,121.49257412807862,148.14294033174548,129.77412376022224,121.20115000319615,124.36133555567416,104.71999388648479,120.76701447934715,124.3709949996625,122.56842382567469,144.72201882347218,69.64737905003987
660,617.0996760499404,1566.6181240131687,0.6123287590116948,-0.06963296656688772,0.25217168806943047,49,0.0,0.02850731500851818,3.4274061714615556,-1.3374139359884776,617.0996760499404,1566.6181240131687,1206.061122363595,0.0,0.0,158.0208265035391,1.5240669659678856,11.538431242247004,102.24031005663377,109.40144917371808,112.15463840429257,114.31321232695728,131.01159027866134,118.2690005418775,111.0493340788012,105.68142054112124,107.37324272264283,119.6051680250241,63.423324971618
661,1703.711886083199,1565.779529144936,0.5757750843162008,-0.013707182638896885,0.08865656295492674,49,0.0,0.019376935293888193,2.5262816733293887,-1.0062044288427368,1703.711886083199,1565.779529144936,1063.5573482543346,0.0,0.0,157.56791820653126,1.523756104120785,9.822737194576415,106.10978481476339,102.15440874911899,91.51786332506562,96.76269964546726,93.87823005613953,95.84614084960471,94.44583487412635,116.33447506416789,110.69870305390748,103.67344575202877,42.313024875368086
662,602.8186451113168,1566.6796075339032,0.5207834483597675,-0.29308505947075114,0.07248096426055911,49,0.0,0.010151606607544683,1.1700390161501328,-0.17050085995555117,602.8186451113168,1566.6796075339032,889.5845728530596,0.0,0.0,158.026778734698,1.5240914430495036,13.059574213676893,79.41667220314497,78.89438972023541,89.3282093820482,86.51638659184138,76.37226248415556,79.62395148594055,92.18676652192039,74.06706651460189,96.44119916100753,83.77592718778592,39.902167386700924
663,2407.10454269593,1566.4868383110618,0.7604645271871721,-0.5819839779386276,0.10230956570741322,49,0.0,0.01723907023213246,1.758278944192847,-0.6127194383826298,2407.10454269593,1566.4868383110618,947.8297612103563,0.0,0.0,157.2747380722486,1.5240250206418355,11.061243242330105,83.93251380766006,89.18937923437244,94.57061876436461,85.0844559677687,94.64267870171858,89.72334732968129,87.44153932678687,90.59598049770491,97.90114581515668,79.27774683300767,44.409111689804334
664,678.8588091167918,1571.4706465381782,0.5479921887225819,-0.250522147370659,-0.17521575330524872,49,0.0,0.017349564954934314,2.28803537934122,-0.8986568389102807,678.8588091167918,1571.4706465381782,947.5702532816046,0.0,0.0,157.99508602568238,1.5260935471591397,20.80053463216368,85.37102654252064,92.99129522144808,102.68920799515168,71.48507375390986,102.90796576469717,77.51974905494222,73.5399000825918,91.6271279467031,97.95583743737687,96.29587399993018,34.386660850169264
665,836.956628963211,1572.180206806425,0.5014355562613025,0.3124517615556887,0.26186102164906616,49,0.0,0.04700686731297547,7.387374021614619,-2.1712252196017525,836.956628963211,1572.180206806425,1422.0374443078574,0.0,0.0,157.92919108788615,1.5263999460660942,21.020288693857058,123.29799545493472,130.57676173840744,126.60896479355159,129.84152923513597,134.84003172910712,147.69115516209956,120.54563682341728,127.76171525192828,146.24156521515744,152.48717851930274,61.124621690958236
666,2467.0579556314124,1574.1284351386028,0.5568625913665107,-0.47721027537490435,-0.21293277740240749,49,0.0,0.009465056239161381,1.0707569162323958,-0.07422722068077336,2467.0579556314124,1574.1284351386028,923.7395922473422,0.0,0.0,157.24974903120113,1.5272049126353737,9.648275296739257,79.55421333414628,80.00326278757339,91.87511918855245,86.94600787970421,83.1870534977071,91.32036501973846,68.35311529633157,88.11341034015663,100.10163294033882,82.94041741710777,61.69671924924631
667,1993.1137695498737,1576.0864392187527,0.2128935404046139,-0.3205934758719241,0.18195076033865654,49,0.0,0.012592151886133248,2.3545306933848145,-0.9297608905683987,1993.1137695498737,1576.0864392187527,1071.3330014791295,0.0,0.0,157.44729154439548,1.5280448493401018,12.83699978557551,116.86444252686366,107.11707665821311,101.18813511260348,107.64019229814943,87.56491320249162,97.74347383993006,75.78727805525638,107.33385613042157,92.66664700430391,112.47860958065206,52.111377284668755
668,1308.8964380075686,1578.2430593684621,0.6356347632184619,0.022708588098068052,0.11026017382049871,49,0.0,0.06428133905225662,8.816148286193155,-2.3631972158308185,1308.8964380075686,1578.2430593684621,1583.2679310743881,0.0,0.0,157.7324829358771,1.5289462321973992,12.022132393611587,147.56774354803883,153.31181713011,153.05227957702894,163.27994137521293,122.91753502499287,161.91440932995528,129.32026341907823,173.08897899738855,149.3367832447082,156.66301600991216,60.79303102435055
669,2059.300002641002,1578.505490696616,0.5558352867745574,0.19256612607548726,0.284484229659109,49,0.0,0.0462578344564471,6.885869738824157,-2.094897007058378,2059.300002641002,1578.505490696616,1532.8349603338525,0.0,0.0,157.41970431211547,1.5290505043823037,16.02368847613811,146.2851548720945,120.0813313573959,147.72550500601307,154.89535649725258,136.7935729174414,148.20768878566096,133.3155036296526,161.45978791742812,140.4030777679939,163.63916244680553,64.00513065997563
670,2280.222143521452,1582.638581327756,0.4784257900586458,0.28678603008240644,0.10121548429209369,49,0.0,0.009868565906773647,1.15220018510616,-0.1538198516547053,2280.222143521452,1582.638581327756,957.4331030067794,0.0,0.0,157.3276220024724,1.5307624325663713,10.378461963554354,92.82626115723976,88.56673210727766,88.57440124837566,103.49633098108228,85.72686536959003,89.61176794444879,80.13189426505613,94.53960064569812,100.62591839891994,85.6674795148569,37.28738941067983
671,2452.728044154024,1583.2642569670027,0.5614664415031942,-0.3420598035605666,0.15353710034337079,49,0.0,0.011651641554991564,1.3879894610198038,-0.35596542135198816,2452.728044154024,1583.2642569670027,827.7203771758568,0.0,0.0,157.25572108213325,1.5310124266453051,11.218805791857118,80.64238732628148,78.63830642541107,69.18583139866693,90.72140110781558,85.27097110166507,62.9191712794148,89.70784582251576,57.85870568823668,90.42855547309588,77.51945469112175,33.608941069774616
672,2749.186605825629,1582.7347536839868,0.4211056976590647,-0.6772114575440626,0.1604583468759021,49,0.0,0.014205361467186524,1.5895467040243192,-0.5031832321715842,2749.186605825629,1582.7347536839868,1102.5175188572377,0.0,0.0,157.13215921056724,1.5307677892556197,15.158505147212054,105.64806681362435,108.01864708891766,106.13118118339068,86.92954859869738,118.44003691483924,96.65392283160861,86.23872271865835,88.19812021600397,106.9638959524984,126.63525015568322,57.50162123610377
673,1198.2969576841326,1585.4557905074228,0.5603499184175855,0.1490966865177663,0.32238580535733524,49,0.0,0.026554446953375846,3.6729862973937957,-1.412548270374967,1198.2969576841326,1585.4557905074228,1048.9629007177891,0.0,0.0,157.77858240488868,1.531948420889425,9.487653495530074,96.08087192363232,102.74359794005332,109.72792412796522,82.58473033542461,115.61062953290926,97.40805913403099,90.42006733399428,102.59285496989966,102.3733059043041,91.15656210940033,48.77664391064488
674,1527.1241242571211,1584.7563005240243,0.5715834390259027,0.04277037800015693,0.20194764940302098,49,0.0,0.010250686231747652,1.1670469943450044,-0.16772086113697005,1527.1241242571211,1584.7563005240243,941.404315270475,0.0,0.0,157.64152256817857,1.531663303124984,8.501492494033005,89.88073445479819,91.57082230831278,90.87662111987548,100.52263352754792,83.20554912902115,111.68388705644416,87.18608020561197,76.59016285420051,79.56488468125585,90.18198227947809,31.639465159895888
675,3111.3789810542353,1591.3288552413924,0.3855577718476566,-0.03445768097201554,-0.29012381370947204,49,0.0,0.35344070693270346,87.62850360169838,-4.856613488691152,3111.3789810542353,1591.3288552413924,10092.749275543902,0.0,10.717702296812543,156.98120499911462,1.534309452768093,0.0,0.0,0.0,963.0281417523745,1214.5857029536778,0.0,3637.4473420555655,2356.410058881853,1666.862334861637,0.0,254.4156950387935,0.0
676,1487.1392794759436,1593.4379411655184,0.9390946175715857,-0.22694082092949822,-0.1280347037210168,49,0.0,0.014791972332473468,1.160051433294939,-0.16119311250908014,1487.1392794759436,1593.4379411655184,991.328166110176,0.0,0.0,157.65818894713252,1.535280349658235,11.593437047815296,86.19477578326669,100.10056909397869,83.95239798109671,90.19417815132871,73.12472758412476,81.86929600793073,90.36650356846812,99.60589761490431,116.76232544204301,104.54332573176218,53.020732103456766
677,2274.688900981271,1592.7437509129516,0.8539843919871695,0.18329498405907896,0.33345285129144786,49,0.0,0.010975325973214958,1.0101431563934222,-0.010957314719051578,2274.688900981271,1592.7437509129516,851.7049945757957,0.0,0.0,157.32992773280606,1.5349731725142572,11.567366593978836,88.82629210094558,81.73786000358969,71.08830972385479,70.32775713715361,84.08035300469922,76.7906462040595,70.75674695105018,90.55824964102868,85.21731209420395,80.98763472270967,39.766466398521985
678,2374.547981401516,1593.532529136441,0.5445934857228437,0.27395631806317805,0.15449108308361167,49,0.0,0.038379370155325485,5.586728813909636,-1.867893976824868,2374.547981401516,1593.532529136441,1222.0342382030353,0.0,0.0,157.28830595353682,1.5352959537726254,13.614104653550733,118.01832938395899,124.50144775981026,107.72315257040987,125.59749946259774,115.16516435428969,117.63974254346019,102.30311190262903,102.27044829308082,124.11065290035435,125.93856678010584,45.152017598788
679,1706.544419270973,1594.9145952711397,0.40886168135286205,0.04393095361138032,-0.09226144094890586,49,0.0,0.028408142780957768,4.692706276954572,-1.6785584299112148,1706.544419270973,1594.9145952711397,1297.299181667328,0.0,0.0,157.56673731611448,1.535895687200501,17.070172711326023,112.44788024350271,135.0434580792658,108.84204116865877,126.1604742505157,106.13891279392422,124.14743848566252,127.08218581980186,114.35961334387773,123.99093623904898,138.4068665672918,63.609201964451756
680,481.2625288192107,1600.0993326161947,0.3205300087788217,0.46120449910889544,-0.027492352574058146,49,0.0,0.01415448835591872,1.2075821930398463,-0.204791750771753,481.2625288192107,1600.0993326161947,1363.639915142288,0.0,0.0,158.07744507738144,1.538005494489218,15.580969658042832,132.33969688821156,135.78578865272098,104.18079207753271,138.07219896581665,108.61997651715234,135.35072425159572,126.61351769063242,141.51155690949432,126.08144134382991,142.97203861376767,56.53121357349079
681,1428.544406902586,1600.6247271066143,0.5992323582458493,0.5965961292537032,0.44735757291413397,49,0.0,0.012392723451084766,1.293023781577737,-0.27901628148366536,1428.544406902586,1600.6247271066143,964.6314194567979,0.0,0.0,157.68261231881573,1.5382741625958396,16.222420913333103,88.62301269513699,101.84942008969765,86.2797227986032,92.00761492571212,86.24251027233979,98.36326774488249,72.49022299728344,92.20436941466113,79.53654043524577,97.72071671845805,53.091600451444215
682,2279.0115304334286,1603.1451286017532,0.6116492659054655,0.009789097112602688,-0.33180281278312496,49,0.0,0.013033913309903066,1.497843727084737,-0.43866626237212,2279.0115304334286,1603.1451286017532,907.0959465760686,0.0,0.0,157.32812545982387,1.539306789703916,8.129933151703325,88.15150120326805,97.96794615737235,73.98065324405323,86.31878316902723,82.07185613079866,113.08687083082116,73.7113801912784,89.13033389430308,85.8583160273919,77.14417351202458,31.54419906402663
683,3074.1037178412907,1601.9662683426793,0.5069193876894099,-0.26470210095259666,0.47316126390032104,49,0.0,0.2839442633599432,57.24115932931936,-4.394271052814882,3074.1037178412907,1601.9662683426793,6953.225250176275,0.0,578.6761315066966,156.99673882320747,1.5387459675256658,5.016912521462109,5.691675194358995,601.3997889684869,444.3823352747979,382.5159488689136,1280.8352753100312,1695.3709119743353,80.98743211129461,295.9163028273721,1566.5167661757619,539.4302987707872,55.161602178673064
684,1666.032172185553,1605.3617820304814,0.9951425311137593,-0.18468014260959445,0.28539564990618127,49,0.0,0.018460929711054865,1.6322452781635168,-0.5319635523266555,1666.032172185553,1605.3617820304814,906.0498922926248,0.0,0.0,157.58362342334127,1.5402489635526713,9.78078873864436,91.34984565668726,97.27824131536569,69.34794322232418,84.355482306787,87.69513965730476,86.26414750537697,84.02619578993418,85.01014346905626,87.209264593859,70.48652754682057,53.24617249046456
685,1752.7419584914462,1604.6335993000462,0.4033639265798785,-0.014651184119178417,-0.022615062015138642,49,0.0,0.015067054255613265,2.4366464802891774,-0.9669813108602001,1752.7419584914462,1604.6335993000462,982.1483888055023,0.0,0.0,157.54748132010516,1.5399447850104668,8.578257729568303,89.47204182019584,114.3916408170497,88.12664409049852,95.58207200904931,82.7129070271347,80.77442127846825,98.03155005185744,78.09537950379013,95.35554629779611,103.28607814742699,47.7418500326669
686,1815.0759252308358,1605.0307677461465,0.24212404667188608,-0.36614797044923514,0.3470822477553972,49,0.0,0.005801395965206116,1.0720662412271593,-0.07555405133647083,1815.0759252308358,1605.0307677461465,806.2284751890751,0.0,0.0,157.52149948991502,1.5401093403682242,7.9731562691594124,74.13914893067903,62.84899363762148,77.63536769348141,76.93181502631845,81.26243786890744,97.18221711070807,77.69823619061718,56.352713320546655,76.658557153271,76.46761881403805,41.07821317372691
687,1300.9725304796689,1607.353242251347,0.8383482571980906,-0.21868602810071278,-0.0860306203207716,49,0.0,0.012288826925649055,1.1501317622550637,-0.15186899293256084,1300.9725304796689,1607.353242251347,875.2629741451201,0.0,0.0,157.73578643431992,1.5410752567697938,3.570994982796249,72.90575280484504,76.06901608018501,87.27112524626742,88.27797119700836,83.17853549985902,76.73178275556114,67.98764124838169,95.13051100816509,88.79098935801451,98.77882361206841,36.56983035196817
688,2327.2908794548553,1606.6527133854631,0.2812340991448528,-0.07818654167965008,0.02167480045235251,49,0.0,0.00965154375198047,1.431700673948654,-0.389630573490074,2327.2908794548553,1606.6527133854631,1036.1183489985292,0.0,0.0,157.3080021207377,1.5407655007580572,10.424598924451367,88.52163991333639,106.36929469847382,102.45794949319449,76.62238024405566,84.65718807580525,101.12248464058773,90.41402291426402,102.19383254146089,112.06965387482626,112.89370231843229,48.371601359640906
689,210.3048440044367,1608.1629378277935,0.3944069952119763,0.026785858183124466,0.12574642665433622,49,0.0,0.01803133954986504,2.3659783163223853,-0.9350269002387729,210.3048440044367,1608.1629378277935,1172.1328257061411,0.0,494.66822734308363,158.19037626968236,1.5413375014386357,13.257684422393956,110.11978543869773,138.89759802203184,101.18054688163781,120.55844318441943,98.24633392405009,108.14042627804795,115.6216778456732,104.43355654115335,97.99371374808999,100.64781860917478,63.03524081077088
690,1463.7676764194632,1612.1986896850797,0.5974408230674919,-0.012147520828926109,0.10084243373978541,49,0.0,2.1655503831956806,318.46963552112686,-6.257670077123763,1463.7676764194632,1612.1986896850797,31405.11560567153,3.1705276093707537,0.0,157.667930812873,1.5430970869795746,355.5405149391543,2968.633884234431,3068.616863792604,3125.226590398545,2900.9383426193226,2982.4671190869167,3034.803262982343,2683.9055360820576,2982.1197199236194,2831.41062046324,3008.9565267244225,1462.4966244248712
691,2163.080309106863,1617.0086802348717,0.49431365419160495,0.19052424895665562,0.1518510352634612,49,0.0,0.02121759157218531,2.960368439985317,-1.1783644140449914,2163.080309106863,1617.0086802348717,1093.6329385663205,0.0,0.0,157.37644595125462,1.5450890788550438,9.480087755371468,105.89245517066573,100.48845761391672,107.00489270985737,92.70932165733805,116.22745866328577,86.61798991278147,104.98730083150501,102.54516202954848,114.53018276057813,107.08770573319927,46.06192372827303
692,2035.0112203633867,1617.452910994576,0.6571162016818684,-0.678532685326106,0.13990463248167342,49,0.0,0.01709907190355753,1.389509116693465,-0.35715350141909435,2035.0112203633867,1617.452910994576,1576.8124471144806,0.0,0.0,157.42982675846133,1.5452793924531516,20.548461239809164,146.06184476605029,135.03808897746868,143.68894190897453,148.86634292252347,126.69436085021769,159.5914357965787,130.38183532904714,166.63441641835283,167.67907320798963,154.02079079243046,77.60685490503798
693,899.0939714680696,1619.2509290805167,0.5831902756631604,0.048522084400704796,0.14945181547776035,49,0.0,0.052233091482345555,7.464024213245058,-2.182432598972871,899.0939714680696,1619.2509290805167,1482.6901827659296,0.0,0.0,157.90329476158556,1.5460161663043475,22.700580238930666,131.21063230539505,143.31691680431555,129.76202985807828,142.5386996572407,138.8859045570171,142.22344001360113,135.91089180662334,137.738613093999,157.94043733986206,138.95513942816302,61.50689766270376
694,1223.9938135977402,1618.7237741072636,0.5992498232515177,-0.3655492595169848,0.27470074567434183,49,0.0,0.01437183551862426,1.7320796747190093,-0.5964196636244476,1223.9938135977402,1618.7237741072636,974.7871957971408,0.0,0.0,157.76787265878903,1.5458108394347307,10.481495412204604,100.96847526559115,102.50290962442295,95.6895520840051,88.10653072151823,85.9724957395482,91.02938846991124,71.3060044499245,86.0321052766352,85.21410097856162,107.31558639631118,50.16855137850689
695,821.6727135160909,1620.0407101583153,0.5404661550661731,-0.18148369685001445,-0.2992441210822934,49,0.0,0.009309570006068156,1.087727936097875,-0.09130070663418863,821.6727135160909,1620.0407101583153,794.407983805833,0.0,0.0,157.93556447996423,1.5463405505025956,7.046755641146288,73.034470360576,83.20078194032095,77.8161130507319,67.07722870639398,66.7949205412679,83.0381727412958,64.63133815364299,81.88795706466777,80.98119602982189,70.93623290009751,37.96281667586999
696,2328.0575973715527,1620.581264309341,0.6479843055017162,-0.038907567438064214,0.03276696360817286,49,0.0,0.009634978602885466,1.050329480235105,-0.053313888156547265,2328.0575973715527,1620.581264309341,704.24654522988,0.0,0.0,157.30768172348206,1.546568936855816,10.182639729427848,60.386447846373336,70.55838133976957,70.16996381845871,64.00995879490728,65.0539817639014,66.46450022872628,65.07846019387542,77.60469922695295,70.1742389812989,62.103803269675176,22.459470036513032
697,2888.557161244074,1624.4644681672971,0.9811243626491047,0.09706235199852775,0.09988786418690397,49,0.0,0.03161815672601834,2.610628256659263,-1.0418625859383752,2888.557161244074,1624.4644681672971,1243.382146405852,0.0,0.0,157.07406760681008,1.5481406582180506,11.974677523613053,103.18795364967272,140.43234619634137,105.38366348558978,109.30593118315375,122.5339476574905,130.2181436415836,92.55624776239259,123.37644168224313,105.75188608559266,130.6649320759905,67.99597546218843
698,232.27493344307135,1624.9666580041658,0.9000694145615259,-0.05792463484664864,-0.010068119531790092,49,0.0,0.024133728591641732,2.0216567019914855,-0.76426852466473,232.27493344307135,1624.9666580041658,1136.096376709831,0.0,162.75888036698223,158.18122154513532,1.5483411749200104,14.880778471365554,96.01936516492694,107.112838923246,91.8242650250258,114.12335501981183,97.19588093846016,119.73639034640435,124.82477679961028,118.55253545351863,92.80316995159677,113.81252560709984,45.21049500876498
699,924.4884889363825,1625.9042693086765,0.8979060440793845,0.23642797404959073,0.28420400017636066,49,0.0,0.017944968798897832,1.5774549775344937,-0.49489243201331157,924.4884889363825,1625.9042693086765,965.1524238723908,0.0,0.0,157.8927104913443,1.548789788069532,9.071353601893113,87.87802597607902,92.63102572061874,92.28052382854116,98.29582962906514,77.59374859602929,99.83685194594085,82.74856784890805,93.12592144792194,100.8208908972854,93.16891996950373,37.70076441060438
700,1451.6780382019717,1624.5437289033423,0.2525140354097318,0.45613794519212714,0.4156318820117092,49,0.0,0.011257742803180149,1.5110470198137538,-0.44819494663170434,1451.6780382019717,1624.5437289033423,1276.7075717240314,0.0,0.0,157.6729701336661,1.54824070931849,7.994316311044016,135.9869032507622,144.51529600222335,123.7485886517435,113.39152259482586,108.47276632232153,96.13413012453324,109.07992083285242,130.50269770634324,119.50937382058657,129.02630644800504,58.3457496587904
701,796.4737688513092,1631.9755812085714,0.704482760492365,-0.16890533868089577,0.06005558746091614,49,0.0,0.014533699011878853,1.4982672875223833,-0.4389732435906913,796.4737688513092,1631.9755812085714,893.9760591850527,0.0,0.0,157.94606829819114,1.5513116969479623,6.317987813167778,92.96667305641819,95.39077718264829,84.18300530007875,85.81436632993993,75.359914720272,81.8444166557448,76.57621453321863,85.4614292851337,87.51889834158021,85.90368940848526,36.63868655836514
702,2021.1648669923156,1633.03866631381,0.5029894132625287,-0.18416123467352744,0.22511622965740208,49,0.0,0.026332850128388187,3.6419773557715187,-1.4033431030335457,2021.1648669923156,1633.03866631381,1360.0656346836918,0.0,0.0,157.43559758173288,1.551773910494316,14.787836561964749,120.57086830178275,128.51328342067956,126.62188178677127,135.21507140956356,118.98523651356368,134.22889183411064,100.24554148135843,136.21029857402706,141.70342720989044,128.2002926006511,74.78300498932848
703,1272.8218853988653,1634.8801194294197,0.5579887368520912,0.7572677533798401,0.27985650454782707,49,0.0,0.010051253302040495,1.0449837895921406,-0.04777388366484109,1272.8218853988653,1634.8801194294197,921.5950546049011,0.0,0.0,157.74752078691924,1.5525440363844967,13.108883923545473,83.98840101505837,86.68613604620579,90.92049520181703,91.84051238382665,75.98138214014662,80.77948978886502,74.8392578941874,92.31087893692106,93.70355944104574,84.12965886670911,53.30639896657284
704,3024.9761668821134,1635.259455479341,0.519134067857957,0.24394919364184392,-0.6007744882052299,49,0.0,0.04497161555072161,3.9195340709428574,-1.4830861098693457,3024.9761668821134,1635.259455479341,3358.3575401171493,0.0,2439.4186462567113,157.0172098857509,1.5526231775079642,35.09030948896795,331.7882502042685,293.6869133236007,300.19956957943657,310.0930561620679,318.70118584643456,335.30743494709895,304.96484015218607,333.07330375314643,354.53466313545243,301.8408806466518,139.07713287783739
705,364.1672124159611,1638.5092347392588,0.5042228543788267,0.12882571796554693,0.10709185418143846,49,0.0,0.05030438241057401,6.86631274091968,-2.0918089510313815,364.1672124159611,1638.5092347392588,1740.720326695651,0.0,0.0,158.12625265623956,1.5539977533712244,26.486075967208187,174.72218108631216,155.45384895026243,155.94261656963022,165.94052514224325,179.77266841626715,159.41133970532002,159.28132189653,187.52007553095666,158.24610191655347,142.38879023197882,75.55478128238855
706,632.3416677160842,1637.8374200803341,0.8946655993719833,0.19924312906336147,-0.22561723381782248,49,0.0,0.0163091560093575,1.4178022869157605,-0.3790391813344567,632.3416677160842,1637.8374200803341,918.6781186121673,0.0,0.0,158.01447935864874,1.5537421349692573,12.522269521309784,92.25090223185273,89.17617605380312,91.69230022883414,97.46998611316425,93.32431119356899,66.41597917679063,75.3272122055024,82.21279710965011,90.18295731725604,85.50887356157057,42.5943538988645
707,971.9620895873903,1638.7560839489988,0.7481375781506548,0.12879775706846758,0.3589011869930657,49,0.0,0.04961701367937848,5.340184235674491,-1.818890600978027,971.9620895873903,1638.7560839489988,1507.0427445661028,0.0,0.0,157.87292369875655,1.554147191469192,15.542037185548171,149.4645077488247,131.00241828917487,157.99629100231434,138.96699987063806,137.43854207166893,152.64782873259568,148.01015259065957,135.47676808512392,142.33886965907112,135.61744070582714,62.540888624656404
708,1246.1760112095744,1641.216522699542,0.6386235019137326,0.07762860583744889,0.14052568450993616,49,0.0,0.5587479729898702,78.5792327852621,-4.738269460567373,1246.1760112095744,1641.216522699542,8202.859963375464,0.0,0.0,157.75862742576092,1.5551834492280545,94.0907012247236,790.9104572709479,804.5989840084958,737.9046858536219,762.6086072134378,775.6228944249872,806.5799082608385,704.6221871401362,766.9719231480665,717.4552152990623,859.0096253229656,382.4847742081837
709,1968.2263571964031,1640.2171981713097,0.429725093070895,-0.5461801885743095,0.22645910005267095,49,0.0,0.00915201793206651,1.1128998575415308,-0.11614021705014464,1968.2263571964031,1640.2171981713097,912.9047558161733,0.0,0.0,157.45766298935266,1.5547666674845124,3.7224904834195724,92.2842962984479,90.78343930319991,71.0249914365845,88.0910387198533,78.21825305746582,89.14997118784991,91.0419184426741,85.57101739998942,84.73907023942188,91.63411794471565,46.64415130255138
710,693.6336233271239,1642.2076106644083,0.728199109063332,-0.332015096974044,0.10507260619039449,49,0.0,0.022275871859025076,2.564290149737918,-1.022417910249542,693.6336233271239,1642.2076106644083,916.9376379151672,0.0,0.0,157.98893316254708,1.555567730508156,14.395874530655048,104.14968511693425,88.2572056761851,94.57042444503884,89.58353928824987,65.67256029094739,104.9689910252988,77.21457559563304,82.3754952049132,58.3028629276073,106.11765167411068,31.32877213959373
711,1043.2107696228022,1642.292142706939,0.490355843030075,0.5564414417189242,-0.44897268716556077,49,0.0,0.00965566497571223,1.103632335506268,-0.10706104114847341,1043.2107696228022,1642.292142706939,851.0134773230081,0.0,0.0,157.84322653859923,1.5556240099456244,12.381362965657981,72.07016063695072,88.24796986294335,93.43174344441826,67.82065811828801,72.07209594944143,100.87518030889072,67.9567121520505,86.48264648604061,86.30889356349374,73.73418407190344,29.631869762929448
712,2375.680279675219,1647.377007543276,0.7718456740396878,0.4545421883324739,0.6237335841461968,49,0.0,0.011728987427706361,1.036844549380524,-0.03928412239288062,2375.680279675219,1647.377007543276,906.0048046305541,0.0,0.0,157.2878306107473,1.5577307243895209,11.752273981325143,92.07659657606084,87.80565241022401,97.77139606031189,86.4878457269003,63.97228798656095,103.88179054465165,76.83369299619355,71.58615834812765,86.11634828013106,86.62075572782292,41.10000599224416
713,317.94492121779064,1650.2154115855108,0.5657428560898654,0.011488793097106811,0.16678871198634077,49,0.0,0.07892672398391101,10.232309632107173,-2.524934183807694,317.94492121779064,1650.2154115855108,2316.2710030737076,0.0,0.0,158.14551863462887,1.5588703292574144,27.679898138745337,216.9291909607082,215.38371290062156,209.05488583700696,220.22538462095326,208.5071849834133,217.3199129423035,183.12116656401616,257.84287339930995,215.34384944537823,242.43498828720567,102.4279549940453
714,2336.8290178197285,1651.3966039783697,0.4650325027868435,-0.2208619933556559,0.2570280006996058,49,0.0,0.011828613839005341,1.5399941995491628,-0.46879771262924974,2336.8290178197285,1651.3966039783697,836.3997723923632,0.0,0.0,157.30402388987181,1.5594079513813448,10.361905441907446,85.42670592344507,92.22140921896641,86.06209519130138,77.11616913244225,63.54522089293713,78.59012446442075,85.26223254023893,81.59410714115515,77.46968345821057,70.21626357746291,28.533855409875116
715,2310.277798318978,1652.3017986765851,0.4887322218889197,-0.2603055497774371,0.26793632532537176,49,0.0,0.012837711924107875,1.5547443995740873,-0.47914750273392015,2310.277798318978,1652.3017986765851,945.9190321960473,9.171399485276371,0.0,157.3150906375683,1.5597866943466665,7.021691921598043,93.9091166262391,69.08660953417211,78.46503695818484,75.03157989385696,79.18740066485631,104.68356514701864,93.73092555534595,101.33998736932557,97.06033451502458,98.40914877633955,47.9936352340856
716,2586.7934557260382,1652.0300002416966,0.40401101719643717,0.01655238592964799,0.09741036542515998,49,0.0,0.015399168708008774,2.394785120683071,-0.9481663777916514,2586.7934557260382,1652.0300002416966,920.0526200063505,0.0,0.0,157.199837527832,1.5596541006959435,4.73362662203201,90.68545748878716,85.53138517000124,94.64521426481451,80.36813679083942,113.83650177492171,83.75169266855512,79.28412885916137,89.84833124695176,63.04348671734438,82.68607487547078,51.63858352747097
717,1346.5690661513347,1656.4416107198094,0.7270088684604653,-0.4487418004682104,-0.008519859565684415,49,0.0,0.014578931624034775,1.4628379527697288,-0.41299054853992445,1346.5690661513347,1656.4416107198094,961.2411901472346,0.0,0.0,157.71678209538862,1.5615297360480507,12.485909241999508,100.59479256444357,75.46293679466115,87.0794563200354,92.0481121376276,74.74649313223003,98.79767126187255,85.98639934643838,88.4257139015649,96.4377039591734,96.58711107945408,52.5888904077342
718,2382.9472644876264,1656.3250421901023,0.3331279090850116,0.18164295903503724,0.1608019550566187,49,0.0,0.01176628547057428,1.5119025510928195,-0.4488094995952895,2382.9472644876264,1656.3250421901023,1108.7204660235343,0.0,0.0,157.28480110849102,1.5614585448955585,9.015957573430887,109.13483878524073,108.6946010097059,99.84361633081798,106.21410205555294,89.42539906798416,112.61094516705802,90.83992580086033,100.26725432934919,109.19198181502632,117.65975307944149,55.8220910090664
719,594.2450028622386,1657.4046962214325,0.3956127298006566,0.07318363610267836,0.062397438634886906,49,0.0,0.023096121010142294,3.6399284024519796,-1.4027321028548958,594.2450028622386,1657.4046962214325,1148.4557348428148,0.0,0.0,158.03035959061944,1.5618918563483446,11.754543705963147,100.687297611188,127.78631728320983,103.57671650562668,93.05262107154708,123.52438662306332,110.25568825056867,102.32827067999477,108.6170056496416,99.93022086923747,117.80504649954574,49.137620093228286
720,1305.8611054643463,1656.7540011187918,0.5893517819053298,0.1150555854925007,0.178059277333064,49,0.0,0.9458835494582297,140.83750570659956,-5.371795812305852,1305.8611054643463,1656.7540011187918,14102.275460813165,0.0,0.0,157.73374998536661,1.5616589760996142,130.72662278938333,1361.7656618915266,1333.514728860392,1300.3860571350244,1396.3841305218814,1269.1583615184545,1322.0475764693117,1220.126860339687,1421.0015298611313,1347.8600569485861,1396.3804310822175,602.9234433955664
721,2287.0638085682394,1657.5712934918906,0.5354286924065176,0.004309872120503155,0.31702628566899593,49,0.0,0.02157212325877063,2.85606764139989,-1.1394212219925306,2287.0638085682394,1657.5712934918906,1064.1716610376461,21.69187004347983,0.0,157.32476617390748,1.5619836266832405,9.091200003182436,82.61975279754317,105.8280811901327,84.99409699701064,87.35011023554462,101.03674836113072,126.71722279559886,88.27698983614727,103.6357079160564,114.02428040006282,105.4900876862153,55.107382819021176
722,838.7390523183702,1657.6348809166175,0.532110841610721,0.6557656088508359,0.1533511513230227,49,0.0,0.015550616672603245,2.051151856854373,-0.7799945362847747,838.7390523183702,1657.6348809166175,1074.4012412073632,0.0,0.0,157.92845346927697,1.562005621774787,8.74983581469175,113.43930156382623,100.67185550046264,88.40726840979224,94.74720447194912,104.37891970887043,122.46179278685456,87.52318939110624,96.31442810575092,93.11419019342532,112.8350473133862,51.75820794724757
723,2113.9183306400128,1659.219163701773,0.6442522672463779,-0.16954765723576617,0.03508818152584108,49,0.0,0.039351155007722696,4.988495383348518,-1.7449239365812015,2113.9183306400128,1659.219163701773,1300.201638153922,0.0,0.0,157.3969354812239,1.5626788178705107,17.76438691970192,112.34327046613072,133.50678384373862,133.28820538395627,134.08890353668352,113.9412026386585,138.338924598296,100.53263964843947,104.0027690936727,132.5496083285092,128.3139875782929,51.53095611784248
724,2392.1362741392895,1661.2888307641376,0.5392084017580367,0.08906583284776352,-0.1450983379964978,49,0.0,0.026577351992886904,3.5197124390008856,-1.3662679575187684,2392.1362741392895,1661.2888307641376,1197.9017319396476,0.0,0.0,157.28097073819578,1.5635261581244957,11.589270638701638,128.74942598939913,115.08081805897078,110.76200014479613,111.13089118369439,107.3047886036212,120.92541246372087,116.16586051407924,111.87577909243116,115.12769159358872,96.58847128870832,52.60132236793602
725,658.6630330127462,1662.1076480923257,0.5672508507082121,0.2682142453822842,0.16128104643149924,49,0.0,0.020497933869144978,2.6551857893380375,-1.0602372876127446,658.6630330127462,1662.1076480923257,977.7323217306322,0.0,0.0,158.00351047967968,1.563856557167923,9.582733738943851,96.99976134696385,102.01046236597965,90.41932414444412,96.12445293444249,92.36321667364955,91.8138730604532,78.24338462663349,96.37055735958259,97.70208483543908,90.33661999144692,35.765850652653484
726,2662.3993694624837,1661.6576246565926,0.5984409986267621,-0.09969140030912113,0.038931577085859294,49,0.0,0.20561465560133402,28.835579960226006,-3.64982172663042,2662.3993694624837,1661.6576246565926,3813.2020093750593,0.0,0.0,157.16832430806414,1.5636591028758606,46.32024060725667,355.71656808216466,372.5715724440358,375.6881041547465,342.10621371141053,306.8851204597877,383.3786137800516,320.64600200424036,403.3270774109808,351.5949083240432,383.0304832734983,171.93710512284338
727,609.6108010374993,1664.0145725098146,0.9152434498447583,-0.292219096953508,0.014664447532491428,49,0.0,0.016153067332742722,1.2719975680074533,-0.2612157024123698,609.6108010374993,1664.0145725098146,1008.382234069278,0.0,0.0,158.023955666631,1.564647167045867,17.809269767993552,67.931622917726,104.03709628359636,84.49774635110525,100.53222041120753,83.50098946273263,103.69531437437067,89.74457567576702,89.19826097043196,100.80112342366859,121.16898894058951,45.46502549008884
728,2487.677689520214,1663.05253547005,0.6754859771180377,-0.26214341993356494,-0.2707800870323144,49,0.0,0.009375794131914528,1.0849175807024072,-0.08849186710716406,2487.677689520214,1663.05253547005,802.3337415999345,0.0,0.0,157.2411483508652,1.5642543869036778,11.01247900232881,90.10123061998897,80.32443266787327,69.18822908069407,86.15838437575238,65.86021082957606,82.73411936737233,62.33325214864598,79.73849007039578,62.02865008688904,80.05291726637815,32.80134608403969
729,1213.7054685528847,1664.818113481006,0.45121029493814846,-0.2880060405920244,0.07263140177076285,49,0.0,0.02851231903886092,3.828046105032076,-1.457442899460316,1213.7054685528847,1664.818113481006,1354.1554696149292,0.0,0.0,157.77216244803762,1.565016415158071,8.429154618153508,146.43017371954247,120.55668723915419,123.19915870044096,107.77296723703849,130.67536043403476,152.47912011203633,133.5830520262616,131.10503091322403,117.84982484006923,120.31203947245668,61.76290030251671
730,2171.8964126090273,1667.1121763155638,0.545781224512407,0.09665499767390473,0.43317149305631525,49,0.0,0.014446145603982148,1.5976737870791782,-0.5087202745322409,2171.8964126090273,1667.1121763155638,1049.7712709541336,0.0,0.0,157.3727689709198,1.5659649445170358,7.883610893276526,96.8613275795905,103.31698207882272,108.11170136207699,87.4733660149523,90.91617258157062,88.12394140380921,100.01535274672503,120.93334295728224,98.59087742643538,105.70483410346424,41.839761806127896
731,2510.9725199848276,1666.4791553541882,0.6816176737963024,-0.18320042571979037,0.03639354209706259,49,0.0,0.035246441735349285,4.338946249444709,-1.593460675384017,2510.9725199848276,1666.4791553541882,1177.8096981425722,0.0,0.0,157.23143871513054,1.565680381098372,14.974043202997725,114.5831386249026,111.28739044159661,112.02815277128758,91.56309857306775,110.17193076511879,106.46972538098768,111.60697470132166,102.4137095325225,107.59856337698868,129.15996955226873,65.95300121951186
732,1361.814470493738,1668.1624866449765,0.6270456983188909,-0.8425245400431576,-0.32664720451264734,49,0.0,0.013544301029944025,1.005355338973291,-0.0057989715053903415,1361.814470493738,1668.1624866449765,1182.0053247223445,0.0,0.0,157.71042773236414,1.5664137361732424,9.550980847335914,123.03129625636663,118.82195830628098,109.28227112611216,109.43832236164882,106.90839515270127,85.59741965090033,110.969233873105,113.19034518720858,120.02533946254283,117.39963624126872,57.7901262568733
733,1396.1873848314397,1670.8751590215302,0.5381614900454367,0.02657950744279356,0.15561426401023315,49,0.0,0.18844807232266322,29.39403616929945,-3.6706480605968657,1396.1873848314397,1670.8751590215302,3654.097396653864,0.0,0.0,157.6961004148363,1.5675446456584128,33.267124160460455,344.71961837117453,355.1742780096537,342.96015760893465,316.27188798397844,356.1254319975536,344.40261344159944,363.0888601395615,379.20417631650605,305.3595336444549,354.63600120385854,158.8877137761279
734,2120.4555886412795,1672.416434483469,0.42450330814243703,0.2507123591963069,0.13922874556577583,49,0.0,0.02124412111279469,3.3937138176006294,-1.326688041715248,2120.4555886412795,1672.416434483469,1125.86819313729,0.0,0.0,157.39421009049445,1.568177360905815,6.645503444359572,115.45697058144022,115.31768854521262,113.03448426858169,95.14714068710802,103.01928326468808,108.56490866194687,108.61947441451568,97.03589380234878,115.63091268743152,95.95454556873351,51.44138721092352
735,2377.1807781971647,1672.0198414721501,0.3873681924359987,0.6010717130126375,0.1928809964310324,49,0.0,0.03604433455396048,5.375674736061531,-1.8260824578677952,2377.1807781971647,1672.0198414721501,1617.0758553695086,0.0,0.0,157.28720363394265,1.5679983100983133,14.553659525260485,179.61986347361204,153.45072753056178,156.22813743723393,134.17808594633107,145.74092433884596,154.89824211722316,141.40237427198335,145.9746563368214,142.58822694496354,167.12523448265642,81.3157229640155
736,2837.1333051936576,1676.7740437049677,0.5854115978347675,-0.06759009440101038,-0.10177076469942609,49,0.0,0.35777949767290057,46.8290883554708,-4.17628925810872,2837.1333051936576,1676.7740437049677,7825.591285491353,0.0,0.0,157.09549496502157,1.5699407452272218,79.92211429415806,731.8784815970437,766.3778297063893,748.9167041784515,747.3129801913719,774.4786156035797,799.2870293778635,663.483610294052,698.2623973049663,741.6288305786458,747.6210577752522,326.42163458958015
737,2953.626915091894,1680.1541818095318,0.4546274303512093,-0.12383336762473617,-0.4378719819686002,49,0.0,0.026800933126555355,3.2393538696055586,-1.2761459831949706,2953.626915091894,1680.1541818095318,1486.6394992653104,0.0,0.0,157.04694167897557,1.571336541332829,19.347590783797703,142.50432274218815,145.63534505181627,167.42854895510166,128.274350452693,142.42414522921337,133.9171097254182,136.99850579206299,157.30566849690308,120.47009159086949,128.83051310772026,63.50330733752631
738,1333.5449033113089,1681.2668162978691,0.5125364760995413,-0.053884205104928015,-0.1994731356193301,49,0.0,0.014603546084400216,1.6924599703852266,-0.5712960141516022,1333.5449033113089,1681.2668162978691,1051.7718578799593,0.0,0.0,157.72221136545923,1.5718732694265196,17.510837341664658,110.98034111489883,103.68412454869596,101.33613536680072,103.89432419129511,78.79073562881871,74.76681680701034,96.18388667276298,106.95123866511324,99.8174301154618,104.45228146806828,53.40370595936879
739,2903.3431857489763,1683.2683106431423,0.8535076665264483,0.348624013248915,-0.08446276189642674,49,0.0,0.013220238396119166,1.051869411059653,-0.05490456442891985,2903.3431857489763,1683.2683106431423,1003.4882478306487,0.0,0.0,157.06789882520386,1.5726395862604976,7.2778329284423595,98.47243584312196,77.06229521816988,83.78187407955303,106.13716325966621,97.11020574214831,96.09811442758794,89.5874245495508,102.53015328812857,96.86445853852511,104.50757696945658,44.05871298629789
740,2932.5461586212655,1684.851243343936,0.44874674179347507,-0.036404077167900145,-0.2485330017321296,49,0.0,0.09649562872305241,12.093603411478648,-2.706389306443273,2932.5461586212655,1684.851243343936,3577.6831824859883,0.0,0.0,157.05572728315803,1.573295910052359,47.73726424587879,349.69038652339,368.1725611418941,329.69428526785566,346.5952622930537,342.64307780080526,343.6151259578141,330.8839200534218,295.25045763741844,313.33981419351915,345.1168453448572,164.94418202608045
741,1267.6157758731351,1688.905883658239,0.7610041375787036,0.4897234494603348,-0.1088625371279301,49,0.0,0.013342626389606413,1.3348208158685326,-0.31355742660648056,1267.6157758731351,1688.905883658239,920.2349854002086,0.0,0.0,157.74969224715406,1.5750545594825829,8.219067155414946,89.49191907543637,76.16242294248347,83.35964129853423,91.99383335627644,105.84548065384418,100.90559102680784,79.4052827337161,83.54507292913091,75.36718229132906,88.23445889624458,37.70503304099064
742,2266.7890253121914,1690.4519135662401,0.8257450319927263,0.21624993393447317,-0.06413582098447354,49,0.0,0.0141511203215395,1.424329525402051,-0.3840261925424181,2266.7890253121914,1690.4519135662401,844.8581992617248,0.0,0.0,157.33321515188618,1.5756848532655807,8.537895434499003,75.47148487090311,81.31334976577816,76.34691670034431,85.80158684987943,70.79460491348955,78.62971618741477,73.77481746707792,70.86062300910868,88.81157557172753,97.6052818417475,36.91034664975497
743,1224.6368419221753,1690.2623084848312,0.5937944827295338,-0.003862488892035254,-0.13304807014512204,49,0.0,0.009867298212914356,1.0731839487147983,-0.07668542109572406,1224.6368419221753,1690.2623084848312,881.8775039840154,0.0,0.0,157.76760682349848,1.5756184651743146,3.5189073631590206,91.68665913716117,71.01421473495063,86.13577391963896,91.84815729030919,98.76409721848177,76.1848921500193,82.91555751148339,69.21494092028009,92.12500243509385,85.92706853178062,32.54223277165752
744,2780.0054333475746,1691.2595151417115,0.6108035466411981,-0.1332499779809487,0.12376990467429853,49,0.0,0.019103323401614657,2.234351590228209,-0.8728787832758366,2780.0054333475746,1691.2595151417115,1066.4042084549667,0.0,0.0,157.11930395036796,1.5759818649214745,10.563915122905525,116.83678553897852,117.30387583093867,84.9392806240268,89.43065390636232,97.80653365543245,90.71931154787626,96.81360852679002,87.5106051466554,104.0164716132485,117.5422902787029,52.92087666304923
745,728.1724402119607,1694.3647324949166,0.29247833501606213,0.36823629321363244,0.21038672215441231,49,0.0,0.012253099799101146,2.083810641204936,-0.7971456286798009,728.1724402119607,1694.3647324949166,931.5996303641107,0.0,0.0,157.97454099011702,1.5773019496728888,7.49975054738289,100.38276478013702,96.26396976481931,84.11505251473943,98.31788881922364,74.12159296996867,87.10404660798727,82.29468221897946,105.25332648546805,77.20934589135027,75.03662397458224,44.000585789472424
746,1204.472451382929,1694.7679733749535,0.210025480900554,-0.42804119254151435,0.09662125730597561,49,0.0,0.013256266920891725,2.4069226544475892,-0.9536553365243854,1204.472451382929,1694.7679733749535,1163.8258372557798,0.0,0.0,157.77601190797677,1.5774951682786305,14.102398353375555,119.63045766284885,101.66183082884427,116.93872930485637,94.93275880206372,120.73390609365836,116.77311533104677,105.79530358965334,106.1567220435929,102.48585607998979,113.88918377360463,50.72557539224509
747,313.48504226984124,1695.7481794681967,0.3313175801576533,0.12269537541846143,-0.05660231565223783,49,0.0,0.026019066186413545,3.009554696014912,-1.1962556016338306,313.48504226984124,1695.7481794681967,1707.1979907985638,0.0,0.0,158.14738221281598,1.5778410064629316,20.887327824627498,173.5462034537942,164.36416360329903,154.81141164883456,168.7663487374587,153.61788596462156,162.18359645853852,147.9165486460489,168.73353010362905,159.77976523439122,160.12472796857068,72.46648115474979
748,924.0991961715921,1696.6041482494095,0.7462677065824985,0.0853861606413667,0.27228718701323906,49,0.0,0.20060535700852306,25.354894123708352,-3.5101545034308668,924.0991961715921,1696.6041482494095,2905.6941225004134,0.0,0.0,157.89287664457316,1.5782476863619055,25.248428918771232,261.65099042486366,288.2123604990238,280.47236769857057,280.46829502470257,277.28311526904736,291.58506553149505,260.21110975579734,275.16949122134304,272.8319534787502,271.7756574453464,120.78528723270223
749,1504.7021459282212,1696.7463227447158,0.7876089422604124,0.19344741942108848,0.6675102401567853,49,0.0,0.013744405397851933,1.3907015628074624,-0.3580848567348089,1504.7021459282212,1696.7463227447158,888.503744888728,0.0,0.0,157.65086926801786,1.5783256408093396,12.321768194847031,81.27712125430358,104.17390082771952,83.54799571637973,95.11625867797167,82.09113467593642,73.18511049810108,79.4331535393014,72.73107218912205,92.47499286927922,77.03478613107438,35.11645031469192
750,2204.8749641369172,1697.4108733577514,0.6513382002503155,0.26028192906375536,0.5160537366602422,49,0.0,0.014278041791665858,1.4561298628657875,-0.40800027159608454,2204.8749641369172,1697.4108733577514,929.1403040210675,0.0,0.0,157.3590215363829,1.5785876691083267,17.966873109206677,86.63015418296209,93.49715056265117,75.51542116046909,95.41453256226139,102.10018970006378,68.63629460325217,75.41936774201234,86.97018089043125,92.51507999895279,89.33519762119072,45.1398618876141
751,425.07798736328687,1703.0719145775174,0.3694384579058799,-0.24065492814807318,0.34809940268606276,49,0.0,0.011274553706333536,1.710646728868652,-0.5829008281428154,425.07798736328687,1703.0719145775174,925.3307199752337,0.0,0.0,158.10087196018043,1.5809039164583274,6.977109457218105,84.26198619530905,92.05716203743572,76.01886685951303,94.13358109354425,66.85468952132186,89.88320773645007,101.00428621610445,89.43880929312101,78.60186597763294,104.54947003122493,41.549685556358305
752,2508.058776913761,1704.6861952671386,0.7731913962774369,-0.5953311405988377,0.3814496233514823,49,0.0,0.012349851479840128,1.2032853756758497,-0.20092159616224128,2508.058776913761,1704.6861952671386,831.1775374005242,0.0,0.0,157.2326503524888,1.5815998472575123,8.855560097298689,65.4125911881803,70.2108307472397,74.75449480939955,86.28988191885121,74.24713299155314,86.8413990724091,60.01660186323955,89.65494973019176,82.16216043470946,96.24209371927297,36.48984082817884
753,2487.875109707305,1710.4893513859283,0.434596389010004,-0.8707588003241077,-0.35508799233925037,49,0.0,0.008423775775474677,1.144586451009764,-0.14662150165388127,2487.875109707305,1710.4893513859283,792.0110911355034,0.0,0.0,157.24106263887265,1.5840192925672285,7.6641765121256125,71.82291409625043,64.39846142542582,77.4244872413665,80.52262365563868,69.4411924509658,70.41847165952386,62.79695011763835,89.4918794523187,79.43676055302633,88.51770619112544,30.075467780097963
754,3076.416823584263,1711.4355799816556,0.2301572843243114,0.44641774279990815,0.028463393294546068,49,0.0,0.005917361646734141,1.054859418895425,-0.05798646267171404,3076.416823584263,1711.4355799816556,720.7052861437062,0.0,485.77110529389756,156.99576164238005,1.5843552640975396,11.911278709874388,2.462313895406713,74.33873555881239,62.75985029707129,73.41456768080883,87.08246783339501,68.80348459723167,66.00000191175157,64.55328741273266,80.11096939400906,67.98804154931872,61.28028730329385
755,316.53237855840695,1713.7198098437414,0.32045090801200626,-0.010666652169702376,0.2906152139061126,49,0.0,0.012960828603022657,1.483633524072946,-0.4283165951332745,316.53237855840695,1713.7198098437414,1271.302300607389,0.0,0.0,158.1461139972582,1.585329181763421,16.28810956249459,125.17699754790019,108.47688161046511,126.85999707940944,108.17114599133222,132.42238111640916,131.266637336836,94.0400390881417,109.20752664198108,134.75658414525515,117.54080715344685,67.09519333371745
756,2108.952127745228,1713.4233238132897,0.5556852776570824,0.13599234512726185,0.2003183662798397,49,0.0,0.01007145262712508,1.0149252128679687,-0.01608510356544836,2108.952127745228,1713.4233238132897,888.0002535575603,0.0,0.0,157.39900323012773,1.585263930738955,17.15692926893817,86.76698439760622,69.49082489037548,79.73966349366356,93.69002083296361,93.61586646583788,86.40151976143471,79.27715675411778,85.61327866188768,95.18281811663819,67.58162938718745,33.48356152690961
757,905.807543060496,1713.9638499734228,0.3618627479227563,0.06371930119569709,0.6771284405487883,49,0.0,0.01152299300373354,1.8475935773728798,-0.6665161096935177,905.807543060496,1713.9638499734228,866.2229045920217,0.0,0.0,157.90050184927478,1.585479751957729,6.531097104700768,77.93501087410161,88.50547389373959,72.27026490648863,92.62274772400585,84.33221260654052,82.19752886489815,64.50026733267512,83.1600768494958,90.27557664151111,89.4740207474924,34.41862704637228
758,817.8707238282317,1715.7778620735291,0.46963768541836154,-0.36560277909431604,0.7699092146082648,49,0.0,0.009302183139930486,1.1340594220333324,-0.13658952789368306,817.8707238282317,1715.7778620735291,829.153509391323,0.0,0.0,157.93715526716664,1.5862301299491448,7.8200428291658355,80.97343110384368,87.63760337471192,79.03554860775719,80.7746082836793,96.32414426521584,73.74881475101716,62.24574691214973,68.05561149311869,64.0229831380507,94.71342642717039,33.801548205442714
759,303.5130417983878,1717.0505788223481,0.45083179213077407,0.14542224755086466,-0.011341721235916551,49,0.0,0.2950207948895716,44.66616123264093,-4.124946573192138,303.5130417983878,1717.0505788223481,7613.01699893583,0.0,0.0,158.1515406698057,1.5867155305861913,83.48077648310093,715.4226009470278,743.656837567051,759.603738577664,658.1343623559569,722.674290394564,715.8224384556624,646.3025907485028,718.8280418866898,773.791678979615,772.6642519286836,302.6353906113112
760,1923.5020090797145,1720.1299027591353,0.6589146721553661,-0.2566887618887743,-0.061116051183713674,49,0.0,0.017295493650735298,2.0001457595237166,-0.7526541144727148,1923.5020090797145,1720.1299027591353,978.0698172666256,0.0,0.0,157.47630277785385,1.588064794038748,12.856391508344007,71.15034749684348,86.3355549164668,105.74505209618142,93.83587576474692,75.06240921016415,97.59114148780469,86.28262612004647,103.14089614898435,105.88441287444107,96.43982319963851,43.74528644296369
761,2358.578478923356,1720.2076906492048,0.566429967942685,0.15208297329670525,0.07936564208296719,49,0.0,0.009605226950738734,1.0707387655940537,-0.0742088159691924,2358.578478923356,1720.2076906492048,810.1616458032374,0.0,0.0,157.29495427926236,1.5880774493475616,9.448964620171903,84.74254515775694,72.41969124697769,69.08607835635931,74.60044233651884,91.25059446174453,74.54398491886775,72.17448637511598,72.6611230475246,69.76853064080464,69.79392057579378,49.67128406560141
762,2794.887546940112,1722.6403583094288,0.5347194384960071,0.1492029737335973,0.03571307389735435,49,0.0,0.011032556815711362,1.2581526222137103,-0.24933331772699244,2794.887546940112,1722.6403583094288,879.7129209985708,0.0,0.0,157.11309813614417,1.5890552422934485,8.118174571857331,70.92728200029805,82.34914884313595,66.47432658278117,82.4185988109777,85.17906234868092,85.53093338823508,86.07248174095923,94.41043882767715,89.23148931029996,86.11239405627148,42.88859051739677
763,511.36107336693254,1724.216597798196,0.6063959981884235,-0.20678149916717364,0.2843417393945489,49,0.0,0.01503293073509662,1.6441403057680162,-0.5398471902801454,511.36107336693254,1724.216597798196,954.1672840640767,0.0,0.0,158.06491130971054,1.5897220881833092,6.28635363352377,96.34551626271193,101.20814083659597,80.6734922688985,82.657106304167,92.05066442636362,90.10718739368139,89.10365389638231,94.71008257224165,96.01892903462414,83.46731285442654,41.53884458045987
764,2562.314313802814,1724.0970309231832,0.43203075874416064,-0.22425681890913612,-0.14800911440717854,49,0.0,0.031923442167334885,5.276214916916729,-1.8058061935552359,2562.314313802814,1724.0970309231832,1234.5730706129693,0.0,0.0,157.21003479549057,1.5896832493459399,16.060276428875284,115.2901173610304,116.72473958238123,131.60050574605836,101.25359172454367,96.38487830323234,128.73950421028215,117.39043953286637,125.850734847246,108.84622721471138,98.49463894682627,77.93741671491568
765,896.9981938581617,1727.12860197843,0.44832988883891295,0.06783179005939687,-0.21097259996335221,49,0.0,0.017661784395124946,2.352221822659836,-0.9286956870206253,896.9981938581617,1727.12860197843,1085.001212298045,0.0,0.0,157.90417447490316,1.5909644727693129,9.11803974449964,97.26307465997739,107.46002795738941,104.6802659475742,89.0951111665454,101.01266943456963,96.08641608260038,89.73184523566809,112.0683025861895,103.15547229599079,118.94523168883158,56.38475549820892
766,2142.6522405750734,1726.9462953994037,0.641021119799579,-0.04013103105346027,0.09237594850969061,49,0.0,0.25349988666999557,35.181255165304705,-3.8657783244182733,2142.6522405750734,1726.9462953994037,4183.927137722429,0.0,0.0,157.3849557532027,1.5908969696422912,45.382150702444356,363.48525288806354,393.08628718359444,370.7705063999192,372.4965511914246,398.8015331611666,438.49142208761674,382.4360184339119,405.688689245162,371.7348965677646,448.77445882907546,192.7793710322847
767,1180.6052356270598,1729.91126855647,0.31094532293083194,-0.9894447324734822,-0.27375429533452145,49,0.0,0.029402973356826234,3.7553518544680573,-1.43662658523799,1180.6052356270598,1729.91126855647,1793.2710437924352,0.0,0.0,157.7859614628435,1.5921373173496742,28.607489332947807,165.19991337216834,160.9537037185774,148.21106339178175,165.371757249569,186.53946999435456,179.53521961299467,171.4412784020672,164.7416396871493,157.42957142557017,193.7343392264421,71.5055983788128
768,2222.7297269694222,1729.7505248172718,0.352143824250565,0.2722129168515867,0.3033735982343494,49,0.0,0.013022497165079607,1.944765135884288,-0.7221679005960274,2222.7297269694222,1729.7505248172718,1150.2176949665363,0.0,0.0,157.35157773933983,1.5920614622714153,18.89775078374436,110.75721186858594,122.97828656583648,102.4115810729462,108.72207616989581,106.02633687726166,107.87410884029046,93.8214663455718,115.67001562138964,120.55901343573201,103.88544265447041,38.61440473081164
769,1985.2865480735916,1731.927890862778,0.7663912889392743,0.15720701409706006,0.18228365920625578,49,0.0,0.01602953534791477,1.6825843124620279,-0.5649420886584525,1985.2865480735916,1731.927890862778,867.1526629874256,0.0,0.0,157.45054913958083,1.5929787622573202,10.914298485594596,77.51513689820754,77.06038673609373,79.2869146924209,75.21570576080238,81.15641284539012,85.57143465224786,66.56768185684476,82.97762228391599,82.85425866265801,108.16252233569787,39.87028777755188
770,811.1212818767124,1733.3894142936415,0.8564335408967156,0.22745978422406277,-0.14127989831400392,49,0.0,0.015376774827257076,1.442387784125045,-0.3977050890044747,811.1212818767124,1733.3894142936415,906.0564076267194,0.0,0.0,157.93996965141406,1.5935677045985843,8.020767644054256,84.8910632390451,100.84363469194193,82.7821606261607,68.64387024948388,92.45171312735386,87.5276292138036,83.58894563568155,89.55305044441033,71.59187780156071,92.77430722372463,43.38738772949881
771,1471.9513108237347,1733.9486694889817,0.6000861425681624,0.12052313037105002,0.12926044523224256,49,0.0,0.020744443580628567,2.5226577644626915,-1.0046458402387475,1471.9513108237347,1733.9486694889817,979.1755667789649,0.0,0.0,157.66452100534596,1.5938262942085468,3.657304972274807,93.16154895799258,96.82703947859369,93.39808120370519,93.20873962293896,88.70461451476717,90.08315681957814,106.28689531695132,104.97980132956327,91.38324933259473,70.9228773510622,46.562257878942894
772,440.3257139942585,1734.8298874090597,0.7878686408213984,0.6165063852068473,0.40520629295883315,49,0.0,0.01591740663052028,1.4119020713277883,-0.3745114383956044,440.3257139942585,1734.8298874090597,931.8396339424633,0.0,0.0,158.09451978087915,1.59413741296265,6.329034020444386,102.94414275901472,82.16339710736644,90.41350894388194,88.18277954152806,96.2733765850472,108.94076498354917,81.22733214435343,70.27461123518027,81.86743307988975,81.7921716105079,41.43108193169997
773,355.68510854713844,1738.2908455406432,0.5513644037435096,0.11530534693452209,0.01593331624889734,49,0.0,0.07801270034799773,8.148538919202547,-2.277699360434954,355.68510854713844,1738.2908455406432,3250.24951757087,0.0,0.0,158.12979798843475,1.5955708361417387,32.10781058872339,311.28924987116835,309.5098091290795,300.78562629587327,303.0974862079861,276.1694710471062,298.8024977509581,309.01992687546704,320.02498997593295,312.1419907113458,342.7065342069118,134.5941249103173
774,1958.330022684484,1739.0478269626703,0.6132055269114116,0.09294258498844918,0.09817305571711736,49,0.0,0.08455618804693474,11.577430758461217,-2.65903048068434,1958.330022684484,1739.0478269626703,2041.004318193587,0.0,0.0,157.46178507312248,1.5959462328184015,24.342793890112198,213.58337377277792,197.37202905703816,203.66810162151177,199.73511032867242,184.0824156440101,194.96221189870545,195.06161522098307,198.47665807444662,177.78341385319095,174.52432304653135,77.4122717856068
775,693.3575470395391,1743.0805364381981,0.28921432906190914,0.5940300141839057,-0.09006156886166018,49,0.0,0.012126128602275993,1.9747854435738048,-0.7387997932812412,693.3575470395391,1743.0805364381981,994.7340740591612,0.0,0.0,157.98905568006685,1.597597159688528,11.348344840946117,99.42667860267397,98.48985573541525,102.64544708835155,89.41967634061704,84.97180882432427,106.09515719800325,92.17660031039853,85.3608204022663,93.14725630414654,97.44300542800613,34.20942298401221
776,2169.0601355984313,1742.8275555003527,0.6585973695417807,0.3385775615379252,0.3340473873986965,49,0.0,0.010910307114522786,1.034500491513911,-0.03682675336163013,2169.0601355984313,1742.8275555003527,883.1392552183981,0.0,0.0,157.37394766992566,1.5975128642263972,7.303271675843159,93.07941445744598,88.59851490838082,80.77041711818019,83.49181376380228,81.78289477335471,71.92862921495839,102.19392935502188,88.21766337117761,79.36286930392254,72.26046443986391,34.149372836446595
777,958.8570714650493,1743.8941546064839,0.5934577495668503,0.17364948032561406,0.23576273458428548,49,0.0,0.17228727180433764,25.285379664772826,-3.507173697578904,958.8570714650493,1743.8941546064839,3089.0332924700497,0.0,0.0,157.87839150686924,1.597953538198938,31.532788619522364,283.24480441407854,293.57873658015404,298.71000858655054,257.46448635656714,322.70769639424174,294.34133802341915,274.69484149211473,282.0125687318265,302.4902780291492,303.10928631119907,145.14645893122704
778,3006.881456564703,1745.0044500960482,0.7264624880132019,-0.27398952045674296,-0.728731479160457,49,0.0,0.03822685196532076,3.3001836994785814,-1.2963452871564087,3006.881456564703,1745.0044500960482,1835.8568317585832,0.0,1075.772148004032,157.0247387555306,1.5983499469327969,19.579142251857224,184.24928848578259,182.26379110755943,158.1735312862072,178.24862614976408,166.1799764963747,165.1246861675251,181.06171814966967,190.4050225986378,151.01980550578236,176.20221779791976,83.34902576150334
779,843.7068335548973,1747.271621322941,0.6355366077330842,0.29620385803518323,-0.08873077167097165,49,0.0,0.01864632096606057,2.246288199198559,-0.8786636889098138,843.7068335548973,1747.271621322941,960.3333931638011,0.0,0.0,157.9263883761093,1.5993539873879616,7.623093156208539,97.12952931599085,82.1970111475144,72.98426662278072,106.71934378048684,79.62959082192755,100.00247536854683,97.99313367620724,81.9846862048914,96.04891626735986,104.32465043239804,33.696696369488855
780,1199.246368699423,1748.448627840223,0.25791644306949546,0.27998714335518315,0.6284028313768012,49,0.0,0.006592400140665084,1.007655250239584,-0.008279930154553507,1199.246368699423,1748.448627840223,877.0570183169684,0.0,0.0,157.7781920025294,1.599861820868023,11.446946813965935,70.7463386584304,76.34493085707061,69.08674143299243,86.61146775302694,85.42432445406064,98.04283171042843,81.09441696375406,96.95385882167591,77.03495474075321,87.11165603373287,37.158550077076924
781,2484.7301952132802,1749.820423286895,0.3582810627636231,-0.22209947513810288,0.15926982798769374,49,0.0,0.02896407595094088,3.005745182059175,-1.1948803991132326,2484.7301952132802,1749.820423286895,2179.755443239369,0.0,0.0,157.24237063515744,1.6004071188840454,17.41320246765453,239.5510656750618,208.26280577886968,191.42343307929747,210.12518236406112,191.04050473510608,209.05015009029586,201.01487331235245,201.76697394240648,207.94043171689117,216.37258813002796,85.79423194734446
782,184.23016110509133,1751.346488091731,0.414371216077333,-0.23209058833542898,0.005101104581059884,49,0.0,0.012062927993407264,1.2553195573596323,-0.24688573751493417,184.23016110509133,1751.346488091731,1074.9741283521403,0.0,992.952031727511,158.2012600263209,1.6009911396313161,12.463569243540643,97.42490480468969,102.83249111324076,112.7676810816934,80.78372337753487,94.43690650038552,114.90494695965887,101.8819613151035,95.35508872218006,103.18937802363658,108.84864265987139,50.08483455060507
783,1051.9959916757016,1755.1837014174823,0.5837085738692632,0.08871826119326014,0.21072321438847805,49,0.0,2.101538830146941,318.15043930404903,-6.2565813181227545,1051.9959916757016,1755.1837014174823,29684.330234396897,0.0,0.0,157.83956977957286,1.602662157986567,292.6310074817002,2798.1212705239486,2894.3502107305267,2712.408455860458,2796.0976811193696,2864.714412209347,2822.943692939649,2648.7891427817312,2787.943890207822,2845.256841784708,2842.6721617078747,1378.40146704977
784,1753.00721325209,1756.122926521768,0.3895884968126273,-0.8300269816614849,0.18814868649945263,49,0.0,0.01719502852801687,2.3869907818568,-0.9446268546006156,1753.00721325209,1756.122926521768,1121.1680560670475,0.0,0.0,157.54736887688566,1.6030652681964026,10.156735751004945,91.00540762308862,105.14559312971521,116.73700354709325,96.98108506782485,107.55773868297572,96.12628438966536,91.6373848185307,114.75441283313495,120.84777639351925,104.74159060978947,65.47704322070499
785,1061.3403721350662,1757.1913455772226,0.6115238240132066,-0.073398795732943,0.21057571206158868,49,0.0,0.01797246083001323,1.8104883339605147,-0.6444893268691856,1061.3403721350662,1757.1913455772226,7069.633087684398,0.0,0.0,157.83567491557145,1.6034990996990979,83.7074135538459,703.9572538204504,677.2063057722968,634.9602880101095,647.6095506573499,676.1695205050812,696.1178128802682,593.8646111467983,694.0180040106002,686.76939053232,678.3426049915349,296.91033180374137
786,2472.6850072788443,1756.6453779516157,0.5494407766309315,0.24915871430770822,0.20043759428621244,49,0.0,0.07259741290145057,10.490915953178847,-2.55203351935073,2472.6850072788443,1756.6453779516157,1962.6867694981165,0.0,0.0,157.24739072963067,1.6032516847503773,27.131257938369213,179.41664544101323,210.63979005117756,186.58207718147696,177.46341990736033,184.5146660467235,178.9591571343561,149.3766306499341,190.4208105710012,180.9134404536456,198.61843681464973,98.65043730840901
787,1667.5529105785702,1757.6041778859587,0.5827857138112051,0.23833659577798583,0.14099721926940928,49,0.0,0.1193601467208928,16.63545504866717,-3.0525867128050383,1667.5529105785702,1757.6041778859587,2676.493093990548,0.0,0.0,157.58298872250947,1.6036832509176444,39.87879761992766,250.91200144575294,260.3178530124221,241.26954901447624,254.6021882084246,242.91481580097695,248.1044706193259,245.0717953574871,261.5538468038303,239.36982057661638,259.9100005007832,132.58795503052454
788,2693.9234128331123,1758.592649674366,0.6586435249961649,0.19430523303525826,0.113047175110694,49,0.0,0.012088429482558519,1.3394272039694948,-0.31729778819119453,2693.9234128331123,1758.592649674366,802.8005099509917,0.0,0.0,157.1551765783911,1.6040445817332125,6.896112888189891,85.739128738121,70.99978021121913,90.96836321104229,70.57152742649527,79.21114260604165,82.20560911539951,69.42561082452197,56.29273005108079,78.28164201053538,86.76825428234214,25.44060858600266
789,749.2201782941503,1760.425873939906,0.43659477042690015,0.11044476298578769,0.7074241301733314,49,0.0,0.009123710255173072,1.1442653151740885,-0.1463168346493356,749.2201782941503,1760.425873939906,833.8594510547066,0.0,0.0,157.9657726994076,1.6048283868905542,11.646871771940432,78.40125107040711,84.07378953434545,76.19125850812175,86.44723815665276,64.64733979980866,82.0296446596258,75.18412773326199,89.58609760719455,73.31860066290062,68.82854541666026,43.504686133787075
790,2620.5591073784167,1761.023562560676,0.748012304207007,-0.1581322790768863,-0.45553157260410365,49,0.0,0.015370235856572925,1.6120962722540595,-0.5184774343368227,2620.5591073784167,1761.023562560676,906.901025492923,0.0,0.0,157.1857549928964,1.6050640108015348,10.827582305513857,86.98542239852448,79.32317045756176,81.97602716438654,102.53640000221566,71.1916729820354,97.09320778272048,78.98253674038152,99.70274002416265,66.46126365639877,90.92201059603838,40.89899138298358
791,782.7812770835935,1762.4286647542058,0.5451408970529341,-0.08332193110485961,0.5818001594415958,49,0.0,0.03277218861140733,3.9621697625213446,-1.4948326982907634,782.7812770835935,1762.4286647542058,1395.4885634791785,0.0,0.0,157.9517840792889,1.6056652446540414,10.999324316671375,160.21888573767825,143.53184357745917,116.31981564626273,106.89943059333456,132.4346175551676,133.20333708076558,118.26542528792771,129.38683784157706,140.1887588741324,132.77403758866822,71.26624937953395
792,856.069173313247,1765.0216192124021,0.5091859817137854,-0.05619662574017237,0.2520638922751839,49,0.0,0.010400788206345104,1.1840311670318493,-0.18340783597527488,856.069173313247,1765.0216192124021,879.1386539621966,0.0,0.0,157.9212366258897,1.6067504869449647,12.07258427604922,74.29479151211962,76.79228814598521,75.18977640149589,86.51972750775224,95.04007789721068,98.3263707800392,77.2155765615979,78.85961727971046,75.1555299650175,82.97603676275861,46.69627687246003
793,2321.796587918969,1764.698120147919,0.30509118231921956,0.05612793197607549,-0.007935165140452468,49,0.0,0.013926677639396793,2.4053727543512258,-0.9529559685248699,2321.796587918969,1764.698120147919,980.064162501064,0.0,0.0,157.31028289415408,1.606617138703836,9.422129617125407,85.23561915296985,104.59713277832554,92.66684779794733,86.08601630503992,109.65583643739721,88.51905916347567,90.63322083803575,66.59016579125827,84.62771980949563,112.92378759422581,49.106627215767475
794,2461.4208535325884,1767.167497314402,0.39545737465736874,-0.026504707469239608,0.04841807341032449,49,0.0,0.008318084057933413,1.0951951805344915,-0.09872880998457145,2461.4208535325884,1767.167497314402,835.5960657313519,0.0,0.0,157.25208503814633,1.607636636920645,8.11902424470977,65.70862939533819,82.22663296468917,71.08256171478254,88.5027489260607,66.30934247544707,81.79402052969112,79.34216743137331,80.07559451787701,91.28353618948017,89.87393776979712,31.277869572105786
795,1577.3600428037425,1768.764133869845,0.556940157021411,-0.12095749289930377,0.14352660126787678,49,0.0,0.023521790836990197,3.024187995075692,-1.201521962679946,1577.3600428037425,1768.764133869845,1199.9547244851249,0.0,0.0,157.62058380358047,1.6083333939965943,13.666416117344202,100.5937049806218,133.88937169572506,110.35084240869466,100.02016484041053,112.40858055185832,115.00748135828363,105.22302708634179,109.94360894796664,110.65920392232877,132.08207916122075,56.11024341432875
796,2700.9037399952267,1769.50095170903,0.7372349584704115,0.09139099801567793,0.2662174956153949,49,0.0,0.08391102651478896,9.784185624934032,-2.476311708782712,2700.9037399952267,1769.50095170903,1952.709458012098,0.0,0.0,157.15226617865335,1.6085889058681668,22.577834568626315,166.68874569762147,198.36163336366505,206.1641578631028,184.21091875177356,177.51806608799708,149.0091499833583,181.84770748598226,190.3942717094086,193.14898570246615,198.4949822867389,84.29300451135748
797,868.0424395149099,1770.376371606388,0.5759619706789701,0.1254202900654129,0.21945636510255642,49,0.0,0.14010856331577187,20.666228202610075,-3.2881530517198265,868.0424395149099,1770.376371606388,2865.730601297625,0.0,0.0,157.9162462694896,1.608982350273659,29.553815735014226,278.4185076695703,276.9827026996741,256.00919402193705,259.58924566025746,250.90722609577062,289.5856086418427,287.1926216041362,282.6640275492358,245.30570670301233,274.69990867586864,134.82203624130523
798,2714.721024823321,1770.3621126457988,0.3085842897511679,-0.3325872784771596,-0.13602430647619398,49,0.0,0.009156099608851925,1.1766089022497095,-0.17658032486445957,2714.721024823321,1770.3621126457988,909.7643360832647,0.0,0.0,157.14650700678385,1.6089464087601504,10.986493818628473,89.6220947517413,67.56380938117687,91.4502042989145,90.85937819168082,76.93751848004179,98.74017521833647,85.72403395895182,87.90764197923826,75.06819785001039,97.90707312440833,36.99771503013554
799,2929.2119266203545,1770.1893130490803,0.33013304314078123,-0.4975754288633938,-0.15751317233381054,49,0.0,0.011312457721511819,1.36653560663895,-0.3390523805315421,2929.2119266203545,1770.1893130490803,1009.0231407153723,0.0,0.0,157.0571077107631,1.6088521157197453,13.725617059623774,86.95218446137648,97.324351659312,99.40117299799954,96.67962868538828,105.68548047337632,95.16400888736315,104.52793925544736,86.17007351251962,91.86026618248823,92.46292017611285,39.06949736436476
800,1981.0929542938002,1775.8856979261918,0.4865860812917384,-0.30261151489633215,-0.11950853286805546,49,0.0,0.011407655260549671,1.2783650735556848,-0.2666372417339944,1981.0929542938002,1775.8856979261918,1011.4972073895862,0.0,0.0,157.4522957696753,1.6112945572791095,8.43712371817992,74.4313584336449,109.81366170721516,102.97398775282869,96.50226731112045,82.17418400311296,105.09876274216128,85.54986011120991,94.0862932704712,92.61829368662706,104.28444671152607,55.52696794148851
801,874.8797786787449,1776.1762944730478,0.513978630661471,-0.35069397270412545,-0.2651719210277946,49,0.0,0.014538117786297943,1.629687168766609,-0.5302606154310986,874.8797786787449,1776.1762944730478,1746.8705022452164,0.0,0.0,157.91339667937555,1.6113993715674977,20.640198166939513,158.8234221818837,167.62218153437396,151.3764699338417,168.50132835426575,142.8248598701245,178.85244494527885,168.14942311621243,167.58824385464862,158.9933522817022,178.87890800387623,84.61967000206911
802,2685.9150880229454,1775.923831327426,0.2570267591622745,0.1112585633942296,0.1773421935648404,49,0.0,0.010183912673614544,1.5799919131983566,-0.49663716032542715,2685.9150880229454,1775.923831327426,924.4750205512198,0.0,0.0,157.15851294544754,1.611266411916485,8.793892497816113,75.76918352553795,94.43902834286247,81.58642732619745,89.02058707859717,90.26693707035787,95.58572714057755,66.10119392698111,99.0103840493706,84.66584089290737,98.00424405332674,41.231574646687406
803,701.3969839638195,1776.6988592939,0.6950413079222285,0.041195047394982996,0.24858879618050236,49,0.0,0.012079689992613277,1.1925762326037963,-0.19121537460740473,701.3969839638195,1776.6988592939,851.398453957628,0.0,0.0,157.9857072188748,1.6116050892652247,3.2097811505684826,71.60822590077976,83.11161229579967,90.01954161774032,71.2923561196387,74.52364377170446,91.0185270052606,66.57924927762534,90.07971601334543,80.01393947166375,106.93612468520361,23.005736648297926
804,2960.0913876971913,1779.9703066803286,0.4205508267286979,0.04135088265281593,-0.315161519910894,49,0.0,0.0920564514227839,12.249279531176658,-2.7202763636215805,2960.0913876971913,1779.9703066803286,3623.362910914072,0.0,33.98425726853113,157.04423635224785,1.6129237916936023,42.15233077231725,350.7381165817163,367.9065584337494,338.8553491874459,345.46215906008615,354.8687336504938,321.50343444414267,342.830910565073,308.16580028958276,327.75190282392055,353.05074934094137,170.0768657646029
805,2425.877941536802,1781.4592232909874,0.6335654279692211,-0.15773815405726968,-0.3105009319469482,49,0.0,0.010424285200687111,1.0463687664315562,-0.04921191926797118,2425.877941536802,1781.4592232909874,839.7172730829636,0.0,0.0,157.26689888801565,1.6135939543237072,12.5303828711877,73.99211571342968,85.6166112440782,78.81025112442794,73.68012348980164,85.38000434354485,91.19243742090032,69.77199573220295,75.8772150423701,85.06444224725826,74.48944018994163,33.3122536638204
806,482.95017572779426,1783.9336049827361,0.5312496444004987,-0.07163361038020137,0.29690766635898097,49,0.0,0.05521641985433725,8.082019423019338,-2.268799724552636,482.95017572779426,1783.9336049827361,1553.0460918316116,0.0,0.0,158.076758406469,1.6146006848963785,20.32204614013436,140.60208495751453,132.5412258343041,131.19250030747025,139.2159748783006,147.6195491628677,157.72358666447562,151.13997725273407,138.98567209664324,160.16592391619727,167.35024724942195,66.18730337154784
807,1282.4856142615365,1785.3119908115916,0.28084108382739503,-0.11473925211413838,0.47673505289421975,49,0.0,0.017461396272085004,2.8949446872983935,-1.1541006755726484,1282.4856142615365,1785.3119908115916,1234.4636689074798,0.0,0.0,157.74349667104363,1.6152240252124581,14.476612796397646,126.9994528498743,121.94607426582789,116.30752107587423,93.85711800236358,108.21716351817682,113.27852154864921,95.35580651503051,125.91993961742784,117.34052792434574,143.3866522459212,57.3782785475909
808,2348.619772181954,1786.6730973494773,0.7191929844066854,0.16724657144724622,0.11906528149681006,49,0.0,0.01794648392595842,1.8692821214268736,-0.6791871305638555,2348.619772181954,1786.6730973494773,926.2469753848975,0.0,0.0,157.2991011611329,1.6157715538941,7.798372818813839,84.64869198191201,86.71615891050814,101.68578160045121,98.65044964729523,87.97354389977946,79.84586059961995,96.60029540201886,72.39721553793864,78.15516842306236,87.0865508111842,44.688885752313524
809,399.64399527808285,1786.9787876851356,0.27068417198795963,-0.040055025932338624,0.03890557698605941,49,0.0,0.010968701146607498,1.4000266642455803,-0.36534076781067376,399.64399527808285,1786.9787876851356,1042.748126668359,0.0,0.0,158.11148089897506,1.615861212927724,9.560557350082238,87.20109133720992,115.45015647039548,85.0489484654847,96.84319113866479,94.87821978113666,101.08700057968542,90.0492485716496,79.73859769060294,104.27838785026518,132.83406279117503,45.778664642007016
810,1382.8144200449135,1791.2193412498666,0.6592669027390007,0.3014098852778611,0.4746813406077967,49,0.0,0.02689439134932313,2.8002498219194547,-1.1179919457137908,1382.8144200449135,1791.2193412498666,1299.7793067925277,0.0,0.0,157.70167668814088,1.6176877096754518,12.000206676579344,114.50269831348615,147.0121074846798,117.01299630186078,118.31399599752929,125.94143019619403,126.40261560831121,121.79938274999543,115.47269876188658,115.64832183813243,121.93593976407887,63.73691309979368
811,2259.0270491717956,1791.8636531363018,0.8044558259004745,-0.2481029691646737,0.08257112564238692,49,0.0,0.04616938804604607,5.280656868218398,-1.80671987096475,2259.0270491717956,1791.8636531363018,1246.1512915734438,0.0,0.0,157.33644502008394,1.6179396422977226,15.589791652985088,114.97275806269215,101.60015022062939,109.99274904836923,119.3725170395132,126.84600913068745,114.7621273919394,103.93270741968564,124.18821389395967,136.82736281483983,122.86269929848581,55.20420559965696
812,839.2315125891769,1793.5997555505994,0.7816205961920547,0.29537783208374224,0.4676280001969661,49,0.0,0.02053687630227946,1.6242790704768537,-0.5266516206924908,839.2315125891769,1793.5997555505994,1311.7330499330637,0.0,0.0,157.92825663283062,1.6186567635902203,13.855626652203131,116.62895925362966,123.78569051582915,115.81440388213588,107.99602211895291,119.43149128836463,127.95740514748516,125.94290820257824,128.9426010184136,103.51140799050555,140.07049671109831,87.79603715186778
813,1433.0862318439843,1795.6309771215065,0.5351044186225213,-0.005258098181025368,0.27394230695410715,49,0.0,0.13025853546104374,20.161749682558053,-3.261320546183117,1433.0862318439843,1795.6309771215065,2719.645443279407,0.0,0.0,157.68072186986214,1.6195267146459384,14.27407873384251,261.37638050632154,248.46977110857443,243.6086936032142,254.4780148705508,270.04244230169246,257.0884247856388,232.69363659138907,275.0835709020721,258.40548500771604,291.28635670626267,112.8385881621326
814,3092.146304998346,1795.5443154137763,0.9559541565475476,0.0776411297404267,0.30365538539052894,49,0.0,0.01456125959309784,1.4357106697038764,-0.39266731980154396,3092.146304998346,1795.5443154137763,593.0903270831152,0.0,97.44867907162492,156.9891957393842,1.6193965070566103,0.0,0.0,0.0,21.272897667742804,85.85255076442016,63.400062152838764,53.22376959549776,205.20311011261663,39.97333799015833,61.28126482443973,30.23292561330728,32.65040836209368
815,2184.012579303159,1797.5304799449555,0.5734798296246856,-0.12989346832083384,0.07009354217420928,49,0.0,0.014259619389095384,1.7178420701645247,-0.5874580861524938,2184.012579303159,1797.5304799449555,938.3774465308313,0.0,0.0,157.36771257702438,1.620304781198571,11.325986620325427,96.07515765533948,115.64253502025619,74.77332985276928,79.41323201475382,84.60683049038909,83.93551816519576,85.07146537985483,87.53324647351445,93.60117667582243,87.71227436286081,38.68669381974968
816,621.3821468337853,1800.1382724351697,0.7261281848580844,0.498891291969188,0.3627785758809225,49,0.0,0.01001883351190867,1.0313292193301213,-0.033493305583544075,621.3821468337853,1800.1382724351697,789.138182599125,0.0,0.0,158.0190602109824,1.6213648396398828,3.4201146150101525,72.58141724597165,86.65562391625387,85.03650920310741,68.24071162536771,65.5092199370038,69.66540054761444,59.86997969633604,80.62993622195796,80.97403471274399,79.2286724740625,37.32656240369552
817,2153.1052952543027,1799.870789427623,0.5186747446998689,-0.043848388046927214,0.29949689347504843,49,0.0,0.046757195220773186,7.151433622815298,-2.135982780050594,2153.1052952543027,1799.870789427623,1440.630134555315,0.0,0.0,157.38059542480192,1.6212814050862758,14.649669031844203,132.7486023086388,137.44571693505776,155.2869868110695,126.3318158639022,122.01077169959632,135.43884377184094,132.85351853917072,125.97346769394738,143.25067652687724,143.82561671491334,70.81444865845668
818,421.9518232436707,1802.0442994026378,0.5104175962488899,-0.44522023788762566,-0.09066168345270947,49,0.0,0.011126405776264574,1.2817259385322883,-0.26948793326287834,421.9518232436707,1802.0442994026378,973.5163575785621,0.0,0.0,158.10218442310477,1.622140534640643,10.722867167338801,84.6294070206823,95.40059044127295,93.22600245620842,89.15078601427088,89.42143895146407,82.51431445139397,103.40252980057316,99.9852530725924,96.28069799543243,89.00292685178931,39.779543355543495
819,1891.1535163653873,1802.5298100833577,0.5887061223888442,0.4469039363588436,0.3275918291728839,49,0.0,0.01698787261076114,1.9221860374360034,-0.7094885456386943,1891.1535163653873,1802.5298100833577,990.2903220845998,0.0,0.0,157.48978447355458,1.6223987978066772,14.40453751917524,91.6454266917455,87.50557930057195,86.13199664375651,96.57820367527971,91.6187100326909,92.47176532843119,88.28893312635319,100.96302166381187,103.08886433949473,95.07094564854059,42.522338114748365
820,2516.4763134881887,1801.1967118394039,0.5528805269025973,0.18354070666887168,0.5271798790591647,49,0.0,0.00928729298052029,1.006374508680138,-0.0068990690612079535,2516.4763134881887,1801.1967118394039,832.5585878735474,0.0,0.0,157.22913466842957,1.6218109765932414,5.43838527408586,72.65064646071318,83.79261060788087,70.45943324742622,77.11192293808139,70.9224055570409,86.41791265133051,75.93577133324763,87.59031935150455,82.86854419377508,79.13482431168603,40.23581194677516
821,2967.862822083843,1803.8356500288908,0.6380945606901884,-0.16457676942162866,-0.15090668769454435,49,0.0,0.018827876268745092,1.9103456139397017,-0.7027798639941935,2967.862822083843,1803.8356500288908,1183.4837554939995,0.0,190.10624101670115,157.0409946363014,1.6228662695377933,13.421163621743668,110.50533207222144,120.96366154646917,96.85738480211785,100.24192274893247,121.55227444250033,102.61716989935255,110.54696059075926,133.0457343049191,108.03590176754159,116.4535596251214,49.242690072320556
822,2217.03692787045,1804.8322303313341,0.6746695862871174,0.060474455079552486,0.12335729774873087,49,0.0,0.009715597930418922,1.0806248569476982,-0.08418738281606578,2217.03692787045,1804.8322303313341,792.5445739375042,0.0,0.0,157.35394683763707,1.6233454417157267,5.856299766842481,80.29638364306774,57.72269997765133,88.22415482595032,68.41686914516434,77.03305912669614,81.24343082451176,78.72163194108533,69.41664821725445,71.77158358193617,71.76207147259831,42.079741414745854
823,2368.0686626598927,1811.1372225104346,0.38546958893733735,0.3640958478908104,0.404145835041829,49,0.0,0.010535973676505751,1.486442303763973,-0.4303701418355339,2368.0686626598927,1811.1372225104346,891.4210949221351,0.0,0.0,157.29099295860246,1.62596349945846,14.313656780969836,74.41029757981224,98.04528721477472,77.6062397764446,90.28847713955307,71.91433370258022,105.16952386031988,80.06362314778752,63.87647498843696,92.22713559106901,85.07110577092593,38.43493936946115
824,639.1516702653342,1812.581416168596,0.5102671361482872,-0.1548538937365591,0.1262518407362557,49,0.0,0.0383199830816469,5.9096380685166165,-1.9289022091154489,639.1516702653342,1812.581416168596,1241.7553893805054,0.0,0.0,158.01165462781185,1.6265508230777663,17.627579599977587,118.65291750617436,117.61593498974781,122.46066111882587,111.2794210144171,101.44247102001266,120.80772989225495,110.24174108474216,106.99039270079771,133.4230732537514,105.99150534195488,75.22196185784898
825,2414.0622348613533,1813.438955632124,0.6844012598372582,-0.14153452355434273,0.18186078192343982,49,0.0,0.015754969784885737,1.6304291087452378,-0.530754800939768,2414.0622348613533,1813.438955632124,1021.8628621658063,0.0,0.0,157.27182175504709,1.6269194084872716,13.974834472961614,78.4483842467416,108.69923891786745,86.12145304630518,82.7984642875368,97.93476640471673,103.21576129106202,89.59867952842488,97.28159036067302,99.16574894160959,98.75435068922056,65.86958997868695
826,2224.300265142663,1815.5900535539556,0.41823795961859817,0.16195760639588835,0.2882256653573482,49,0.0,0.0130124235892873,1.9129598138489663,-0.7042646169044159,2224.300265142663,1815.5900535539556,947.6902939032732,0.0,0.0,157.35091875066954,1.6278274246687645,6.948386713059836,99.91085269681867,83.79000253801954,82.36068359508985,73.17731926612643,87.03506303392837,85.98031208333296,82.12417059745218,86.73177990484047,93.88598128632034,119.62999820087737,46.11574398740713
827,3062.8021518014298,1816.9853165262755,0.4528320911933575,0.20377897894224264,0.3655247825737662,49,0.0,0.011247845751794137,2.1293588358412863,-0.820622135387802,3062.8021518014298,1816.9853165262755,1028.8190164485172,0.0,554.7351751691688,157.00142337927613,1.6283334443598607,11.684547425862887,40.405870544577716,126.93135222777468,88.82724030327702,102.48104891110171,100.45191093905024,154.20897764535957,62.57984919854458,111.19084495738751,91.2380082599887,88.24561927228976,50.573746763302886
828,763.1131922780979,1818.25758201816,0.6799413292595551,0.12304943986500094,0.09236575994745848,49,0.0,0.02445083767180331,3.00919796393216,-1.1961268982429525,763.1131922780979,1818.25758201816,960.7407087058975,0.0,0.0,157.95998583646403,1.6289254348107818,8.937851959083714,85.95022937214112,87.0425435537858,88.5785871959412,81.54506942357949,76.4641670042794,79.37129524635175,104.38335593024252,96.23401125960905,97.8103595948092,108.9875530550649,45.435685111009334
829,2017.874027271052,1819.886589974114,0.6041042920910107,-0.6533487149996844,0.03016516209482986,49,0.0,0.014470910293610868,1.7878562770426716,-0.6308315090299634,2017.874027271052,1819.886589974114,876.3426516485783,11.177712967688851,0.0,157.43696290712109,1.629626889031436,2.637866433830911,86.3315692456444,62.32059349896079,70.09050716552144,86.7170462151219,83.1435632883776,94.24800579970045,81.92100815038297,99.79251047991932,74.80640127245579,93.78794932843095,40.54563077023174
830,2502.0547355959957,1821.3984688617297,0.5488037345243667,0.03060350486158306,0.22975037457374384,49,0.0,0.11932391554135581,18.342190692973055,-3.158628010594012,2502.0547355959957,1821.3984688617297,2406.1828562899955,0.0,0.0,157.23514431569845,1.6302292988515785,31.622908503249484,236.76645332527463,246.67856753606395,225.38784785623403,220.36044268598698,227.25105026883244,259.4779917947682,203.17293150958864,257.07713969035456,225.01881007300773,186.48209139148338,86.8866216551518
831,1379.7839980510537,1821.3939058008805,0.6673976784784751,0.5154021519700646,0.22151806615789008,49,0.0,0.011041480439346892,1.114719238773712,-0.11791374154231171,1379.7839980510537,1821.3939058008805,840.7138288895421,0.0,0.0,157.70294040514065,1.6302603436401781,9.491146575153738,68.38245500991091,93.40530240401579,75.620999230242,60.671549226189356,72.56839215096814,70.6024724854462,84.49528985010235,100.34543170069487,88.21084671241825,96.54595557562946,20.373987968771132
832,2555.065850828515,1822.3929499690662,0.6055528387926178,-0.036845143363903515,-0.09386933864683515,49,0.0,0.013231279176133504,1.4900994264764384,-0.4330381188988748,2555.065850828515,1822.3929499690662,877.2327264691431,0.0,0.0,157.2130483655694,1.630639412434767,9.828202125587412,73.80370563478948,85.76031730852227,99.12734039188811,102.31765890882863,73.14815621418728,84.64625962946678,62.36772374143406,89.37949899209173,61.731247323083466,95.66735507762098,39.455261121642835
833,1317.6901971412908,1824.0832058369842,0.274243271959665,-0.5150429723091389,-0.30964049455304354,49,0.0,0.006610247194331912,1.039194999034182,-0.04174262023680106,1317.6901971412908,1824.0832058369842,826.7332692712607,0.0,0.0,157.72882324010405,1.6313795318566422,3.5673536326603417,74.05442796850375,77.52442553201678,74.33350045182824,72.56255326100275,77.91751534224284,76.87000703563339,78.65220556640276,91.16464624075476,75.7194958858293,81.3079737805482,43.059164573837606
834,128.3389304111255,1825.634047137649,0.24563916187935272,-0.5884021599841047,-0.23912343958820914,49,0.0,0.016671782214725775,3.3070958391673977,-1.2986169522210875,128.3389304111255,1825.634047137649,804.6341539455391,16.65574998890847,579.6882097668268,158.22456345023042,1.6319356203141755,3.2224392276588985,102.60387782150352,64.10392192103114,66.34726308127719,63.14188283990933,160.41580146433444,59.064771760353985,43.91126242225484,49.82514833891962,86.10191773934099,105.89586732895509,0.0
835,698.1698510994327,1827.1044805436975,0.4087562808162833,-0.1101119407435487,-0.5668083008796968,49,0.0,0.009103592371192133,1.2133854759725953,-0.2099969805115277,698.1698510994327,1827.1044805436975,829.9658719192778,0.0,0.0,157.98705603313311,1.6326066858924837,5.614994454315637,75.15794592662611,76.91534942378625,81.32548462163724,78.82139141600673,75.59038826622026,81.78318190933942,93.85675906620438,73.92693787594871,61.22948949966687,82.35405074049135,43.38989871903476
836,180.78019002359582,1829.0897949144637,0.8186928209856582,0.13137264981527574,-0.22527847628172473,49,0.0,0.016145105560181516,1.4488755508127122,-0.40257770985388164,180.78019002359582,1829.0897949144637,924.3181448089134,0.0,860.3986425777908,158.20270690569706,1.6333819797860258,8.77264707432438,84.27866107650199,97.0822524413613,85.34262315422221,86.57752117885391,81.39827707130742,73.35372495250205,85.50318988624294,89.05074283372126,95.26830733267653,81.08287231581505,56.6073254913842
837,2012.6432215259408,1828.5353458997831,0.7909839739334444,0.03348024946481113,0.16797757185838458,49,0.0,0.013502549118303286,1.442823140648094,-0.3980327477822651,2012.6432215259408,1828.5353458997831,848.5593224238822,16.368432019791584,0.0,157.43914297859925,1.6332306986209773,4.727258670757608,76.49899031016409,65.5228555445141,81.38415576592396,75.05219022096213,68.38419275231192,74.51889537140177,85.57295619589824,89.33942929393919,84.88295346845364,95.09184900649083,47.58359582306477
838,3053.7408276714614,1828.1743272303322,0.23935542214278088,0.09705149339666423,-0.4454683650177038,49,0.0,0.01502127626545675,1.7943287557758572,-0.634755042894501,3053.7408276714614,1828.1743272303322,2090.9760903169326,0.0,1170.9765175246257,157.00519870342222,1.6329963971666566,22.956558117138258,279.79265495008855,242.80935979987538,272.23115432129595,187.77176334595518,171.04542035186984,170.08049963795142,150.98815295849016,170.722038377942,140.8710640357698,192.15376620911246,89.55365821144377
839,718.0368890509941,1831.912059141403,0.5574547641555465,0.2620121218925625,0.7443791768432886,49,0.0,0.010044286253750449,1.041191307877623,-0.04382633463664346,718.0368890509941,1831.912059141403,872.082967529813,0.0,0.0,157.97877544447525,1.6346113279072407,5.9724080422963475,88.10571909936496,86.87803585670528,66.91848008530269,84.4753500144524,77.38985049818085,94.10810579965846,95.39987549300021,70.25860040667132,82.24540454081904,79.84585305752549,40.48528463583597
840,1759.9732516510953,1831.4363974818518,0.6211181590012672,0.22834319985907378,0.25783644812136336,49,0.0,0.11964644329089215,16.832360671162398,-3.065362570772017,1759.9732516510953,1831.4363974818518,2381.54846062236,0.0,0.0,157.54446425235304,1.6344457050514345,22.32430604850452,228.30837553546138,218.58172028664166,221.71395752278306,228.5736488269089,210.96400110130443,224.53082184950551,244.58549328975022,211.08596419341816,247.40333511792386,201.41628447669106,122.06055237346675
841,2636.3727730200376,1833.9786404076572,0.7314734567816213,-0.23572396672761656,-0.013093408143395538,49,0.0,0.012245536816256022,1.0200163014084798,-0.021517781255720965,2636.3727730200376,1833.9786404076572,889.0213005465566,0.0,0.0,157.1791576007423,1.6354596535771015,10.00914982962351,77.89277927932125,105.33597539972274,85.88017249072786,87.35063294653474,67.29015865262737,62.45326688682873,83.63156094720318,82.82944095946382,86.03623692310299,97.83640042414534,42.4755258072551
842,501.5395234100923,1838.8232303431405,0.6570361130798632,0.0532981880494414,0.1536554305367501,49,0.0,0.015913125042797075,1.4234127573344897,-0.3833271346798177,501.5395234100923,1838.8232303431405,1010.9016929410949,0.0,0.0,158.06901518898155,1.637472336671779,12.248753296360714,90.95720095458609,104.28113647358424,81.93173568130625,83.7420335653062,98.4467351285575,76.62907636359063,92.72528315935602,107.2387898464557,110.42626719164168,102.54225236347784,49.73242891687204
843,2180.5591886379943,1839.2790573653476,0.4921744904184792,-0.1904962160655373,0.34315066868531524,49,0.0,0.04688587972931136,6.247054269401393,-1.9891881969121117,2180.5591886379943,1839.2790573653476,1777.8995715041601,0.0,0.0,157.36915006680204,1.637699995305232,15.738143370844117,163.41462450035345,175.69345686660134,177.69792906789786,172.6478209975037,168.89700757939303,166.17285090712915,162.97839481879026,171.59196662870696,171.44059710237337,161.84524516423838,69.78153450032846
844,2734.641097263013,1839.6633324640732,0.5949662440000542,0.09479746267578151,0.029957688312073977,49,0.0,0.020038353104065654,2.2400208743609826,-0.8756301636674912,2734.641097263013,1839.6633324640732,1047.1433197904014,0.0,0.0,157.13819786672553,1.6378189639262342,9.25305420280135,103.73305094945977,113.57084340987537,100.66213238693761,88.85124051684232,95.18694961599678,109.66526083897733,92.05665692472864,105.03043550157787,95.2351136186023,101.76287998952716,32.13570183507487
845,1577.2819687272138,1844.147712759338,0.4002383347045518,0.3335524098245393,0.5118136908964747,49,0.0,0.008245160360156616,1.011982291803797,-0.012932282644871153,1577.2819687272138,1844.147712759338,862.2204056515857,0.0,0.0,157.62061648971982,1.6397431466848065,10.43931876970726,93.50583793268807,68.88375583357187,74.67171747151568,76.87637350300905,76.62461841020097,88.5321056909914,56.13351015435145,83.48885424804281,104.00361013185228,84.6851651194151,44.37553838623968
846,1949.6448877520154,1845.0191929649486,0.6556200611398242,0.1881829027086055,0.35744144654730364,49,0.0,0.01808255828879089,2.172819637443664,-0.8425591941792256,1949.6448877520154,1845.0191929649486,932.6207454234645,0.0,0.0,157.46540224602518,1.6401009975593281,10.39874137627157,88.9063814326181,94.32093193619373,73.50164042975267,87.8016495940882,98.2262552403551,93.56411395200385,76.82187076643692,75.1386643737197,102.76698871091749,92.2157531370725,38.95775447403472
847,624.6431531626414,1847.1643263288743,0.5861148406591145,-0.16508722007156434,0.17705748770312218,49,0.0,0.024175245468167905,2.9148899516322033,-1.1615554077709802,624.6431531626414,1847.1643263288743,1305.7067177289669,0.0,0.0,158.01770471980953,1.6409587566155242,21.213585961139202,134.1477234945509,120.46168245182443,105.45001459775563,123.95441893364156,118.99534885311104,136.03956546778952,104.64247126815718,132.8196302441852,115.90226837732826,135.44006054354395,56.63994753593995
848,1823.299636127325,1850.8184011846324,0.8746315642608803,0.3824978008105373,0.5340237931592244,49,0.0,0.013582354708875952,1.1654929144851975,-0.16627409402086685,1823.299636127325,1850.8184011846324,887.6670801775199,0.0,0.0,157.51806725644812,1.6425204580596602,14.71694406443164,73.40095335321713,93.54525922903542,55.51607978034524,101.12665274053413,79.23089867903718,78.13684694894542,76.43784975452152,83.68907242481183,84.24514456575156,103.2636772447415,44.357701392147334
849,2208.254298424522,1851.088877906013,0.5686124064465095,-0.05437159347441791,0.15931181460946706,49,0.0,0.33967253868495345,51.50178879577066,-4.279555783799143,2208.254298424522,1851.088877906013,5568.484449146037,0.0,0.0,157.35760537076854,1.6426192652461498,72.37335603543049,498.79560785909644,544.4599242326572,546.3386323286356,448.44569638115064,504.5364649677991,591.3273468312111,509.7600262442239,519.0954037206373,557.517689183369,528.8497155205291,246.98458584129713
850,1522.878737610885,1851.6173258679628,0.7789869289342997,0.621797555462172,-0.33767262250119595,49,0.0,0.022925518240218223,1.9535604462078788,-0.7270671337937398,1522.878737610885,1851.6173258679628,1310.4955356763278,0.0,0.0,157.64329379714056,1.6428552369799039,14.510700619773928,118.35893734899126,149.96209546470055,123.05728304529296,114.91958783920535,112.71778471002843,118.77740252018427,104.18451235434136,133.97505446934943,113.54581219670709,139.61587318089303,66.87049192685993
851,626.3573134844007,1852.7169639934077,0.4524164213794992,0.1790460395377919,0.21025727080603293,49,0.0,0.014933442495997812,1.8291526789515262,-0.6556248936236999,626.3573134844007,1852.7169639934077,1324.2194989760446,0.0,0.0,158.01699067070498,1.6432724350068606,19.72122631009636,131.3707721922264,125.17554974767607,100.84677801691515,128.0686461497537,129.159566524607,133.91252387809197,110.36293966366524,134.29016138319813,117.20212070226728,132.9172469402468,61.1919674673005
852,2506.739515560043,1852.9432472213805,0.5885558775507882,-0.27412139935176877,0.10481574581473628,49,0.0,0.010354610871971388,1.1557274703387272,-0.15713859022459864,2506.739515560043,1852.9432472213805,797.0716972308279,0.0,0.0,157.23318929353218,1.6433722667191815,9.086112306412552,77.37448823766246,85.26727712036805,76.7308092908145,83.03675588757392,72.19810330114768,67.13200424775553,60.05784571199492,62.500363588574515,86.08607785240335,77.16882309386608,40.43303659225432
853,688.0734235416668,1856.366618166222,0.6100817035780545,0.2832375945552663,0.3130306720738007,49,0.0,0.10930701652107512,15.341628663704835,-2.9646786666520457,688.0734235416668,1856.366618166222,2241.224677088766,0.0,0.0,157.99126657071704,1.644798145911116,29.93343555645587,203.31501233091365,193.24455566534695,245.41605862051034,210.26751620784208,182.7218618963975,208.21110485192037,215.5504093578958,217.47124250857098,213.17860862371543,216.48161183910094,105.43325963009588
854,1125.9776203262952,1855.6221520737156,0.736783696221011,0.09755589301932306,-0.0006898272088279322,49,0.0,0.020999657593559675,2.1943856282024594,-0.8532823756490321,1125.9776203262952,1855.6221520737156,1091.6815200870842,0.0,0.0,157.80873636455888,1.6445143764987393,7.943072497981587,107.91404058136607,96.03759279903159,102.97254095280837,103.8906897902178,83.28933943912308,100.49565181255059,98.25048220575577,109.22746075847591,114.61246037935837,109.31696196095123,57.73122690946391
855,2614.335794317386,1859.4026911702813,0.5380068155825821,0.10099950367678513,-0.03637430987327797,49,0.0,0.07620567991525397,11.201566469645053,-2.623196900771925,2614.335794317386,1859.4026911702813,1950.5340764561658,0.0,0.0,157.18834079525146,1.6460546397590297,22.039979531971145,171.60805289534682,202.2168681745801,158.36416799054962,175.96018868941218,177.23028001116182,198.73728125249966,172.38174068867062,208.49619149933727,183.50847018915377,183.31221265319778,96.67864288028534
856,3031.346802212399,1862.6857248296642,0.6927148288092743,0.283387950311578,0.6415121643611945,49,0.0,0.018843451774384717,1.6939732916841788,-0.5722663966785406,3031.346802212399,1862.6857248296642,1700.4765274194767,0.0,1086.0597259603132,157.01452827935736,1.6473781108250012,14.763229668985158,207.48200597351502,175.70844882516738,137.57017411538789,159.24867930646627,140.42025527889552,169.2879880508063,153.0936877879099,190.32189872573338,121.81425144457721,176.01459390737287,54.75131433465989
857,2154.732181628504,1861.8580003138468,0.4602212223687068,-0.565473612545852,-0.5682586081770208,49,0.0,0.008749782238200901,1.1635630673659212,-0.16447481965142288,2154.732181628504,1861.8580003138468,793.9972156858514,0.0,0.0,157.3799144990518,1.6471090495496796,6.9747172798278925,71.87580769695424,79.14775856488531,59.43475892850259,63.91866417225124,71.24413258690544,86.13966183386562,86.79212469218213,65.12437674744574,88.84478400918024,73.87288378099996,40.62754539285108
858,1098.7238277290385,1862.7294737249654,0.682223372498135,0.14725999095296013,0.19241124130473633,49,0.0,0.30719551690989483,41.697570852990786,-4.05027688828149,1098.7238277290385,1862.7294737249654,4474.440731931089,0.0,0.0,157.82009691810276,1.6474745729683773,34.94134239200953,436.93832732860506,437.58180794151457,391.36771266175657,397.1409209929417,410.8760301568945,428.77928134871587,437.37200369144097,417.2470506896775,440.7057125558847,426.7874637866219,214.70307838502652
859,1923.73482355903,1869.6470749877278,0.3567160329771447,0.15206519837814222,0.41827583584888844,49,0.0,0.00900323791071025,1.0094487799881338,-0.010210718717079632,1923.73482355903,1869.6470749877278,958.4515364009042,0.0,0.0,157.47620180095723,1.6503633066111498,9.675264869607762,101.05266379689172,95.09472443008806,97.3767540416457,90.87631731675256,83.40104378954544,98.08309148193143,88.51683069330343,90.70712759014759,74.72356481673614,76.14077676270841,52.80337681154586
860,1717.8860295317959,1871.2332082765747,0.6298697538220728,-0.07630289582398647,0.059835841933160175,49,0.0,0.040708196932909696,5.348799100180236,-1.8206407154696147,1717.8860295317959,1871.2332082765747,1271.699617773405,0.0,0.0,157.56200730954504,1.651028151942774,15.589730029601855,122.54654337692445,126.52584049740958,120.33914882195987,128.03059396960364,109.11406621550967,108.72478594660303,123.87955634983146,140.55098747566493,107.93497251275178,111.82926303659262,56.63412954095209
861,2036.4288025533585,1870.4829886666264,0.7666880749689633,-0.10888082209820857,0.35230276438693175,49,0.0,0.03429879562040348,3.7059871258858292,-1.4222597657582932,2036.4288025533585,1870.4829886666264,1158.060802628003,0.0,0.0,157.42922691141536,1.6507078663870334,8.671538224582445,96.71262200868352,111.97190928558175,118.2426811942504,109.32206407204166,108.67622948286281,118.1316947236146,89.26150670291806,133.0380397929405,111.80148383103281,101.79740606113006,50.43362724836449
862,2161.252304558235,1877.4596379414731,0.7267540164275547,0.17576059953210166,-0.3138189133082798,49,0.0,0.013951575864404993,1.371426590145992,-0.3429314140151046,2161.252304558235,1877.4596379414731,906.0810440528301,0.0,0.0,157.3771959956214,1.6536093361839503,3.512410488309873,75.24551297097159,84.35883469982238,80.6106471800628,80.77512769057611,79.17179351433242,82.88222595662825,89.21281522589872,82.67614625773581,90.57257041223733,104.79081070221656,52.27214895403815
863,1980.3610761905686,1879.5237180762101,0.5292525892176639,0.2907056377467481,0.23779481546544723,49,0.0,0.1311072350164535,19.500366559468844,-3.2251069377983925,1980.3610761905686,1879.5237180762101,2994.4666583386515,0.0,0.0,157.45259763219892,1.654476804581486,36.85361535912973,310.83349214532507,264.030414827424,260.30189351307854,281.12558812515175,261.6727711328348,274.24151969140064,276.58760036141996,298.958524004846,284.00024636849037,293.9092623663656,151.95173044318454
864,190.8747047867986,1881.9433731119134,0.6663611838629371,-0.09981528589140762,-0.20534886852000006,49,0.0,0.056337613683719014,6.3150383738613165,-2.0009399848156995,190.8747047867986,1881.9433731119134,1844.9406126604172,0.0,1718.7867271025023,158.1985056638676,1.6554043039505921,15.552163165724824,178.634157728519,178.05730263435396,169.79992847707518,166.78896047236793,172.6718905852698,183.1886884144866,164.5268013548009,184.34188991638584,172.07682552638505,168.51122644672,90.7907779383279
865,1914.6818411769852,1884.0515901907809,0.7206454911930467,0.23242734736275242,0.3775539760935898,49,0.0,0.022465431818610916,2.174644153518623,-0.8434705040234446,1914.6818411769852,1884.0515901907809,1130.0813980157388,0.0,0.0,157.47997504638698,1.6563653999145844,13.225830174775368,107.8134188271921,105.03836066229051,96.1644790997433,107.61700185144036,107.5480577922634,114.29788787324965,104.45558071874053,103.28323015620279,116.71253997617036,109.88231252659217,44.042698357078294
866,3035.4706393527013,1883.8947502488338,0.27152774421550824,-0.7271876317286103,-0.02914578425052407,49,0.0,0.007642843488364042,1.491751139548988,-0.4342409456847556,3035.4706393527013,1883.8947502488338,1165.8885933681195,0.0,563.7437247938591,157.01280701595817,1.6562141735911964,21.388322386409012,147.2454218676622,122.42687046472874,78.04542935040877,79.29759571861092,235.3697732338299,154.68279326322767,52.86073546642328,76.29493701798093,60.35955524675305,98.56791889633742,39.34924045574778
867,234.8555840676611,1888.1025654325758,0.42927073806995736,0.12916852864035586,0.2469239491749544,49,0.0,0.021977496351795037,2.77082203614073,-1.1065215822252932,234.8555840676611,1888.1025654325758,1265.242827048111,0.0,718.3704658045004,158.18017523683133,1.6579758402677665,18.247450174085927,133.16038265131317,125.58147762656597,133.00909754718936,102.78517288929993,112.76825745808887,125.93123381535509,139.3321046660646,136.18305883401337,94.46688274359025,100.30585172779888,43.47185691474543
868,1879.5809023813295,1888.8921924197577,0.8396765394575483,-0.11645787349998482,-0.12169465237268862,49,0.0,0.01227733559980537,1.020451309089848,-0.021980717882339976,1879.5809023813295,1888.8921924197577,947.5449032411777,0.0,0.0,157.4946063418647,1.6583832169379735,12.820543043909638,95.65481514292327,97.77890971285537,87.50691799606,86.79349244948773,72.81488015320222,94.90112955215193,95.15532156417522,88.95416730823621,92.18982981072475,95.2928919419152,27.682004565536186
869,3026.7180395653722,1892.5225218809555,0.9519246007644506,0.022635350564779198,-0.12980217330749158,49,0.0,0.014071007528024803,1.2004769480114426,-0.19838456248709768,3026.7180395653722,1892.5225218809555,1149.6829492151069,0.0,648.6495800759691,157.01645405234507,1.659809966139787,9.118054663746896,133.06834213922096,103.63161935241875,130.9814257306139,121.87163109310586,91.81229960061893,97.14639134022264,151.55949883927892,73.01642288743766,73.86502640450105,128.79036550691032,34.821871657030975
870,601.3709597376791,1894.7497683630104,0.5820756667740774,0.03634832550810692,0.11955101682552888,49,0.0,0.2030187383156702,28.877945614310956,-3.6514157353929235,601.3709597376791,1894.7497683630104,3844.828727019686,0.0,0.0,158.0274087994412,1.6607834287285652,30.833936226137112,361.87145113073024,384.98384390933893,353.6379458571281,374.66439716686534,344.25085160911283,373.3870471054008,358.8651219888029,352.1364398310561,347.57563354565445,369.5826356152784,193.0394230341812
871,2636.4381901810953,1894.1030101452402,0.5345404402233962,-0.7962178897807339,0.352841948067557,49,0.0,0.01417862294755811,1.8822040728036171,-0.6866667720741857,2636.4381901810953,1894.1030101452402,927.2795400624229,0.0,0.0,157.17912526396606,1.6605106646473757,12.841413692249207,83.53456053858577,76.88988705698195,106.67843695875251,92.76779008128186,81.72239326395076,100.60556060073759,82.83578289174825,89.65363625467769,84.25057378896321,74.04544491579023,41.4540600187039
872,898.9611619114767,1896.7307589556387,0.7025426473463403,-0.17800035476925796,0.5727021117621737,49,0.0,0.011279431062347581,1.1006265648651323,-0.10409997697357343,898.9611619114767,1896.7307589556387,884.6933929982135,0.0,0.0,157.90336596329834,1.6616310579139892,8.669500620249664,78.1230116636469,78.14206259953406,95.30947615973574,66.88476703545322,85.10602333554887,87.96733668854196,88.21886462944966,101.25116515579958,82.39413734347812,76.74194784893277,35.88509991784307
873,1833.1541492228398,1896.4460226854374,0.36338778091458945,0.1557786553150865,0.5041635306929082,49,0.0,0.009049217105748934,1.3023716608570224,-0.286837343887155,1833.1541492228398,1896.4460226854374,876.3263212705779,0.0,0.0,157.51395867544684,1.66153166962,15.397764879855236,80.74286605374351,83.45393926239211,76.0908466355505,71.32376401786593,91.11957841915347,104.47480189790448,78.36959713408584,81.60308096581966,61.53736789941132,89.73977668621055,42.47293741858522
874,1245.387048938821,1897.0717408500236,0.6317499210582561,0.2786246635519546,0.23723161874205836,49,0.0,0.03888295068246753,5.1606633604167005,-1.7817638254108878,1245.387048938821,1897.0717408500236,1249.0759535749044,0.0,0.0,157.75896367500758,1.6617892202652613,8.294003545010238,104.96672426625427,119.92815056858481,116.529534807116,129.5976420668791,108.89512693963638,129.8430913865113,108.00315057467382,113.7150377739011,129.41387212320998,122.17936685145796,57.71025267166934
875,2030.5731845334485,1897.4912151776307,0.6075568083904239,0.11897471359410829,0.1198134725794638,49,0.0,0.01789997114003742,2.005022579908284,-0.7552981696652552,2030.5731845334485,1897.4912151776307,1074.88220716885,0.0,0.0,157.43166679069213,1.661961412558443,9.360522919882847,105.24591617159976,92.07305125244179,98.41512399079285,108.14210228327183,85.83317985993281,119.24853401301806,102.09076723222807,126.99214559087932,85.35842962388617,90.86596824451911,51.2564659863976
876,860.2358374472426,1900.231792355668,0.4157275227706799,-0.26379228844804065,0.5536037373749305,49,0.0,0.010194942376304639,1.3330665054939657,-0.3121295412926391,860.2358374472426,1900.231792355668,887.7276818279611,0.0,0.0,157.91950803254457,1.663087339993277,8.260508093727685,69.12262009534025,82.31393562117862,89.15189866810564,72.25469796500624,81.64143145174114,85.07281755912531,83.00771141932438,85.57772279818506,84.92307237834896,98.90123441041197,47.50003136746586
877,976.1980800738164,1901.9865756067247,0.6565395913608221,0.18234763592800526,0.010805153806825191,49,0.0,0.018726191972661104,2.190831819872861,-0.8515226001037575,976.1980800738164,1901.9865756067247,906.7991891492552,0.0,0.0,157.8711714670726,1.6638254491163824,10.964157843871503,84.4402804297059,88.09434647468531,82.04662783086417,88.72254515314754,80.67739377130535,94.99317230400806,77.84760326230139,71.99292659900026,93.36654597562307,87.33588535475884,46.317704149983726
878,2185.9198081028076,1906.179689179232,0.9569394478891038,0.1766323406645968,0.22485623382467862,49,0.0,0.01286516351963849,1.134880212969718,-0.13737506000859412,2185.9198081028076,1906.179689179232,784.2770558054112,0.0,0.0,157.36691241791527,1.665574625349418,8.108238710947775,66.11166532351086,69.99694840236663,69.8961393137219,70.27323686048388,84.03290547820824,93.4632611843993,65.17244217801692,84.57423160819602,86.56922087227802,53.7443030451898,32.334462828091816
879,1135.952304044884,1907.7164497673264,0.7180406332138762,0.0952065481664311,0.21094842209691983,49,0.0,0.11377980973615884,14.283804719824154,-2.8871097603262017,1135.952304044884,1907.7164497673264,2212.886321693444,0.0,0.0,157.80458055951394,1.6662205263390408,23.936705744668544,205.05721256198092,205.82647917721908,220.0973601362515,220.38077103702713,220.5308658357198,188.21831248969102,182.6970133396388,212.43213030620313,219.5464155395838,212.44998577427813,101.71306975118222
880,2165.6323154099496,1908.2315568229114,0.36211496170652957,0.4120545988506659,-0.29900657537150904,49,0.0,0.007525028773242562,1.0811081670129985,-0.0846728703753042,2165.6323154099496,1908.2315568229114,874.7816691646742,0.0,0.0,157.37536884941687,1.6664305870083476,10.274150481098538,82.15235251199303,76.1905974486937,60.75994265104764,96.12653340122407,95.48002289621661,97.96452110239449,79.6904593204594,79.33654898647065,84.9404336422552,65.40283610997548,46.46327061284549
881,3062.649861243576,1907.107418772618,0.5078992675586319,-0.7857139918714978,-0.13564802708922077,49,0.0,0.009912022645137042,1.6089044518239488,-0.5163256334331618,3062.649861243576,1907.107418772618,639.804110448991,0.0,263.24375232932755,157.001476126219,1.6658820781716666,0.0,0.0,27.131870875476906,33.15304736709882,51.96941354183325,45.278740249656984,69.22847181623472,76.94217723900323,99.31553460765471,55.75762539046882,129.9017006948428,51.12552866672077
882,1675.180372084428,1909.1423024240494,0.7832787954924163,0.21397007166935916,0.007181334980449227,49,0.0,0.01137452622278737,1.0221647341942173,-0.023802233102894494,1675.180372084428,1909.1423024240494,888.4587378124261,0.0,0.0,157.5798084499176,1.6668238934944184,13.334808150286154,86.31320742389259,70.23668564240845,99.54390474390239,86.35731104811013,68.5641248270401,87.49521321179651,91.9293551495523,83.12135904264545,77.8917998260342,78.99521489471977,44.67575385203806
883,1761.8190822641232,1910.5563097184886,0.42872552275977127,-0.25620952330117325,0.0036252411730990004,49,0.0,0.011194311090205198,1.3750770733376847,-0.34581760284692187,1761.8190822641232,1910.5563097184886,942.9363303508187,0.0,0.0,157.54369380632798,1.667412158377155,7.160200384315686,91.41207900245853,89.69450803769901,74.41586219624168,93.71613786615534,88.38058871581505,94.9812214380074,72.2799002443208,103.982133012985,94.37314024178477,92.79439404037785,39.74616517065755
884,856.8906142006701,1910.7508147141057,0.8204922707265181,-0.009662724047147556,0.09825854141477175,49,0.0,0.03389072529092383,3.6636316794071426,-1.4097795142625313,856.8906142006701,1910.7508147141057,1120.691621528762,0.0,0.0,157.9209030557785,1.6674699619373152,11.637184430302764,102.39710716542731,107.98482570429674,105.58104323787555,102.98381278849968,95.31244710694568,103.91408230299945,107.07543087592786,99.67542870307204,108.56532728105664,109.61809926910092,65.94683266325731
885,3000.9978881966754,1911.0370368060267,0.5203767906321589,0.3098248682828371,0.1580703505701888,49,0.0,0.01175062633741214,1.1962525147989063,-0.19455715943276217,3000.9978881966754,1911.0370368060267,1286.9935493133532,0.0,1129.637331518692,157.0271720126624,1.667527101431374,15.480739468117193,132.226718764139,120.19527597015532,112.73503912489767,121.15449565618934,113.69202716682376,124.01790509672253,121.62349043579401,110.43811585100397,131.95040491468006,121.44580740444712,62.0335294603832
886,719.3352429817023,1912.052797831772,0.5795703643296471,0.08190244233452267,-0.06433341901867207,49,0.0,0.038103746060166595,5.155293364337834,-1.7806334601244815,719.3352429817023,1912.052797831772,1284.1111752233787,0.0,0.0,157.9782400149239,1.6680025842124568,20.19887601844907,140.6109269685494,111.04552037828857,120.07538135610737,135.77546391389035,116.29374871778539,115.01450205341526,107.49986814191813,124.20817423121449,115.95471075824192,120.47841633102321,56.95558635449558
887,1832.7861114864681,1912.7196796320163,0.30582796571573784,0.14953340179799374,0.1596477830144409,49,0.0,0.007905072616897232,1.0064066643455143,-0.006933759936259943,1832.7861114864681,1912.7196796320163,990.9101146574036,0.0,0.0,157.51411178048102,1.6683123246873746,7.212802432536856,73.08829796434289,117.91485724037662,103.84567360384423,101.21864092565971,80.76454663463488,74.97705782010226,94.56312370247755,83.63735062291293,103.15228038985859,87.97483922539736,62.560644095259676
888,481.7515516339968,1915.1997214633266,0.5958601509229607,0.4085471413552995,0.4295661409310031,49,0.0,0.014773979058438542,1.6821337456980485,-0.5646513084844342,481.7515516339968,1915.1997214633266,997.2320791316847,0.0,0.0,158.07726995199292,1.6692927907246595,7.393594077802315,92.41544994084516,84.51405940622455,99.12326912857864,82.5246956268231,88.25662480355135,98.96621404758153,86.11836483337365,117.9090567244616,100.55112954985151,93.66611838776707,45.793502604824184
889,846.2103903079848,1917.1677154800382,0.5840171726882526,0.3981186432465082,0.27637689348989397,49,0.0,0.015329858738490692,1.947147772807056,-0.7234972805455377,846.2103903079848,1917.1677154800382,876.9661005361323,0.0,0.0,157.92535528485897,1.6701429108892438,9.509609796914923,86.54153872324545,76.97875165921207,90.70404396419971,84.82722676862284,77.03773090006985,81.79798078731145,92.37693578746064,86.13918737318032,74.51929971858456,77.03286792731946,39.500927130011036
890,187.70388868982366,1919.340037162054,0.2807030535539996,-0.49067328200753163,-0.3688913319801911,49,0.0,0.020622818443045646,3.3473153587140354,-1.3117415755594595,187.70388868982366,1919.340037162054,1285.2489535097789,0.0,1117.4625167333877,158.1998315474581,1.6709849582515348,13.184740344619556,129.24813252369478,136.09367804706807,116.79150153246673,122.4937528221783,119.05718198741118,132.7924239142813,114.64279575809424,117.35942050324539,91.7920967284573,111.77368549577085,80.01954385249125
891,2998.6937269400337,1918.6544405921686,0.4818691811351659,-0.15409452574651922,-0.5577125380796324,49,0.0,0.014922071983175585,1.5812483610258188,-0.49750022092769847,2998.6937269400337,1918.6544405921686,1266.2747417273897,0.0,1114.1206380464282,157.02813151770366,1.6707011233072542,16.11000854579421,141.40137442303393,126.4407821308378,122.02824789416141,104.07047344402704,106.22563356436025,106.22501052435662,124.79564667204988,116.64415640448502,117.13287523082323,123.38014173268775,61.82039116077267
892,220.06354242809215,1921.8296959373413,0.593909087483719,0.11038855291317529,0.1777740238187889,49,0.0,0.05512232667871505,6.685696723837217,-2.062866680659591,220.06354242809215,1921.8296959373413,1854.4140280498027,0.0,1717.3264613701501,158.18634433024397,1.6720262526484277,20.900757978234562,172.72623479080235,157.55985372178853,154.8235381642404,170.6592712754972,178.28014773450155,173.5962700069291,186.23700920219213,179.95119594529564,176.0826641015642,186.77499954374724,96.8220855850098
893,697.1046374160105,1921.7885929204124,0.47455905941203325,0.05759578112223724,0.20803405441259426,49,0.0,0.10783701731092728,17.764159611451092,-3.1238616666668753,697.1046374160105,1921.7885929204124,2498.4589534210654,0.0,0.0,157.98750699564167,1.6720573062343216,19.570911920114725,230.71700106754187,222.48953092183632,258.27403774747233,268.7133957373842,221.71195383262145,255.44983986548328,200.001103474488,196.66873983915883,273.21377453010257,239.25080797699303,112.39785650786843
894,1589.056544486682,1922.1109545611096,0.34222279212561024,-0.3272420524720691,-0.1332123370235474,49,0.0,0.01011421197246018,1.378731464431689,-0.34869921715797514,1589.056544486682,1922.1109545611096,961.7885463950412,0.0,0.0,157.61570848707376,1.6722277102584726,5.348991932069929,90.16717926802988,101.037964139143,81.602485985205,96.41233337491757,86.76296392808136,78.82986302966854,94.355670790919,95.17160804603509,83.49124474586412,112.42829914844779,36.17994200665997
895,2330.0612902647918,1923.3612120092102,0.3825771745442471,-0.26638453626519126,-0.3098052159618135,49,0.0,0.008397059910091499,1.1183527945055591,-0.12144706821785022,2330.0612902647918,1923.3612120092102,805.9534559554095,0.0,0.0,157.3068285894808,1.6727251050161127,6.654558094972324,86.81876180371239,91.76480021349849,67.98926033271314,76.78296272185459,83.2595834557717,78.33133928552374,79.69604850262007,60.0049581550967,73.87497079656512,75.28379142207804,25.492421171003265
896,510.4232977276281,1923.6196785830152,0.6616401066526595,-0.2106067176143511,0.05676011253861893,49,0.0,0.05637403965266548,6.875931887176134,-2.0933289148128185,510.4232977276281,1923.6196785830152,1587.0144133417666,0.0,0.0,158.065319868733,1.6728037730531058,13.6436676202316,143.432064781877,143.7951087303681,157.5555569361236,148.1330163531273,149.85387645456328,137.7391275191689,150.25901414004204,149.7640309790183,158.63300792920626,152.74541781972252,81.46052407831775
897,1274.450358697664,1924.9089063568977,0.2975099019065204,0.03981442790232997,0.02807738625836508,49,0.0,0.007554962086363481,1.1090379128133427,-0.11236598224438073,1274.450358697664,1924.9089063568977,900.2233630948185,0.0,0.0,157.74684970883283,1.6733888175689704,10.963363295335808,88.63957471475928,104.67011463324692,97.42311216418827,84.32715946817743,79.21876412265753,86.35350069014183,81.72682506249032,68.0311180461619,70.71563050716787,88.4798934130144,39.674306977477
898,612.3083535296886,1929.7622451494522,0.6745115272373363,0.4691843852098606,0.5563700541028495,49,0.0,0.023874737676412686,2.7203093364226225,-1.0865457301799655,612.3083535296886,1929.7622451494522,1072.4735475135717,0.0,0.0,158.0228527019375,1.6753724634677944,11.740589867508792,108.4313369757817,81.39885351210151,112.8174480681031,104.49832845579644,91.66618814301063,110.311668360937,89.26628401362896,95.01671821769645,107.7491587510814,99.39041878025483,60.18655436767084
899,2691.856713620899,1928.8021881471448,0.6337615388710058,-0.039754071736581284,0.049100967177511584,49,0.0,0.023245125136124135,2.8294434835863713,-1.1292525589742606,2691.856713620899,1928.8021881471448,1065.530523016277,0.0,0.0,157.15602286480214,1.6749629483325976,14.73283256233363,115.3977950918634,94.14328645384232,104.85298599157196,89.11945564549738,107.54881415555943,93.36816120945711,93.06364669298117,99.44224160670115,98.09074123862797,113.17275616690327,42.597806200938045
900,362.0822110448394,1930.7580976571824,0.6356979637626098,0.06665258871231232,-0.2170491338133077,49,0.0,0.039723910204507565,4.459221465790419,-1.6231476049501907,362.0822110448394,1930.7580976571824,1494.2771820444993,0.0,0.0,158.1271511157371,1.6757626951444768,16.441131271740588,146.34640815581793,147.49220170018882,126.36649300797411,159.16329073422247,143.14670596943563,139.8451040493213,134.87355100959596,150.89607368742205,125.54714039065624,142.2083920097085,61.950690058415724
901,1778.7347960151585,1933.9765247093162,0.6074819363630486,-0.8029147912290937,0.1251703926806665,49,0.0,0.009930394953798905,1.0771471816704898,-0.08068762365836302,1778.7347960151585,1933.9765247093162,887.7050247585119,0.0,0.0,157.53664229545276,1.6771702663159096,11.404316631841263,74.46094267281325,85.10112539769378,79.92568681809091,80.09132251317952,72.31421885387644,87.07132958914818,86.3789695754703,79.70488089520455,82.13711028007663,102.44944929189776,46.66567223921938
902,439.77252388629955,1935.714330092439,0.5216297479475223,0.09472925915783031,0.1749425056916349,49,0.0,1.2028643115446418,171.25019516323226,-5.584077687758114,439.77252388629955,1935.714330092439,25902.938311107424,0.0,0.0,158.09476932954212,1.6778359671859768,291.4114029038791,2429.1876471804617,2502.1713562269333,2362.580075584702,2378.4833014841643,2489.5177395538867,2607.4095844657736,2368.489706237433,2484.3634986734555,2432.23268788696,2384.2124879675534,1172.878822942223
903,3024.3136168824403,1936.7199332068633,0.34483334572142876,-0.08535639344009378,0.14260777631445856,49,0.0,0.009710296457047948,1.649838685065837,-0.5436037065792279,3024.3136168824403,1936.7199332068633,1249.7611254295066,0.0,555.1301797311132,157.01745108337823,1.6782247709559523,10.587545738010347,125.61411894939106,128.63048389321182,104.75951467206487,177.08625639686286,133.53403308837784,89.87200402166926,74.06017823576883,200.62958590891532,71.16682760125073,103.5777545674828,30.242822356500852
904,1786.2815634479819,1942.873704220507,0.426270018995081,-0.35472200562823686,-0.014083628388407024,49,0.0,0.0089976648966607,1.1986735337433445,-0.19675229094204186,1786.2815634479819,1942.873704220507,909.8857250949181,0.0,0.0,157.53349634155398,1.6808772768048967,8.601865276271724,90.87864816229398,97.82215666278726,77.73125933607469,89.50802171447853,80.2309567854183,65.88472797441422,65.5352707356741,93.42835224679456,94.74083088895347,94.73136426579495,50.792271045962266
905,2052.8327987813414,1943.2570214117804,0.4889266912911775,0.05092304466721721,0.24911687903326168,49,0.0,0.16828704573329198,27.78906862003477,-3.6096849779583735,2052.8327987813414,1943.2570214117804,3491.7098930727075,0.0,0.0,157.42238648016638,1.6810294284625806,30.86061149724842,356.86839039187413,356.7982079951537,331.17008927851305,317.3158428721796,321.1855877965174,338.54037038858905,304.5817602799317,335.64797593775336,329.00104955542906,327.074550374022,142.6654567054963
906,2427.0467069732335,1950.3728490381727,0.4093614595037317,-0.029588263638388006,0.2519636481045933,49,0.0,0.02886944833066987,5.006892120586485,-1.7489205852784133,2427.0467069732335,1950.3728490381727,1112.3247358566578,0.0,0.0,157.26640036211916,1.6839730059760887,11.002334985254333,95.21976005597583,120.93478890357797,98.58837180318139,112.03769387786112,94.56725260297443,119.89824593918705,101.96454767654998,112.50278035458754,82.74135275256305,116.70438277749409,46.16322412745107
907,1912.2890942012245,1953.0332293209917,0.3905565592308962,-0.3574017954827041,-0.1151988115436416,49,0.0,0.01778696795496715,2.804592998866887,-1.1196746139170277,1912.2890942012245,1953.0332293209917,1098.880071743896,0.0,0.0,157.48097068286282,1.6851075868802745,5.9909176476869686,92.99910381620589,123.75597717911452,99.29779864538288,106.13373870435129,100.45881732949638,114.7370520749156,110.93399783025369,86.43490405868228,93.0299563411611,113.83044859054111,51.27735952610445
908,1889.5010415807674,1953.5163446980782,0.3735524766374206,0.2665139422424843,0.22940788428667402,49,0.0,0.016663604527828363,2.773780661649027,-1.1076802900031624,1889.5010415807674,1953.5163446980782,1046.961522536825,0.0,0.0,157.49046972485417,1.6853094933957065,9.64028375653725,96.93584828168373,108.69990286838137,86.16685329460181,103.29689718371003,97.39632463641617,90.43194440906225,82.64825192279504,112.02972126020417,103.28315999555787,106.33886189227994,50.09347303559545
909,2382.973395356334,1954.1731995678692,0.5123789481863701,0.15126781653113452,0.25212230395970353,49,0.0,0.08200854642678125,12.41520500824077,-2.734884738283166,2382.973395356334,1954.1731995678692,2155.6957010441206,0.0,0.0,157.28477124561127,1.685559607857777,33.255604123049,210.82858730488408,194.85356340403698,184.61219505499673,208.9232760579375,184.0758687935926,212.9726443669354,172.883288766847,231.56889815185147,223.9203697601841,193.8024955435294,103.99890971627629
910,625.0579795070505,1954.9353811483022,0.6502196455753464,0.2210078474003079,0.2343366348402216,49,0.0,0.050443125816487425,6.41221550372886,-2.0175202745778194,625.0579795070505,1954.9353811483022,1415.5745996529567,0.0,0.0,158.01754037104018,1.6858620505677733,20.498305503006137,126.91660815814467,122.35858200999624,145.03863760072608,120.31369973342746,124.82972989573429,113.72396087218598,145.20501151285833,146.4175772410893,136.01841580618338,141.51929437940987,72.73477694019502
911,2079.0214545307913,1959.3083723764742,0.6621329981712928,0.44154647221427534,0.48249312523654636,49,0.0,0.012941895129130581,1.3288610031932155,-0.30869889196715733,2079.0214545307913,1959.3083723764742,1021.8865174754039,0.0,0.0,157.41146937582724,1.6877163234116288,9.106261900603133,96.34802581670395,104.47983973866505,96.48569224175816,108.49531496021575,98.53980588982996,89.40211968686188,86.24679701882366,98.74032050746726,98.892053270892,89.05108433918058,46.09920210440265
912,2528.11538246389,1959.1500146042483,0.47984143891620257,0.15644703676087918,0.1412180734309463,49,0.0,0.04356378854362117,6.797336306803772,-2.080846894305392,2528.11538246389,1959.1500146042483,1363.3373952878974,0.0,0.0,157.22427140899538,1.6876221543899652,16.295909412400214,157.2695759170964,131.170308759669,114.1844733063647,135.16240870330833,126.87298393715423,133.6208581815735,120.58060821825023,121.80684868715612,106.76741470797172,138.51837263416851,61.08763282278461
913,2915.5502657135353,1960.0805822936081,0.5177198402182144,-0.11314694121965062,-0.1354278599074852,49,0.0,0.02490213920930916,2.683270794604365,-1.0716612592682753,2915.5502657135353,1960.0805822936081,1414.0243671415897,0.0,2.785822447355099,157.0627814570019,1.6879710886788677,11.401554882999987,124.8849330364486,128.28092007302922,131.0360870731311,137.76603255478295,116.22731269657243,146.95083593240406,133.4918937552863,122.76163118089559,159.15817939557206,132.44297701861325,69.62200954185406
914,1564.7914676082585,1963.876056690023,0.5282851188626774,-0.039794279957226335,0.2022798773522182,49,0.0,0.020016102057100894,2.653170206629733,-1.0594127795251482,1564.7914676082585,1963.876056690023,1078.4489284352162,0.0,0.0,157.6258233368432,1.6896296768653536,14.278056742480883,102.82271960748666,87.92654334131247,105.4262679309211,95.83783031925246,109.87317070768724,109.44325120058099,106.84146979472857,95.07180682203256,108.48485044529616,104.09141719030816,38.35154433312897
915,572.1710004997874,1966.2505827233308,0.6116238590431857,0.3701193830958346,0.29699688319524775,49,0.0,0.010850309036621288,1.10004250006507,-0.10352366104825095,572.1710004997874,1966.2505827233308,805.3673621352682,0.0,0.0,158.0395858577618,1.6905718284427693,7.6278489518754675,83.53070706492721,69.45570578540232,74.56617843696014,80.08579123000754,73.78918044145048,90.29999176298591,66.495856808965,69.06905803818215,73.84197976887233,81.3161401806789,35.28892366496076
916,2197.2916750086124,1969.5097769306233,0.4928567296528187,-0.6805033052530726,-0.013644539387970389,49,0.0,0.009479629791126062,1.1097535026844492,-0.1130663111282312,2197.2916750086124,1969.5097769306233,902.5524364393663,0.0,0.0,157.36216915986645,1.6919611617034125,9.133630587367215,74.92668712807014,99.70264282402718,87.13275369758142,75.70204887389951,88.33881246930181,96.55634921171688,86.04740688726383,88.31935019867169,73.73919381364135,85.63609612386026,37.31746462396506
917,989.663716414793,1971.2584285320663,0.7302173545943199,-0.04902974578388481,0.09718814358017518,49,0.0,0.061818082515727,7.616384059769416,-2.2043720885832285,989.663716414793,1971.2584285320663,1400.2282528993992,0.0,0.0,157.86556199013657,1.692688995057534,10.92856076249134,122.16057120157613,143.7707030110251,124.06369957125034,132.150832795381,136.53498894271115,126.91617943354842,124.11630465648881,128.94815818921427,158.14144740188573,131.95743595518917,60.53937097863774
918,200.99846488633005,1972.5244703317012,0.4721436180520745,-0.2805229493624816,0.5729583728565134,49,0.0,0.011182252952762954,1.1633049773459216,-0.16423396570133644,200.99846488633005,1972.5244703317012,898.6490680401585,0.0,819.3055468646164,158.19429643743337,1.6931455025126632,8.640056881955303,93.96014201323305,110.37117402792464,75.70489438230922,98.46931055030169,74.66020944674189,80.08160950961408,88.90837613625541,78.38176437137815,70.92216394248464,89.26945043520699,29.27991634275337
919,1112.5643690644813,1973.6813941555035,0.9662883904503069,0.23240561422449435,-0.16595323046458751,49,0.0,0.02081073309162296,1.819049805287009,-0.6496114753458994,1112.5643690644813,1973.6813941555035,929.6264550800333,0.0,0.0,157.81433213346477,1.6937045961807402,9.896282686940332,95.33275629113223,86.95585590864005,83.27013108990954,78.27894054916078,93.12982147143934,96.48091681405486,76.53179939540175,102.16511799063716,79.39598388585358,86.22654447964217,41.96230451722157
920,212.92134080218779,1977.9295593817294,0.3059903998727084,-0.040748636736282595,0.011801195260684018,49,0.0,0.021015213478079404,3.1242277545719617,-1.2368567155006782,212.92134080218779,1977.9295593817294,1356.505977731676,0.0,1272.2193814056402,158.18932754184908,1.6953989795049718,16.942716244738353,129.43632716781818,130.6734441422359,142.98149090677046,118.80152087065872,124.29035367751439,141.8155874522306,109.4055707358556,121.80244494967897,121.61250283046557,132.93336509680927,65.81065365689992
921,2908.4771243026107,1977.4949038177494,0.3962518018787228,-0.11813334368000165,0.09426225954844453,49,0.0,0.016782173997074865,2.1474168149553035,-0.8297908736265278,2908.4771243026107,1977.4949038177494,1166.856909436342,0.0,1.1108337010651839,157.06572774616112,1.695227503729498,13.714516720692458,114.93310658649648,119.0510465017265,84.86498612919274,101.36227444001955,103.55086710931361,118.78028941341057,105.8843676033801,127.53397289680001,93.88193567609144,124.06861735885605,59.23092900036258
922,1250.8354608395732,1980.8744502806367,0.40665435508511266,0.37869737630323863,0.22048541526609555,49,0.0,0.012801391842033726,1.797056195472745,-0.6364041451960971,1250.8354608395732,1980.8744502806367,1011.5284544804688,0.0,0.0,157.7566949538859,1.6967068590354681,10.023670953965102,97.57558722699797,101.6272913660049,89.78058849052742,75.58340429635308,89.5506355417735,97.8883118857317,98.21455809161222,115.90862950868245,103.22554265206549,96.64265682188444,35.50757764487042
923,1089.82473367666,1982.2134223458595,0.6495772161609753,0.005745250455375862,0.1662636284105493,49,0.0,0.02716489877478149,3.4762481756893737,-1.3527769348939551,1089.82473367666,1982.2134223458595,1088.5254693093457,0.0,0.0,157.8238113175312,1.697258539336958,13.938393116076377,102.52079076935345,103.33519278153385,94.15413310658663,109.96917486676998,98.918688953388,112.43564536892191,93.39719628638854,105.86289434485232,109.32024804301076,100.2102801187564,44.46283155370743
924,1983.0993929742433,1986.0572581877861,0.3707549641980249,0.6156838682658031,0.2173843577706931,49,0.0,0.009756486169321704,1.0949373833598912,-0.09847320926719491,1983.0993929742433,1986.0572581877861,990.9741354745499,0.0,0.0,157.4514528839984,1.6988652549027021,9.205262606192546,87.80381074298408,82.33820217562327,98.5737176792371,103.03255964049347,84.34269111718362,96.10626236387589,88.90062302110461,96.15482418320853,97.3526058124413,109.36009922779036,37.80347690441516
925,470.9334558930515,1994.8879144325965,0.6636541559160719,0.4556008590783192,-0.1012149818459463,49,0.0,0.013816012877741896,1.0616500157996136,-0.06495342637913813,470.9334558930515,1994.8879144325965,1113.9793170698158,0.0,0.0,158.0817864197174,1.702493788018292,7.380699261925487,111.21449848039002,124.7400668402333,114.36092775782483,112.19724058204099,100.39227392051366,104.6030197117833,81.62743724918707,100.41486198776187,88.15890526640237,122.73938015255614,46.15000585919672
926,890.1820053753949,1994.0728439324373,0.6190692428605371,0.33738080252225205,-0.229818865807712,49,0.0,0.010110432042123144,1.1349450220346498,-0.1374370608596966,890.1820053753949,1994.0728439324373,931.0418081210505,0.0,0.0,157.90703100779524,1.702188916902738,5.613358356711017,65.557407583632,102.25737072286731,101.86972603631894,81.65753849721662,84.30520435665832,76.68657145657238,96.37117332584269,90.87869173786757,92.62300776540732,95.94086943598593,37.28088884597051
927,2510.8622299725785,1998.6064575210798,0.720759024564061,0.18485443926428755,0.19977886204786313,49,0.0,0.020284488013412625,2.3272308701365376,-0.9170986727127474,2510.8622299725785,1998.6064575210798,864.1064160769554,23.587024132964245,0.0,157.23146007217397,1.7040632692656068,12.15493586338663,75.27254199039186,57.94818956119243,90.95805406704854,65.17746949164666,68.84702141370903,80.80324491044942,81.75841349383606,79.50600921302865,91.57868214370092,109.94663921381564,50.15521471474949
928,373.9470368046282,1999.4110733702732,0.8719432691872306,-0.10251716820434244,0.29960675503410766,49,0.0,0.013730611582221492,1.201824537069813,-0.19960266636986512,373.9470368046282,1999.4110733702732,896.2888530645963,0.0,0.0,158.1222125894866,1.704368057544498,10.986605564669883,77.24784627777565,85.6079555123651,87.50771794713418,97.1914443706261,85.91401930573059,83.96346635486813,80.32007837643002,87.29077261029195,76.49376640040455,80.86950390761555,42.89567643668458
929,886.2779575109663,1999.8772895327018,0.6886283176879617,-0.22451251555130614,0.17136200952099773,49,0.0,0.02023427393683371,2.422062218172737,-0.9604632378743463,886.2779575109663,1999.8772895327018,978.7594802735007,0.0,0.0,157.90865869968084,1.7046071327652574,8.705870556721738,77.92170382545154,103.55936098095688,85.87734214430048,96.7515594310479,98.37740353421589,85.86490246249,94.87038878752526,95.62771435830567,92.50767634315037,105.62276202405491,33.072795825280025
930,1457.5747641715147,2003.4317187732233,0.3009402667658874,-0.18594818713911332,-0.1531859756114484,49,0.0,0.008670925026949225,1.3158628812048565,-0.29802659052259045,1457.5747641715147,2003.4317187732233,899.3116832918815,0.0,0.0,157.67051667829412,1.7061102098133014,10.536837160910789,74.48894490784453,75.75818553572319,79.06245861991354,101.81874728679024,70.28558544973006,87.73535383321206,79.59131311726887,89.2433023169097,101.71090902413664,97.94084109347145,31.13920494597039
931,2151.4308151144196,2004.04631457847,0.699274270654466,0.036595368017060634,0.14038215572471652,49,0.0,0.13264009700217433,16.826937000840637,-3.0650126718918114,2151.4308151144196,2004.04631457847,2473.5970915100033,0.0,0.0,157.3812842352134,1.7063535120452504,23.763313670726333,207.07563061994324,235.56991096939296,244.72363771967352,215.95130304911447,211.85348273395516,260.0797817577923,220.87278250382315,217.35239826587394,263.74379985670464,235.9892827565705,136.62176760643294
932,3002.337937972856,2006.3824449448553,0.25384831931761587,0.4998301768750481,0.6302237704826784,49,0.0,0.007151428954916074,1.1310904890989077,-0.13374337646990958,3002.337937972856,2006.3824449448553,949.7331110547293,0.0,562.44972664,157.02660260155196,1.7072518523858973,7.443724356317606,127.04485005840843,78.04020973141598,72.19556421569779,73.19861991796907,99.91268517661952,105.97697896462654,119.3347600850039,84.99830190070979,87.64805413663406,63.96889033479461,29.970472176532063
933,2995.59084192979,2008.3459107953533,0.3913842724302377,-0.6908900695786248,-0.9019905068075861,49,0.0,0.007242137061981367,1.0010059645738476,-0.0010916631633101062,2995.59084192979,2008.3459107953533,1027.7057982210383,0.0,663.1673698210963,157.02941461384484,1.7080707659407945,11.488980672889173,104.04152311681005,65.80728957848387,76.90886023512704,86.43235438080201,109.32966039014013,102.65328046167858,95.41692249148699,124.07091037326322,119.27444830618765,100.67168596347155,31.609882250698085
934,2554.2307457834627,2011.262643360555,0.4836147123399522,0.7577525910803824,0.9920385804534533,49,0.0,0.010115897906260227,1.1183616470007955,-0.12145566249739016,2554.2307457834627,2011.262643360555,954.3224632842343,0.0,0.0,157.21338178639732,1.7093328638632501,5.554371364422238,88.61045618225361,96.31647615931251,90.87395988278037,96.98514904930742,98.86355513670371,77.59821397775013,83.37265436145142,97.81313094683759,94.40590208709051,92.44778462954496,31.48080950677978
935,2717.971691839217,2010.8882785125093,0.48378704008466594,0.0017680670472579668,-0.036810078589372436,49,0.0,0.025262948228531316,3.0308794400903523,-1.2039216542275162,2717.971691839217,2010.8882785125093,1329.60070053256,0.0,0.0,157.14513023904507,1.7091615527650994,14.098767384116378,132.61294757793337,120.14004344427292,121.68537043077805,132.66820373393745,142.64339262947937,139.76059423910817,114.97033879147536,122.64338329584174,100.56965005961689,131.3450945379575,56.462914408043055
936,3054.459390168083,2014.0523082876484,0.8511991256205952,0.284777283262824,-0.5072517442196839,49,0.0,0.014265841120067816,1.8483510946355226,-0.6669611725947706,3054.459390168083,2014.0523082876484,297.95954315114454,0.0,15.524874760867387,157.0048772158479,1.7104407008584197,0.0,0.0,0.0,0.0,67.78170695450248,31.00172938671303,24.023954051576535,64.281273558871,24.52390156534953,37.515279021639394,31.660368506985165,17.171330105507334
937,1670.442124526499,2015.2265818489414,0.6257705219446433,0.20241654743840073,0.4432944149160086,49,0.0,0.02215104406986793,2.5564482107106037,-1.0190924977117113,1670.442124526499,2015.2265818489414,1134.7735190718204,0.0,0.0,157.58178294590047,1.7110253930915174,13.34804512447935,105.06150720331752,111.09141997223298,124.0830929398284,107.64136728674029,109.67915113083475,111.23833558114943,88.61898382181646,113.7963216047884,111.97200426761029,91.6046587463554,46.63863139266732
938,2408.694790540741,2017.1119325366158,0.5760542023301806,0.03015596945438436,-0.02532005753859516,49,0.0,0.01845566218816385,2.277539343358908,-0.893664719827289,2408.694790540741,2017.1119325366158,975.0694845849368,0.0,0.0,157.2740456117078,1.711781596490633,10.491574701381449,97.8850460401489,98.00825672753737,88.12989077957988,79.76193873786272,102.01486288335016,81.43944875392667,78.92117266553838,93.31858658687446,113.56559384014663,101.8641833874998,29.66892948109041
939,421.2898159130743,2020.4239261166822,0.320396695806699,0.05045063792243292,0.2170289437801095,49,0.0,0.02856580813723131,4.2531100530279335,-1.5717665515442683,421.2898159130743,2020.4239261166822,1585.5315210987028,0.0,0.0,158.10248131168314,1.713128147189563,24.253207515107675,161.9979217458719,140.51155987837427,127.63987485859288,138.84714221679923,145.39918591492562,159.85742041011477,135.50929587079057,170.8497631324646,162.31879455000438,159.69128241859798,58.65607258705897
940,2569.1969719769672,2023.8501827824516,0.5355711093827696,-0.04828862558139163,0.12353362738167625,49,0.0,0.1277103067484968,18.951353357071664,-3.194100573296023,2569.1969719769672,2023.8501827824516,2818.171376822057,0.0,0.0,157.20714242284245,1.714576192730096,35.912974485575845,271.01190903754207,275.71579242353425,257.14237663930453,261.4815662367024,239.0040286541057,280.99174503239726,226.47794303361732,267.03549393279695,263.60268662912745,306.04809321391514,133.7467675034378
941,1109.0560125250265,2025.9489355085934,0.6194763476642706,0.0958416929529737,-0.0063868105410064555,49,0.0,0.015540947206025979,1.735425767750286,-0.5985151040132197,1109.0560125250265,2025.9489355085934,933.5188422494386,0.0,0.0,157.8157966548053,1.7154822613994893,16.71737472747084,76.58953275410704,97.57439394779436,83.15487382524555,80.72502956508059,91.51052311717555,102.53733618429419,76.74689853071388,83.72053158847679,92.06651709201456,85.64279787319975,46.53303304386543
942,2010.095443907747,2032.5616726836283,0.9231212352660243,-0.5151134979185714,-0.20675684170736894,49,0.0,0.013982864358222982,1.2235913724337002,-0.21909101526173103,2010.095443907747,2032.5616726836283,887.654039236837,0.0,0.0,157.44019817001154,1.7182408758351,7.117620202438674,72.30768244217693,94.13489626910061,84.77940258265669,95.7618053159206,91.10055943116342,80.24041949139131,56.83268105064203,94.94948258575968,83.82521593403615,86.21284706787,40.39142686368098
943,2519.737803496583,2035.0059310526601,0.4633525501902033,0.779272392193053,0.6118114624505551,49,0.0,0.014121976414147764,1.3708047349777304,-0.34243898970670616,2519.737803496583,2035.0059310526601,1193.385528646819,0.0,0.0,157.22775773576066,1.719228506484174,14.460339552159208,117.89141716288631,113.54215296697379,93.17429090093427,111.66631190390996,101.17523150659252,120.18525283581053,107.05927550072118,123.36289351741354,112.90938827279489,114.57986074235231,63.37911378427054
944,1187.103912323302,2034.8025998464411,0.6759868623623511,0.061425498613537036,-0.11064872318883101,49,0.0,0.014615960627683482,1.7986425146350242,-0.6373621366171727,1187.103912323302,2034.8025998464411,880.3820902629784,0.0,0.0,157.78326292167168,1.7191744398435311,6.7326354119461005,78.57349119303942,76.19016609408578,75.15783856501255,77.0877651071537,75.03122479824005,94.16142809945148,69.42255078257689,88.41153934218022,104.2173957895329,90.96968657999867,44.42636849976071
945,2717.8311230626205,2035.3010839277629,0.48635309953379396,0.13367725702097405,0.21677413110839344,49,0.0,0.0656385422440169,9.776387719958365,-2.47544604211205,2717.8311230626205,2035.3010839277629,2210.687912409084,0.0,0.0,157.14518661078418,1.7193331371168932,20.46134916330504,216.88915129349613,209.79575263190264,195.8288030166707,222.88490189405877,207.46594791243533,232.00972446691395,180.13147914406431,216.39363618590068,187.5517161276065,221.33738962885013,99.93806094388009
946,1457.6127914297126,2037.0079774621984,0.4678734340741871,0.07354321800333803,0.12727791920615705,49,0.0,0.01299137816343585,1.434813834504317,-0.39198888875096904,1457.6127914297126,2037.0079774621984,981.2867210633113,0.0,0.0,157.67050121724023,1.720100180126094,4.904846072422364,111.71254246063472,89.63963123881908,87.2591887654618,92.56523229144378,92.07571088388632,95.03834301213934,84.7013242195459,87.83466067708287,93.23949883054871,101.0517015490752,41.26404106225118
947,1371.923294472567,2038.8377933608176,0.4788268486401052,-0.2706486504259367,-0.5443787533766784,49,0.0,0.00855796450426088,1.0859984255925024,-0.08957298910586384,1371.923294472567,2038.8377933608176,819.1594231188044,0.0,0.0,157.7062210577933,1.7208611464589887,9.755727149493701,74.94858679272247,82.53140933307927,70.38876031115012,71.76589126929692,76.50123572663391,85.99728995084118,73.39111216682537,69.86872908643412,71.02093218448866,94.86799202475538,38.121757123083206
948,376.31353798875335,2040.1487728369,0.4599277944004722,0.8664573678200149,0.11641650234180446,49,0.0,0.019753804664871734,2.4100367255893067,-0.9550591516646132,376.31353798875335,2040.1487728369,1291.1106210669375,0.0,0.0,158.121230253111,1.7213415294256784,14.006718002744124,128.48842432987254,130.4615396194111,121.30636148518897,119.08518746345388,116.16962538162181,128.9199156724281,119.37319927680088,134.18147752848762,113.94383037121472,118.32881544019095,46.84552649552266
949,3033.7892356955963,2041.8694444284429,0.22824424093661747,0.8381011089260967,0.6657987438791966,49,0.0,0.0058739428803062715,1.7354634898794608,-0.5985387038911341,3033.7892356955963,2041.8694444284429,523.3379402037681,0.0,119.26800386257678,157.01348938489951,1.7220331319178037,0.0,0.0,7.678490488653382,77.58771488378429,57.16676815306816,56.73153132183452,55.52080393491684,52.274581733745414,58.49491041781075,45.018398604972624,14.879018182124511,97.98572248285768
950,2477.1407485357554,2043.0721951923845,0.682561303015362,-0.12529158384316688,0.08773182004294759,49,0.0,0.03443777146403114,4.261966520001095,-1.5740250844474002,2477.1407485357554,2043.0721951923845,1208.3255340279131,0.0,0.0,157.24551308001926,1.7225928259159853,8.336040595966814,133.12757048778565,108.80980977396791,134.92217446486887,93.05255411523987,122.59177588710583,119.08103782935322,105.89912493427732,95.57652000096452,116.24255554395226,119.9986844778681,50.68768591656276
951,2042.596866919019,2044.4368365466291,0.5225367223298526,-0.088178822363614,0.1912169440134283,49,0.0,0.2452010759394764,38.37003088670546,-3.9599803719806976,2042.596866919019,2044.4368365466291,4597.071726685057,0.0,0.0,157.4266495881375,1.7231875269496884,37.01240998305532,426.42462946666797,449.68704393313783,396.57851838178027,481.14042431925697,456.660146896465,410.45465509247526,428.24165847420977,387.4805645033256,454.1276074466116,437.9698698261758,231.29419836189578
952,868.6475024843896,2047.4097661979604,0.4811324944258831,0.4288370875632354,0.3491977965504757,49,0.0,0.017067922307695892,2.4950713830041105,-0.9927074378256922,868.6475024843896,2047.4097661979604,953.519851750804,0.0,0.0,157.91601057254724,1.7244107134998385,9.730015624265734,97.80763751095682,86.14918879934669,88.42305308923193,78.96618787917502,95.69405702851688,68.83975687917878,80.06305522794278,103.9922780641903,102.17126613645713,85.11212036826807,56.57123514327385
953,2606.52181447,2047.9163807003592,0.37384829150490456,-0.9878994506806122,-0.1447557734494674,49,0.0,0.009095870847496393,1.0379891073279202,-0.04048199011009808,2606.52181447,2047.9163807003592,1012.6091646927762,0.0,0.0,157.1915823444345,1.7246000636641508,11.37204801944629,95.47744953500586,87.82690805693429,94.26458108981357,105.46628577701699,88.98207325915857,116.58520835141421,78.26939986896443,84.5117271812874,101.56663554112228,97.70088507381573,50.58596293879661
954,2014.6007149217182,2049.338832462495,0.4235560129313853,0.19008355752300427,0.14603243592641293,49,0.0,0.024691606529406076,3.7742875386810604,-1.4420874579782366,2014.6007149217182,2049.338832462495,1221.7746301030295,0.0,0.0,157.43831958984904,1.725231086976762,11.429526893159355,118.84095605132305,118.84256892771505,86.38421601223729,114.93878669040527,128.70406369850878,114.1908492438342,130.11433731800946,110.49776561803986,117.37129909865625,105.74331161819902,64.71694893294199
955,2611.048625462399,2051.0641354539525,0.3216133420807604,0.4509479666845269,-0.05320800173650347,49,0.0,0.009155724043134124,1.1739460564009183,-0.17412035312724433,2611.048625462399,2051.0641354539525,1037.0740735625584,0.0,0.0,157.18969517095204,1.7259111623331875,10.574868485646736,93.9117859661201,98.45749716800144,94.200502976291,110.92420389023482,90.90662490554995,123.34547330809039,85.32866788987403,94.82119873409465,97.02582905220946,91.6186044213107,45.95881676513512
956,1580.9925360462641,2054.2588311743407,0.51714368246568,-0.21248323221722323,0.6845347134062213,49,0.0,0.013186732039941444,1.4070993989839011,-0.3708119438452997,1580.9925360462641,2054.2588311743407,1130.7636977415484,0.0,0.0,157.61907012277777,1.7272888720241881,19.58574550041374,123.8074803100848,114.69828961332047,107.98938954635899,91.88121987193631,104.19458027550688,122.06746021899889,95.27696471916406,96.3258638081593,101.3684141499223,97.97085088915004,55.59743883853264
957,1898.077626815011,2056.525246619309,0.5797891519069011,-0.003046523336644634,0.42494450158639996,49,0.0,0.040438385548588356,5.512927816346934,-1.8534557651781094,1898.077626815011,2056.525246619309,1388.4392124448955,0.0,0.0,157.48689213376718,1.728229170937025,10.41553184110953,143.42332688819306,148.32438500958074,123.4909865942194,123.82315709714497,117.8239792276347,135.65078437401024,121.1549723727779,158.7109157792152,126.17483392646949,126.19354125060109,53.25279808393903
958,2939.942488970351,2058.184242702555,0.9074034756423204,-0.24793388284449563,-0.21208734428198386,49,0.0,0.019228821723913252,1.1866740181030477,-0.1858285842812727,2939.942488970351,2058.184242702555,1797.9322055827145,0.0,1251.7380303914242,157.05260390413463,1.7288424201709713,9.349749150509094,180.70895618380618,186.65525949000784,170.9644048810016,167.66894712628238,167.27974642937556,176.91492864294491,167.62173592165612,164.54707739536002,153.45271074111122,177.376925556618,75.39176406404147
959,549.8221104849554,2061.2128185115994,0.6263395216961052,-0.01188687603884706,0.11157777565884171,49,0.0,0.09256232658932963,11.792186167852444,-2.678985817364612,549.8221104849554,2061.2128185115994,2264.7457624802482,0.0,0.0,158.0489095070267,1.7301358345262785,28.88346467628876,194.12484359700375,226.5714149294502,227.75096464084297,205.620053619955,196.76170143246907,219.97493011322467,212.9965525684996,227.8002879423577,200.36412602759577,226.94321362873697,96.95420930382369
960,1524.340525676957,2064.8480521386396,0.3994515801324501,0.09519503066582394,0.39805683160355126,49,0.0,0.01835218854158001,2.5751154490562103,-1.0269917608839065,1524.340525676957,2064.8480521386396,1206.7372997154325,0.0,0.0,157.64268579156914,1.731700749964161,10.296495797708259,106.79606448993798,111.99343460794242,109.12621990290131,118.76378094751809,110.85017514164082,125.82633130352667,108.6027058849483,116.21447262068848,99.4781210330062,128.59880753924256,60.19069044637151
961,1700.8270235832217,2068.57635608107,0.8785549367021723,0.6176723537968761,0.7321146340945933,49,0.0,0.014132922510195467,1.0385593760553753,-0.0410783271803464,1700.8270235832217,2068.57635608107,1063.3680502445345,0.0,0.0,157.56911655069612,1.7332539963051075,12.73554799951405,93.41931609100698,112.36703353156626,87.17598149860733,92.49045706672605,114.85263704649822,93.81116129941915,82.88240236211325,103.71065895175228,100.6510668740201,121.69284290260684,47.57894462070398
962,1003.9914670459727,2067.6407242877635,0.9406473468072765,0.27734649345407925,0.4543241346649498,49,0.0,0.012312545572828102,1.0567961805724722,-0.05997808750194327,1003.9914670459727,2067.6407242877635,745.4262343865,0.0,0.0,157.85959430519685,1.7328483069043696,8.856614401192749,69.72060633208775,71.48914089754258,65.28689765557468,61.102981272944064,74.32862849998074,79.15786155143314,61.24720457300738,64.25605737917834,87.98263733323105,61.45351356373533,40.544090926592204
963,207.0204825381376,2069.9003371819254,0.2335011819885361,-0.11408907185602625,0.2654905287900506,49,0.0,0.015979892840536938,4.306673899667143,-1.585354970829287,207.0204825381376,2069.9003371819254,1292.3316432687877,0.0,553.4273649262129,158.19179748124952,1.7337170674985296,7.434858233296193,114.99116087297335,78.8670125011725,71.05531426496422,52.26239906945307,389.47144712104426,117.08670113740861,290.42109853347324,52.144281183043034,49.463106877708285,67.58626782327465,1.5479956509764141
964,354.7729616072262,2072.547800698589,0.4107124714749321,-0.4317050819863162,-0.15775933968100309,49,0.0,0.018716833181548036,1.9388510260969374,-0.7188611020810098,354.7729616072262,2072.547800698589,1319.5715716433242,0.0,0.0,158.13021206040918,1.7348379995200864,7.885886587913898,135.9245752344249,158.8178983636509,100.38285918194191,113.12805986051546,118.04180877683719,126.76980218886938,116.41003439409698,122.16459017739894,124.65870885406375,123.8839307718048,71.50341725180624
965,1967.1959574561477,2072.913043740765,0.4979091501249215,-0.4871930163038266,0.39815668980225966,49,0.0,0.011994909078556047,1.3965502690729468,-0.36264143206189486,1967.1959574561477,2072.913043740765,970.5428623851312,0.0,0.0,157.45807956120677,1.7350552188309176,9.941307887998814,98.1738923883205,89.16856282181328,81.23122429515534,88.289454177798,78.07258808340298,95.28537986076194,89.73591780980365,109.28503132295381,111.34241972190064,83.53578354670671,36.48130046851543
966,914.2404294749222,2075.2303447620575,0.970316066592217,-0.4573085577590453,-0.05194581688651794,49,0.0,0.016188220137798977,1.3240440042575676,-0.30475604751877045,914.2404294749222,2075.2303447620575,884.109433262729,0.0,0.0,157.8970070729156,1.7360052955058378,10.30640490274548,72.3658729552206,95.93868719365423,96.27106867471802,82.65635592100915,85.06519332417801,72.54652201482179,79.50055954338715,70.84126175938013,83.70091536642124,88.87528808290058,46.041303524292644
967,1111.7123520825587,2075.7268515870455,0.9229457324276192,0.176606987335664,0.2642609282293354,49,0.0,0.013480502178337636,1.110839032117923,-0.11412782843288304,1111.7123520825587,2075.7268515870455,907.1885370022309,0.0,0.0,157.81469135054206,1.736222824118492,5.449333463874492,77.67681336558977,83.90256116023536,104.3219224849889,80.75156004936169,81.86997772414855,84.60002881145726,80.62869277595834,97.62090760038618,91.07735814081556,75.8831651373431,43.406216288071704
968,1713.7510972985792,2075.886068802355,0.4099571546563544,-0.40237620578539757,0.3631951482493074,49,0.0,0.009768978461994367,1.0250623264086498,-0.026875681021956,1713.7510972985792,2075.886068802355,1008.6410418962331,0.0,0.0,157.56372902213099,1.7362995465156947,7.969206932206716,98.94401766537561,84.1975069053922,90.433131618532,75.34397698323477,97.34081361100894,103.93955260066824,95.09326045672184,94.1629333520556,91.22409739001787,117.65465512442657,52.337889256592696
969,2260.95139205397,2081.2965978965863,0.7701430745391861,-0.29805434452969704,-0.13263978912741078,49,0.0,0.013558646520944557,1.4372740368433636,-0.3938489512027432,2260.95139205397,2081.2965978965863,826.3298616478314,0.0,0.0,157.33562734860413,1.738534437182257,10.388192920693946,69.71079854210538,63.43875429336555,73.15833670138404,80.77436578572122,75.42433973691627,73.14347685604432,83.64435811123553,82.22004212390277,76.04263165737171,107.10684630677562,31.277718612315184
970,527.4079487882921,2086.729032967479,0.2868513120498738,-0.5142081188502495,-0.3484559627649699,49,0.0,0.00790879134000992,1.152091243154526,-0.15371718910105128,527.4079487882921,2086.729032967479,816.6396956741173,0.0,0.0,158.058254619784,1.7407649622616643,12.062786626226439,92.53057886483259,82.19407708480388,84.60546737199266,77.62067460608455,61.039882474055844,78.84914251641001,65.4245631072841,85.09735664335923,72.97479785095157,68.33716313940153,35.90320538871493
971,2473.5307432256695,2089.0503480816287,0.5828851620218499,0.01380905047078724,0.07133230294653989,49,0.0,0.25340487344575185,37.202465706135015,-3.9264293125462073,2473.5307432256695,2089.0503480816287,4348.287143332913,0.0,0.0,157.2470145924395,1.7417500712701985,42.373003472058265,394.79300795090785,454.27739871194615,378.72094017225845,397.600633059792,386.27738031753347,449.3253446325042,400.39918112984003,426.1092610097416,407.9539006777286,422.6261620119592,187.83093018664215
972,548.3210476724339,2089.6794865802376,0.6058294768813993,-0.041004641954196064,0.1509902966028789,49,0.0,0.042197673592224746,5.501106208049648,-1.8511250745288539,548.3210476724339,2089.6794865802376,1333.5346444256486,0.0,0.0,158.04953763335257,1.7419963127979443,19.94156632903094,112.31632809378345,140.92434846843594,120.27265015387493,123.96638623514556,101.806744493955,132.35140502111113,125.5224849203197,122.6259443259325,130.09937984759065,140.6555687152602,63.05183782120865
973,2619.178917955974,2089.9647065205277,0.5634085184027086,0.06953888216629436,0.2533532380095146,49,0.0,0.05437780951531862,7.791483818180255,-2.2290504325904292,2619.178917955974,2089.9647065205277,1541.7974071919748,0.0,0.0,157.18630298835723,1.742118345983757,16.818935842107134,133.34725917099522,156.66703666249384,159.00508610336036,114.3738001424388,130.8724275505773,150.0391671187005,129.1726341244398,160.50782823261252,133.28440257443646,170.28465119077737,87.42417847903566
974,484.9197868838186,2091.189054680064,0.6322750337222207,0.48669126108480304,-0.10457262239949616,49,0.0,0.011657026143609825,1.0876413790506576,-0.09121430464319227,484.9197868838186,2091.189054680064,921.0855512736593,0.0,0.0,158.0759653664673,1.742618938546475,8.98546555085065,87.06457305783707,88.97161096860748,94.83422405669796,80.23058655723605,97.57528922391239,67.07038364096906,91.94176329097894,86.94892546200236,84.80222534226021,85.95145633185842,46.70904779044869
975,1762.7425072247834,2091.7677042686805,0.47220869853535036,-0.8538266501137637,0.1173346687208707,49,0.0,0.008725698332762445,1.0891518984154134,-0.09272113199562709,1762.7425072247834,2091.7677042686805,898.1271929355856,0.0,0.0,157.54330649097025,1.7429161884107014,8.141121223236059,90.29228174478678,93.03105208694873,72.14404741769371,73.20260101585369,87.33342952319887,91.19457907030588,94.27121179573264,88.01244692331596,85.57177430495986,70.98857628253313,43.944071547020386
976,2973.934955390962,2093.758703771519,0.9418689570074755,0.709305585233394,0.6957046394779904,49,0.0,0.01636774304585912,1.5697579349294508,-0.489581717600158,2973.934955390962,2093.758703771519,950.8572553652691,0.0,499.65984432992195,157.03843140675534,1.7436599786650755,7.3552217971754565,79.82582896880075,93.38459705925278,88.68426655407725,89.46636816779463,113.41743617607624,88.28564641405464,92.90978237211488,118.69535900530815,99.61315923881938,44.410671612373946,34.80891799942113
977,714.8750568403252,2095.8528914889275,0.8678289749421823,0.5692266678829808,0.5815383342133944,49,0.0,0.013900719759048063,1.216814386268007,-0.2130608392327455,714.8750568403252,2095.8528914889275,803.9000640745212,1.9292346576058754,0.0,157.98011238338117,1.7445833489044762,11.982494506759446,86.14258978221261,82.89389708496466,76.8386936128476,64.86434701266776,77.96529812812169,57.75658009602296,83.74944963686909,80.40948598318283,65.57563704622414,66.31331201489004,49.40827916975833
978,2421.79363947152,2095.7681613870463,0.30332654346642257,-0.3377840141611261,-0.2362912937512474,49,0.0,0.009256806127442813,1.6080180896597873,-0.5157273252649663,2421.79363947152,2095.7681613870463,810.5884698342329,0.0,0.0,157.2685802790646,1.744553112675237,10.757168813333482,76.52169829645551,62.49557068091386,65.20949394283554,83.2501246308523,74.7910695569851,75.56701260779862,83.82807556376457,76.64717576743907,74.89448970553332,83.92000170268162,42.70658856563998
979,2007.8224775862127,2096.8640424484634,0.4958355536026817,0.34141481759705655,0.19645003353997487,49,0.0,0.010781106486331012,1.3177472966518833,-0.29958033484056845,2007.8224775862127,2096.8640424484634,891.8980840404308,0.0,0.0,157.44114351997658,1.7450331908454426,9.113755602557656,89.30053899959151,71.41099949658587,95.56874910380287,89.6766089513003,74.49313907102403,79.6129637440847,84.27403278035678,84.16665345232676,85.47953150747065,87.18053260798357,41.620578723346114
980,2943.9407570127437,2101.2494473476263,0.6179445391386813,-0.5106143298051768,-0.06637730360796086,49,0.0,0.027640488258147328,2.5791824100805427,-1.0287051456608487,2943.9407570127437,2101.2494473476263,1543.2759274182297,0.0,1360.6407651433424,157.0509326585859,1.7467846900118307,21.85032393304389,137.687861421533,158.7917208776484,125.47418930749515,133.77928507405971,150.8686818362625,147.74825141472542,125.04173240033636,137.7427442319512,176.05620910763878,153.4551077596695,74.77982005386573
981,1181.7382691235368,2101.954923307293,0.5842596611675119,0.5304452412905588,-0.14163009839114105,49,0.0,0.010408670278269833,1.1651779172650303,-0.1659806129477294,1181.7382691235368,2101.954923307293,822.3712986516036,0.0,0.0,157.78550187085332,1.7471539172712687,6.415943558688214,92.38653966364025,73.24593033216007,71.75211954713927,71.31529490586436,84.0388349686556,93.87851150186691,74.50776473549209,79.75383986490894,74.90151412430086,67.16455133835127,33.01045411053594
982,2162.9871026108967,2102.3499318567756,0.5015651221321505,-0.39749911659613846,-0.040307055617084614,49,0.0,0.010589346061481611,1.2931383706571382,-0.2791124962644359,2162.9871026108967,2102.3499318567756,890.6258760896392,0.0,0.0,157.3764625774451,1.7473119832879083,17.337263959827617,82.32595494164107,71.22905958454751,74.78032779036721,95.83504675114783,98.79430205003578,84.21787253324267,77.99814041144388,86.9552365476665,77.36950489716403,81.16977151238665,42.61339511016841
983,1499.0309804440028,2106.285074676279,0.28347766968895716,0.34614989249310263,0.5559219877639158,49,0.0,0.009668101074079154,1.258371375506989,-0.24952207680199917,1499.0309804440028,2106.285074676279,1014.6282323960743,0.0,0.0,157.65323653160405,1.7489657504309444,16.460995590968,93.59368759738823,102.37491309488703,97.35794154798864,106.9396502530249,93.11585567347761,86.17165790920228,87.60577019898952,88.93332286421426,69.5244636333372,121.73428113291072,50.815692899685814
984,961.0033876387121,2108.8780279480015,0.6511695298099841,-0.0034069562573079467,0.137540886208537,49,0.0,0.08188564914293753,11.235333728260517,-2.626464942486316,961.0033876387121,2108.8780279480015,2093.7126398108076,0.0,0.0,157.87751588118672,1.7500276792409675,16.246528774511855,202.7572144315788,195.94252398372706,195.1964811126917,197.80518941329228,199.17240508226215,199.638717505908,190.41349217896155,200.4222300204537,184.7595394028296,207.62422989067502,103.73408801391568
985,374.5330425355077,2109.983797058805,0.33308017072206025,-0.10728245389705254,0.05130722169245917,49,0.0,0.05589032146380036,9.329777795831987,-2.4246782510615357,374.5330425355077,2109.983797058805,2325.7174265734293,0.0,0.0,158.12197936806427,1.7504377532283308,27.350465654944912,203.31069877975997,219.5009495884378,194.87267550734384,227.26420966215989,207.046995294976,234.0921182864684,220.98154098306236,219.0465400955875,223.427666143981,247.67630325602664,101.14726332068108
986,2072.0221666456787,2109.8486519747685,0.5729433372355213,0.2199928780287209,-0.21965945061323433,49,0.0,0.01594336682499597,1.9779890164344893,-0.7405596891903927,2072.0221666456787,2109.8486519747685,961.4943242507522,0.0,0.0,157.4143811879168,1.7504407364302024,17.658356350231994,76.79795583348815,89.6480748709351,81.05418191833616,93.44784118153964,85.07503439757483,99.85594222213656,84.27400734396409,82.14806841717997,98.31855526683943,110.17362230490312,43.04268414362314
987,337.2824928821909,2110.6212675133165,0.5600171244066351,0.20126046114263998,0.08999093335457936,49,0.0,0.010819043305916405,1.0114364180183726,-0.012346467219161128,337.2824928821909,2110.6212675133165,990.7351441834564,0.0,165.5205375675919,158.1375063629163,1.7506990583404962,5.217057698179782,100.6874896760163,100.40003723499825,89.93454295267014,96.06265325942105,76.2211281822143,104.19235546200159,68.48471325463024,100.87980017645967,105.70661426349133,99.35292221636129,43.59582980701251
988,965.69699583854,2111.597988963035,0.5810101900025891,-0.04819039349938304,0.20441832999805035,49,0.0,0.0405349013263697,5.767661264778578,-1.9024993657740445,965.69699583854,2111.597988963035,2095.263483412171,0.0,0.0,157.8755594944714,1.7511612455238605,19.585917073614176,189.83131565607897,202.2250434855115,198.56540880815697,196.17022601745825,198.79875152186162,192.37252638853235,192.18650974314335,192.32790324269945,193.56397665228275,213.87734743860835,105.75855738422335
989,1223.8416790147487,2118.676610951091,0.7641281212233729,0.02785097011356037,0.3271913862689329,49,0.0,0.05824192571962889,6.899662631673996,-2.0970696396024238,1223.8416790147487,2118.676610951091,1349.6333989272061,0.0,0.0,157.7679514004197,1.7541227128403376,13.601622807357302,134.14762594087634,127.23730109566665,118.63988074279254,125.62022203021934,127.55656925685555,121.34606748111227,131.14881765005128,111.22825765770509,126.87035884899726,155.02189696835296,57.21477844721963
990,2444.176490661049,2124.8381815819553,0.3155246275346322,-0.043912947368205904,0.3000805776092702,49,0.0,0.009176428220308177,1.2991561192965697,-0.28415335819641735,2444.176490661049,2124.8381815819553,927.3093860401307,0.0,0.0,157.25924817227337,1.7566635068656395,15.768688322509856,74.89171171006603,99.75939158664335,93.86083196575396,89.94684246798904,85.75106365613901,92.92757917968692,90.53123524155082,79.63791333870535,84.20530133429648,87.2937964273069,32.735030809483
991,568.1007161884799,2126.0032689659674,0.5521736362006047,-0.015534665898455634,0.19007960606191385,49,0.0,0.16108491603759345,23.838754761554753,-3.4432089147604965,568.1007161884799,2126.0032689659674,3296.2824429227758,0.0,0.0,158.04129587317894,1.7571324889122442,29.651415624169893,313.2488615734068,322.3596379195766,322.99373654267885,298.7551463920681,310.76855108895074,334.486537658108,286.27775858624307,322.860933773238,314.0813884787507,297.5586885409164,143.2397867446689
992,1609.0630754396348,2130.0888940908717,0.5533627889755751,0.24283229804107365,0.3022034467798155,49,0.0,0.13227347467511716,19.804380524152187,-3.2419031558371456,1609.0630754396348,2130.0888940908717,2823.770339430848,0.0,0.0,157.60736875869577,1.7588843408119155,25.43350764041736,287.83053429824434,287.26233568469536,255.28305003849596,236.5457770161248,272.37744319865146,266.76751667257605,239.2939097606851,263.4179983304647,258.66971013501416,302.5755393854831,128.31301726999527
993,333.3153065811671,2133.0940462588947,0.3371262463651073,0.05611980309385048,0.6032287458440938,49,0.0,0.008870988394856711,1.3009357257860679,-0.2856396006929972,333.3153065811671,2133.0940462588947,880.904550661756,0.0,344.3939160846902,158.1391622959796,1.7600617188908085,8.635919995993381,79.5664494778282,78.17751833091592,81.3585920720193,79.71451763974339,93.05387807382746,77.04089692491098,78.92529940592888,85.98232913006436,88.21862710766945,85.98059149504638,44.2499310078083
994,2144.8601923312244,2133.2562515492664,0.5029399034030763,0.0814165888208285,0.29392867227685143,49,0.0,0.08694699576312664,13.92467152845758,-2.8594623982928975,2144.8601923312244,2133.2562515492664,2104.476365351422,0.0,0.0,157.38401742779763,1.7601902604932829,21.621466279234184,196.6513216566372,229.1156991663561,192.73693986540772,191.5347822138591,201.43303846317815,203.6507159107264,171.0118087406857,232.9086885009274,193.98770304216475,171.62063733165093,98.20356418059407
995,1772.2327639146458,2135.867147670823,0.552618637662254,0.049251845402001074,0.2196417051001174,49,0.0,0.10991793306471993,16.4871290020024,-3.0428625901205573,1772.2327639146458,2135.867147670823,2407.7079088093024,0.0,0.0,157.53934980160392,1.7612905398346814,24.20821575513115,237.65198823470783,247.37225205764574,225.17410075840502,234.88555040348695,224.62364939698273,209.5946170005803,243.61226771424663,231.90902917015916,226.64261599383576,203.39237194366657,98.64125038045472
996,1836.064718122077,2138.4529694390108,0.701026245130263,0.037605240319694595,0.2470150365416032,49,0.0,0.1764792890397559,22.624807347520058,-3.386462224580927,1836.064718122077,2138.4529694390108,3071.380026102768,0.0,0.0,157.51274079353593,1.7623667363894016,33.551564705929,275.1627772135431,273.28058243178555,273.06312342648084,307.18322175938056,297.11538444137346,277.29662060043904,279.3158735945718,325.1311726287107,282.9185086332676,290.71312051375037,156.6480761535359
997,2018.9210195602986,2140.360369160823,0.3108648461394167,0.0548856662248217,0.6106527852170115,49,0.0,0.012797095983809901,1.7055811396137601,-0.5796809623170657,2018.9210195602986,2140.360369160823,1132.205529701571,0.0,0.0,157.43651557202045,1.763155895913122,9.878425685162487,123.61772348566325,99.50823667941128,106.11634801449355,96.2053165863857,91.70710148174587,126.95165807375973,100.21720012810555,106.34121456270118,101.08697338036356,107.01859621562839,63.55673540815054
998,1927.6677882109007,2142.875826610377,0.9620622956968816,0.6383084660535167,0.25306042959138203,49,0.0,0.020611504547644398,1.7125732844095325,-0.5841229122121641,1927.6677882109007,2142.875826610377,1032.783267776529,0.0,0.0,157.47455512055225,1.7642071569714939,14.915895719311209,93.80372260121422,122.20628923537608,101.0245465711879,83.5620404475776,84.1904534084986,85.30339572070827,97.16466637693247,100.72017680458725,102.44602686390759,108.76947809354974,38.67657593367812
999,485.08532764043923,2145.7143962623395,0.5603592063981085,-0.23539657132076836,0.18207808544661283,49,0.0,0.012566987836017809,1.45795635596648,-0.4093613088461395,485.08532764043923,2145.7143962623395,930.3233040423672,0.0,0.0,158.075901315375,1.7653367773874709,15.616472864486315,75.43269817435825,79.67859726791448,66.39495262173673,94.54413802285274,86.032469960662,89.2330513060264,90.6639899217792,113.26666892979061,86.46405191498728,98.64955360401945,34.3466594537537
1000,1161.3027035423984,2146.6343672492003,0.6345798388346405,-0.0522578324256456,0.24539359469123842,49,0.0,0.3140071231964032,43.99560090717731,-4.108523134553535,1161.3027035423984,2146.6343672492003,5000.833337824173,0.0,0.0,157.79402210815556,1.7657691767168588,52.885296249287094,470.6988678660117,496.3738377343533,457.2647495572777,466.479257648123,438.04676204932434,484.43901269695954,444.7709910240516,502.823194086591,490.43783288354206,471.55025379938996,225.0632822292615
1001,2750.820159032381,2147.0872905746437,0.26453261120461147,-0.5092887888023214,0.05523822292950634,49,0.0,0.02127675521532532,3.4983778566505905,-1.3596667885826155,2750.820159032381,2147.0872905746437,1320.3944019424846,0.0,0.0,157.13142552394106,1.7659050950323114,9.801074731645489,128.78867387054476,156.92878777866326,112.33506812300536,135.57288002461667,134.4492810037489,125.44804242262536,102.24227974679859,109.0172566252351,127.26120755142709,128.09919326234458,50.45065680182941
1002,575.9167548540618,2148.310917036031,0.669915134447215,-0.6406958125990598,-0.1433705175923621,49,0.0,0.031387710351174984,2.8301105466524423,-1.129508499467513,575.9167548540618,2148.310917036031,1542.015627711471,0.0,0.0,158.03803972517917,1.7664276896999207,21.466054234475955,146.40037166686108,133.01639781273508,140.49610714315037,156.43693525505108,144.40947061002265,172.54348871074973,145.22092091287203,138.309341188521,126.01804309968185,139.61986103075182,78.07863604659826
1003,290.9637581337791,2156.2185300103833,0.8927835701230182,0.6177282042098364,-0.42274546193747436,49,0.0,0.01464299347028612,1.0903288316628206,-0.09389374081374365,290.9637581337791,2156.2185300103833,1026.5855236221018,0.0,988.7431180376534,158.15681788610837,1.7696912524340929,18.786863877159945,97.50684263351525,94.97320387692355,88.1246325507217,110.96410158617329,101.96335594384955,93.01442587940628,77.91835274484131,89.47006007383882,105.40394526487037,101.64563939620632,46.81409979459544
1004,994.879248570746,2157.4386188499443,0.45064915403761613,-0.3233370731614907,0.01447993873369156,49,0.0,0.011206858794232801,1.451277369775267,-0.40437605806000193,994.879248570746,2157.4386188499443,878.7772810062986,0.0,0.0,157.86339713296007,1.7702627110101494,12.334431731920718,86.47289324826502,68.43774594282627,81.99710724014305,90.96981374957221,92.19564071942183,74.55950175001185,77.50060029197499,86.86046337356484,75.08898172918938,99.46731062723396,32.892790602174486
1005,2644.0733406169124,2158.0030705314252,0.7072144476389078,-0.3304564899817439,0.45485899643921296,49,0.0,0.01712730154432109,1.7717789942690867,-0.6210238712543232,2644.0733406169124,2158.0030705314252,957.6933366121043,0.0,0.0,157.17592038476982,1.770464070481625,10.641329414760877,88.63951097429782,88.24669556709169,75.55217429422558,89.91219149165492,86.82347574577659,95.45242986801634,91.00957407495531,109.1562778113204,87.34572497368214,95.041256212697,39.87269618362572
1006,976.5398874430651,2163.343696767061,0.7280534614100443,0.1538703140383407,0.17779314103314153,49,0.0,0.06568213456181589,8.048348142690362,-2.264266885351693,976.5398874430651,2163.343696767061,1542.9683989356781,0.0,0.0,157.87104226656894,1.7727220381529782,21.276722656131557,158.31067558538842,147.27053427336352,133.54782465769185,146.62974624259107,132.44577730856628,144.51317390436736,144.28527509536616,146.11450918423344,157.2676986744463,132.6462331647964,78.66022818873594
1007,1304.8514359030137,2163.24539605013,0.7493362694641332,-0.2719839799936851,0.13040259923524464,49,0.0,0.02639208851631523,3.0446672108657946,-1.2088495754411328,1304.8514359030137,2163.24539605013,1016.3669814309071,0.0,0.0,157.73418302555876,1.7726952369262812,11.35005061397421,114.33541568833245,86.35708306301248,100.26565485953385,82.15305407288758,82.1636023641929,90.10883938311036,84.72463933600672,102.47185089146174,96.14732664411646,120.12502098152169,46.164443532756565
1008,1543.314421105919,2164.217357886084,0.3248502619159425,0.2779296433548662,0.30997316661868185,49,0.0,0.02260186166159068,3.6677922312879043,-1.4110118157495748,1543.314421105919,2164.217357886084,1255.3040292643718,0.0,0.0,157.63477689913285,1.7731041593014931,13.983118010776824,124.98918635189682,116.37536400829586,123.16696961241774,113.13979966445737,119.31770184786882,118.32592378966459,118.58902134540905,110.99897405550759,130.64857626919172,122.10811050796303,43.66128380092263
1009,625.5265572379093,2165.3749891892257,0.4572476176331532,0.21296775925691402,0.09603989012499159,49,0.0,0.02719190088045617,3.925814064855345,-1.4848243165351926,625.5265572379093,2165.3749891892257,1305.8956746521812,0.0,0.0,158.0173617590359,1.7735420590971287,25.849290422398717,118.99744523464383,116.07250762750638,104.8180443973254,128.35679600684986,127.8102839823971,129.44870641493821,123.78287816365716,122.18475186282946,103.66804281454368,137.20615007304332,67.70077765204796
1010,1450.6620172289656,2165.831541028646,0.6259844585416189,0.13799677194914736,0.24746131847089214,49,0.0,0.2682895837959717,37.32789767117547,-3.9300838272455536,1450.6620172289656,2165.831541028646,4500.133778086742,0.0,0.0,157.6734002323952,1.773775824287486,50.58954218729329,453.8183131219987,445.6174219295076,414.68652069194445,409.0769971174606,459.87369920060087,394.99483151693397,400.3792800894878,416.6441366581654,417.31807479081255,430.4468468868085,206.68811389572812
1011,2204.191754961956,2166.512193382122,0.5063334162336492,0.19568194705081426,0.33180006339559825,49,0.0,0.02287368693876624,3.314524455317582,-1.301053069222836,2204.191754961956,2166.512193382122,1085.8010797016768,0.0,0.0,157.35928325559564,1.774043376803257,15.643921332725556,108.06250543279083,100.15266468963304,94.23553200204907,95.62534829081318,98.2750608719331,114.74919481288583,98.44146715081291,103.91508068197538,106.38713402480427,100.51400902787282,49.799161383380806
1012,2719.384409314127,2168.7445488898047,0.8017366712738565,0.4250287302371739,0.15489982681296485,49,0.0,0.015239522493811232,1.2576596072873871,-0.24890778186579388,2719.384409314127,2168.7445488898047,1040.0510936743544,0.0,0.0,157.14452700783494,1.7749318371817606,14.701941131617367,97.4049540734464,118.75749882178063,109.07183584313792,79.9828565446797,94.48035930851302,87.65692169099806,93.27559793794457,107.89076465186258,88.12136882093742,94.62256512761277,54.08442972182388
1013,925.4715149039355,2168.8839373426263,0.599361489090421,0.02491845415381035,0.17393950042849224,49,0.0,2.2100971291508293,321.00627170165944,-6.266283793931297,925.4715149039355,2168.8839373426263,33028.20056383421,0.0,0.0,157.89233059460187,1.7750272944004328,323.01007810945606,3117.283679183007,3161.9756460569297,3119.220357241794,3110.456609772042,3150.6903627068345,3154.5205809002355,2961.894152944624,3259.4873366175784,3087.023490135059,3115.0485147778827,1467.589755388773
1014,655.7423937102966,2175.45836707052,0.47064129348775274,0.4486585624154369,0.4655940091395533,49,0.0,0.015569320067763404,2.0133086678374017,-0.7597759082374553,655.7423937102966,2175.45836707052,1000.3789009319288,0.0,0.0,158.00476728904857,1.7777460161599543,4.7800258430503035,89.84382736598471,95.80742759837949,88.58591681522137,83.4421173195339,111.94866589370534,114.05001368267116,86.20388009529941,64.38487041814757,90.63281395297349,115.07183129107882,55.62751065588322
1015,2940.6584866284293,2178.3756358829432,0.5979421360530145,0.6598480478206655,0.36362867652650094,49,0.0,0.017096774352042144,1.4550114540892891,-0.4071660304322956,2940.6584866284293,2178.3756358829432,2053.7514042936064,0.0,1506.8447606243276,157.05229235331697,1.7789189865835733,16.349583598281754,209.54027627731577,242.69850332327323,252.21662783821958,197.92560767997534,203.2678693084129,166.44000177018046,202.96309658932165,153.40428446618228,169.44081024054915,147.36939444680317,92.13534875509154
1016,823.9287785553635,2178.3113103087308,0.44222849397917535,0.4617322236643443,0.44267032844155807,49,0.0,0.010864326672566016,1.3982294292885225,-0.3639460967981405,823.9287785553635,2178.3113103087308,932.6674564711977,0.0,0.0,157.9346594324342,1.7789483153143375,11.869164688402211,89.66063109069698,75.8049644828927,79.37347783371519,78.01445014543852,80.43743810633862,110.54856160278806,84.69008602182231,102.34815811653644,90.57511451603078,92.51592790961939,36.82948195691645
1017,2086.859818718031,2178.2054414431695,0.6836266405505331,-0.010674449036152011,0.20671110715002783,49,0.0,0.15130419190136263,19.923818261566417,-3.2484314289720313,2086.859818718031,2178.2054414431695,2686.1123530414193,0.0,0.0,157.4081933573933,1.7789214501709656,31.458049638910403,267.37429195269874,235.84633451411142,195.4879732210051,277.5760433906793,287.6359210793121,253.9702846145203,220.05195745306926,253.06528513731882,269.68965496423846,271.7895794882298,122.16697758732558
1018,2944.6173101689865,2178.62440443729,0.2477041723074948,-0.5079800088993139,-0.49550990593361444,49,0.0,0.011499943440682912,1.539961026146112,-0.4687743242602058,2944.6173101689865,2178.62440443729,2723.295005164825,0.0,1456.520554972579,157.0506421927658,1.7790221333938632,19.33398151031853,179.60451610752045,195.89787176545846,270.5595620477679,187.31805274969437,433.2812783335181,232.22015055858677,188.98980790443687,162.32799410178274,152.37941588895677,606.4109641681421,94.97141002864242
1019,1994.099680484949,2178.9403898853834,0.578245435220811,0.3740623094936269,0.31750021473195256,49,0.0,0.025718384790860666,3.099713461332637,-1.2283038733649958,1994.099680484949,2178.9403898853834,1103.4873298409373,0.0,0.0,157.44686128915367,1.7792315127268763,6.837076188002017,109.83591928791846,105.56395487880002,95.52375180257673,98.23749226812009,93.24678683380091,115.52544944278645,82.75865744356148,117.27020253925039,117.94077952596712,112.2901993832121,48.45706024694156
1020,2659.6946156782396,2180.0568640767706,0.9281577344294193,0.25746372517094657,0.20306057739818562,49,0.0,0.014153356857638804,1.1766192862442155,-0.17658990683261752,2659.6946156782396,2180.0568640767706,885.0164582365022,0.0,0.0,157.16940694413753,1.7796511830972255,9.527703060343944,88.47944997256678,83.64538801812884,76.47398141254794,76.66617881789598,78.99157522035298,76.9834267153354,83.96271823049268,108.7319011269264,79.38681694337075,78.9663246425576,43.20099407598305
1021,2927.5699720002863,2181.11558954955,0.30963053707272975,0.4546903383244517,-0.26649225494045997,49,0.0,0.007513548606898457,1.1640202695731103,-0.16490135732914812,2927.5699720002863,2181.11558954955,1314.8352984528105,0.0,1040.0390870875797,157.05774767311456,1.780062202971672,23.749318515890344,142.380991227,151.46658900961984,168.6728638456069,109.16843516205287,134.7505029579745,115.20400602036034,83.62111506759521,113.82237273216668,122.10910563583732,99.52735128518592,50.36264699352056
1022,916.9361639621609,2185.225668188768,0.6778452144503806,0.06616377185389243,0.19578886342309407,49,0.0,0.7338566646788054,99.58244216907786,-4.995456931870818,916.9361639621609,2185.225668188768,9991.917558752599,0.0,0.0,157.89588949034427,1.781835600602287,98.0826456957173,943.5503480978168,976.9772148754604,952.0803348166162,947.1960383059572,894.747314904006,963.1505499122995,984.1669144382452,984.4128472087851,919.8230341928158,886.4623190457198,441.2679972591601
1023,2958.3779398188276,2186.515422250159,0.2853738075930144,0.7796287136002074,0.31836819515895687,49,0.0,0.012214774652206327,1.1437266072394439,-0.14580556123659966,2958.3779398188276,2186.515422250159,2216.7151910631273,0.0,1587.9577148659782,157.04490556443082,1.7823080887420857,37.787818009152964,38.15601685199642,381.7118293004106,270.8714507955545,242.92471202341434,169.6229273659492,203.76817271940456,148.53590128359522,165.78909684614416,231.35758742138435,176.85055972682775,149.33911871929308
1024,2153.0059812224195,2187.8713888086927,0.633606141098981,0.01551703644921454,0.03396385787701433,49,0.0,0.0324099248264423,3.38463236382503,-1.3237787571223132,2153.0059812224195,2187.8713888086927,1378.4281772371564,0.0,0.0,157.3806193696518,1.7829455901113527,13.057531361804728,136.22618840707042,128.37989975145098,115.04862212961038,127.26584365758428,128.41515619014456,124.88176091584491,135.53254353451118,147.29981099025406,117.1200748973582,129.9076012688936,75.29314413262938
1025,420.5253639726633,2189.7323647893804,0.21560682685775642,-0.27359424885663075,0.05859499574178278,49,0.0,0.006818246633743963,1.0520539098997972,-0.0550949868354766,420.5253639726633,2189.7323647893804,865.5798175757479,0.0,0.0,158.10281621444003,1.783669690622941,17.887287196434304,67.20362205559903,97.64814268469976,83.04978989600349,75.17096999061224,84.7012848447973,87.31799601428386,74.41201617938805,77.33401432991049,72.13670783799876,83.34482196642861,45.37316457959213
1026,1082.864200817735,2194.0997089568264,0.592012999857821,-0.1191920592422381,0.44470946946288126,49,0.0,0.014214215912552727,1.6688885250683072,-0.5560683213797192,1082.864200817735,2194.0997089568264,926.8646166755811,0.0,0.0,157.82672169001998,1.7855424170485614,10.591539191339768,94.46000830394281,95.59717566869227,88.51162515232755,87.28970679226259,82.25957798042282,107.36159549342374,91.22954058658425,82.98674401063619,76.3107354234341,76.01363569888744,34.252732373627616
1027,1291.2952394644415,2196.331688675669,0.6468463495099831,0.5864330219768429,-0.4719398422477175,49,0.0,0.01566548893361502,1.1626479112623351,-0.16362053930019174,1291.2952394644415,2196.331688675669,1469.8202533736342,0.0,0.0,157.7398349035239,1.7864805281295355,14.513979313446704,135.35484752293777,139.95032492433572,132.41821118659044,146.78076351452125,129.9205819407578,142.86580339659417,132.7718938704353,141.0223008329202,152.08104268928122,133.53495885293455,68.60554532887897
1028,617.2310254529191,2197.172296943689,0.5642389420085404,0.20656002359991574,0.17248918370625618,49,0.0,0.12598308514086354,18.11967862539757,-3.1453762266668055,617.2310254529191,2197.172296943689,3090.81541994281,0.0,0.0,158.02082222799757,1.7867896000029233,31.814318372103095,294.56380777343134,314.0348138901747,271.20790820145186,293.99752848141236,296.41541781325367,263.9138997589263,266.4395722540763,317.44216404081965,302.0141867647521,295.9827294990748,142.98907309333384
1029,728.7588797662343,2197.8939378047207,0.4453978141073755,0.24134854866287425,0.15880857690646036,49,0.0,0.010727864551978914,1.2003064094826585,-0.19823031295455204,728.7588797662343,2197.8939378047207,940.5551148032598,0.0,0.0,157.9743322902803,1.787100049289144,9.058857346126493,85.90014356503002,80.67598162242244,88.11350512553437,76.56170086625431,93.49155273937563,81.2234286836429,90.36856347600545,99.7339823876624,94.58551021283182,90.24937005921186,50.59251871916213
1030,1300.6798845654403,2200.006108259163,0.6596456016679696,0.33427417510502366,0.018367991451442602,49,0.0,0.013590887131591463,1.1962231385962125,-0.1945304968359836,1300.6798845654403,2200.006108259163,1208.4367732157943,0.0,0.0,157.73592287881212,1.7880117738007568,14.428028363559342,115.28146508711576,130.02531773646444,107.34885309718663,102.03030846475585,110.62299622272783,102.14253868324741,110.21019199923529,127.54595505707418,123.279611143972,105.94131625388377,59.580191106571746
1031,1807.6349140165082,2199.4612301825746,0.26042761952144533,-0.28393315095194926,0.17911006791886488,49,0.0,0.015063243751527166,2.652505404419132,-1.0591406935983994,1807.6349140165082,2199.4612301825746,1089.3767026220416,0.0,0.0,157.52459100092543,1.7877869680420653,7.543561580845087,89.38756618760331,111.72167475840524,104.17580257065227,94.78850401914896,112.13634467342942,102.81664578452256,115.06583201621174,93.77435325342813,105.30212093324904,109.63307425650311,43.03122258804289
1032,283.2528503935915,2201.544840510072,0.3767896981627444,-0.17851122615244283,0.3489314548198438,49,0.0,0.006806310515962395,1.066439029568643,-0.0698400775489093,283.2528503935915,2201.544840510072,661.7989027352272,0.0,554.0054186825108,158.16003683847845,1.7885750657975596,12.53778139140937,67.83112183959415,78.17163928789282,53.83451433375751,104.75353315484935,46.72282763073663,52.34982929819367,52.048293359780274,65.26233606564446,61.713954860748004,54.44896292702799,12.124108585592934
1033,2250.9027021151005,2200.994961934151,0.30750464605271055,0.2765638538533202,0.3549253945726296,49,0.0,0.00926651237188374,1.4268294232031258,-0.38593014128417313,2250.9027021151005,2200.994961934151,852.4318222297773,0.0,0.0,157.33980977196472,1.7884080288917739,12.086384425196911,100.20180748800966,71.4490365609889,66.99458359649346,79.3547322540245,67.2593360621764,83.38840640930954,83.45133949185175,76.0762278510677,84.642928563536,81.41732251438268,46.10971701273975
1034,314.0451150459069,2202.2956185041126,0.7908239113941953,0.5260176724826289,-0.06767596272763948,49,0.0,0.012700885736161785,1.2007894260323855,-0.19866713730354557,314.0451150459069,2202.2956185041126,995.7521256389676,0.0,957.9559807354318,158.14720182661844,1.7888916628769087,8.996423289560592,105.20027479728341,89.69718798669828,92.02499924876844,102.68303095940811,97.67790814946119,102.10893796002352,78.48577670717573,110.2384880304952,86.26735617334406,82.2188367067265,40.152905630022545
1035,514.1147055113931,2202.6701027486374,0.5455226170703891,0.09045482269477273,0.2747170394062942,49,0.0,0.8028336155188371,113.78653670978736,-5.140227197798199,514.1147055113931,2202.6701027486374,16110.438142210354,0.0,0.0,158.06380590620637,1.7890701516219,149.80570769615747,1474.7134623762006,1585.231261182913,1513.4232514679838,1502.829643361137,1521.1923742609206,1572.985163819439,1472.1637568318888,1585.1231480019842,1496.1472266888463,1543.8314697840897,692.9916767387951
1036,2138.544835611254,2205.7285719850897,0.4591527669613175,0.3395815431421532,0.6891801963780463,49,0.0,0.016653330004041757,2.1593245574409026,-0.8357948097634373,2138.544835611254,2205.7285719850897,1078.669259241341,0.0,0.0,157.386646833474,1.7903866299141662,11.200393485125613,83.92759350701394,114.48185778899874,115.3997521824969,106.59221855922917,109.71084081005536,105.15734863661054,99.87257780869899,85.49556892912227,86.89735583900912,115.2790492520078,44.654702442972514
1037,1145.816064509631,2208.0901659055567,0.5573266510256407,-0.3515358807956847,0.6370041937285836,49,0.0,0.019588660395123858,2.144568917371707,-0.8283500179664263,1145.816064509631,2208.0901659055567,1197.0025469988027,0.0,0.0,157.80048009581319,1.791374521813422,12.799831979673913,129.86293124175697,124.97197122123939,97.60367549542187,94.84423474750078,108.25976892833619,113.65833872520187,113.70298089741463,113.6843881947725,113.61963083400877,114.49771398443055,59.49708074904507
1038,1317.4398893415523,2207.7824505352037,0.6823035057527495,0.10658771358768403,0.016437292387938326,49,0.0,0.017821034688354574,1.9129955942377115,-0.7042849245449073,1317.4398893415523,2207.7824505352037,1010.2534842025073,0.0,0.0,157.72893641873733,1.791252309175105,12.102553192733652,91.82434805059012,104.55653264760396,82.55848055873525,107.51682215771692,85.08909261513872,103.5509886815307,101.14979153617097,103.08081390726046,82.9102502793356,94.9301465357804,40.983664039910565
1039,2404.9052075647974,2208.8916222989324,0.6672463118400562,0.5491393725478443,0.35711167804251365,49,0.0,0.016302997081654266,1.7524767257159009,-0.6091306472525543,2404.9052075647974,2208.8916222989324,1023.4511787580859,0.0,0.0,157.27561268878466,1.7916875861962578,8.23085820813345,89.171766895811,101.17440461633765,94.83380907275806,99.87669883266565,82.5347542055157,92.44356745613663,96.00217760373712,95.67770081992595,102.10135457160091,120.36012664705021,41.043959828413584
1040,329.72763071371094,2209.3087281368375,0.25512494088543824,-0.8198653802353782,-0.07480491834005056,49,0.0,0.009735818999223482,1.072884902488103,-0.07638283498145397,329.72763071371094,2209.3087281368375,1216.4109930202715,0.0,1123.3642365124474,158.14066561246875,1.79181550785251,11.960918376081057,103.12371215620368,113.55429261344038,122.96801329209998,106.8260019771421,115.5838291740707,123.19931960813032,103.75358988477974,113.99169776645851,107.50871853113614,133.00391244561465,60.936987195114035
1041,692.8831978384665,2210.2910483604646,0.3599772934358884,0.4853095909796471,0.5244793861625039,49,0.0,0.01073047598665102,1.3193861018327289,-0.3009297624785156,692.8831978384665,2210.2910483604646,999.010352368658,0.0,0.0,157.9892879138476,1.792262282536186,8.311187581983667,103.2923323893142,95.73694961246818,90.02519374527455,87.88489058575132,93.18222704012378,93.27805340468714,97.87533922010343,91.38116904806151,91.51410289951346,102.6747979038125,43.85410893756425
1042,326.0261652653609,2211.5607153596643,0.5015897284455255,-0.5154070612585632,0.03869227902543206,49,0.0,0.014637323149871826,1.576729583085277,-0.4943930401641703,326.0261652653609,2211.5607153596643,1205.761818851938,0.0,1144.7411187926882,158.1422087305449,1.7927533306033792,11.692234950580005,107.61825897227939,122.17005947148041,123.98121999781698,107.61530033791973,116.86045686439313,109.53528786939194,111.70941248039931,113.028649790556,101.0629556439444,121.36524112249934,59.122741350677295
1043,707.1836393783649,2215.8986921822884,0.5375393586359183,0.07321213228044017,0.23936114915293266,49,0.0,0.026472996485467956,3.547782153931804,-1.3748923619959434,707.1836393783649,2215.8986921822884,1102.5548139851082,0.0,0.0,157.98332720235874,1.7945999259487178,9.850869733520739,88.41447102599855,97.47946200652706,109.67102112244991,92.47642717480119,105.06946058603666,105.50250906763475,114.56023029040774,122.85166393139242,94.12663703152472,108.36020432983041,54.1918576849839
1044,2771.626455658716,2218.758752886276,0.3891716424250646,-0.10509313228333375,-0.03246088179069678,49,0.0,0.011341649137747017,1.1924121301085162,-0.19106596337883563,2771.626455658716,2218.758752886276,1111.9380170380457,0.0,0.0,157.12274596793247,1.7957643283156004,14.547715848003241,104.21797205263732,131.227673902706,90.71003866413552,94.31704819643963,119.9690652191338,92.58554761420466,95.29586092141778,103.99077019238827,105.00186164598882,110.73278378546604,49.34167899552455
1045,774.6660681011072,2219.9001707791426,0.43526031104782226,-0.1490141277743054,-0.047906059891553006,49,0.0,0.020559180891090777,3.241339051934878,-1.2768111541640321,774.6660681011072,2219.9001707791426,988.739741443437,0.0,0.0,157.95519737666865,1.7962726517017922,8.933861988912144,84.0154977264525,102.97463642750816,86.50270142542954,90.83744393942739,97.91655251985797,100.77935901429608,85.06286566454357,93.90503502520028,93.8445838626343,99.4481722435295,44.51903160564564
1046,2092.5785889236013,2221.7712496178883,0.7280833654744364,0.08833305587596701,0.054702406802387214,49,0.0,0.03364116452765887,3.8501245912225515,-1.4636869590991357,2092.5785889236013,2221.7712496178883,1183.9268782094896,0.0,0.0,157.40580769336725,1.7970731455062319,7.993812241244844,98.41158668227635,120.148338443944,112.64604286611288,107.02363220279474,109.92600604668917,122.72751356260912,127.44259310496301,99.11783135222979,91.36841363972987,129.27685454281405,57.84425352408168
1047,2331.8855642573253,2222.5914362649696,0.6541792955648639,-0.014740021790311104,0.32093748068962863,49,0.0,0.025540031672004415,3.0317725944290674,-1.204241557135839,2331.8855642573253,2222.5914362649696,1083.9066544230868,0.0,0.0,157.30605035793,1.7974009613781279,12.916465515602827,115.12325461561545,87.84699118280719,93.81291915962677,103.21909613079318,104.86400696058777,110.76054683098843,105.6736434324499,117.67959412751058,89.10704891629605,95.1691515333649,47.73393601744354
1048,2911.1529318752296,2222.7328571932894,0.6573752910780241,0.3662564088094759,-0.9783129529797686,49,0.0,0.011134729659771641,1.1082595068316137,-0.1116036635914159,2911.1529318752296,2222.7328571932894,1053.4493943745892,0.0,675.0814390427828,157.06458627775513,1.7974036498930368,13.940661666075004,94.27896821950017,101.85420599318643,83.19174621480406,84.4974020310033,118.51781268203104,91.71813090137151,129.24056614475717,86.64043657713216,135.2463371339639,67.75154433307604,46.57158247768828
1049,622.6211688715564,2227.09244357849,0.21489656094048254,-0.31628747485992825,0.0684498894253159,49,0.0,0.01374191553942592,2.499354051934451,-0.9945694537516068,622.6211688715564,2227.09244357849,1048.3308010325354,0.0,0.0,158.01857775983453,1.7992562652278796,11.590942049845932,90.06864198857,94.96386957297351,101.5307068197551,108.25377385948974,100.97195959654829,110.45342282018953,85.32495699795295,88.8457209487602,95.2760346721813,101.99138995339923,59.05938175286968
1050,1629.9942146228561,2227.551051467113,0.5990966954080628,0.08853040149041952,0.3169554768785286,49,0.0,1.0689436191930386,154.38534316291478,-5.471515168664886,1629.9942146228561,2227.551051467113,16343.841262036338,0.0,0.0,157.59864317052092,1.7994928150912062,184.69789468452913,1524.182621875198,1589.9035332897556,1450.9505561789165,1568.7519477712235,1521.9298909682136,1606.731361558517,1524.155018542831,1549.8347651942545,1491.125486456954,1644.2970018149451,687.281183700999
1051,2470.717709408839,2231.079871721401,0.6564789689398557,0.05511165861895631,0.39390200327780295,49,0.0,0.01612663968656856,1.5476826855731631,-0.47420481006824083,2470.717709408839,2231.079871721401,959.1668716337579,0.0,0.0,157.24817711482936,1.8009270943954214,7.999842082462121,78.95228164927593,89.4183726377702,96.76885539442853,103.19868581074637,85.45869980651352,90.2769495963779,95.26199753479095,105.06541821290105,75.77926399103418,97.22469394827749,33.76181096917965
1052,1905.3173043451839,2234.47417646846,0.6507763025816821,0.3040026563779429,0.2914241424499957,49,0.0,0.045727832381697975,5.807581531337104,-1.9099882886952149,1905.3173043451839,2234.47417646846,1395.4664506612016,0.0,0.0,157.48386984367767,1.8023730017167578,22.163051157196897,128.32053383235257,138.03750507581572,118.30391588878199,116.85623428590856,138.94931818561759,122.2717448655867,110.18306650793099,131.27031837651697,140.6742010566097,160.86316135258915,67.57340007629496
1053,318.5647372007822,2235.211068974593,0.5278804021546221,-0.14164671845348836,0.005581638847062236,49,0.0,0.03926631984316767,5.100204517556138,-1.7689689790022953,318.5647372007822,2235.211068974593,1687.3763928027379,0.0,1614.9039434914928,158.14532135004688,1.8026061095024473,17.902133370643224,155.05686224379656,153.78995684914554,139.50775583843364,146.45107504888534,175.22194525539686,162.8018452901028,145.86122239176856,170.64799101515035,168.1851285165232,185.33603532400716,66.61444165888474
1054,793.9676282988847,2236.8442892758912,0.8620166622364037,-0.03247407728669454,0.14994869516670767,49,0.0,0.012804235128337393,1.134768498805873,-0.13726817817111914,793.9676282988847,2236.8442892758912,867.472978428233,0.0,0.0,157.94715258383474,1.803333929298531,7.023777236758026,79.47833554561049,79.0222856351769,78.93326605841747,85.61622970846318,98.80398300862612,78.71628164898335,79.29094324622992,77.88732371168007,68.70769616618452,93.20488507029687,40.787971391805975
1055,2014.4425828862154,2237.9139292093805,0.5448892565987644,-0.41848278144651824,-0.06829865529927309,49,0.0,0.027569819735619137,4.080879199238566,-1.526884347824754,2014.4425828862154,2237.9139292093805,1093.1871422042564,0.0,0.0,157.438379151988,1.803802455629312,16.98626961934548,95.50850509932715,116.51359199336353,111.40591346319844,100.22569529243108,73.66558589504947,107.44660562632748,121.15127018644233,110.19504727937456,109.35107718602984,90.10966558226531,40.627914981101625
1056,2074.464955696436,2241.829485232004,0.4621578288090445,-0.1341196130024049,0.4568494138224794,49,0.0,0.01049045521915569,1.2277273152396648,-0.22275479600879225,2074.464955696436,2241.829485232004,925.6167491765842,0.0,0.0,157.4133578101224,1.8054313496001955,7.246651853989839,93.03370068857933,89.02840902905594,77.75253840924711,110.32011287992214,82.67692675691367,84.43700857838968,91.43294834556298,85.23178776610372,77.76952853014822,90.5263664691285,36.16076986954312
1057,2900.1275610948296,2243.78583374562,0.35645589205194717,0.22580411436607975,-0.8876555984733322,49,0.0,0.007911967601584552,1.3388534010007846,-0.3168325653419516,2900.1275610948296,2243.78583374562,912.7960561125692,0.0,537.1396339211191,157.06917975491308,1.8061765138051091,7.723591280129963,90.65508222255058,121.3886589977738,64.87092038056973,61.74754359055183,97.5324591113658,100.78083027927212,108.12250207736176,66.96000658958957,91.51114820645861,77.68008554737577,23.823227829569706
1058,1234.738024960208,2245.6945525241335,0.2848605779796833,-0.6825599003090085,0.22101043160428058,49,0.0,0.007295376069456162,1.2399520803718536,-0.23351225396967487,1234.738024960208,2245.6945525241335,802.3424637893476,0.0,0.0,157.7634129755304,1.8070460923800054,4.859246474562322,65.41217283199575,79.28530280433863,62.44140961649612,62.0031232109701,73.84752361944543,80.4286329629934,59.13365941664835,105.33980200621508,82.35070004400353,84.00318325295866,43.23770754872024
1059,1139.8445364265974,2247.2559586929456,0.6529840393814619,0.38865443054201415,0.4477083647498958,49,0.0,0.037646949538594626,2.7490815505082677,-1.097969058057577,1139.8445364265974,2247.2559586929456,2839.527535768398,0.0,0.0,157.80297086614544,1.8076929119473446,27.104660244967572,260.3204043022747,284.9009729037897,283.70413833623485,246.0573651163099,284.66957162759707,262.372526158133,267.19526443845217,255.26402388361566,295.6377919908276,267.66412878730387,104.63668797889198
1060,1477.0040966275756,2247.962712356265,0.653897553356958,-0.20209693954534394,0.11269939397767784,49,0.0,0.01597669231624358,1.589565530954009,-0.5031960917862679,1477.0040966275756,2247.962712356265,1046.6365224926699,0.0,0.0,157.6624200336637,1.8079968031794533,22.580519579249096,92.39500150635303,84.47115098916689,108.05749547230468,93.40455614443869,81.58704378550078,99.37648197242405,105.82788649151667,92.73169701668436,100.46247383596639,120.6951805673194,45.047035131745986
1061,983.4211815951405,2248.9109940218736,0.6261179288054124,0.19164928594128305,0.03728839561755204,49,0.0,0.016884767336035545,1.775096255004335,-0.6230547693704986,983.4211815951405,2248.9109940218736,954.0298352507656,0.0,0.0,157.8681780691191,1.8083744271672026,16.01796307669487,87.50945317761344,94.69716404882737,79.92670677287659,99.50405554794672,76.77916580221064,89.35046323994848,78.24469748002795,96.52861274071125,96.26064642602302,95.20910179673501,44.00180514115029
1062,329.28535774998994,2251.2429982148565,0.66531015626089,-0.5304709485290272,0.14644698735006145,49,0.0,0.011627222106964687,1.0527556762506092,-0.055818979321641565,329.28535774998994,2251.2429982148565,1033.5466155712652,0.0,999.1839260593879,158.14085430526166,1.8092869534278024,14.004789279058368,107.45370905540275,94.4116057357592,82.12247351947443,104.79859585755997,87.46397116844977,88.80123561345277,103.97394007339179,102.64898675385254,93.9159446268992,101.45442355475205,52.49694033321215
1063,689.0294595278633,2253.135154624201,0.5765672318579922,0.09521805262855675,0.29077403794902223,49,0.0,2.1846249344472173,311.6760048611118,-6.234258420854574,689.0294595278633,2253.135154624201,37940.069502299586,0.0,0.0,157.9908975172691,1.8101128924636245,397.6069418685203,3604.077520352368,3685.2635188479103,3606.2582426998733,3539.011314726099,3593.728570043266,3671.600487435291,3348.243043142651,3669.7635963032326,3509.2803810069527,3678.6553780855947,1636.5805077878238
1064,2398.161753865976,2255.280002414183,0.5260132705829927,0.1256796121286666,0.16537007121860955,49,0.0,0.2064578390283518,31.631384848351512,-3.750295515264453,2398.161753865976,2255.280002414183,4108.0314987376205,0.0,0.0,157.2784207000205,1.811015856560919,51.13747535947665,361.2330929648388,396.1835425144375,437.731587721651,391.01517508634527,383.329094091936,407.20768222470036,340.30242284515134,365.1290284405852,389.3176905331703,398.49276060840356,186.95194634692393
1065,1284.881126782833,2263.074813142008,0.7098535889737403,-0.27287849974210937,0.02335404571436064,49,0.0,0.04232976779666009,5.148242159120902,-1.77914741682043,1284.881126782833,2263.074813142008,1235.392372937784,0.0,0.0,157.7425104262929,1.8142893178635908,12.890434993036148,102.44851432347326,114.16541263955745,108.8366946625462,100.19632383331623,127.12696250108615,132.51009440637614,125.75570675258281,112.35780550393031,115.85983127680203,127.49440152163075,55.75019052344655
1066,873.9614633772027,2264.264127667424,0.7009616632551168,0.1069327288309059,0.21027209941616715,49,0.0,0.06996603201599152,8.947856094890447,-2.3792974772020834,873.9614633772027,2264.264127667424,1563.1190227390766,0.0,0.0,157.91380831990622,1.8147642965370265,16.990234283047897,144.31468711396874,160.2132952899354,139.58124466740188,139.15524924550516,148.04656650005003,126.26135577186204,164.10565729836676,147.89958738045462,151.8161254109237,155.584939190491,69.15008058706947
1067,2036.6013704234067,2263.1653424176125,0.30483456135461695,0.5884258551963376,0.40378822825779825,49,0.0,0.0073719684410288346,1.0813027118259089,-0.08486823042409197,2036.6013704234067,2263.1653424176125,849.9531901646499,0.0,0.0,157.42914103743445,1.8143226910237877,4.23824863499365,76.6560027908406,72.13412590835327,78.00579108631882,80.22914137517802,76.2575658865039,94.65248399416834,79.10043638477934,88.25053095859187,87.056403610049,77.61047087078254,35.76198866409044
1068,964.2112894693499,2264.554282490297,0.6715119993455317,-0.007019018689309513,0.2637127858541687,49,0.0,0.2915279415197623,39.86803071942379,-4.0015619605624515,964.2112894693499,2264.554282490297,4311.518560960527,0.0,0.0,157.8761867341604,1.814891094109752,42.16217960062981,394.72014457425087,441.3127773413271,394.9066511304671,421.4034968251882,395.9393962189029,417.5792662898591,401.1846388794827,393.80186621573455,375.12809907091696,426.8234367118751,206.5566081018929
1069,1539.3474804993425,2268.9350909547215,0.6050339819265883,0.11155703075151344,0.19800245918363224,49,0.0,0.44662058355621403,63.4898499380356,-4.506760751488049,1539.3474804993425,2268.9350909547215,7329.436797378661,0.0,0.0,157.63643109001887,1.816735643844881,71.84385035206618,718.1747810238769,728.8321219624409,677.6490098349693,715.0816776362332,669.3091077828046,681.1773280259775,642.8967086632813,705.7394641927267,725.8514156880874,672.5294602694926,320.35187194670493
1070,971.2331696972651,2270.2107380827133,0.3260781854619659,-0.9428544562949511,0.433830465134608,49,0.0,0.009955693893550761,1.1572812645449273,-0.15859730575189918,971.2331696972651,2270.2107380827133,2114.316196013047,0.0,0.0,157.87325986825863,1.817248297074471,22.062971725752057,186.72336546144126,202.00943398482747,202.53168166636644,195.54337118288828,177.1329786159204,218.2183754460278,184.33783424011608,201.53115533809532,214.87312182975097,213.08103552377497,96.27087099808563
1071,627.3627405139675,2270.225718948266,0.844954013418557,0.3156995416109053,0.6533303794021084,49,0.0,0.021388979279251492,2.013452776055507,-0.7598536200721627,627.3627405139675,2270.225718948266,981.8219955160929,0.0,0.0,158.01660466781254,1.8172280537852605,6.259183603183831,85.95533246295248,99.9308156556558,89.77314705793808,100.55825828882345,105.91036262592618,94.4455414471763,93.02882016613528,78.44797030266113,93.82395533992252,91.37913723478052,42.30947133093733
1072,1272.4863965548773,2272.8265554084264,0.6802936123814581,-0.0162155533981957,0.005043195045939974,49,0.0,0.03296813659472895,3.533072113410102,-1.3703812547366017,1272.4863965548773,2272.8265554084264,1330.6654214108485,0.0,0.0,157.74767765962798,1.8183520536731566,6.091603001802024,134.36608886664942,110.6350311046917,120.9723314006608,121.82025029858526,120.75425851164823,125.09998742160828,112.37462114178707,135.0318324969315,132.03360890863632,143.43494029890155,68.0508679589465
1073,1871.4660383111548,2275.540344523986,0.45196365953660445,0.2362723545771695,-0.06833315178744674,49,0.0,0.023694188401754298,3.384139528409477,-1.3236206518520754,1871.4660383111548,2275.540344523986,1143.1615785871586,0.0,0.0,157.49798040157964,1.8194844132764434,17.205173869894153,108.27185604325402,111.2516332564278,102.10283310599432,116.42546621425808,104.8388052522977,105.25267274880729,116.66178284088167,120.35345954300504,99.33581517465899,83.47619808025294,57.985882457426676
1074,1126.0059529486527,2283.795048914288,0.5478831687389126,-0.15006272873321064,0.020649712384383637,49,0.0,0.017255260472322776,2.2361527788663444,-0.8737536804509123,1126.0059529486527,2283.795048914288,1033.0412324104173,0.0,0.0,157.80874109464983,1.8229164672394222,16.75912629976452,89.50141996615366,93.59128682908596,96.79797413053574,105.81861584313486,87.4548033424762,107.88036245995713,102.42177362978956,97.1192074561683,91.93466039192172,93.73580345391778,50.026198607511816
1075,1590.9882364063806,2284.3883025290506,0.5944316870447944,0.07050750722997726,0.2107738004550514,49,0.0,0.2044894823201374,29.69235859396464,-3.681611742193171,1590.9882364063806,2284.3883025290506,3663.3259851877456,0.0,0.0,157.6149035552681,1.8231745016560077,48.14849413224411,338.7627914135092,359.16503410183213,322.3770176298534,349.82917010451456,352.4234731427491,343.7670646714341,327.2538121594961,358.4113447242634,344.9982883239635,344.1250248224887,174.06446996139766
1076,1021.7478094337586,2287.4564387409173,0.20087841217347233,0.243039485483744,0.25525022819125387,49,0.0,0.008024328279555286,1.3789800945904034,-0.34889499308295124,1021.7478094337586,2287.4564387409173,859.0435738456673,0.0,0.0,157.85220297966796,1.8244367002873976,10.876115265931137,85.66678980723387,91.55792941438588,71.19434923201499,74.95478068783487,83.51656845839639,91.52658304155166,82.51962132659986,66.10023698257163,80.84118645092141,77.09863812403908,43.19077505418655
1077,1136.8658658880197,2287.3246249835124,0.6580960237455689,0.4286388152372184,0.24752131886140188,49,0.0,0.023344911467463758,2.499896689819352,-0.9948051537116442,1136.8658658880197,2287.3246249835124,1110.6479211079222,0.0,0.0,157.8042140815906,1.8243875703045573,10.022051859037223,93.11906189344896,116.56451272263301,106.0913306266998,109.5329921028491,91.58456258224118,109.11161756796108,105.11763372010604,110.38860636959336,100.91690614799359,99.61994858295145,58.57869693240743
1078,653.8065896639905,2289.584330347868,0.7869869852956071,0.5607178423119084,0.0019720438125903354,49,0.0,0.017450416559617293,1.6413010064487201,-0.537970589518421,653.8065896639905,2289.584330347868,907.7715382032279,0.0,0.0,158.00558301339373,1.8252961938199528,9.281425535556899,80.54804353172531,90.73502590546804,80.35589302041456,81.00033020457414,79.20505145810199,83.5344070380036,97.29896162072795,90.75620543721837,91.64817492980075,88.88751263304346,34.52050688859288
1079,2095.9826162543627,2292.393043363982,0.7022650771929504,0.04765545427122454,0.24152843670322893,49,0.0,0.18853544291309263,24.050886804815722,-3.4528277358014003,2095.9826162543627,2292.393043363982,3288.853138253244,0.0,0.0,157.40438583454403,1.8264978704622679,39.44275938572285,289.00068706973616,323.3381767908297,292.43681796178305,291.1758868990162,335.71911539571227,315.6895835272114,289.7124720470046,313.64217200848884,310.8375974758052,324.5682547836732,163.28961490826077
1080,2211.9608362166114,2294.0922854255946,0.4400900450700203,-0.9143711950762355,-0.9104117226714104,49,0.0,0.02455321860979812,2.675749900122203,-1.0686137947192291,2211.9608362166114,2294.0922854255946,1667.5680074406966,0.0,0.0,157.3560383254674,1.8271996607319916,14.385404802564114,172.20837237196116,146.3825347067409,144.96990695693057,143.31557384390177,169.75559168060806,157.25445819645296,135.90421290159452,178.96492814999445,144.9782303969108,175.94319005625866,83.5056033767786
1081,1847.057274147078,2299.339683907077,0.7515009965524262,0.024125368394519,0.26285855607504444,49,0.0,0.2420506034456706,30.39854809120074,-3.7071321028510003,1847.057274147078,2299.339683907077,3512.8515211024187,0.0,0.0,157.5081552137919,1.829401149186075,38.96979889902263,318.47227134560126,331.3134097537361,324.7497349507551,347.83893195071454,349.60146693163006,369.01471600794616,304.0849245640569,318.82535357954816,330.7901888818013,352.01683348696815,127.17389075063845
1082,1430.8670774323266,2304.8922375893267,0.37382939704763785,-0.09968189327242244,0.3099388742566894,49,0.0,0.011519786635545462,1.518152006838596,-0.4532881450155023,1430.8670774323266,2304.8922375893267,941.1675755375288,0.0,0.0,157.6816539176921,1.8317162004121692,8.72789501205877,82.87639825738171,94.35129369932594,86.59079854206648,91.86975610724112,101.14108338590033,78.38236911220903,84.69335873444132,83.66356032917449,95.00773982918031,91.36736121657748,42.495961311971875
1083,1918.7612797220027,2304.4976697751063,0.5891702225862504,0.17628204082114238,0.34788442719456336,49,0.0,0.7833833175023307,114.24912650595664,-5.144632220867997,1918.7612797220027,2304.4976697751063,12442.506107817853,0.0,0.0,157.47826368839816,1.8315482885497727,144.0300754410386,1115.1497515706249,1252.3733761315248,1121.0010173732157,1197.9722878345797,1180.327992241569,1141.5177952162292,1137.2150667351734,1211.1391038376314,1197.4621325467178,1183.356340519586,560.9611683699613
1084,2871.60994031815,2308.8030512211194,0.36191655015359087,-0.0780588685482079,0.4609382670353254,49,0.0,0.006376014892404632,1.1389735348638415,-0.14128408237481732,2871.60994031815,2308.8030512211194,1103.428961678046,0.0,460.638728265602,157.08106010587633,1.833268710327233,4.395730561478709,70.70805460182572,132.22786883492313,61.68400067555366,70.18622970096905,122.74778440590606,119.99930815552182,127.60786623696833,204.16611075297007,47.42154075956178,107.62299576150627,34.661471230861466
1085,1269.6407736825429,2312.1383061386364,0.611056655655013,-0.010137301308877201,0.17404085425337318,49,0.0,0.6463572821946065,91.0300692577179,-4.897962182880743,1269.6407736825429,2312.1383061386364,10475.61010489119,0.0,0.0,157.74886497117734,1.8347313972947974,106.78534554430523,981.2158935834786,1037.2336600807166,1001.5928319648997,979.6971739838325,992.4253052773663,1047.7782722009642,956.4753308671534,974.938123729118,964.1935955607519,975.4178841951451,457.8566879034573
1086,1717.293245455946,2314.9796682068345,0.8020244955796438,0.4178413616457484,0.11099419215948488,49,0.0,0.018892080268775528,2.005981504697544,-0.7558173111865374,1717.293245455946,2314.9796682068345,951.465507980753,0.0,0.0,157.5622501854554,1.8359199163926185,13.429558098145215,87.90830182789571,86.37707555224833,85.16120341657621,78.87238622536253,102.79693485157581,87.55192579289138,88.12372835114311,92.27896330450119,95.70047516717432,99.59095962420042,33.673995769038825
1087,2103.2839905820642,2314.988929591443,0.5615329813971158,0.07939303192076776,0.1662286492533583,49,0.0,1.75911519063349,254.44323882716134,-6.013977287767167,2103.2839905820642,2314.988929591443,30723.66619623695,0.0,0.0,157.40134120243664,1.8359121617337568,316.3431861166987,2888.3395134625885,2985.881050250692,2897.312083875757,2927.7361400356963,2916.4701645340483,2912.873482530661,2742.937141261927,2912.389694927009,2857.470357122679,2977.4603180553468,1388.4530640638504
1088,677.1774408067395,2316.472915873197,0.6597232996039153,0.6545987067014336,0.6939443848841801,49,0.0,0.012629550969686558,1.1060233834798505,-0.1094107722338923,677.1774408067395,2316.472915873197,1004.6531763956394,0.0,0.0,157.99584280950538,1.8365013359004192,10.6388886270027,100.26443132235802,94.7245449748789,76.35493753257667,82.73709971132209,80.79907082288582,106.4398590552544,89.96969108099171,103.48665001435455,99.33279585091108,106.14160112299564,53.76360628010791
1089,1137.311149161668,2321.180938667086,0.7615175554813381,0.12789462180888134,0.100152445633657,49,0.0,0.03856372177416895,4.357545605441452,-1.5981048526724737,1137.311149161668,2321.180938667086,1216.7822916970404,0.0,0.0,157.80402973402818,1.8384939379581315,13.372185541128822,105.99384681162682,117.38780514807513,100.073671630683,109.1865863542559,130.5480626465074,133.4745372491387,110.00961522067342,125.62681031502225,115.6730901644176,106.29143008859045,49.1446505269209
1090,1235.4413593682775,2323.3699730782296,0.9977628307769644,0.9115543299307879,0.2481536657911919,49,0.0,0.01732670401438946,1.400304068339865,-0.365555876451945,1235.4413593682775,2323.3699730782296,928.3137121073187,0.0,0.0,157.76312208773624,1.839409959685312,8.753278251337214,93.88316286047785,86.03822687359659,81.78885262000358,89.53598112439309,81.82816387932573,88.89686743441399,76.5543833351829,88.67199229169957,86.75038229084333,87.36316742404888,58.2492537219961
1091,2863.8860135201894,2323.354983389305,0.33350574888415635,-0.18413333706580726,-0.12814212213237952,49,0.0,0.009752762313754377,2.0407473434510672,-0.7744730995692259,2863.8860135201894,2323.354983389305,829.9216807822875,0.0,477.1354836967951,157.08427824377608,1.8393325443474882,3.825835329806635,103.3997084911954,78.73883301765431,65.69173249695265,82.75157438141513,120.1442366605261,96.77376972746302,50.57247508970345,70.87479093040801,33.15559066961842,87.14361461515037,36.849519372394035
1092,1995.644197437186,2326.2725677673066,0.5218131903317597,-0.049595382415574,0.2307144840992673,49,0.0,0.13754011531727658,21.055334635409288,-3.3084053702867937,1995.644197437186,2326.2725677673066,2984.966939676167,0.0,0.0,157.44621270106165,1.840618222825964,40.656770008239505,283.666735617277,288.9536740649598,289.79660377771745,255.7032744335209,273.3996839314776,293.531636255762,273.230468867547,275.57691638899865,271.36942600792435,293.4507354104627,145.63101491227962
1093,2851.670927814944,2328.371522706231,0.8085914947800745,-0.5786749392650392,0.16032018546527152,49,0.0,0.010180573380268804,1.0767750346692855,-0.08031244439361973,2851.670927814944,2328.371522706231,851.8236207600542,0.0,566.2724005647844,157.08936947931312,1.841424118574742,7.039957650287223,109.67496802141848,94.03139665755047,73.186074502234,104.45241829764221,89.93703399662124,75.3210631630601,63.855946260241794,75.30365950925176,58.41901459321674,74.76770521223594,25.834382896294187
1094,509.9615451807715,2328.7749362368095,0.5553168533159297,0.11147240989044653,0.230849601369894,49,0.0,0.4250832402565905,60.38371024250657,-4.45229948620686,509.9615451807715,2328.7749362368095,8453.870119786763,0.0,0.0,158.0655483047231,1.8416105177506288,72.81188326066574,780.9932338219684,797.2056544545762,788.3395823594245,806.9284101594435,764.875951852584,814.6343107855259,762.8558554603542,809.4093129764788,865.333944928138,839.6763433241558,350.8056364034475
1095,638.2673344197311,2341.66296296367,0.7731386827676189,-0.2214280286448723,0.5626489117999627,49,0.0,0.012575163800761466,1.1318888590418896,-0.13450946316757312,638.2673344197311,2341.66296296367,917.5803878337038,0.0,0.0,158.01206467638843,1.846993073288213,11.408524806479214,90.57409710980717,86.59922916950909,102.87917036772308,76.78881531778352,90.22286435305108,85.97447899392807,77.75873955577913,96.63678108966208,77.68460452660878,84.91640629283603,36.13667625053658
1096,1107.705858542284,2343.919521443914,0.55533918872963,0.14995407201313263,0.031428105786194364,49,0.0,0.010065685889676308,1.0567610072272742,-0.059941950344597476,1107.705858542284,2343.919521443914,825.4937366509823,0.0,0.0,157.81637221860456,1.8479666417351566,9.860678172855437,79.41040579714098,81.9545043237344,80.97481985396672,59.79794226066881,86.63443808837411,59.35829415565044,89.67316120576191,84.6738442242553,79.92682610358347,72.36681912671152,40.86200333827913
1097,2215.076681427706,2344.1303675913186,0.3457445565016869,0.513014123770841,-0.16352637635611902,49,0.0,0.009304076271458763,1.3168916098559866,-0.2988750767768465,2215.076681427706,2344.1303675913186,900.6580380673333,0.0,0.0,157.35473693470382,1.8480478990426175,6.727375261164028,78.08931337188734,81.21416077731664,86.27936175236313,98.63567487461654,94.89128342865061,99.60150251223754,77.44133107216325,77.69822692952107,80.46013106876029,76.15737515802627,43.46230186062658
1098,388.8345568790667,2347.0454482420614,0.2746411422315676,0.15717334086096452,-0.019474367525791087,49,0.0,0.009602191389315213,1.1268839655726355,-0.1296979983985465,388.8345568790667,2347.0454482420614,947.5664142736009,0.0,926.71684938513,158.11604151577603,1.8492091336316545,9.144999472600347,81.95057792188234,84.73600863668919,103.88269626880734,80.95734874115513,95.53805104130967,85.45710885422008,88.88216227248188,94.2128051493328,84.52753800993221,90.25393028869368,48.02318761649623
1099,1164.5488903639405,2347.6444206900915,0.6516425970615307,0.1798076360521305,0.2176823484138706,49,0.0,0.04948015013002918,6.575457920236602,-2.044815007089635,1164.5488903639405,2347.6444206900915,1332.961191343989,0.0,0.0,157.7926760467777,1.8495212101913934,12.589935271155388,136.61747605250125,122.55745934547744,130.40905472901144,133.98319540169996,111.79287980184611,143.1907251997842,123.42442252683315,110.5712404334917,121.7266157122807,118.97066454713519,67.1275223227725
1100,1040.619676798479,2348.508305484096,0.4590031269187113,-0.25875627304376736,-0.580084468644128,49,0.0,0.020063512653409284,2.029657175358125,-0.7685567211086685,1040.619676798479,2348.508305484096,1406.33028361706,0.0,0.0,157.84433872961333,1.8498751111273255,16.8194260364564,132.66973017518558,123.30803239752447,133.4764265614162,121.16371419141765,143.5610579543742,152.6900731951825,119.38850564475149,133.26560793380492,123.62304018752913,147.6609897612074,58.7036795782103
1101,1225.9433232817653,2350.414324851556,0.7644373187801446,-0.19682838263819746,0.42625133048347974,49,0.0,0.013192907361650574,1.3989939285160262,-0.3645395742608262,1225.9433232817653,2350.414324851556,823.6992776842717,0.0,0.0,157.76708238445747,1.850677732789986,9.288106038426587,73.93045089448896,72.63422235407188,76.42105739282357,80.53379027561876,80.52750367400829,69.1362947116588,70.41081359608702,74.03916101251372,83.86442535602116,90.91432275235407,41.999129626198766
1102,2559.8771749846137,2348.9191304747937,0.6708529542316255,-0.060530764960828945,0.9036702712736417,49,0.0,0.012342933228165466,1.2261615059151414,-0.22136919443674052,2559.8771749846137,2348.9191304747937,910.0253738848169,0.0,0.0,157.21100181195513,1.8500165821571617,9.763547517069519,89.07611736251681,96.20007259765873,72.05227874517121,87.94563592661532,100.14731514453372,85.48558599487268,72.1357724032957,83.45349596968292,81.81371887293355,90.09276520302487,41.85906814744186
1103,1685.8817166139854,2351.530104792683,0.21376137538127662,-0.3315722656329245,0.27683303102682155,49,0.0,0.008306586053840114,1.4850093388245293,-0.42932296205766984,1685.8817166139854,2351.530104792683,871.4171561773371,0.0,0.0,157.57534460644652,1.851149137906278,3.9119469784983227,83.78884862693701,58.67766613888337,81.06553383609247,86.27834097756845,92.90986987965806,84.10596054123302,84.67997602921204,92.85002476747545,63.0997822720026,102.19234711733989,37.856859012436516
1104,1923.4391512963587,2352.5394211955895,0.298037855759395,0.8328231871507292,0.47592982986403337,49,0.0,0.009516329291776005,1.5263090373122734,-0.45910618924241864,1923.4391512963587,2352.5394211955895,901.529669772134,0.0,0.0,157.47631235191596,1.8515649231602405,9.72900021735757,68.02826512522785,94.98230280577675,81.45539549547235,76.94225442027107,85.37591631544191,106.37699556595594,73.63214451503043,91.9819307505425,75.86397982129574,100.42714143315257,36.73434330660943
1105,1378.04632769063,2354.361673064799,0.5802306720627785,0.16144768249765729,0.2521782887105397,49,0.0,0.5119406988709534,72.02340389607558,-4.643684106749138,1378.04632769063,2354.361673064799,9170.070378952561,0.0,0.0,157.70367437721066,1.8523268550648393,90.97345899495663,834.085045875561,875.372329150719,840.8812169240059,847.8367911442149,872.7763013298814,897.567012806293,847.1485504530857,912.8300067620337,847.4259915548341,898.6525255316888,404.5211484252859
1106,574.9024984120548,2355.3295609820843,0.9508486138837305,0.023649712436669728,0.5023117548849542,49,0.0,0.01440112684423629,1.0709722515115507,-0.07444554642713683,574.9024984120548,2355.3295609820843,963.7767352358946,0.0,0.0,158.03847979172255,1.8526810088412613,9.560986610588715,82.79321631532645,94.09262298118324,89.78770139458463,108.23032869907556,89.8669807624643,81.3059000689832,86.397386070891,89.7996329519493,85.99058210536549,100.95146471723919,44.9999325582436
1107,1961.0675401049737,2354.681268014246,0.7470120945445619,-0.10768169155115222,0.0270240489681178,49,0.0,0.020891727506949224,2.3008811701867153,-0.9047354748932444,1961.0675401049737,2354.681268014246,996.3075365061303,0.0,0.0,157.4606259350993,1.8524560698901418,12.787608835786354,85.44451984715623,81.8706045375597,108.28178845691322,84.29020002512408,96.28106037897578,98.12649906577784,90.92805895274583,95.04436386802789,91.36223233473898,108.58691308023481,43.303687123089496
1108,1388.482654519641,2355.705435795245,0.33305070763006933,0.4832768596855199,0.2683215999579945,49,0.0,0.01659550987642138,2.6245164700264607,-1.0476232562669379,1388.482654519641,2355.705435795245,1840.4401768765526,0.0,0.0,157.69932373368903,1.8528869608391652,22.698102402909353,164.8959575779663,206.84181534816565,183.14795521149634,175.99393893810122,161.6585804244961,165.39770856448922,143.99091850494813,198.3007423292674,160.34031852125668,176.78444490511998,80.3896941483363
1109,2253.8532703245273,2357.267049795307,0.7155494746711436,0.10689108973253776,0.5104150584582665,49,0.0,0.011190004222783496,1.0314751892129144,-0.03364696512214198,2253.8532703245273,2357.267049795307,848.8110544169572,0.0,0.0,157.33857149598555,1.8535188885880873,12.538956803809903,84.88201175479969,95.44641973970309,68.59877342271395,63.72833886806517,88.28995230460357,81.0936500274976,61.39817259760036,80.06573947408013,87.53113768376943,89.09716205085495,36.14073968945918
1110,1265.3733347542707,2358.9714159961045,0.7174115079913476,0.060883536370879274,0.17918834891322885,49,0.0,0.0653965960115848,8.169863332164985,-2.280536978973926,1265.3733347542707,2358.9714159961045,1521.7026303106527,0.0,0.0,157.75064522640477,1.8542444393957531,23.320410783726054,142.82372643018,136.8299524124402,142.36589372826637,137.80398854367994,133.7829551526784,139.2442508980119,131.40530907730283,151.53034094275773,146.85268313137416,175.88433981453744,59.85877939569775
1111,1293.3770682657334,2359.0028493173313,0.5480551552290667,-0.3091003577577141,0.5210852859080174,49,0.0,0.014321445548486753,1.5025932970678024,-0.4421036178995724,1293.3770682657334,2359.0028493173313,969.3862121808525,0.0,0.0,157.7389711332323,1.854258418296743,12.418084779905998,84.96082668395478,85.14593549235636,98.17202172054006,99.91812739898191,93.48159789907508,82.473343096702,71.06820253444982,96.09154730982496,103.84103193470017,84.49177830011459,57.32371503024679
1112,2702.7513066501356,2360.0717695420894,0.46728436045135374,-0.19724213171407257,0.25899617966564253,49,0.0,0.06362143849315709,8.777229555012381,-2.3583936420323792,2702.7513066501356,2360.0717695420894,2334.6962623239906,0.0,0.0,157.15144311302723,1.8546488130343903,32.23877272267378,241.58815810532056,233.50569070433687,240.48596791496135,213.05512057956847,235.11468081592182,198.0474406774905,214.1228418627375,235.8926275165017,191.61293601324508,211.50760653547127,87.52441887576161
1113,1230.0703141334384,2364.626966834549,0.38859225399696923,-0.7000823013692106,-0.19156965366171472,49,0.0,0.011177224619033591,1.586135723636314,-0.5008508665087545,1230.0703141334384,2364.626966834549,909.7710993771216,0.0,0.0,157.7653623743922,1.8565996164758414,9.134600029496355,98.242724398353,84.51229694698534,82.74456149349163,87.79208710950118,86.86949043174785,96.41798424179837,67.71823131603503,78.96059472611998,94.41233558713672,80.44491078391951,42.521282312536556
1114,1594.044086791613,2365.3847835386073,0.76330291831332,-0.06821632730870494,0.07288363539775355,49,0.0,0.017694884101637425,1.6997302562361194,-0.5759500129702683,1594.044086791613,2365.3847835386073,981.0646578257483,0.0,0.0,157.6136296977191,1.8569221002328893,16.50370474369434,100.16935459092585,86.11906858636668,81.54762386683075,83.4716712873954,104.51643464930925,91.32511675040861,70.69435018930685,94.63167018914089,99.95244485042619,108.03895064001993,44.09426748192351
1115,388.5491364256959,2368.512010570106,0.43806700987429376,0.33088098575412594,0.18330866319872077,49,0.0,0.08358409861954894,12.514779054131202,-2.743557966578813,388.5491364256959,2368.512010570106,2791.5438465672355,0.0,2564.6289687749613,158.11616261007447,1.8581528818991724,30.021326109064177,281.33323073583966,331.36992481116397,268.78149542169695,303.4644572923821,272.65029819188607,262.6176658468579,221.40052621974996,247.53224667278747,217.71213270130852,255.15131188195937,99.50923068253951
1116,1875.7739962140022,2369.325942118902,0.8018520013077678,-0.4058470166080685,0.1418264287892847,49,0.0,0.01253534572754808,1.1139972989187517,-0.11721034454018306,1875.7739962140022,2369.325942118902,895.9398431175788,0.0,0.0,157.49618244038854,1.8585604754356775,13.972185014188124,75.47236648902859,97.50138766561065,78.81609305199962,91.86395233224735,90.21618500562704,76.14623357098475,86.72096032443986,86.4331001974829,88.79404871313186,68.70943955037465,41.29389120246343
1117,1618.9752853420123,2371.456326683683,0.5993213272896637,0.13308429465825525,0.3260875264458551,49,0.0,0.36787794248472355,52.84961066683987,-4.307604480723283,1618.9752853420123,2371.456326683683,6134.833607457342,0.0,0.0,157.60323639201496,1.8594518162419411,67.94952199994951,605.225801062514,618.9845862845626,576.031311302683,557.9129562454045,563.685092133242,626.2168446540222,488.4321863554642,611.4892757595164,500.5395574905902,636.9062646166963,281.4602095526954
1118,2836.611309247475,2374.366547728195,0.9277367093903776,0.01866092685063976,0.20632493327730178,49,0.0,0.023502693891583007,2.3794297506541042,-0.9411822184624484,2836.611309247475,2374.366547728195,863.2209555926197,0.0,422.72344919987177,157.09564233193493,1.860589190293833,9.206819951071598,109.63687235668932,79.85166570171091,80.15879225916625,41.68332590128721,88.99353714475424,66.28619117951898,90.94596131691233,112.3570246062523,93.22799739034137,58.281150651867804,32.591617133047386
1119,572.8848413260798,2374.933844447318,0.37658401621881593,0.2695245254585088,0.11045190599403591,49,0.0,0.02705312123133211,3.3825535768425,-1.3231117104711072,572.8848413260798,2374.933844447318,1582.2229381616403,0.0,0.0,158.0393225025061,1.8608487764889428,8.07464275832585,142.6129474419765,164.68577516739202,162.13289085713564,160.06849319022575,127.56222575295013,162.27715515569855,139.54217232060358,148.5035463781286,142.87506389489482,144.51643611014993,79.37158913415894
1120,498.8333540603412,2375.7722181577,0.4931787302552977,0.313018232702073,0.3857088641256128,49,0.0,0.027001438101682654,3.6462517076605407,-1.4046166138108465,498.8333540603412,2375.7722181577,1248.7437617565115,0.0,13.603802457477395,158.07019130262526,1.8611903160141752,14.200044736786861,139.72529875835045,105.17121528540775,118.32787602531963,122.76405888858065,94.96817110802684,137.26431944296348,99.1144823475444,132.7593078835125,112.90504738599526,109.51471548141787,62.0292244126058
1121,2208.0518357764945,2375.564040789253,0.5318575896505416,0.11490501573651803,0.3450520004513134,49,0.0,1.3523095346997673,209.30321085542496,-5.801939726915722,2208.0518357764945,2375.564040789253,23121.91624487735,0.0,0.0,157.3576638213433,1.8611451551868718,232.72805500238667,2257.5000249636914,2230.02006671615,2177.7469739103185,2170.690883909654,2082.399603772043,2252.9993846229277,2028.1833770075036,2149.2228080676837,2219.0888274110825,2291.5093470626944,1029.826892431213
1122,2756.030384171538,2377.1903408206213,0.5571605465895595,-0.30543664289767253,0.19512388416495427,49,0.0,0.036130779435340266,4.042592857206958,-1.5166500107840244,2756.030384171538,2377.1903408206213,1731.7847383646385,0.0,829.7711875012938,157.12923208817435,1.8617751757134104,9.492626145951633,184.7167937778123,165.10918295286717,178.03932024368333,133.61279635346418,158.03970395573722,171.58363749045108,160.80725297508064,165.79214284300693,161.08944772858285,170.98000440482224,72.52182949317921
1123,2690.5752499759765,2378.6279680554044,0.2855951183430603,-0.5879945110027642,-0.10795946713578575,49,0.0,0.01375434157941954,1.4634440617158264,-0.4134403168349549,2690.5752499759765,2378.6279680554044,1272.4567216477817,0.0,0.0,157.1565170820592,1.8623813870678285,12.231122299724616,113.69459838364827,117.59815862203794,140.23095982006936,117.1675294556064,112.55691365451483,111.19910295165826,108.22454758737392,117.55575118615008,129.91137218872376,118.00683900802554,74.07982649024879
1124,2445.3463969300656,2386.645178633592,0.5458157521129622,0.11817115184547267,0.36090017617538134,49,0.0,0.3547597012391487,49.87825746932919,-4.244778181749929,2445.3463969300656,2386.645178633592,7559.429072614611,0.0,0.0,157.25874249603197,1.8657450939317926,78.48436058927099,699.0411059913251,714.555613719047,719.521355537413,697.949600013615,641.6974855131202,749.6015210712724,678.7139126276932,725.395155138456,727.3820522171995,755.3428531022486,371.74405709395126
1125,1058.2011476322073,2388.5113098102106,0.6405124123368605,0.5750103720659955,0.4857374427032114,49,0.0,0.010979301798031225,1.1926475657812377,-0.19128031527538236,1058.2011476322073,2388.5113098102106,834.2350441533192,0.0,0.0,157.83701128948195,1.8665433280295765,10.979620489798798,74.91040822643866,69.8954031918047,74.10589534713435,85.06488264246941,81.11115019947792,69.00836543299218,72.13358079306609,79.44551425587167,78.07576125063247,95.75589867041138,43.74856365322167
1126,564.6637140431844,2395.860121830312,0.24026369703869974,0.5992662479681989,-0.11019497425380025,49,0.0,0.008655939716591718,1.2067730326723063,-0.20406399146771148,564.6637140431844,2395.860121830312,930.3323570005339,0.0,0.0,158.04275129708824,1.869566692185364,12.078208088180233,77.5896948453462,103.12783396553885,93.41493779853295,107.51696874703589,74.1161300512646,84.28841144859769,89.57386698584124,92.34881977377822,74.96052357112347,88.9205889032799,32.396372822014584
1127,2104.9465280251547,2397.9359167288785,0.6022905924643807,0.1714969910317982,0.29551372701696804,49,0.0,0.3737261106258285,55.30696193355379,-4.35694950724094,2104.9465280251547,2397.9359167288785,5874.309870321927,0.0,0.0,157.4006447345521,1.870472046810405,54.0203966956892,554.1984195326565,558.0777334118181,574.1466314228143,516.5934697180578,549.0611085302522,532.9301661848749,551.4346992385439,560.7325105158766,585.0570843248894,538.2985413261742,299.7591094202795
1128,763.2286494061616,2398.9388667528838,0.7265839276434529,-0.3426044480390609,-0.23500723541042332,49,0.0,0.012660982644369387,1.1872221885033598,-0.1863300118153981,763.2286494061616,2398.9388667528838,882.3185666495244,0.0,0.0,157.95997729271775,1.8708678277360968,13.43066279825068,66.79479101768996,86.39106088144362,94.49719980493052,85.60738814352095,85.91314838151601,88.32556121791168,82.45226963299486,77.06495290737186,83.36805810211354,77.78585884642816,40.68761491535258
1129,2783.47304044499,2401.1517271270213,0.910890357600335,-0.20550856309697638,-0.23022704680267533,49,0.0,0.014228146871492577,1.1332744400781207,-0.1358377344528052,2783.47304044499,2401.1517271270213,1048.5849157556856,0.0,898.1582591756585,157.11779031100326,1.8717552284860748,8.807557947720243,106.88461976757088,119.93738652126595,98.34488628791894,114.53858042963147,73.98657334070052,99.898071157087,89.65281722299841,95.57246759788666,109.13237329407826,88.43619946505719,43.39338272377003
1130,2232.000206635753,2403.2649065857636,0.5665033163795204,0.5343775545382841,0.393752232348039,49,0.0,0.012182732330521329,1.4347709734518446,-0.39195645493244735,2232.000206635753,2403.2649065857636,874.6768112204297,0.0,0.0,157.3476790038047,1.8726852201288393,9.616964486684543,75.86489483272564,102.6418079232011,83.71958570434848,86.7850092105397,78.94210243169061,73.90897993268828,80.07920186619356,80.78648150425698,91.84356215915108,71.38732417768884,39.10089699126087
1131,2302.2821825839897,2404.3824645547165,0.6587928855101797,0.08568603752336057,0.7132948411293593,49,0.0,0.010066077369730916,1.0426431308171153,-0.04533921584647525,2302.2821825839897,2404.3824645547165,802.946709351472,0.0,0.0,157.31838032340846,1.873146205781888,9.660796130677122,79.96341117933608,65.50532796388103,78.3596392336915,70.09450192499963,67.0801803209043,79.12871205167485,82.54809097324912,59.752071418883,91.81551645471502,84.02448739060013,35.013974308860234
1132,856.0041717121683,2406.970527293481,0.5858218525892896,0.05922990116712621,0.2848141647361057,49,0.0,0.7636863708596974,109.03327327292011,-5.093897625441304,856.0041717121683,2406.970527293481,13040.976688385519,0.0,0.0,157.9213026282665,1.8742214517769737,133.96019133403325,1222.8501790178975,1266.414454736976,1230.6200280472344,1217.5469588209633,1309.1322728841974,1201.0368866240594,1178.8731326516331,1243.246761612073,1173.6183355327717,1271.2787959271552,592.398691196521
1133,2319.294473320846,2409.112749112793,0.5852649073511368,-0.08363798428319369,-0.15769457368353113,49,0.0,0.012028061207441628,1.2840996851199282,-0.2714968486955117,2319.294473320846,2409.112749112793,866.889629895111,0.0,0.0,157.31128811283622,1.8751158656111662,10.064695483994258,70.24834097604764,91.75685370900831,94.70886041718379,76.87577125739506,81.77857135914564,82.16885812026561,84.84122391691339,80.80008248110201,73.39842912859731,74.51566185365945,45.732281191798556
1134,2393.555038490309,2415.362863658771,0.4136338266400116,0.7674658181292108,0.2472364756167623,49,0.0,0.010016118947301367,1.3355747623460996,-0.31417050956360737,2393.555038490309,2415.362863658771,894.9429402603457,0.0,0.0,157.2803307015223,1.877714377613364,11.717891385421478,76.04605624782397,90.77355777985221,81.42972040513528,86.95475315685545,91.31237610580345,79.990584375145,92.91584660814266,84.62876625135036,75.6553151831462,79.64405107723422,43.874021684435405
1135,2743.3506264188454,2416.334914680756,0.8503335169983375,-0.4025200254614965,0.03582936520418906,49,0.0,0.029670305759396443,2.2593982147698,-0.8849819531705896,2743.3506264188454,2416.334914680756,1559.242773738293,0.0,958.2174949100264,157.13451401501308,1.878085739274902,16.775347951656165,151.32901757292734,157.47922718208557,146.036532540451,127.31221812883658,130.59123000844477,165.32383885566747,124.79838995031827,157.61741652622334,163.48671527845934,154.25294964836738,64.23989009485572
1136,2861.913809446772,2417.592670354297,0.7652947084044399,0.2505950587876222,-0.21392527904428144,49,0.0,0.04904668257923504,6.981801069396783,-2.1099186760428457,2861.913809446772,2417.592670354297,1280.7943616500024,0.0,31.85293651477468,157.08509066033906,1.878595603866875,0.0,0.0,0.0,265.5215583975145,74.44347143970258,148.99410065596828,172.72646196586464,205.4043410963493,114.40786033739894,105.52311748871216,56.02746247670267,137.7459877917894
1137,1602.4478742153703,2422.7158681458013,0.4712986371366583,-0.08963187244226196,0.3140295299639192,49,0.0,0.01441881367205436,1.9370983351506492,-0.7178791696724651,1602.4478742153703,2422.7158681458013,1078.6031333744058,0.0,0.0,157.61012632495158,1.8808092581549611,6.102277586794159,100.69653358844853,112.38638245279719,108.79619628100079,92.46510435758722,99.14536204985862,96.15479506812855,100.2908220043205,119.58169197194348,84.69206678706519,112.74856127583051,45.54333995063131
1138,1525.9085562508033,2424.6291782685016,0.5103071972525476,-0.6364934376474599,0.5627917152046913,49,0.0,0.00932261320771221,1.104610622351146,-0.10802303811699623,1525.9085562508033,2424.6291782685016,934.0978734900481,0.0,0.0,157.64203433588426,1.881606165410354,10.453221745136146,78.38062772271904,90.81453957555969,93.5423488687529,93.97753371212674,72.54890017965896,84.86181581346722,101.1863857007186,81.53053649555159,90.35234071239351,87.58676406542838,48.86285889853529
1139,2493.0403903680785,2423.929255296183,0.41812140480465665,0.28588840499779056,0.7269259080339158,49,0.0,0.017212340808572694,2.251260915181929,-0.881064578746419,2493.0403903680785,2423.929255296183,1138.8795660678802,0.0,0.0,157.2388578675042,1.881275177065775,14.133456470281406,108.38397020012758,106.4807701902403,95.98445147444379,125.30670096724438,124.89010339411101,100.97678183777703,102.64033944860651,109.04484717538983,96.79575391529013,109.65106292921841,44.59132806514991
1140,2128.1947933127035,2427.804281241789,0.4581972568171947,0.46380248136717356,0.507366836539248,49,0.0,0.011270299420689502,1.4747441400643515,-0.4217916979094174,2128.1947933127035,2427.804281241789,967.3063395870739,0.0,0.0,157.390951809427,1.8829154854343904,12.020440871514628,87.00294291364793,91.38631397683821,100.59484246175941,85.96904610748139,90.29356565432431,95.94913786097706,85.22260837405008,83.75162581509079,89.08057477233953,96.33501005311692,49.70023072593372
1141,578.5388031108174,2429.254593723025,0.3433972987011597,0.21802231822769558,0.33013235226843285,49,0.0,0.053017732324172076,8.710576406496477,-2.3501172365082508,578.5388031108174,2429.254593723025,2089.435343816002,0.0,0.0,158.0369701302732,1.8834815975573174,21.46156542077579,192.66415412478455,216.8635252862839,206.5072781009303,207.82170813532667,177.60884936400532,185.60160465767882,191.83709212949975,199.44608418930943,176.56214577904848,216.669006623565,96.39233000479388
1142,2399.994181167283,2429.5311193686534,0.7279800165295326,-0.2913951221638226,0.07443376351424187,49,0.0,0.016174207514051412,1.445669203197512,-0.40017232357686944,2399.994181167283,2429.5311193686534,991.7880120677082,0.0,0.0,157.27764549886538,1.8836169974283055,6.396439852075144,102.8584404634996,99.38633788746851,94.28845842207124,87.78361203909358,90.02031497602677,88.72591150950107,85.04441622970774,98.50266429114781,88.96300000529561,102.2065490553656,47.61186733645551
1143,2782.1157148446227,2430.264707894141,0.7606123184888096,-0.19759489725210744,-0.3060632830429532,49,0.0,0.011051925797941252,1.143326354282629,-0.14542553581696727,2782.1157148446227,2430.264707894141,1035.7428857667096,0.0,568.5460922237271,157.1183533130188,1.883884921572051,12.482614548032666,82.90926068551117,91.20315843485643,71.75423691867141,106.84036229654575,127.03403549771056,104.48480653010006,70.99719901499572,76.88863404341367,157.83262830999672,108.35355212981463,24.96239735706066
1144,1172.182446703742,2438.4095106161917,0.5941696201715122,0.14344541554575463,0.3161799633658359,49,0.0,0.38085825204311197,54.9913402566705,-4.350735761242485,1172.182446703742,2438.4095106161917,6428.631964903387,0.0,0.0,157.7894969842509,1.8873388792838122,53.34983909801374,599.6226397510138,617.6402081282793,601.6924239927289,585.4776278447307,617.6989097112652,616.7141054952913,589.683747537614,641.1453288534954,619.7289709414123,611.6560969512329,274.2220665983099
1145,1119.4948498354597,2439.1360403941294,0.6434462906961362,0.2747708029536993,0.3773851183550522,49,0.0,0.010969297182892183,1.1108049059610565,-0.11409447294921896,1119.4948498354597,2439.1360403941294,867.3918713890699,0.0,0.0,157.81146144542896,1.8876391951790557,16.036389017154953,86.21521008953775,64.53675993276045,77.69302338823042,89.32653290690612,78.73126742140224,74.23971327204413,63.784980975955904,84.10662207527702,82.99800221937062,104.15511431186759,45.568255778562744
1146,1602.7202355339464,2449.6846197630275,0.34528015152342856,-0.11015943890338607,0.3057988470997772,49,0.0,0.015438069019643287,2.0750920655138843,-0.7925934244969852,1602.7202355339464,2449.6846197630275,1145.8700190510924,0.0,0.0,157.61001277705242,1.8920458228835926,15.429140009854484,96.09073487222247,120.50350186269873,105.50049605886807,102.66976140931263,130.1350100880767,116.98688648544388,89.66646131246851,104.50202832327005,107.22220030299208,99.18213655963447,57.981661766250305
1147,1743.1500773587024,2451.453207312323,0.49233354686946657,0.24991935369052773,0.17317741570266082,49,0.0,0.015551319061628844,2.067210716984598,-0.7884618695549008,1743.1500773587024,2451.453207312323,952.3329112789819,7.0370987294970355,0.0,157.5514695422203,1.892781687650718,5.642061144588696,95.26446284961162,74.95795253395947,88.54144331515039,82.45627420534605,84.92478341872504,107.65651486079376,101.87410250753871,81.98552071030383,96.76407793836023,94.1492692037244,38.1164485908797
1148,2044.5017345525775,2453.4449007691073,0.4879373875117229,0.340242513686016,0.29483112339254963,49,0.0,0.4170086257235243,67.0044078240258,-4.56525843327017,2044.5017345525775,2453.4449007691073,8091.855919335577,0.0,0.0,157.42584076113127,1.8936026726951949,88.96280382469013,792.8135486667113,764.6507331853768,721.9454294656822,756.3944999583216,750.8666388316346,778.3934781278199,713.5865408916289,796.1746454328406,747.6882175842208,803.7128343223918,376.666549044259
1149,2101.0255963545756,2457.804552120776,0.7130827727910851,0.49127596350360414,-0.14577001198620115,49,0.0,0.011193571207022157,1.0779673518856516,-0.08151401921719834,2101.0255963545756,2457.804552120776,860.4646903104801,0.0,0.0,157.40227683781515,1.8954164377315588,13.482047786838912,82.35141413035866,63.811848708612516,74.35390933040212,73.34201343147927,88.34226049905124,82.42495014525397,90.16015671862658,85.71612820076388,89.41965723742646,80.29973466165845,36.760569460008085
1150,1576.766136648038,2459.0257781472083,0.5789870580287345,0.08313249633103713,0.21626929807034218,49,0.0,0.02463514247870236,2.984816406895942,-1.1872940581575058,1576.766136648038,2459.0257781472083,1170.6786445018927,0.0,0.0,157.6208326955861,1.895937794143473,17.10125509972016,112.28133724896097,108.73216600511523,104.26321877391109,127.89315024697109,105.0102179818376,104.38569669508291,92.28771586072199,115.26789955882695,102.5933002508823,111.39349515571772,69.46919162414468
1151,2291.6385941119966,2461.186051831371,0.5315497420179558,-0.32739666439526777,0.04636148951220213,49,0.0,0.01006008426225473,1.082396606347441,-0.08596605485600636,2291.6385941119966,2461.186051831371,917.0761090031299,0.0,0.0,157.32281413671205,1.89681393521746,16.281656449054946,80.07659373212849,78.980446462466,82.8024004591401,101.1034187138546,100.79305987647999,80.21293052106734,75.36956479556828,78.57657369539552,87.58491864337039,102.85709631827929,32.43744933632493
1152,1042.2012667580877,2463.126502801306,0.6311137655415977,-0.12295235068887936,-0.3936663586892892,49,0.0,0.01389026068815528,1.5921200480964635,-0.5049395276313794,1042.2012667580877,2463.126502801306,914.7021331041668,0.0,0.0,157.84368462112786,1.8976307453276215,11.598943995413107,94.5401913515784,87.97627557068576,72.86794739869954,83.0892568684939,91.12227746993264,93.18669958409072,96.35327060821857,91.27117483209989,66.9440959255306,81.98065482214963,43.77134467727403
1153,1897.865153467515,2465.1302908581397,0.5102208454016954,-0.17598209671254683,0.34917801287280054,49,0.0,0.013352398637766051,1.5643278659648134,-0.4858194540610896,1897.865153467515,2465.1302908581397,863.0991179422115,0.0,0.0,157.48697081098177,1.8984768290352567,7.838568013863925,70.41685644472746,80.86605330062676,89.605498664581,87.42476992400907,88.60383333166146,80.92267922641494,75.61348849210006,73.43957906757521,84.9569952143899,82.03771674234099,41.373079519920594
1154,2768.173679083548,2467.120604925992,0.5553195793480492,0.2797992950966339,-0.020576346795182533,49,0.0,0.017961715938741657,2.914019338367852,-1.1612310739028586,2768.173679083548,2467.120604925992,1711.5697639315622,0.0,429.02896935841363,157.12416160210242,1.8992420390592017,23.682583403579162,83.42991394520928,57.79543601347665,115.39690289755093,114.10046735182101,110.52190162923706,47.03354521421946,838.5458942856851,90.89990166641954,93.43618442336836,86.65583178900357,50.07120131199203
1155,1097.9414817203306,2469.415324730371,0.42116013416198933,0.27890192904543004,0.39916560752054897,49,0.0,0.052150931556266114,8.551333700388845,-2.3300846358111915,1097.9414817203306,2469.415324730371,1709.1988212399467,0.0,0.0,157.8204478484042,1.900253934497032,14.421707829603132,181.2530296318907,163.00192443519603,183.60895364120466,154.47591158400226,139.72018437664286,134.2102388392876,165.96036067029283,174.7068833328326,159.64144294537832,154.81797039784846,83.38021355576727
1156,2810.113875166744,2470.0645575066187,0.8674295770521289,0.08347882941744429,0.5008444191198519,49,0.0,0.010383318083457802,1.1890618770530657,-0.18801113815202403,2810.113875166744,2470.0645575066187,706.9616647670957,0.0,95.85023730457844,157.10667827970545,1.9004635811466783,1.5577553689655912,0.0,80.6320675165918,200.0141810415942,27.47235320437475,53.73221275242782,58.63217117159475,21.343405460936197,80.81741923335129,84.57394339910755,54.74280545906572,43.44335015908602
1157,1660.4839973615083,2471.6023681886863,0.8691137067772687,0.12140930813717324,0.15775957527477272,49,0.0,0.019656915615971444,1.756155658712213,-0.6114075185660277,1660.4839973615083,2471.6023681886863,1082.5243599900489,12.421648330769443,0.0,157.585931767727,1.9011776800397953,6.5633366538999685,88.3261520741118,104.12461510797635,83.24077891027117,95.46030802521703,101.85111744555047,124.29993411447333,115.35428095488012,93.68878423976066,104.30682638081718,99.48577166169727,65.82245442139352
1158,1711.8919151543969,2472.652574306381,0.7350103971185156,-0.23262065111695449,0.13029194278793257,49,0.0,0.016404258882016156,1.6408862345608415,-0.5376961793006514,1711.8919151543969,2472.652574306381,1045.0080621921506,0.0,0.0,157.56450043359797,1.9016148051539838,18.8295119620524,103.72392356566431,110.73843677756427,111.67423605969128,91.72618917947547,92.81446916250681,91.8736386237919,108.6533513858041,102.57799025335835,76.11717339557873,98.09380112248684,38.1853407041763
1159,1702.3168885214377,2473.721349913326,0.40579740252233554,-0.000936627666149954,0.3966637991114572,49,0.0,0.027656230197493095,3.862264081212733,-1.4671049130520313,1702.3168885214377,2473.721349913326,1355.0294386097644,0.0,0.0,157.56849213483517,1.9020602129522763,17.046356267935565,122.99281188540013,140.2546240162219,130.23983574733836,139.9677515463879,130.1365013273889,118.3371457230655,129.27066286417613,129.38098400601655,126.45653939119515,123.60411594586222,47.34210988877608
1160,2608.6906245782498,2475.8971081120085,0.4876076939360923,-0.5192481828567627,0.6164456828494865,49,0.0,0.01487761556763438,1.5582367054463304,-0.4815835756725994,2608.6906245782498,2475.8971081120085,1053.5434419509875,0.0,0.0,157.19064318813457,1.902916102258364,10.359671690437537,101.93863819857312,114.60449492282572,103.61889597732167,105.29739432002235,93.46331372281833,100.75693403904219,90.85495817722583,88.9494837576357,96.92210199957539,109.4594169948167,37.31813815069276
1161,918.7451153415795,2478.459574132655,0.5707655831570749,0.14619130126612592,0.38072988907447824,49,0.0,0.04048718805690964,5.5119784271662375,-1.853268772892521,918.7451153415795,2478.459574132655,1396.0980534665105,0.0,0.0,157.89515169816045,1.904011506373116,24.145011113616775,138.81849299156002,112.64525126062966,133.78547496702737,130.60826672645368,131.8808686106662,144.0711752017467,119.95711569475752,139.57944959190672,130.87756690416256,131.66151065938232,58.0678697446008
1162,2178.546170949771,2479.9719948933084,0.6981169652794504,0.17242914499198472,0.08259704186564205,49,0.0,0.032366573404364135,3.839762271325742,-1.4607608425285918,2178.546170949771,2479.9719948933084,1193.0556710091619,0.0,0.0,157.3699589990457,1.9046482303404093,19.107528458870803,119.99912297502769,133.53774704947506,107.33100674503422,97.00975606619798,94.35815345343798,98.67202727715915,119.46219094551094,121.40724143013279,101.11975183233474,120.08142257355432,60.96972220242615
1163,1188.6192647553794,2482.2534819979214,0.5233296786898207,-0.04529730997568092,0.33429138113717616,49,0.0,0.11240404980837349,14.5696481741006,-2.908622661530065,1188.6192647553794,2482.2534819979214,3418.9285147503833,0.0,0.0,157.78264625437015,1.9056070937336538,34.25194001651833,353.4516936826412,334.77813843501156,311.00037147748594,308.94105776844395,307.93052472222985,325.98796387708614,302.4875272271116,339.6645603770854,336.4429434415154,325.3928208464844,138.598972878769
1164,1674.3816761111034,2482.2308583569024,0.550070943561565,0.6461277366902952,0.5967151788745619,49,0.0,0.01945101125402587,2.0995362205314185,-0.8053084283723076,1674.3816761111034,2482.2308583569024,1222.5159489584523,2.397708336356996,0.0,157.58013793260088,1.905605943525147,9.754908085272465,118.17949319991615,116.77808629928754,99.78328739533265,128.08685176997506,117.79426057499519,103.21750118655748,97.0821067522956,128.5890041304165,117.60331010877918,128.7526859220413,56.894453533583146
1165,2012.4023611966827,2483.0360290925832,0.555523304282953,0.0767317964441539,0.22926599553191748,49,0.0,0.7290869986496551,109.46428996758624,-5.098181160967467,2012.4023611966827,2483.0360290925832,12364.447413226317,0.0,0.0,157.43922142819613,1.9059331392432741,125.15006838894845,1172.9477360933822,1131.6185590055416,1146.3042643233198,1185.5069252653882,1151.0676747253294,1184.0133947385316,1074.6336216265577,1198.778849014136,1176.7105220250414,1230.6072216453301,587.1085763748114
1166,2801.95922912277,2487.7521602594597,0.8385715581998304,0.5859324186703992,0.39412484163750294,49,0.0,0.010383316728818912,1.2786946750160024,-0.26691714152185797,2801.95922912277,2487.7521602594597,494.5538623280355,0.0,46.58526041821316,157.11007585925853,1.907833821730722,0.0,0.0,0.0,146.0234217109387,21.5449705843819,15.966930344702908,3.327851902791512,17.76289769801424,13.660996535668957,31.535508927897848,167.13802620948255,77.59325841415699
1167,1053.0209744284177,2488.793304771607,0.6707342444491605,0.23446819457423076,0.12507368463992677,49,0.0,0.011948498064777135,1.1934248722050445,-0.19198771186815727,1053.0209744284177,2488.793304771607,850.8105480581635,0.0,0.0,157.8391752417622,1.9083253283741577,9.019282497738907,80.82800717191816,87.38393837681113,73.3272814298053,78.9507852804692,69.37859242736415,91.06353379455568,68.97861177209009,86.60195126491425,80.96997985601811,90.31291930866168,33.995664877816836
1168,1259.432403874009,2490.1011020058745,0.8355333036973223,-0.45443737565396997,-0.09290972566033084,49,0.0,0.012059713493405861,1.1023440821402055,-0.10579293740244075,1259.432403874009,2490.1011020058745,789.5921230405525,0.0,0.0,157.75312550006393,1.9088794772316071,8.224712834751378,72.12320057617892,77.14975531853241,63.533643233242,81.11083196024461,82.59216412779156,75.91661196944139,64.34193236914136,75.85487140999834,70.40667257498457,87.17278053172409,31.16494613452184
1169,1763.8735491891366,2492.1443903242007,0.6494743627040365,0.3154289544507638,0.36908599691724986,49,0.0,0.07169064327651199,9.401932475039253,-2.4330428193686315,1763.8735491891366,2492.1443903242007,1764.3103535830196,0.0,0.0,157.54282968328903,1.909735336956924,18.557050420141035,180.68456748679256,159.88275144879893,158.079986129578,170.5525245065296,164.27256894398516,155.49740040233837,152.9726061858924,186.16591585450627,166.5105869161798,169.01326182031016,82.12113346796716
1170,2347.722174443708,2494.7927276281184,0.5325240034372315,0.48775856690710834,0.35070570659925543,49,0.0,0.011074018132407711,1.3597982268182327,-0.33368617629224656,2347.722174443708,2494.7927276281184,853.3527877195597,0.0,0.0,157.2994322203192,1.9108118924451125,7.532984379594813,80.36582914619154,78.89986743768016,88.8227803744839,74.50351973100699,85.14316078837112,64.40344227131885,63.39666917832405,88.18485310824994,76.78046926402223,100.06697351672389,45.25223852359225
1171,506.58109899909607,2496.96743489577,0.31752530461667766,0.1538099672241754,0.6625162780838499,49,0.0,0.00863539196203974,1.0740237107111181,-0.07753467295570891,506.58109899909607,2496.96743489577,956.0879697385417,0.0,937.5236137789473,158.06697242324896,1.9116856925145964,11.06100973308729,108.5591150141006,91.10762716313624,84.54540733762161,85.17308803081121,90.51531596093088,79.88645960411972,83.91996344997827,107.42548334928247,90.70806835577793,87.22088080086073,35.96555093883474
1172,2039.4480911119658,2495.9229893680035,0.4881931773994793,-0.030032437840649046,0.08463634870761101,49,0.0,0.017320947434809615,2.036660293000266,-0.772296491034138,2039.4480911119658,2495.9229893680035,1220.6933086707886,0.0,0.0,157.4279460159421,1.9113012941285112,14.272298932316982,122.53150308685343,109.3320496829277,115.23295339653532,108.73770302388115,130.39363694130532,124.56925606254657,100.82363098099947,112.46277285279362,107.80755605192857,122.74063993876453,51.78930771993584
1173,796.7668887237465,2496.898866590152,0.8018837144149539,-0.24076336598934342,-0.000420251780600091,49,0.0,0.02677856975586297,2.3763117747703584,-0.9397585499264289,796.7668887237465,2496.898866590152,1228.3025472223467,0.0,0.0,157.94600271771935,1.9116849683836625,15.686440382867588,132.40077108309987,118.82927643223873,97.44175979234974,106.32739411170827,110.38474028608543,124.98599178108087,109.39639273949027,125.38692275321543,92.26945711871907,131.3122194351031,63.88118130638841
1174,2552.581417508112,2496.6941822205245,0.41217997792623445,-0.1151718969825695,0.6983155758111074,49,0.0,0.017577814012363097,2.235866893788196,-0.8736148636285863,2552.581417508112,2496.6941822205245,1120.332928692514,0.0,0.0,157.21403164891757,1.9115865183687817,11.407202396832538,96.1868971113049,100.56360818646453,85.22731593361613,87.11624345893176,114.76927610042506,134.145317520587,107.96947767290652,106.09026684874472,111.45599077644653,109.17703218268417,56.22430050357028
1175,1679.2089216686245,2497.5542788522507,0.3841031461786017,0.07507619937567374,0.06396619959052705,49,0.0,0.013255141291570604,1.5457847750176084,-0.4728725636564995,1679.2089216686245,2497.5542788522507,1044.6160982315253,1.0,0.0,157.5781254111092,1.9119903968008856,12.947920388728054,92.75908274978741,123.09079747439257,101.44646003654822,87.12523136468263,72.6188081333311,98.45053169520222,105.01483265105801,96.36813674060843,103.48471612771937,98.261524999753,53.0480558697143
1176,1638.160060903074,2501.980895712739,0.7317995002942949,-0.1637286822001009,0.38003556211402384,49,0.0,0.028638274243854293,3.0556142257673518,-1.2127463081720287,1638.160060903074,2501.980895712739,1156.5005945299527,1.1669590598816966,0.0,157.59523824988742,1.9138349831305295,7.062296371958059,111.59934463228697,130.9682247009269,114.93917008797408,95.99520276187712,106.48262387315705,102.98770628545051,97.93989373574745,109.45144970058476,103.96250189000955,105.9225990403325,69.18958144964779
1177,2717.32956514173,2514.28151552607,0.8009528353902827,0.3101805607185519,-0.025038739000842785,49,0.0,0.018753284673991066,2.052053051059312,-0.7804714606468343,2717.32956514173,2514.28151552607,1105.1965924517986,0.0,583.1753372376395,157.14535212104926,1.9188967811480977,8.730949620335224,134.51376050979445,79.29361662289213,120.81977516296718,105.85009771067797,92.24062283396783,88.76243038891832,106.48097112861407,109.6691372311549,74.32135094545183,143.53513364998736,40.978746647037546
1178,2054.139897274113,2517.204996772087,0.5671344978847862,0.27129255680983705,-0.11192851440673784,49,0.0,0.10854181143205999,7.6534816688155605,-2.209647615848799,2054.139897274113,2517.204996772087,9047.108472623742,0.0,0.0,157.42182043073768,1.9201677009667693,80.33324941238955,857.8875865484035,902.1255069083625,881.4692745314483,835.113129466673,859.0672280306181,867.4595628764266,774.660606014072,887.9083796427037,816.8386550291093,901.3489490041109,382.89634515942566
1179,1324.8685052739393,2518.9314143874767,0.8629161124780155,0.381650274692089,0.7671573444496955,49,0.0,0.017122139920641925,1.525389683069334,-0.458452011809969,1324.8685052739393,2518.9314143874767,929.7967558732066,0.0,0.0,157.72584667475525,1.9208936016045182,5.651817862655059,91.8537966136168,77.00200897213676,86.05081322415086,77.26367322384529,77.43952458703016,116.2086548765693,87.9010912829166,100.01229492034143,69.6422916813563,85.54161756926752,55.22917105932051
1180,1127.8822624158609,2521.4665867977046,0.24188727574580152,-0.13518652319065771,0.08333852862763626,49,0.0,0.011043916380649357,1.4455246391353858,-0.400063746674145,1127.8822624158609,2521.4665867977046,1071.5708766676155,0.0,0.0,157.80796806811134,1.9219423808976506,9.697065299027292,102.70178879439058,90.54824254460547,104.93850507882644,90.73628670814136,111.74594033450072,111.37940233107487,89.75454250332928,86.40393166298625,108.83285746191186,112.17680681373002,52.655507135091234
1181,1711.0157498312785,2523.037747265131,0.7369757806104862,0.3874818194683487,0.025328478872078397,49,0.0,0.010260717971927291,1.0464494451418072,-0.04929563011894873,1711.0157498312785,2523.037747265131,812.9773012388472,0.0,0.0,157.5648652426488,1.9226077360079576,8.032551760838572,80.19614310399103,70.40224475992032,95.344640461997,64.95757191589948,72.60407103037062,87.17787163326665,61.09175964692835,74.58534674453463,91.19709134906552,75.17665105602603,32.21135777600898
1182,2062.1599913146583,2524.121343953696,0.9174727043533966,0.3824870682826911,0.8100977608005748,49,0.0,0.03350135098452965,1.5811114916594977,-0.49740623793186467,2062.1599913146583,2524.121343953696,5332.899152336687,0.0,0.0,157.41847669876614,1.9230489941660531,56.893049887073204,504.33687864091536,538.5147230276367,520.5808690310532,462.1631472126062,537.3242485134429,538.2645601416275,443.1970345756297,508.4315289109013,504.3031479058609,524.0080252095946,194.88193928034534
1183,485.4442953999808,2525.962896375728,0.7450496709520977,0.4940786829649522,-0.01359239114403406,49,0.0,0.03290882916592465,3.189391073133947,-1.2592694358394367,485.4442953999808,2525.962896375728,1698.4942599631527,0.0,1321.572121833271,158.075786205634,1.9237638463172164,23.074516978221048,253.79946229926978,135.7960688392982,137.36052448023025,124.7243710011785,131.0836626342111,115.52191634409061,221.06122659283741,192.1371682024796,208.4273068734335,126.03109143224935,29.47694428565348
1184,1105.5102233508615,2528.4344854707165,0.49125074127311674,-0.41858254621166374,0.4919113161094909,49,0.0,0.013923979943692873,1.4840493540680904,-0.42862086058362503,1105.5102233508615,2528.4344854707165,1394.348253373064,0.0,0.0,157.8172949540944,1.9248444214908373,14.244684191030224,148.0168277618934,142.73138323934242,124.18280890391276,129.67776343364437,113.83492935068358,126.01804563802682,131.6727939483843,142.14490328184576,122.33065407529841,129.61455433645904,69.87890521254288
1185,1630.814766500075,2528.1223953193576,0.5245321709635724,0.11044321655917896,0.41487905814389603,49,0.0,0.020342493412021295,2.7909302212027702,-1.1143724459999504,1630.814766500075,2528.1223953193576,1019.5336833594771,0.0,0.0,157.5983003668831,1.9247268178315713,7.567029406353354,95.63410080667671,94.81443160335887,100.23885541418505,82.88292099701023,100.71326916940632,94.21020045061847,91.13209996164656,99.8571032288963,102.04709326228493,99.7284135341284,50.70816552491198
1186,2058.0782286037147,2527.9265763751937,0.27354316271958595,-0.1854721856348493,-0.1560341211707088,49,0.0,0.034506390171775106,4.478470669656254,-1.6278243357096003,2058.0782286037147,2527.9265763751937,4248.811542389574,0.0,0.0,157.42017819244307,1.924634617926235,43.13171706550704,409.68221502975473,424.70881368348955,404.1761515203028,375.0021186846375,427.89740120939814,418.29653812118727,366.3570658065904,391.86541935519637,405.990354777189,417.071629637798,164.6321174985242
1187,2756.1855377585216,2529.577122780595,0.3496239647380414,0.028911188868397438,0.239090130675844,49,0.0,0.005425211271614795,1.181958680143205,-0.18150573599197664,2756.1855377585216,2529.577122780595,520.5721562169633,0.0,131.09441954892816,157.1291530734806,1.9252649578980312,16.73556976495275,16.128583490673034,21.922939530933427,32.34532704312255,69.06635165451532,38.02961164484857,52.691565443726766,40.278426907803734,46.17730580882898,63.492870365907756,107.89187343399034,15.811731127660131
1188,1101.684490409035,2530.6397839365836,0.29180144873047636,-0.4332880774749393,0.42147940430391156,49,0.0,0.01698510499882886,2.1260052048716402,-0.818910808563521,1101.684490409035,2530.6397839365836,1428.9433555526325,0.0,0.0,157.81888994186892,1.9257630542858004,15.97216923900642,149.69824441337767,148.63197314792217,130.67270264253017,137.4136415496346,113.87096609104778,132.0380249088522,128.05029064615445,144.91933980389956,121.07672863101573,131.07482231145525,75.52445216773656
1189,770.9287869859768,2531.6182660058735,0.6602852137045426,0.48374722810800025,0.48756192870454196,49,0.0,0.0186319295710557,1.7527381747050217,-0.6092926142884003,770.9287869859768,2531.6182660058735,1117.4922176797916,0.0,0.0,157.95677632489063,1.9261483486748716,12.996725275997843,107.84955777092046,113.08269933616694,110.02534581464708,102.16972142278927,100.09657817778348,113.86106499745387,98.99911352417448,94.45798226510817,107.66566470966305,106.16630905289254,50.12145533219433
1190,1397.9450960538575,2534.1215183904956,0.4391768147023056,-0.22066887227985355,0.19651443984587658,49,0.0,0.014193083360004669,1.894645464870673,-0.693819886610546,1397.9450960538575,2534.1215183904956,933.3947769964469,0.0,0.0,157.6953819982312,1.9272242932217296,9.448169418441065,80.56094622361597,83.48733553871202,89.57071971848791,88.82175963075568,89.3008120744774,87.80228585401485,97.38381666970596,97.3938387667455,100.91389192024593,66.00143950688029,42.70976167436423
1191,1233.1679532639366,2535.2108675041954,0.6191131197548686,-0.41355102055077525,0.02512239303072257,49,0.0,0.020016084755400093,2.5430395307964173,-1.013382778018227,1233.1679532639366,2535.2108675041954,927.9457856753372,0.0,0.0,157.76407614486467,1.9276733791404217,10.523324008110995,92.65167129021691,90.00540736784433,100.57162513035077,98.30984933945922,85.16199599432672,81.52722461762717,64.43645843130008,90.28047701724688,90.53422445824347,90.0889760173462,33.85455200326452
1192,663.7706020115959,2535.5733358093426,0.3247387883749496,0.13162074531149345,0.35570033168919934,49,0.0,0.021490604546125704,2.847096434927537,-1.136005443813646,663.7706020115959,2535.5733358093426,1462.7254808072207,0.0,0.0,158.00144824215343,1.927786537415595,13.140504605977192,152.41928560103946,143.54926707770062,150.27219913353144,117.2419415667288,123.85160843735385,113.5816850495014,122.75054376484266,148.43285998936045,157.32302566754777,143.0254677711233,77.1370921425136
1193,1444.8823103856723,2537.317734557227,0.824052262611441,0.08797230774111259,0.0809666900313331,49,0.0,0.01216825872658589,1.0615983765323553,-0.06490061426138213,1444.8823103856723,2537.317734557227,884.8665592863799,0.0,0.0,157.6758142817007,1.9285568445196895,10.02692280444947,97.42282752308239,84.65659655417116,79.92476373442398,90.89298611085678,72.50345760827943,84.32032051739449,66.8739359373526,78.54926370712366,83.45243823888646,92.59546059835989,43.64758595199958
1194,1472.3783899650011,2540.989502243502,0.4914882609900153,0.5690511513595484,0.6461536262503172,49,0.0,0.024402385433138437,3.2108405657676227,-1.2665468530423774,1472.3783899650011,2540.989502243502,1249.5525110341869,0.0,0.0,157.66435140530777,1.930087073761258,8.841217109384903,129.53673667408577,114.57339537986877,127.00129720796247,115.38726007342208,124.58661245549227,117.90026357797908,102.25098306420841,109.4850027560198,119.26569112408568,121.98823195825345,58.73581965342417
1195,1868.4146521322439,2539.963096148697,0.420477428033463,0.13974514702403606,0.021748445967308936,49,0.0,0.01631579219905592,1.5424368220081845,-0.4705184610741532,1868.4146521322439,2539.963096148697,1347.2753045737022,0.0,0.0,157.49924666537916,1.9296565988932328,16.91042150131246,119.6024378483007,139.6845883827352,132.59242662687916,123.43852635231596,137.6622202239151,124.4541514742237,110.50759726079316,139.21779101967218,110.00893640631861,116.52632447744149,76.66988299979454
1196,853.7081194189716,2539.7052890166524,0.7280101359226441,0.6700242275771354,0.7936443574063987,49,0.0,0.012988688269512674,1.2095569293821815,-0.2065657845448578,853.7081194189716,2539.7052890166524,905.3888354141015,0.0,0.0,157.92226785526202,1.9295243841846903,9.507731519874072,84.51784029561361,79.16504643500531,75.00002955471629,92.23882615153076,84.89430386406576,79.43327414056432,90.1029996654829,93.36994708242989,74.93438408683213,98.89342760053802,43.331025017448496
1197,1768.2201150977442,2541.057852083951,0.23903459509357888,0.2367530371422351,0.711811614118208,49,0.0,0.0060723788886715676,1.050576029591059,-0.05356871881122993,1768.2201150977442,2541.057852083951,791.2142506395546,0.0,0.0,157.54101698038997,1.9301149534259283,5.478701508095602,73.17845856682155,89.74927094032424,79.08849393409471,70.23434027045306,72.88010731880462,70.24883340472776,71.42305902473807,87.69714182086017,64.4723090201608,68.28961130883839,38.4739235216356
1198,1373.3732666091987,2543.2813955747547,0.6586798573016934,0.18398731667886575,0.2703819788974842,49,0.0,0.37477588671482026,51.17642177219609,-4.272674792441978,1373.3732666091987,2543.2813955747547,5712.253372165082,0.0,0.0,157.70562596331385,1.9310401876253944,70.34730934132807,561.707734356097,549.5033688976712,533.682667387837,503.4096397470271,547.6955221117863,537.6417507717092,533.6753250667903,530.6927991301985,526.5324016441035,569.8457387410517,247.51911496948085
1199,2059.0530875048535,2543.612029213643,0.6996063974453156,-0.8204245139585701,-0.1005192890652992,49,0.0,0.06210445836366287,5.707433071884912,-1.8911020686135271,2059.0530875048535,2543.612029213643,3226.7511019507783,0.0,0.0,157.41977120004475,1.9311698391197885,30.1615159696118,312.30222684379123,298.901041269027,316.8993262736424,288.0929831253025,300.2406346414324,283.7528295115694,278.78869590566296,335.34568166745976,326.91133080889574,300.16890831004696,155.18592762433644
1200,1137.0994577746255,2543.9953354958175,0.5556042533648643,-0.2148296942549331,0.055545232214577,49,0.0,0.009036766456966942,1.0320100493998114,-0.03420981584822093,1137.0994577746255,2543.9953354958175,848.6050663423416,0.0,0.0,157.8041263891323,1.9313293133590466,11.415133641911066,61.086313847492534,84.86609526216397,77.78172385018195,74.25401733892113,95.74514953914553,71.17391835069338,89.3719823361277,94.99458343387246,77.29242293993995,75.12073109419617,35.50299470769577
1201,2080.0636104422733,2549.6132217520562,0.6138219449644396,0.39522256782330545,0.7076704347050818,49,0.0,0.023321326989342805,2.832017123686674,-1.130239687427935,2080.0636104422733,2549.6132217520562,1122.7173553942666,0.0,0.0,157.41101191409857,1.9336691956022225,8.5557947610667,99.50279586472908,105.49435519985197,96.78152875071811,117.27107234877163,99.06826475956788,112.1563976565306,95.0663977620397,114.62014960118819,104.73468447824469,114.8246845604371,54.64122965112092
1202,2455.71068042211,2549.888404628608,0.49563828300323526,0.3554769006925834,0.12122395829586836,49,0.0,0.01533878398338686,1.8550094509165151,-0.6708653165089766,2455.71068042211,2549.888404628608,1019.5032877153521,0.0,0.0,157.2544106226247,1.9337582024583317,12.366004371950549,99.88484667896887,97.52059379974936,93.3012169709513,92.35200937468383,96.03534306571618,101.20668854200107,96.20914317294223,89.30524684398378,92.2299221366383,102.47497719906369,46.61729555870308
1203,980.1069867810056,2552.0819357320133,0.21557641438257277,0.42197321764717055,0.33483940666390083,49,0.0,0.009908907492188796,1.53766826360595,-0.46715662730913016,980.1069867810056,2552.0819357320133,982.5843923704917,0.0,0.0,157.86957494256072,1.9346898438243803,14.298916635788743,101.83609464211028,85.82161843208763,113.30129749036408,92.5955803592033,82.3276094419308,70.11881286831967,64.9710055847081,98.560820773556,102.03722139089679,101.86785173073501,54.84756302079141
1204,746.9459784596079,2562.668137514843,0.4918097995200823,-0.3746110011421771,-0.031127861906595097,49,0.0,0.024660442778778706,2.498518362669336,-0.9942063640109132,746.9459784596079,2562.668137514843,1579.8363514651126,0.0,0.0,157.96677636519215,1.9390828760723777,11.872677851185673,152.30763470657223,158.26862370128407,143.7323639803813,141.69431096484678,149.6381472555322,172.19805946400172,127.22113913583327,155.0025698571451,141.57343080867707,159.21138821474432,67.11600552490907
1205,1200.8384373083636,2563.446574477465,0.5869997986870542,0.18388503075466642,0.41333727585727204,49,0.0,0.1888735763580696,26.244567613629954,-3.54759855510928,1200.8384373083636,2563.446574477465,3828.5968174218415,0.0,0.0,157.7775549066185,1.9394363828248695,54.9736904904586,340.7643199800579,371.7820102755561,339.6327154046395,404.75841397081285,374.90449350914207,354.4768579301395,321.10541383245703,368.00617077183813,350.9619589591962,364.2244710899145,183.00630120762816
1206,1147.430814190662,2565.4467887202495,0.5961442625914348,0.0796189870164684,0.24511985119027668,49,0.0,0.0703367874674071,8.535139886180975,-2.3280266083833676,1147.430814190662,2565.4467887202495,2157.051167375817,0.0,0.0,157.79982015117193,1.9402674236227053,14.716450956646243,195.50561024068801,223.05351925727237,203.59656895668496,185.43259176134592,209.6154735220505,192.7634722249836,185.84208806751778,223.94246235929478,195.86042460579748,214.18473102617946,112.53777439735558
1207,1375.5662499401662,2565.6828573683883,0.7454264557765095,-0.2778232650734959,0.14049636796850168,49,0.0,0.041696914462759034,4.674527750601139,-1.6743443558461273,1375.5662499401662,2565.6828573683883,1333.2718300297774,0.0,0.0,157.70471213531764,1.940373718943309,16.09768552163954,118.71001672633489,135.7602786450246,114.12704457222979,138.36080138159068,136.10633554512265,120.84037310543464,122.1599065057914,107.19110489687603,131.11839592969062,131.8869710502929,60.91291614974986
1208,1900.549339275207,2567.045065428578,0.27068227419171825,-0.8125589097463072,0.3356187014898918,49,0.0,0.007177388148901186,1.0152656760251189,-0.016449259647117173,1900.549339275207,2567.045065428578,842.1137395384771,0.0,0.0,157.48584932341697,1.940939252303607,7.838688427650765,78.36904304756304,85.33614323204199,81.23014526175956,78.5076095194431,81.90854216283992,87.8105208435237,63.99741566681185,83.67127211901389,85.69569472319805,77.10482204037994,30.643842494251412
1209,2245.613679313938,2566.879025805702,0.7420646115400996,0.33039503624747973,0.41703036175411645,49,0.0,0.03638733263633179,3.8693233444794046,-1.46908755889573,2245.613679313938,2566.879025805702,1349.352984983308,0.0,0.0,157.34199531715205,1.9408533293521868,17.233338712665027,117.59956119315515,155.32480663717735,126.68682266429394,115.87505334292268,157.73613854016406,147.80689970282572,115.32741356385273,111.00436827042265,108.15549479980629,127.39947992756076,49.20360762846166
1210,1401.2392553135817,2573.0203297276216,0.3294949348147643,0.2608782532687685,0.7659131115525007,49,0.0,0.014107620218186684,1.9295954589100492,-0.7136656709928203,1401.2392553135817,2573.0203297276216,1080.4829526472092,0.0,0.0,157.6940093207743,1.9434314030696787,16.312224875340732,97.04893090982296,94.2529570342618,113.19692283952676,96.88021498091732,89.70435604333417,93.07654232134291,95.12799703006823,110.96372003655799,105.22340689500268,124.56612463114453,44.12955504988896
1211,1597.8881725189526,2576.247881732709,0.6235739082049763,-0.4267687864711049,0.08028292833066686,49,0.0,0.012162841138603043,1.348875210642993,-0.324929433416279,1597.8881725189526,2576.247881732709,918.9693058319106,0.0,0.0,157.61202722341164,1.9447781896468046,13.9462291053738,84.83804101818228,100.54066883388494,96.26165532772374,75.9200757956619,78.71905656509327,92.32034113375329,82.44955449283117,66.66858272692329,89.91051892956776,95.30575534549205,42.08882655742303
1212,1073.024783927529,2583.545827684924,0.2957058860071939,-0.23565589813598714,0.5933662111309129,49,0.0,0.013189159185067658,2.057154522254759,-0.7831672868961561,1073.024783927529,2583.545827684924,1028.3836065271894,0.0,0.0,157.83084006705798,1.9478045116424516,8.542697953178397,96.68609726333875,88.09093454099346,106.57419651281575,85.20274016778622,84.97734048321684,114.29265268999768,96.6522922361628,99.55054269272844,107.164353286294,89.25440772992064,51.39535097075634
1213,1722.3150230016333,2583.9355982092134,0.3785733517069025,0.5321202363762539,0.277518631053083,49,0.0,0.011222287129485574,1.3539515945417262,-0.3290078451431181,1722.3150230016333,2583.9355982092134,905.5880618664353,0.0,0.0,157.56015406562904,1.947980478046741,8.589328230848915,93.46262038942353,83.65483530548411,78.52061867840129,82.88804516534447,92.00637577029934,71.57104709866849,92.63007210699664,104.53845121526996,91.62389012811273,72.03306555466511,34.06971222292076
1214,1233.5858470634566,2587.9208551021798,0.3424599076097029,-0.34229727065871673,0.373715104964574,49,0.0,0.0119128887971962,1.81830453144914,-0.6491665526220479,1233.5858470634566,2587.9208551021798,933.3272986303207,0.0,0.0,157.76390350393743,1.9496347383705501,7.201796533258497,107.73865637079305,75.39385532765684,93.78679800672847,76.41288523579865,94.4608764487666,80.55064253540407,96.77781603210155,83.84910081869536,99.31644819055103,82.3363792187907,35.50204391177583
1215,2514.1384641035515,2590.267434296387,0.5109982624168028,-0.16649639676072675,0.36318697410818873,49,0.0,0.02144131601351356,2.4481884123612945,-0.9721120950605182,2514.1384641035515,2590.267434296387,1251.5314736887408,0.0,2.096895725747551,157.23005042575195,1.950576303898891,14.18752049972705,112.56542898270152,125.26055767841555,105.05528565569045,127.46537089520564,135.82788680119737,106.20516611001305,115.00809865766917,113.3259173523133,119.43796538054805,118.16919912835058,59.023076546909095
1216,1825.6807005649946,2591.915830036171,0.4350987386344389,-0.515221335998084,-0.16104900875236502,49,0.0,0.01124163417897648,1.153593008235393,-0.15513153796423956,1825.6807005649946,2591.915830036171,993.0136002098255,0.0,0.0,157.51706115574984,1.951303550609436,8.247631250342078,114.30435812040342,99.0559846147717,87.32354132786628,117.51663732791968,73.70269163852932,107.0197626552012,88.62568746777703,96.57122572115068,81.47986866155674,78.8901744244314,40.276036999875956
1217,1909.1198769155824,2592.100689566692,0.5344886095872095,0.3420159001592185,0.03794837523703399,49,0.0,0.029669790301006794,3.7442017705900335,-1.4333981107773077,1909.1198769155824,2592.100689566692,1260.069477662686,0.0,0.0,157.4822756921853,1.951378272317977,14.689078454772572,109.69700561440449,113.94533952828434,126.60926009210723,127.08775430052353,123.37800504822822,107.74093255794247,117.84723967200745,119.82898168873567,111.0825466715583,126.65184171767943,61.5114923164424
1218,770.0610884826214,2593.39834011782,0.6564431901583574,0.25013129054484695,0.5892864267914752,49,0.0,0.048053895987062466,5.445401333911905,-1.8400747334986347,770.0610884826214,2593.39834011782,1863.47896802199,0.0,0.0,157.9571422263442,1.9518882429232227,19.817958359102917,163.59138054234722,189.90563715343052,156.6108267182774,171.01475843865165,171.0845515823119,178.3982263260263,160.03049351963335,199.76229732266495,161.2713576536006,196.58907052140736,95.40240988453579
1219,1125.8067729486584,2593.9119040529445,0.7956449823098573,-0.24472354135923685,0.018185643633327867,49,0.0,0.01190885208733186,1.0825354476906854,-0.08610531564527979,1125.8067729486584,2593.9119040529445,844.9717134805842,0.0,0.0,157.8088361127025,1.952126186610651,11.587652562045735,78.87878826907286,76.71818172320624,91.29008094178994,77.43810916617764,65.27765297814298,70.98867014555313,70.94729330228712,82.12951381926148,93.37533942951018,85.11459598219645,41.22583516134044
1220,760.3917193055777,2594.7031744714286,0.7391204466234065,0.19332469820574014,0.14478602799172968,49,0.0,0.012002412396578486,1.1374630632167593,-0.13984325683585447,760.3917193055777,2594.7031744714286,1105.994234788967,0.0,0.0,157.96117330453953,1.9524310514140415,11.074397111393791,83.07557278728501,118.0238476658565,101.71622051952163,103.49084990373669,109.59240294016033,104.17250939107777,122.22499624543694,106.67279755746644,93.774154379651,108.03322863200266,44.143257655378505
1221,931.4315252567791,2597.334536857734,0.5471411147191547,0.21961782515409908,0.5242395287714877,49,0.0,0.6695283464715726,90.21169341438227,-4.888157088206061,931.4315252567791,2597.334536857734,15517.351389899333,0.0,0.0,157.88986948565687,1.9535407125384587,145.36122162382856,1447.8503980242972,1477.5821483198229,1441.9452618560972,1450.48865873868,1477.6471320629576,1466.3374073654254,1377.3847909361157,1573.1049243706507,1445.0209744096167,1507.36443902006,707.2640331717828
1222,1937.3447306379917,2599.2493286175036,0.5283288635760732,0.41865938452121365,0.8945664499018527,49,0.0,0.011244763924045382,1.1391458348533512,-0.14144831638251118,1937.3447306379917,2599.2493286175036,941.6647022826855,0.0,0.0,157.4705086872335,1.9543557666290274,13.851304555204296,92.65585389232268,95.51611566699191,89.07529579844308,93.37002804031371,78.46116710672361,87.18251434182022,72.63582272711406,95.9012020414897,80.06054832907576,103.3429514190345,39.61189836415194
1223,2038.05746641327,2600.2171979867003,0.859528649965508,0.3108496934136748,-0.09236549424094492,49,0.0,0.012077661877469028,1.0817649502005287,-0.08533226486462585,2038.05746641327,2600.2171979867003,809.986091248183,0.0,0.0,157.4285220313556,1.9547549904012453,13.20389392862186,66.90562556051513,70.35943149547049,68.98975091733625,79.41297659083709,97.07743380057875,77.39501876972749,70.77302196980827,76.97757271928528,78.21507916410948,68.70593774535539,41.97034858653757
1224,769.5787682467719,2602.1875301602295,0.4366483028704972,-0.008782513254272184,0.1522631846664345,49,0.0,0.019970873625494247,2.522259736449482,-1.0044745179424888,769.5787682467719,2602.1875301602295,1521.800655578468,0.0,0.0,157.95734389186669,1.9555501045587307,19.70875596947915,122.03806293029052,154.13530060121985,120.39999353047796,150.83672844681703,146.82961583854518,133.4362267971198,135.74463781479756,151.61297797437112,132.6243722247599,185.03624365209697,69.39773979849292
1225,1661.264863737689,2603.0496530569985,0.7534500422427425,-0.04840463175841653,0.198098494737692,49,0.0,0.01310152371749744,1.302821788096965,-0.2872125324906831,1661.264863737689,2603.0496530569985,897.0558058906427,0.0,0.0,157.58560558374026,1.9559448258370584,9.76562753003902,72.83211711387912,96.75391797890663,70.08575545395175,66.3873476814755,79.43870596600155,87.93283200315223,94.04277205329049,81.21782461840334,79.50418443865433,98.52904834337721,60.565672709511475
1226,598.8825649284026,2604.925404268948,0.53168079808529,-0.6277056371817813,0.45767279401508293,49,0.0,0.009670021287123564,1.0488946905572565,-0.051829717610394635,598.8825649284026,2604.925404268948,881.8475688441224,0.0,849.8156781269397,158.02850392087325,1.956674614682746,12.3211553189026,86.05183458880884,103.04277343242514,82.3071115252174,86.73861952224841,82.5214642067707,73.66579351445769,67.4081779493701,83.50196782595137,78.5746080232233,88.78695555430895,36.927107382437796
1227,1438.4286138732386,2606.559502700378,0.40695452995420683,0.18141211065547727,0.17858185362822235,49,0.0,0.0244642934454988,3.4146173220804186,-1.3333550978467723,1438.4286138732386,2606.559502700378,1272.209020332581,0.0,0.0,157.67850569370964,1.957406016209787,6.995454031344627,131.55891428036904,122.67737328729372,106.50991312830982,124.02238462219063,103.50666992608714,131.8358032905133,112.80517238851579,128.02563047351885,116.83630857699505,122.38106342508792,65.05433290235518
1228,1464.2599332256739,2608.6539006290654,0.3160932322532656,0.7123213921219651,0.8166981068162706,49,0.0,0.02839729066778846,3.764827230473715,-1.439362627587798,1464.2599332256739,2608.6539006290654,2090.0460450926603,0.0,0.0,157.66773668418355,1.9582790337525176,19.77302489439154,165.8131057574396,183.20560680595048,186.07717193047972,221.5311574797858,210.02432417633054,221.14353393144322,190.7231135061745,202.4094270046667,186.32019821062664,212.8107377353682,90.21464366000336
1229,1050.533851373122,2607.0942481286106,0.36942325307781937,0.3642940210749313,0.012530141144517856,49,0.0,0.009088545026326585,1.1160446117645708,-0.11920388761488468,1050.533851373122,2607.0942481286106,914.1336073431091,0.0,0.0,157.84021737768546,1.9576145129468494,8.447718650537992,94.47217659874016,97.84659905294214,83.13986584401266,97.68303973385704,69.35886957506031,85.30454579823075,88.14545567925128,86.85394916072268,78.42440502977183,93.85786617407476,30.599116045907458
1230,1762.0837969181102,2608.660121262,0.34867518065654446,0.6050510128915988,0.7341547060057076,49,0.0,0.010085362908740712,1.230931874225312,-0.22558504405302265,1762.0837969181102,2608.660121262,990.4287216075026,0.0,0.0,157.54357427805994,1.9582812345639864,8.64185918500706,93.25158118444656,117.37152530927824,83.41075094535844,90.91599160448413,79.16543721230116,113.57997311385373,84.49222378978033,84.72327789339535,81.53196457825342,105.24120738192212,48.10292940942203
1231,593.7290377831038,2615.3103124054646,0.7480972007605123,0.21073761247033265,0.5958081751515035,49,0.0,0.009681916243138364,1.084555230765907,-0.08812918319019705,593.7290377831038,2615.3103124054646,702.359201069827,0.0,631.7757494480027,158.0306531559797,1.9610007747908718,10.529159918807778,67.75315848506779,83.29911375735081,74.54945808621564,62.6666854811497,64.68961782975563,54.68578028609647,42.954637148244046,65.65615108647087,65.39570265587702,58.7158489136783,51.46388742111294
1232,2615.2454957816753,2615.9871962869934,0.5466524059897784,-0.8171578437148644,-0.1567745765415255,49,0.0,0.009326233946331315,1.268451342357141,-0.2581845309812944,2615.2454957816753,2615.9871962869934,1231.0929191131727,0.0,648.3215749383387,157.18789911327056,1.9612819505368018,12.674480031488983,146.4837044314346,226.98258036407202,58.676493551887305,122.94343502526482,105.39806211574054,94.30014958295831,123.6251612155588,139.1195919743069,85.26613196920124,78.8044377221388,36.81869112912045
1233,936.2923651812198,2617.7672728500715,0.5365350539575644,-0.03472997043546738,0.5952273780835923,49,0.0,3.050448606360264,415.4809362168052,-6.546377753899693,936.2923651812198,2617.7672728500715,76230.4572162028,0.0,0.0,157.887844163867,1.9620541314393172,848.5107421674174,7256.350553197723,7506.537835199697,7184.838585920188,7174.193862160328,6995.5149294204775,7377.845707389713,6839.859377116307,7324.550877737655,7089.774017462834,7271.695989572654,3360.784738857821
1234,2397.4139571098267,2617.5410894333827,0.5294766807748762,-0.04633878827340245,0.504733210613306,49,0.0,0.3377464657359939,46.43503296272305,-4.167114395439302,2397.4139571098267,2617.5410894333827,8500.21596449818,0.0,0.0,157.2787089180131,1.9619498321742213,96.53823945926393,786.9277374774676,870.0773958232671,785.5352653020639,803.3722776783645,774.4211099939437,796.0236032090818,760.2018989721577,837.1056890990016,787.3137435616675,826.3752752122714,376.32372870963064
1235,2612.316783966926,2626.626319701424,0.5666133702901203,-0.7719643665686983,0.2776055312272518,49,0.0,0.010836389210734385,1.2777905467382873,-0.266149177101462,2612.316783966926,2626.626319701424,1379.468483347906,0.0,607.6555312171305,157.18911914899135,1.9657148621696294,10.949348289494509,187.53686831186525,161.59801791186874,90.33699650327245,76.24237437004258,89.45604438834773,94.09707855466638,201.54463340672163,183.11924457483315,184.47165785847494,54.73235121369865,45.38386796461991
1236,2110.5960531410537,2631.0881303005635,0.7439892225600953,-0.3178707987963428,-0.1492078052858578,49,0.0,0.012153009591481594,1.253845131389992,-0.24560974487251866,2110.5960531410537,2631.0881303005635,840.6305575973029,0.0,0.0,157.39827989852557,1.9676135349825346,16.053568306674606,67.0346300020776,78.79527268500317,80.68821144279038,89.50302834243729,53.443049695471764,77.89350904375455,86.50147138941668,72.49360667624,87.10566811948644,85.86516943413949,45.253372459810905
1237,2608.3474982371054,2629.216197397857,0.7168892692848111,0.43510339992418506,0.8658781622269408,49,0.0,0.009432698372053662,1.018677142146607,-0.020091403093502307,2608.3474982371054,2629.216197397857,1204.9761299001225,0.0,573.0208243162513,157.19077364397128,1.9667943054482264,10.288846730761287,191.70199525435942,133.67685425326417,56.051240265279446,66.92069572746738,79.95919213971764,100.59864246216713,137.46340625382228,164.525163223656,178.02146410688954,51.791448751270806,33.97718073146746
1238,2657.7703872233715,2632.775273778768,0.3674662246590452,-0.10773373184594413,0.2571433153037659,49,0.0,0.01512960540667656,3.4643665724216763,-1.3490595986324552,2657.7703872233715,2632.775273778768,991.577156026282,0.0,136.91508639222823,157.1701700675959,1.9682718172858613,0.0,49.53579677895167,117.1283135615544,85.11619805333336,128.67478547311654,186.65279458349744,52.32581678075281,50.7945218693627,15.726886769209763,122.3019595995616,119.88364617350294,63.436436383438625
1239,2635.628848430425,2635.831295185761,0.571356621254797,-0.48176900898879355,-0.3313794380318385,49,0.0,0.037712680667316804,6.572486852828536,-2.044324315112707,2635.628848430425,2635.831295185761,2105.2570192397006,0.0,320.5656552857678,157.17940010284127,1.9695474633873535,37.9047858190426,126.25816161264581,534.9617201127289,410.3020470985476,38.80597438737524,146.08564029728421,296.67992666608274,196.29809647232867,55.424802846104626,109.901065859886,94.13673441294779,58.49806365472662
1240,1775.4464658278257,2639.6554141792617,0.3922537860338993,0.05836887983092658,0.08920899507230236,49,0.0,0.018267882862172374,2.2792472612582335,-0.8944786040600976,1775.4464658278257,2639.6554141792617,1299.1706460259088,0.0,0.0,157.5380029622307,1.9711949808434621,15.4480612118493,126.24944483881785,122.8320345924019,115.63136184595271,122.92335909134344,123.283116060749,142.10626745581663,108.80863569298097,121.1191961929313,106.34840156502759,140.32185573879093,54.09891173924743
1241,908.9258524978709,2642.906585882111,0.43168945729175573,0.039181610072154226,0.9481275849301991,49,0.0,0.01012586799820011,1.031773151781539,-0.033960556796241166,908.9258524978709,2642.906585882111,1073.9861442340257,0.0,0.0,157.8992543926241,1.97252619959652,13.89930316340255,114.70195419404448,103.47042912090858,107.87749287032494,93.60148067360885,90.64627256912529,112.29342342509898,91.41621389742673,107.7934181893049,93.87505145281071,98.82488358555094,45.58622109241868
1242,971.4938270685374,2644.348532445084,0.37293128829608746,0.08920787169898863,-0.023600909065697825,49,0.0,0.012184899772641346,1.5520982701916386,-0.47729803723271635,971.4938270685374,2644.348532445084,1091.8133992037665,0.0,0.0,157.87317037168958,1.9731312808141028,13.425275353925528,101.5256494343669,104.15371653705225,106.34156546605433,108.5166856365083,93.95006685723177,103.05299816314363,94.61601071200943,97.72795431926419,92.98131903891147,117.75460233130381,57.767555353994766
1243,2201.9248531124363,2644.996264651772,0.8377767637853758,0.11973171286728806,0.0357409615431703,49,0.0,0.02042373438887541,1.883027754428765,-0.6871418031038369,2201.9248531124363,2644.996264651772,974.7644712576288,0.0,0.0,157.36020479388347,1.9734029222945908,7.627353467378413,120.5574026771154,96.18744051936869,86.6450667250648,96.70748293352463,90.88336790759624,69.32073507621074,95.26599682026682,89.62731850936308,88.17874263928383,90.92104350590336,42.84252047655282
1244,2600.183684917451,2645.4967085911453,0.7924703145083943,0.39504973604834653,0.08763364307752343,49,0.0,0.014145018506947696,1.6063369026998322,-0.5145915915204536,2600.183684917451,2645.4967085911453,1156.1697061699501,0.0,495.4363464920015,157.1941756360396,1.9735781393507073,6.719051334267476,113.6442384847747,177.3339091885336,87.72720559752749,77.61277075328375,102.10829315016092,105.28027796874359,222.24065169818812,106.2562370908977,37.903446125061635,70.07949667858533,49.264128099925884
1245,935.72544691555,2650.4260280641765,0.5670559093163935,-0.48157392022535656,-0.5134343530217488,49,0.0,0.015235091901780734,1.2029115076803885,-0.20058419898202964,935.72544691555,2650.4260280641765,1453.8908686104357,0.0,0.0,157.8880822742674,1.9756609790730846,8.539916618578143,139.77183387401712,139.53061076997037,143.8185978034188,143.9273403211296,120.5262250473679,155.18834264399518,117.03006417650661,128.82628773186042,134.5057634132057,160.48265101537032,61.743235195015515
1246,1391.5442245709157,2651.744395292191,0.26121080955778264,-0.09825825256300541,-0.4188921468797836,49,0.0,0.012183785588845872,1.6219313962282653,-0.5250812016459112,1391.5442245709157,2651.744395292191,1079.0850960102314,0.0,0.0,157.69805247135878,1.9762310787279773,13.302425620973398,123.64281682597077,99.56510855163499,95.84361631213595,92.96739581249415,107.65494072306498,99.083280475371,90.94007387046321,93.44406872079522,98.79811987413707,110.29794689423287,53.5453023289577
1247,1527.0577361366015,2656.3943073673436,0.41595526731278887,0.6282711871174652,-0.4363276612751409,49,0.0,0.014135423602325729,1.6788957088106062,-0.5625592976786321,1527.0577361366015,2656.3943073673436,1147.2458708944614,0.0,0.0,157.64155664736583,1.978170428552493,13.530135835055123,108.0649240663914,101.21734723236443,99.20804464753908,109.17848102332042,104.10886687032065,102.28809704683395,121.59336336189253,125.99752859834592,106.6735797038634,104.31438507625259,51.07111743228175
1248,1752.3627116327798,2656.278032080519,0.9119711105124211,0.34277245023528624,0.425751734531815,49,0.0,0.014034973321460887,1.2224044538968675,-0.2180373090249396,1752.3627116327798,2656.278032080519,880.8413597190707,0.0,0.0,157.54762639417385,1.9781210588898157,7.548289603503667,78.07917993498494,86.52967330050002,82.98535586836213,92.70073905604352,79.73558414191832,81.74546711605666,79.39396772324679,96.00423033202023,74.77440717454309,84.81538703709313,36.52907843079825
1249,1580.6740553249151,2657.864408117483,0.5368360122214447,0.140371511984338,0.40627377498650696,49,0.0,3.4963898030138014,516.3049532796393,-6.782265728905563,1580.6740553249151,2657.864408117483,64807.956981818126,0.0,0.0,157.61920385705582,1.9787831960241486,691.7505487710775,6040.076445923908,6309.54846759654,6102.05272988009,6169.558138065922,5975.697046668429,6218.285541128751,5866.964091959582,6190.696725240187,6063.075543707131,6277.153974489338,2903.0977283871716
1250,1807.917749432826,2658.230750664045,0.47574494517703936,0.09264856065312724,0.4726475222474275,49,0.0,0.10699432736572127,17.665877576912056,-3.1178380412151165,1807.917749432826,2658.230750664045,2515.174922525761,0.0,0.0,157.52446534877677,1.9789335982785554,36.314125581568824,222.92976320280545,269.52862998918596,237.79664563222929,245.42375773205418,221.86011660558427,234.09447674388986,206.45893268179034,236.8827720537633,235.48023045456642,250.32513987382578,118.08033197449771
1251,1546.4672545628473,2666.3694374344436,0.6094093247024506,0.04325262718499602,0.12893379349247316,49,0.0,0.5840904059623817,75.50013609711601,-4.694869336231024,1546.4672545628473,2666.3694374344436,41040.11910812662,0.0,0.0,157.6334648097272,1.9823266145189247,407.9077334286645,3887.286743077193,3999.6129418015917,3899.211968833938,3798.253128091163,3855.4020053114627,4050.568811616411,3682.1715716400377,3924.5694821750644,3743.0671160725888,3982.0900032292684,1809.9776028492456
1252,1551.3018192483119,2667.9496683407638,0.6029849174028035,0.1371946788708486,0.3458552998709705,49,0.0,2.0091260515462226,276.31912566469487,-6.103527365052532,1551.3018192483119,2667.9496683407638,42035.23353876192,0.0,0.0,157.63144926868594,1.9829850305746435,423.72217378557184,4002.9328486299773,4075.7359509655103,3998.210679739461,3909.528026707842,3939.7401691962186,4128.365859271323,3759.6913695612407,4042.8381827293106,3829.2172723657595,4076.687197921268,1848.5638078884408
1253,1718.7600762810114,2672.428249470871,0.6403144020461856,0.26920142075217957,0.6018823754505171,49,0.0,0.012043227062508021,1.0678478657498602,-0.07127345998127364,1718.7600762810114,2672.428249470871,990.4061087974471,0.0,0.0,157.5616352587125,1.9848503858244078,10.02529225734143,94.61527344139964,109.87439092259025,76.13910934045487,97.17949310515067,93.8774851897101,104.88784102596631,85.16718136014109,82.54029800115147,83.91660053491488,97.548647677189,54.634495941437415
1254,1474.437245914081,2671.5240116885016,0.9092597851918329,0.3711400194044859,0.12273774613569466,49,0.0,0.014098643385559053,1.0457270967747396,-0.04854590389840885,1474.437245914081,2671.5240116885016,1060.5956150991517,0.0,0.0,157.66349442247449,1.9844735430255132,9.053266181115262,89.58346799422341,84.5917137137819,112.73714047236814,104.85405403818828,105.99805062362267,108.61674399936354,106.113767031107,95.72089417674282,93.95401949728878,104.15451461428538,45.21798275706453
1255,1098.9182529078753,2673.051039973509,0.2656801406615541,-0.5171624363407471,0.3605875360049383,49,0.0,0.008108759444885592,1.0556017174046497,-0.05875022030323364,1098.9182529078753,2673.051039973509,1047.8613644106547,0.0,0.0,157.8200489670395,1.9850973900323734,12.990149865639372,102.70573704577077,100.46848156749303,90.59316917305566,98.20556236317819,91.38917098024301,109.36271794551209,97.22488045121969,97.7872647664455,103.81571555551838,94.23535802089154,49.08315667568735
1256,1256.9634890288721,2674.620295617197,0.5289643996214978,0.5304682788246724,0.5299420758892731,49,0.0,0.013149253305934359,1.613561969968494,-0.5194641236038281,1256.9634890288721,2674.620295617197,910.7429997553705,0.0,0.0,157.7541599195263,1.9857582180467817,7.562410591758697,81.48771146442854,74.76426301439268,89.68368035202826,92.59316567121641,81.33794761002503,105.81082798905081,83.57078812435273,85.31429646803562,86.01715598908638,91.1761871105089,31.42456537048642
1257,2251.1369256624566,2675.200789070849,0.558157375421499,0.16683311549901428,0.687854137205435,49,0.0,0.010213273123418652,1.0519447070564418,-0.05498228193173343,2251.1369256624566,2675.200789070849,960.9977684226791,0.0,0.0,157.33968701259036,1.9859840363060715,10.883670794837878,87.47301129118219,90.98779476210419,85.09143535916283,103.90578221422773,85.6442175846224,92.8058141106869,84.59850195836916,81.76045748048675,99.71827041217284,95.40959902871052,42.71921342611573
1258,1089.0949438389525,2678.532481654894,0.3771885394374945,0.14728986591152227,0.5896969273765318,49,0.0,0.03969765783362201,6.511946760762417,-2.0342771031666143,1089.0949438389525,2678.532481654894,1672.0060367967426,0.0,0.0,157.82414451842033,1.9873806461114878,17.70700568514036,155.46067380105984,158.04582932780266,160.1544077152801,169.83779075626347,159.30310035703081,151.7901134967028,129.57760610512284,158.01904803416002,181.83951885591955,161.71988231108833,68.55106035117156
1259,2269.7225944629263,2677.94952168626,0.3911451282794255,0.20944815964011929,0.6014449437839157,49,0.0,0.013324919344006437,1.654253057884168,-0.5465048652725997,2269.7225944629263,2677.94952168626,1090.3079506931545,0.0,0.0,157.33193859497052,1.9871279692516195,10.060164290893823,91.71806711641173,118.27149154815004,112.42745267717851,96.72310219149574,104.56049787100937,93.03426112954924,91.63159066222059,104.05773559079864,101.00937216855041,114.86222227810072,51.95199316879569
1260,2575.9177505168777,2678.847721254891,0.34941580253031174,0.013071167362266243,0.3242236686313116,49,0.0,0.006495578350343183,1.193196654148251,-0.19178006720824003,2575.9177505168777,2678.847721254891,1078.5277529279033,0.0,370.45780883245544,157.20428898009047,1.9874757183662186,0.9219373399067043,184.99858033140947,47.236083754422935,121.27467906964468,49.136196152771674,139.1990445876288,96.51857454999958,66.69482722516625,82.98047472638055,134.84699629843539,53.06025397383957,101.66010491829763
1261,1063.6633177371627,2683.7885104208417,0.442071036665356,0.838246991244192,0.5820711545303054,49,0.0,0.010283294169709998,1.1304896329281393,-0.13316646008525343,1063.6633177371627,2683.7885104208417,960.89523902009,0.0,0.0,157.83474715685384,1.9895691047582418,13.555962135883215,89.2851509252809,97.59371084423027,83.685058731169,97.67568889065373,114.36800086256532,82.71753560024052,87.23911123535092,83.39975448837343,80.03784919488935,75.62196531508752,55.71545079636576
1262,2278.534949470439,2683.7093726702255,0.24674012400630313,0.15654633484696345,0.24148613302215394,49,0.0,0.014373809666182341,2.1986201055628176,-0.8553754877826818,2278.534949470439,2683.7093726702255,1267.5813731691119,0.0,0.0,157.3282644539558,1.9895271058167718,14.458347053659907,117.89768563007112,133.787945972142,124.27484425477702,126.62233313408458,114.19757850314868,122.03626726504179,107.59491907635982,116.0191392162651,109.92893472263026,130.70229360496302,50.06108473596851
1263,1471.4460483825512,2684.355516850251,0.5166290981147091,0.45810806990543573,-0.021033842343893012,49,0.0,0.036298765211925266,2.599906246962908,-1.037394218810908,1471.4460483825512,2684.355516850251,2813.936905714019,0.0,0.0,157.66474159866797,1.9898196328782145,32.56915611587995,271.0002765092312,251.83183722900222,274.03595984961754,240.57518638900893,279.03573516183457,279.37832115375477,264.2397838058076,258.60348673346914,257.52321339374834,269.3220011417545,135.82194823090947
1264,1286.2967990683892,2686.9745553683383,0.33154065183990694,0.18362054920794768,0.738663353676472,49,0.0,0.0111430021302559,1.3303089626075857,-0.30988129259201036,1286.2967990683892,2686.9745553683383,1003.6182391029238,0.0,0.0,157.7419311220092,1.9909065085608,8.891263720595232,110.04282892068811,70.80262553858726,96.00344766512968,78.57299875264724,110.78408433672348,99.83990446595547,84.11658069241139,92.54238412944537,115.78002616550626,92.96807728208128,43.27401743315292
1265,1607.1194547857428,2686.4948480349058,0.5685548357576728,0.055975674702073035,0.7008673723006019,49,0.0,0.022144063326097606,2.4652704435419155,-0.9796614223144147,1607.1194547857428,2686.4948480349058,1197.8514868128823,0.0,0.0,157.60817867647478,1.9907118396894705,11.61706670665711,98.85435089887332,109.40332375620889,112.87442348819812,96.1730549460016,127.73738161091066,121.6428502443375,115.1821028983645,111.62146992365294,109.7885113272877,122.53748860703269,60.41946240535718
1266,710.9280077051933,2690.4071858836874,0.43651438872773934,0.13001825068391076,0.5533746199694692,49,0.0,0.06062328897905041,8.265041255332262,-2.2931125642842236,710.9280077051933,2690.4071858836874,2462.939116640672,0.0,2276.0125197561774,157.98180073332023,1.9923001781931022,28.086471819768732,235.79160988502548,211.3693201115335,225.49268471952664,234.21011752928666,225.806923456049,247.66046703036196,250.11930807031302,232.51341931295372,230.04015411829715,231.63985797257254,110.20878261498366
1267,1136.4328040079529,2690.6570895783466,0.4973930874872856,0.03400909957698885,0.5667832971291653,49,0.0,0.5363124456472677,77.33931435708972,-4.721000793914235,1136.4328040079529,2690.6570895783466,12959.124651449685,0.0,0.0,157.8044098518571,1.992434650760364,122.31792955625441,1205.0638810998394,1231.656764083076,1237.052788075393,1235.6403205276904,1128.3464084916181,1297.8673912393617,1157.5992100631026,1275.091795747223,1226.949940342905,1286.6651034758775,554.873118747345
1268,1920.1532693610525,2692.6708474547986,0.411613658635994,0.030244818315386227,0.5718055703998192,49,0.0,0.015214371768618102,2.1997600900857672,-0.8559382961085149,1920.1532693610525,2692.6708474547986,1031.0223658477812,0.0,0.0,157.47767330358747,1.9932796263199986,10.891473231276901,99.58831966514171,106.47886855311668,92.30047085424401,82.80208984888972,86.13508052511052,111.16709613527377,70.21898369432826,112.8004209015343,91.81746974806845,110.66765640986307,56.15443628093385
1269,2519.397481693639,2695.216806550861,0.530511553069149,0.4150665015534282,-0.23111707230044481,49,0.0,0.00970456654283449,1.2663751565346244,-0.2564059551139643,2519.397481693639,2695.216806550861,865.513882311064,0.0,630.9917990092983,157.22785019950817,1.9943012208488538,6.733911935703041,83.87623929862676,92.88000554051354,56.6504076320743,75.84448959231062,116.91009239819375,105.06527974333974,56.997420182656725,75.55375804841282,87.33837731059326,69.66799712297019,37.995903505669204
1270,2092.6795108195683,2695.6641291035917,0.6546667471436939,0.1608141560031841,0.5734791000493307,49,0.0,0.022320089478611936,2.209439929736488,-0.8607054961458603,2092.6795108195683,2695.6641291035917,1160.5752503960705,0.0,0.0,157.40574663148396,1.994519355383716,9.736403401576467,96.07787706034863,119.41866334564052,106.15969629221624,113.58027998883384,130.04935857789144,113.81385113299153,106.34275435846891,102.95865068036137,96.22112774640408,114.15908449592683,52.05750331541063
1271,1518.0000005269542,2695.9780773696975,0.7895021762259311,0.07521767741119309,0.5538157827229551,49,0.0,0.028053634094552037,2.7435894744158764,-1.095797820125082,1518.0000005269542,2695.9780773696975,1161.7215903019319,0.0,0.0,157.64533310774414,1.9946625798479845,14.936323274563438,116.02010708785059,104.77855697932395,104.834095686209,104.65682409206289,111.68135831219719,113.67639882221532,82.71824555651287,133.23409986938393,98.6292510551525,112.54263381393467,64.01369575252545
1272,1943.918715485321,2697.0016710092523,0.5353778067562489,0.20090783297843667,0.5074518449753344,49,0.0,0.11353578208285947,16.413178616979735,-3.037981739368641,1943.918715485321,2697.0016710092523,2712.8114270679,0.0,0.0,157.4677652880597,1.9950831853755346,32.365034363253585,271.61585362695837,269.89619147781895,267.47925546948125,229.54762183759823,257.4973453213263,223.1974881058598,217.03097771440798,263.6002639916445,260.11318576739006,282.44026224869157,138.02794714346896
1273,2548.707965277793,2699.2897007351758,0.3941161034818698,-0.07043380430822745,-0.14795135365290643,49,0.0,0.0063408082021115895,1.0365983281115252,-0.03902626011917911,2548.707965277793,2699.2897007351758,1075.4211218832297,0.0,427.74427827575386,157.21563073251164,1.9959952250066328,5.686053696953951,129.7321173988525,109.32681977071883,53.56995657514962,127.66187587232437,91.05368132699097,87.84851811556551,122.59167671513437,112.45674947588371,84.06639293215997,40.5523597744443,110.8749202290517
1274,893.2051637219574,2703.9340573994555,0.4428372179740208,-0.6187305305951504,-0.45238984632784457,49,0.0,0.022710624942513084,1.7515421971304463,-0.6085515113711519,893.2051637219574,2703.9340573994555,2277.9032211722943,0.0,0.0,157.90581172020666,1.997951280439739,24.73728585430572,186.14180997496103,231.1816296647542,215.96342002756973,230.27349833090273,200.3364684556513,205.18560828398,224.75397779804544,250.72966871821194,190.06537502000702,215.72322128277617,102.81125776112876
1275,2290.314282000211,2703.669389447781,0.6654461555246514,-0.03364605850858589,0.29394835132425645,49,0.0,0.018738773472519406,1.7886584875714007,-0.631318569247415,2290.314282000211,2703.669389447781,1180.6829105216857,0.0,0.0,157.32335259104082,1.9978423012672641,8.955209502854938,109.4198209465323,104.86385102657131,102.4768041227721,117.7412530127707,116.5388093153424,90.39199383431847,102.5547288337074,118.32588885459435,132.77244351161772,109.05587202609743,67.58623553450659
1276,619.7832566374909,2707.057176677245,0.7260057873446564,-0.38063188709242296,-0.4367056674843309,49,0.0,0.040511222138819386,6.104864472021714,-1.9641900676283615,619.7832566374909,2707.057176677245,707.0199372804299,1.0,34.09567033845205,158.0197990599602,1.999228072287085,1.8331829510631474,71.25163527960979,170.6889708024977,0.0,93.64864514090253,44.023704740092484,4.258252193629172,62.63797827481041,27.004486088422684,71.10200485422175,143.06884731367884,17.502229641501305
1277,908.1598895972995,2711.2198348071142,0.7729955432987227,-0.5409983195951621,-0.12081854819061283,49,0.0,0.014455878407839011,1.3378030931351805,-0.31598048937564405,908.1598895972995,2711.2198348071142,1113.5495669067686,0.0,0.0,157.8995775671047,2.0009878919327586,11.741579642259216,100.98785446319107,107.54122322609389,108.93039296678973,112.47653715048261,88.06119213172329,120.97920601514815,98.88623424300388,87.61794916269429,102.50322834325851,127.33271149000753,46.49145807211633
1278,1673.8354649562402,2713.3768505371736,0.7612890146721973,0.4989273894295998,0.8134465665285328,49,0.0,0.01209494272120315,1.081915468538087,-0.08548332525914192,1673.8354649562402,2713.3768505371736,886.3432433708292,0.0,0.0,157.58036426144176,2.0019116755781114,8.509519652768835,91.43382228631714,101.13078182318318,63.30075081788043,89.2905394009954,73.92813446611947,80.55526302119402,76.8503077502915,93.82150893748172,76.28611968330122,91.45092135871963,39.78557417257661
1279,1799.6276641899299,2713.3496073726233,0.3475251027405462,0.10747813079917855,0.2596666987750733,49,0.0,0.011109097150300356,1.543748215324768,-0.47144117132707986,1799.6276641899299,2713.3496073726233,966.4216381386206,0.0,0.0,157.52792060873165,2.0018985101000837,13.72389239148183,81.5108501604721,102.26635266698463,91.96584307066796,106.17473779120648,71.75541306391162,80.57238843064937,89.82478569696514,88.03900242988419,95.02113705932626,93.50655430323764,52.06068107383331
1280,2151.4047304307132,2713.3585097356986,0.6898907794410851,-0.1298281641063637,-0.25139035016349937,49,0.0,0.011322329495359515,1.1648090318024091,-0.16563682363536147,2151.4047304307132,2713.3585097356986,872.2649938800203,0.0,0.0,157.38126329224534,2.001888247912403,16.34453092354797,86.57546306776165,97.96410747855364,65.6293805566146,77.18398242636187,84.84912093349018,92.0311196143328,63.93795854162694,78.54131133230236,92.28835526009104,85.45361834021458,31.466045405122742
1281,2523.7243467315066,2716.713580891349,0.21575253483009943,-0.15702118652126282,-0.14979575627836286,49,0.0,0.006758055671750917,1.8291881822543397,-0.6556459672320469,2523.7243467315066,2716.713580891349,1022.4499664972764,0.0,410.24620826311946,157.22604476847107,2.00325700888031,2.12235351542256,61.27761886612168,86.51009915182422,161.02608418245768,240.10936145601488,68.21929714725835,93.28554507860893,49.27300316433504,68.8551481388593,49.08171336115153,103.46856359383159,39.22117884139059
1282,931.4491428986881,2720.238776835868,0.6489242647000828,0.46999748471560204,-0.11482470108460877,49,0.0,0.013509922544855467,1.0182758300673316,-0.019663588543576777,931.4491428986881,2720.238776835868,1269.0442846334154,0.0,0.0,157.8898688369527,2.0047471709017093,17.190443313998095,108.23612366146372,114.82728691315802,108.11870995578745,128.93250103408278,106.24104155778582,111.91522366380337,129.27309440314122,135.9831322233846,115.14206220385704,123.62523236508349,69.55943333786968
1283,1818.0471965431027,2720.4413117787167,0.25453446045008804,0.37443442296414436,0.09230966048051766,49,0.0,0.009071886329083172,1.2543731823637965,-0.2460669013054685,1818.0471965431027,2720.4413117787167,979.3383555840695,0.0,0.0,157.52024126004656,2.0048527820718514,11.83796549473939,108.63115868991974,77.50150865176607,96.80514016545526,77.96411125231288,94.02215607581577,91.73555586005008,86.4769632473411,94.53464105977305,108.97105361501471,83.90030816243042,46.95779330945103
1284,966.8988960561757,2731.2821064700743,0.25961607756988675,0.09880971689150518,0.27638167202928793,49,0.0,0.015679437891810918,2.839813024462104,-1.1332243667394981,966.8988960561757,2731.2821064700743,1126.1893788174664,0.0,0.0,157.87509045183052,2.009350650011224,10.830312977383594,120.39318499840533,108.71984961179919,100.5970550613252,105.69328604075044,123.41035783063566,94.39623941755954,88.79690730060102,117.78182827044832,107.24246453114746,105.66961279390304,42.65827998350748
1285,2017.9094259645135,2732.6238413076717,0.5190120722619898,0.6840149699891159,0.49534674539133444,49,0.0,0.01432939295754817,1.758435698343355,-0.612816229663052,2017.9094259645135,2732.6238413076717,956.5943812971543,0.0,0.0,157.43691713260824,2.0099217424466493,6.718432956955084,90.74906657496828,92.85051575036093,90.27339358470445,87.71492876483805,75.7693487819846,97.66667668167261,85.16579306608838,90.27749702306016,91.85211789490663,113.64994673313743,33.90666348447773
1286,733.6505809151625,2734.681522111797,0.549232276529779,-0.43040783666698895,-0.16571842618732094,49,0.0,0.01346356404263212,2.0451078677752803,-0.7767905487607463,733.6505809151625,2734.681522111797,851.1152923272789,0.0,615.8715220951874,157.97233107721726,2.010748348172575,12.851518970857624,85.75525473331024,77.8389311717501,64.36725791350158,60.715661656297655,99.74685051440244,91.5430021828376,64.99735986162355,84.59610132631659,51.60532664657025,94.98174852399117,62.116278825820075
1287,2334.4185160019333,2737.970359523483,0.7134178459003042,0.21350833825320992,0.6850546905206468,49,0.0,0.01931614590336043,1.732155412916261,-0.5964671382910174,2334.4185160019333,2737.970359523483,1164.82302729511,0.0,80.33066526001497,157.30496368453635,2.012129901552655,11.857872170235007,88.67815566591472,123.22131631776938,96.07230806349177,111.39774094775223,106.35414105710908,123.69016365133108,102.3369411838878,110.95163548376503,114.9868635933529,125.9266316086364,49.34925755186451
1288,1711.7432613280605,2740.0045097885136,0.5556209228535026,0.14423483425052783,0.4507858013306153,49,0.0,0.8635407694963811,125.0822485774196,-5.24298919965533,1711.7432613280605,2740.0045097885136,16049.54309125616,0.0,0.0,157.5645599837257,2.013005415287865,165.46938904721802,1511.9253753433984,1580.801856897664,1527.8480783841542,1488.3369092859348,1471.8631612660383,1552.5675321150889,1463.8648995894662,1547.6409777958102,1508.4670505566705,1527.2252805828678,703.5325803918536
1289,1825.8143123014893,2743.0124226347316,0.5398483163296054,0.20526498653987812,0.5558689337453191,49,0.0,0.011144617960604335,1.2938094613707194,-0.2796758068126701,1825.8143123014893,2743.0124226347316,1338.5411304288216,0.0,0.0,157.5170026812171,2.014256580107969,11.146260739349149,126.42554709233822,132.7355096770046,133.85605889462872,111.80915667906356,124.43847372125953,126.34312923486844,125.93096867456671,140.43553617657574,121.11616621461175,125.97757631163066,58.326747012924635
1290,2466.925053243815,2742.234326800227,0.9470912021185202,0.5911663101560353,-0.0018354883322565022,49,0.0,0.01234601336258913,1.1131631321077193,-0.11639703523630093,2466.925053243815,2742.234326800227,1045.5753948100387,0.0,612.787326300651,157.24972202924332,2.0138951112441212,7.903168954889817,113.50060502111583,72.70948474612013,133.9032967090288,82.84054016771722,133.12920178858073,143.430939596448,80.63732870890402,106.65367733681975,76.6892546532846,64.97577739897301,29.20211972815681
1291,2498.0138730884223,2743.2652786016006,0.5736581914709835,0.040542254432519687,0.8712860337610907,49,0.0,0.013412343203458318,2.1190628125804034,-0.8153595752984109,2498.0138730884223,2743.2652786016006,909.0483046820397,0.0,377.58112223806233,157.23676125325986,2.014321714526692,4.694342153203841,205.96520004883376,67.96978258141613,51.08331650203721,75.56145718141062,65.79365180355308,61.548973098414834,95.02797297031975,98.3953080995627,120.1537085465954,38.94902725709888,23.905564439593526
1292,1821.3289119915762,2747.363739741886,0.7052870973653043,0.24310805193088475,0.4470288789430074,49,0.0,0.03250726541330215,3.7833062136783635,-1.4446787342315934,1821.3289119915762,2747.363739741886,1309.0151884176767,0.0,0.0,157.5188726057895,2.016069607555945,11.30718307561515,127.5319788894083,127.4164757505776,131.2443767638103,121.82580766121407,115.10268710494748,118.73647387344289,131.52651409472287,129.4254095840278,107.03104741278227,128.45063759497782,59.416596612150144
1293,2469.7118552139227,2747.0323951186037,0.6347143663759814,-0.30566991866683374,-0.2048321760804163,49,0.0,0.015265770878253418,2.099376511750426,-0.8052258347977892,2469.7118552139227,2747.0323951186037,1102.7122027288458,0.0,519.6529402665078,157.2485598908332,2.015893870371986,9.905413259708755,107.6032664605863,160.33455568174855,123.98813238116873,127.23484546540924,128.23723982861185,130.99674597101733,55.96464967726268,99.18217695465381,65.61704056028,61.78300296369878,31.86513352469975
1294,2231.9969191152095,2748.3058381756864,0.9256611171560657,0.0673462454707226,0.44455196450467455,49,0.0,0.02201117199568593,1.7163712226125025,-0.586528060903384,2231.9969191152095,2748.3058381756864,1219.0271100385723,0.0,0.0,157.34766263195337,2.0164434513194354,16.613923916092755,135.21801598241856,124.06621457141391,114.75128233389248,94.42948089604793,110.52136303790118,112.69229895352719,102.66270176635766,120.04379655950036,105.0732483601046,137.26448330715684,45.69030035415893
1295,2307.367047355946,2751.2824495162827,0.5539256417656883,-0.11565496262675111,0.4880631584132203,49,0.0,0.01395852927855641,1.464617030074849,-0.4143101991513596,2307.367047355946,2751.2824495162827,1015.3942252533873,0.0,29.925249276107248,157.31624062205756,2.0176782227990975,5.810841237030146,105.33801231652814,94.59374866806999,113.85757239499432,100.03374790505288,74.27552658523301,85.39038931606885,96.7955989081853,101.6679840962352,100.25340049373281,82.21465849935913,55.16274483289753
1296,2478.2255561257825,2752.1998362028294,0.23965653216745594,0.4244236891351466,0.47490116436634494,49,0.0,0.013252368509392804,3.8046967740656727,-1.450800125435609,2478.2255561257825,2752.1998362028294,1101.5186528352244,0.0,409.3755010086633,157.24501021597646,2.0180459835503766,9.62811871653513,72.4385178862717,166.33890854796886,127.2093424459378,223.2247021964428,52.946270002340015,76.92604776713833,81.0431370622568,125.77135566344799,60.29978183853929,68.78085829997016,36.91161240837543
1297,2482.4830148718725,2761.1432361435627,0.2266287192182771,-0.7565353778021425,0.672369316967003,49,0.0,0.006746330283329991,1.5259970397159253,-0.4588842278278135,2482.4830148718725,2761.1432361435627,898.6106781551243,0.0,310.2685059796537,157.243234666562,2.02177166018672,9.663844413719659,46.17814625833294,72.79878282051656,178.9739530281663,156.866718946448,60.23661532678859,45.73372850986566,105.39619223280488,80.58020944921964,58.464161250820396,52.32263894045282,31.3956869779889
1298,769.9921805250723,2767.953428586945,0.3760876268220182,0.15874619534099468,-0.6861312915271139,49,0.0,0.010783076380221216,1.8805497751556655,-0.6857120824834605,769.9921805250723,2767.953428586945,787.5528908049034,3.5321557967491417,530.4737809300775,157.95718275759788,2.024613699311667,7.6478547972998,80.92988283945282,69.95604047878321,74.15260132060105,68.96049695365872,73.60787388927102,44.0797158748331,81.58141173987079,94.25400073243861,75.244653434549,76.55348451442791,40.58487422971734
1299,1945.6459975418568,2773.2439497694704,0.20019534878923198,0.7164016390278044,0.5099109691898942,49,0.0,0.010337630139364727,1.7832780807351651,-0.6280476786227479,1945.6459975418568,2773.2439497694704,1041.6852226967935,0.0,0.0,157.46704303518322,2.0268484751582307,11.313928756670578,95.4049685553895,105.0706726918869,102.89015946769524,93.68879501584792,114.38515294132661,90.11073179998611,91.9792014081361,108.11355476581076,95.997329743561,92.7294860993076,40.001241451175254
1300,2173.8720744139177,2771.8399459951816,0.559407542815037,-0.16305458080752902,0.7145648905122063,49,0.0,0.014669166224592743,1.3362016883761063,-0.31468004044205494,2173.8720744139177,2771.8399459951816,1224.5776412522218,0.0,0.0,157.37189391475897,2.0262522823732487,14.463687992335995,128.86609429152702,110.00670729962535,123.4685410579841,120.78824594666078,99.40713721897853,120.00603235115403,105.27781346494828,117.36519172492773,128.46410781665074,114.69272736248843,41.77135472494088
1301,2418.8859264953903,2786.1134083521874,0.6081566669094819,0.8192257027455019,0.760330295298107,49,0.0,0.010241737031395833,1.1842123825407374,-0.18357399476353203,2418.8859264953903,2786.1134083521874,908.8453731356708,5.651280236199945,496.10547642095406,157.26974633632182,2.0321807399790615,12.60145734116523,84.508909141756,106.62203240873255,70.56699292271708,92.06006280364855,69.36889234278264,105.20259955004568,75.33397164088137,131.4576177317573,78.41531420521139,55.99479288173386,26.71273016523917
1302,1053.2111835710166,2788.3559786116716,0.4998407565265709,-0.3725847768129684,0.4457291582706407,49,0.0,0.01184988939846671,1.0161374118903264,-0.017381103507718737,1053.2111835710166,2788.3559786116716,1114.0646178959778,0.0,0.0,157.83910929703157,2.033134968385644,8.508840808836005,87.94342337800352,116.8268376110965,100.22287528901023,112.24287719388317,85.92675007892714,130.61503750422082,107.00827540553638,105.70882740516134,113.36677618988469,103.36299898967562,42.331098041742344
1303,1093.4834442229464,2793.377692344415,0.43835299103088754,-0.08130992954203567,0.760311871152382,49,0.0,0.022774881667077508,2.7709933312229604,-1.1065887014850322,1093.4834442229464,2793.377692344415,1567.4463973000188,0.0,0.0,157.82231969907153,2.035229461507598,15.940971334194188,149.68570493595902,149.42941492957073,164.70604197298067,152.01977347411957,129.83027181717188,141.28633064247555,137.5295019057175,148.0383731192553,149.13868421760313,157.6944524710679,72.14687647990328
1304,2218.9528489105055,2794.744545827966,0.6739516223806786,-0.40752674121059984,0.5552576068648504,49,0.0,0.013903179103304646,1.3702181579597665,-0.34197429609422647,2218.9528489105055,2794.744545827966,1061.0592208481985,0.0,10.7085162964847,157.35309838820183,2.0357921833504804,5.776950366751969,101.62219251077953,86.41680319944206,83.76004245955323,100.6759463241165,91.79633525629222,105.48625944001408,118.95650894780627,116.92159154301609,81.59030420656106,112.56226899030372,55.494017603561915
1305,896.333272646309,2802.8816217338494,0.8028605257295237,-0.44045680834374246,0.016725964048137656,49,0.0,0.022361473125260923,1.715998191691724,-0.5862920646402252,896.333272646309,2802.8816217338494,1580.8674038970582,0.0,1243.6113317358559,157.90451329884658,2.039176225061324,6.93676381961723,116.4662020412965,185.46558340118202,153.8684664681859,163.56237270998017,149.93698207138908,157.33265492118315,140.8893324959613,150.152794199298,133.22373097898904,152.14665549718902,70.88586529278702
1306,2377.299837414533,2807.9778960698154,0.659039592761366,-0.8939463235899335,0.1256723647925231,49,0.0,0.01473763287571417,1.7951139369245928,-0.6352300467806515,2377.299837414533,2807.9778960698154,1014.2847316389399,0.0,556.1418009629589,157.28708216691481,2.041293673826392,7.476737737615343,136.3596251356566,71.8706239090253,99.03520185630124,63.363885154092,105.98684418615336,96.04047398130831,80.80733337023531,103.22864089445788,79.76140116750378,136.2783389498036,34.07562529678712
1307,2294.6571752138234,2810.198246567671,0.7697251058105125,0.5891781393111937,0.07114022128244656,49,0.0,0.017428639344674306,1.1367814788515938,-0.13919247295547188,2294.6571752138234,2810.198246567671,2106.393300933372,0.0,1623.8374843197828,157.32153603397566,2.0422253003415767,22.306431879863617,270.2552343815488,199.88395240629438,196.9950666894626,216.7514197841738,222.78047466996986,212.5719297638314,170.0953013043394,143.79414453773418,191.1969633751708,170.3455931480314,89.41678899295147
1308,834.8644664112455,2814.3518498765957,0.2555752689668727,0.7343037343241193,0.5448988424636665,49,0.0,0.007497703584008273,1.6875615998581839,-0.568149086335769,834.8644664112455,2814.3518498765957,781.9977298171023,0.0,537.2168410985388,157.9301405336759,2.043950170665843,5.501369282855064,81.71499185273399,86.11499953680685,103.78556279297648,74.26390198859764,59.90516939102168,58.43623897782494,72.3222693497997,62.98805483136626,70.4841574183683,83.58067633344673,22.90033806130468
1309,2130.0733124366325,2815.1754696981625,0.6049391788585913,0.21009412399642585,0.8527055949189186,49,0.0,0.0893160022783729,10.748760490852113,-2.578395964577869,2130.0733124366325,2815.1754696981625,2807.227645198062,0.0,0.0,157.3901519915574,2.044309846602162,18.807390252026497,261.9129213739287,255.75911825071938,325.96858169013683,264.8079031587435,261.5373258728832,262.0267439239296,233.52994493216497,283.9744188026836,251.1763449267558,258.28162679849703,129.44532521559265
1310,2350.623831147501,2815.1977297409817,0.26539766390673963,-0.16250549840207118,-0.2238263545552654,49,0.0,0.006674465674540606,1.0046970932781496,-0.005087864474626554,2350.623831147501,2815.1977297409817,925.4011068219627,0.0,635.026971562469,157.29820301458975,2.0443038590404248,10.248644933595596,92.16813571710823,114.32961169528582,102.10277359295029,89.87418335171506,74.74247409742058,69.5972446864898,86.84389371692586,72.54347395409546,75.34538654935588,85.44186680619447,52.16341772082552
1311,802.1414180485123,2815.6715205998557,0.5545707338272355,-0.11690350102187368,0.9460256923584346,49,0.0,0.03430543006335225,4.25921634197747,-1.57332425030223,802.1414180485123,2815.6715205998557,2063.125166952114,0.0,1027.7768579935932,157.94378293027907,2.0444972143797204,36.05568704007719,169.16760123925087,173.91826878713016,198.77633260107118,147.90608345817475,209.41853712666702,155.51048916417375,221.5485960871975,254.41981086264911,174.06039217355124,191.64211037143914,130.70125804073206
1312,1529.8235462136215,2817.876881092966,0.8508378983431681,0.4023445292736198,0.4285763782114333,49,0.0,0.012419838916814082,1.013873518417039,-0.014959449426976995,1529.8235462136215,2817.876881092966,963.4793149637226,0.0,0.0,157.64040450302357,2.045450241666346,8.080519332005164,93.61283880485324,79.71481005653615,73.82002514315974,87.38352069997981,94.54022670305375,101.26157923287175,93.40589702573459,114.50194024228449,87.28442125694275,84.24697422613659,45.62656224016446
1313,2302.3536997557158,2819.8286948601317,0.5281359836675446,-0.1122865203770815,0.2546370219669456,49,0.0,0.016491791634377282,1.4478066383978125,-0.40177640899625033,2302.3536997557158,2819.8286948601317,2362.6722070646306,0.0,1994.1098799518927,157.31832676701498,2.0462370414395386,33.55132758088136,267.1345640162715,274.3390615381986,218.18510089298775,232.9085114455583,220.39745053902328,229.54798164792098,200.48972359434993,208.14362196012678,174.11095367992442,181.85637794134706,122.00753222804084
1314,1472.4981845977716,2820.8344503471844,0.5385076459256861,0.19733316893069167,0.6524916954064159,49,0.0,0.0484738858527812,6.399163109746028,-2.0153079503562483,1472.4981845977716,2820.8344503471844,1777.2828382883768,0.0,0.0,157.6643043807052,2.0466818486194622,19.125273596847503,151.57074841625183,169.3814454055371,173.67022353029984,164.38130847332047,166.24183916772654,194.08422460279314,148.70508943152947,182.29499020540948,151.33573294412457,166.12597849190928,90.36598402262727
1315,833.2020171600763,2827.269358998212,0.7837388847181433,0.0810379483489154,0.22192920057523702,49,0.0,0.019331609543197636,2.5201980775254307,-1.0035866898463446,833.2020171600763,2827.269358998212,809.6144082181622,0.0,380.70598196908264,157.9308344204495,2.0493318206766755,7.751677753214009,72.64395723562765,86.10510207950782,61.72903963500727,69.0455765418508,75.7975946290558,68.32490421235633,89.41990908353273,65.76710819088268,108.50239472269685,66.98165292076519,37.54549121366519
1316,1948.565068037737,2828.0673233859648,0.5456837776921051,0.34975978667938556,0.6946674599479544,49,0.0,0.1001951282614393,12.80643757809844,-2.768570842444965,1948.565068037737,2828.0673233859648,3360.2179362198967,0.0,0.0,157.46582449242004,2.0496896255768964,44.019049076975975,330.1263607791416,338.16203071064933,293.1572943124297,300.99663599732605,308.29744354481386,343.9355506120115,309.8509113727877,297.7253181673721,314.96893774102386,350.18374077977813,128.7946631255866
1317,1953.8052105298173,2828.898803819222,0.2509312961487482,-0.13294656185572762,0.8060234381461576,49,0.0,0.012575013894351344,1.532186898219204,-0.46327936088267174,1953.8052105298173,2828.898803819222,3227.2378892377747,0.0,0.0,157.46363977919805,2.050035847723119,43.53174195613457,312.3437790040076,315.0339848695919,272.61661703957895,305.75671347869826,290.27461113119085,322.8527166022432,295.7934403551585,302.1236842126754,301.4679688401558,342.1587049340102,123.2839268143291
1318,1692.196816846481,2831.774650001364,0.4978814969639745,0.37587944726530026,0.516998049997403,49,0.0,0.015396932321453989,1.8785840172672552,-0.6845765577473728,1692.196816846481,2831.774650001364,1030.2406685302722,0.0,0.0,157.57270839521547,2.0512403337348215,9.661530678974767,99.7858958049095,95.8699298543704,93.88532122472944,92.60777123253136,90.53057843674634,103.91150388565023,85.49017143043075,97.47416322526328,110.70739497666864,109.42332076088667,40.89308701911089
1319,2327.577907326677,2835.4433315810265,0.42628024175941803,-0.7927031029408119,-0.8933018179021923,49,0.0,0.01205600707700384,1.501322734055643,-0.4411851525824994,2327.577907326677,2835.4433315810265,1353.1840884255007,0.0,726.506986746806,157.30780974735237,2.0527405801312275,10.442812862323176,141.38782788135222,141.39843255995697,161.59926853600763,153.96803168109625,133.27659680207069,123.32748550197434,115.51943954162617,135.12592626579817,90.74639899967954,103.56138875594289,42.83047903767279
1320,961.3622032869681,2836.4228510272183,0.35861479351385345,0.06877574185493113,0.82870031174682,49,0.0,0.021485049572083893,2.798259673109263,-1.1172200342937901,961.3622032869681,2836.4228510272183,1507.1961816694175,0.0,1066.974144917521,157.87740417131585,2.0531551994229593,15.63498929926818,148.18870786967287,113.1561703038898,139.93673099208996,136.25040211585747,155.19854185771828,136.59715716658954,143.37505155210093,148.81467209071678,155.29779370382238,151.54927629194674,63.19668842574462
1321,2333.593202201304,2837.7968157682867,0.6593511421280819,0.8780719114026637,0.7567923640614864,49,0.0,0.015744594172255055,1.9994063582569253,-0.7522526721558231,2333.593202201304,2837.7968157682867,1183.3145435964207,0.0,601.6033821815408,157.30530179642764,2.05372062845644,8.833514364789648,128.23780931019718,147.32886445163922,159.09211300516492,128.61945250713052,104.11987983354386,122.97800675902731,100.31370211066786,74.20050087199708,92.77565474397767,77.42394878399863,39.3910968542868
1322,2378.9706218418173,2835.8038417523917,0.9966954918289838,0.6782434643570209,0.6090775754983304,49,0.0,0.02021276682004519,2.202908554606735,-0.8574911735918853,2378.9706218418173,2835.8038417523917,648.6481500014918,0.0,340.0263790540418,157.28638384982915,2.0528865770089766,10.816940862274757,53.34022518215116,57.64811073349643,104.89140006670614,64.0169499914895,35.588401647589066,86.25912743142618,46.94543897918076,52.79790265405465,47.44524874967256,62.335087876084195,26.563315827366345
1323,1338.0635826990601,2840.6235377066023,0.8318150585761549,0.2941506413602067,0.5252585993245309,49,0.0,0.026484655849061338,1.9021156136552937,-0.6980922763070657,1338.0635826990601,2840.6235377066023,1786.5191431878543,0.0,0.0,157.7203526531104,2.0549237851239135,14.384954251209827,174.89789535957988,172.09519593754436,150.8928237442896,167.68723705267305,185.19972345430364,148.00976223454455,164.5442894641692,178.8742686286905,192.66425561926962,170.15967046443262,67.10906697714725
1324,1185.2215746569627,2840.6248639454043,0.7631681398724796,-0.253384496441238,0.7694628594643823,49,0.0,0.014914806871723037,1.2813316380016788,-0.2691538741539961,1185.2215746569627,2840.6248639454043,1104.1722503620235,0.0,0.0,157.7840748188486,2.05491870732731,10.3603573925494,106.97415613168982,97.1277576869798,90.48963594587423,106.19086905649235,111.51339184888224,118.89507110411536,117.9259422374102,104.44111646326323,88.1569534214909,106.08762006752636,46.00937900574968
1325,2310.6419743734414,2844.4304153406997,0.7264584725118621,-0.28040032532529957,-0.033702836854608106,49,0.0,0.016475981510465452,1.4115122568378753,-0.37421163421645504,2310.6419743734414,2844.4304153406997,2330.8023525630724,0.0,1787.280769093927,157.31486991997951,2.056486165833522,46.39128865139891,314.40207343969314,247.3414767322098,237.28463174201536,208.2985173757424,272.80644400207274,199.2962036247848,112.71309204693057,205.6524511484542,209.96010112954235,170.71416780797728,105.94190486225108
1326,1446.3908295484139,2847.8202802114242,0.20848308208433033,-0.01319224442608511,0.8946389421127373,49,0.0,0.01662347026737734,2.7003807717172714,-1.0785625172458,1446.3908295484139,2847.8202802114242,1231.4449748825996,0.0,0.0,157.67518928785444,2.057924633388419,14.258259956726398,106.55969565942675,127.01249371679111,107.8165509942533,104.47946910830719,119.03063751198547,131.95258838112917,109.63117816780786,125.92306639872207,99.8536535660628,122.03456607560116,62.89281534578612
1327,1955.5633417677222,2850.0005172315446,0.4708065019610181,0.19052180107572558,0.08388924942968691,49,0.0,0.009593923022071215,1.0379003837687772,-0.04038918133501803,1955.5633417677222,2850.0005172315446,946.2338289257808,0.0,0.0,157.46290617930978,2.0588274177442565,9.996126831228029,92.8618422617005,89.10821687118826,65.02651137314689,100.28818962996326,102.11253686300563,85.01129039321151,76.19104924068847,87.37043497841269,84.45574034770375,110.27044704685036,43.541443088681476
1328,1465.1991039687946,2851.979174963641,0.46368111470376255,0.5014036533970917,0.5061218094128411,49,0.0,0.01450194676887834,2.045515338556544,-0.7770068511473252,1465.1991039687946,2851.979174963641,967.2799136619674,0.0,0.0,157.66734782623854,2.059657658628791,7.550060345432322,75.85617556242379,103.57679007598959,98.62466503175544,102.53120935313423,94.14198562793031,87.01352119114075,81.33869425613999,105.8732351157775,85.16151122820145,83.37273893628333,42.23932693775857
1329,2324.834356159577,2859.2510916162673,0.29386424632085967,0.24842979228544831,0.011274991162621288,49,0.0,0.027109588311365947,2.9341151003322037,-1.1686928661835205,2324.834356159577,2859.2510916162673,3862.267954191354,0.0,2913.415951135047,157.3089521453915,2.0626597431363587,66.53614705812655,280.5380784946241,546.7895362498991,394.1636455725249,329.6773878865022,355.2628490607212,290.9057477775604,314.49931388104267,341.1965582128609,381.15223764300833,314.42494874919123,247.12150360529236
1330,2355.7771643190713,2858.958702519077,0.4251569980256136,0.3392718439358269,-0.6491776093693912,49,0.0,0.0076767805666378315,1.2192559833128984,-0.21523723875701956,2355.7771643190713,2858.958702519077,2494.5773268671687,0.0,188.98670404647453,157.2960518816306,2.0625354284857247,14.536434932080384,64.37419211650754,65.2556469201604,124.57549327652654,110.60589410792193,45.5085745791152,95.4991042284893,1870.7338771686668,18.705887292997062,34.41482039184178,31.93668427159899,18.430717581262527
1331,2251.551682535079,2861.454969726989,0.6631300807579315,0.4806326446911853,0.9263910425635127,49,0.0,0.016050410708599833,1.4164943527665197,-0.3780371185720835,2251.551682535079,2861.454969726989,1377.6779103014483,0.0,1034.7878347819747,157.33950422785057,2.0635834374757134,9.603278362817242,98.57149513851257,113.48011937654597,121.45501016659261,121.20016765721046,112.0560994634053,147.37239002787828,139.83950544506004,144.57322583908376,200.13537129349936,114.60283083401967,54.788416696823234
1332,1327.6054662784754,2862.296232815937,0.56931100400754,0.1579295340292754,0.9090733392032168,49,0.0,0.19461394163964504,22.843312578275217,-3.39689770626272,1327.6054662784754,2862.296232815937,6022.0685489640855,0.0,0.0,157.72471329351382,2.063953005346014,53.419895795818434,523.6794955629514,618.2441175804727,532.9487691893495,544.0951641464935,608.841463982619,626.0816285001272,507.1587585189917,594.1878514468247,568.0182187959844,573.3607997838147,272.03238566063806
1333,1766.6677939431154,2861.714932458251,0.5608613072106152,0.3500001260389791,0.7779455574741595,49,0.0,0.3657105214985033,48.71421205875225,-4.219139205821618,1766.6677939431154,2861.714932458251,8777.761773929733,0.0,0.0,157.54165979298102,2.063713375726005,113.71517913260757,863.0018079161077,873.1692837901505,828.2228391168057,790.9913873941402,825.5664658434602,854.2964096451536,764.7052294417722,822.8436098461602,785.577628656016,857.1963748306808,398.4755583166776
1334,2241.088518286764,2864.3288102978463,0.9039666558562307,-0.49572556359328623,-0.0026787288598475447,49,0.0,0.018800516981887522,1.3017575437483435,-0.28632525778172274,2241.088518286764,2864.3288102978463,1595.918511438798,0.0,1293.2875425000789,157.34386627916916,2.064781494822188,14.777729563736685,139.8088817787111,166.03055344291022,135.86002898453225,136.04759078514473,132.59094831581848,159.3940891426816,147.22584211353865,159.4738974830874,175.34916948863156,168.66753465697866,60.69224568302663
1335,1185.4528891910263,2867.210287138748,0.45464725262300215,0.460791999176669,-0.047908754356701624,49,0.0,0.008772681283064219,1.041289464637631,-0.043928685976034366,1185.4528891910263,2867.210287138748,934.3027334347547,0.0,0.0006176798299061709,157.78397927916436,2.065995006635,7.353889247610924,75.46084845664028,79.8489620359819,105.4955310201716,89.79190975769845,103.83877277872193,84.38103106681518,85.18152694294135,92.49769382602956,83.65234818439555,78.25389053026564,48.546329587482354
1336,2327.2088545659567,2868.188303596419,0.2943773625490727,0.8873413485812862,0.15323825665206287,49,0.0,0.04275272984252474,3.7044134341728996,-1.4217986262882487,2327.2088545659567,2868.188303596419,5210.271374775497,0.0,3922.413464285728,157.3079616697323,2.066383027223913,115.65008243988112,125.33933543883995,579.1353014541962,502.1038233563713,550.8919154554677,524.8141997513123,520.0798524405852,435.4381143178614,520.8772300690057,505.41489671484715,484.26004758118864,346.2665757559398
1337,936.3226947526128,2872.288717492459,0.4370697433199372,-0.39121074404751305,0.33496791522093217,49,0.0,0.009316596246075788,1.536871146588376,-0.4665936429336945,936.3226947526128,2872.288717492459,572.2740161224153,16.24485240112665,414.4099432627979,157.8878452856851,2.068096121257041,3.9605452744677336,52.16358322359247,54.74916573607554,37.82101491587756,83.24158398400891,54.85365378634041,40.46961163601176,52.256994017483706,96.21277399222431,41.55585633243673,40.02077589316903,14.968457330727137
1338,1871.0810703245509,2872.1760246863832,0.37864156510888763,0.2990341092420041,0.9495138990865958,49,0.0,0.032517809398153394,4.656048318507731,-1.6700436964759273,1871.0810703245509,2872.1760246863832,1599.530811995557,0.0,0.0,157.4981277375971,2.068069296655163,8.53060874722325,160.11681777682824,131.48797222312632,145.039413239956,119.67702573615317,151.63927793481952,171.5437163582177,159.83306226404102,158.27297521717043,150.5940531060843,150.43712749226216,92.35876189967485
1339,2329.5108013009035,2873.0058253816737,0.45227548955383196,0.3661003706430249,0.8329965437859241,49,0.0,0.032745916272421,1.5457544134772718,-0.4728512379533033,2329.5108013009035,2873.0058253816737,6508.135716948589,0.0,3843.790762656253,157.3070016828231,2.068389945357941,121.74077449338697,81.20952952164262,504.3864498522072,680.4545106897352,845.1747096581049,685.9767474569453,676.1668137674786,556.0084690759326,723.5646813604554,619.1133530433784,618.286583248059,396.0530947812632
1340,2240.3119190331063,2876.942491527214,0.44444935906038197,0.3476788855817703,0.1812582255067147,49,0.0,0.017092945085687806,2.013877586188089,-0.7600826709328158,2240.3119190331063,2876.942491527214,1554.3227634410725,0.0,863.8287989812213,157.34418939450146,2.0700367443635153,16.03493730192684,121.61702332595782,154.04844649609834,135.53087469041844,146.9921723369681,182.68627635581342,156.34375884944654,163.24242194089658,180.47603482872523,138.26894093703376,98.32779070225337,60.75408567553409
1341,1853.497934304963,2877.985430273731,0.29725348993331246,-0.4584207833675497,-0.09817574395830123,49,0.0,0.012846371546866783,1.7112819372798618,-0.5833039159011089,1853.497934304963,2877.985430273731,1139.4419097067712,0.0,0.0,157.50545835954077,2.070490173883434,10.86669244444666,111.82253687001794,102.43059528373726,100.12441474196089,129.71692034301677,109.90499106488295,101.42083913936457,104.54755142985664,87.6823253916094,98.66879969423124,120.84625270109714,61.409990602549854
1342,1575.8233298502983,2881.47732542504,0.6077863091933903,0.21848616637567725,0.8559922276804545,49,0.0,0.28822294454646963,36.65572016078269,-3.910354390854862,1575.8233298502983,2881.47732542504,6947.246753837906,0.0,0.0,157.6212265881516,2.071948476503677,82.38178215611164,640.9287046199349,647.5099309561497,652.05274795537,668.3580075414386,677.675572947352,671.6974258121857,652.3551981340241,680.0442429713055,609.088620802203,680.5294204136544,284.6250995281752
1343,1815.9560754200832,2881.852550133216,0.29265053544064695,-0.6310663027238893,-0.23253311804448598,49,0.0,0.01055368685003416,1.2265413806830194,-0.22170551221441415,1815.9560754200832,2881.852550133216,1166.8187513777175,0.0,0.0,157.52111023102228,2.072102295553488,6.127916685674362,104.93474859689996,117.80903171437076,87.8015600012981,100.18417980586588,104.72521657458168,108.27665591914788,122.06018164815495,107.78652838460434,136.04225367905133,128.67141524755985,42.39906312050822
1344,2343.675268449923,2881.7028189723696,0.788556370334396,0.23412805721137656,0.08498349791041493,49,0.0,0.027519631530028392,3.388170781367474,-1.3249132322578105,2343.675268449923,2881.7028189723696,2169.688758565202,0.0,200.1524359411842,157.30109586951073,2.0720121864514103,26.10894225850393,45.506242299369376,148.1025204581567,165.29763190049647,225.51870233257333,184.8176781809368,433.30669701496197,117.55345658187815,139.2975377209178,324.64921990626544,184.65295663425803,174.87717327688415
1345,2332.4930816651104,2882.092846375639,0.35331876374954335,0.13968414547003402,0.7512513037916104,49,0.0,0.06430835272591734,9.672349896464187,-2.4638299967603725,2332.4930816651104,2882.092846375639,6112.6947686333915,0.0,1716.6093036193697,157.30575780252218,2.0721755855255313,72.7892185174263,64.29488217540172,245.80022812854472,547.5191201249476,755.0047407246575,683.6820629456503,766.1856181186323,561.7246029252801,820.6483747852849,589.0575652330973,484.7266607530097,521.261694201459
1346,1687.044219354236,2886.0732848973425,0.5012001861596806,0.24705682172064097,0.8033960800675846,49,0.0,0.02729659132012556,3.6300258910080974,-1.399774306586044,1687.044219354236,2886.0732848973425,1403.0912537813367,0.0,0.0,157.57485621771463,2.0738629153526142,21.04138574045581,151.1205282560984,132.30251132159486,144.26948407942638,121.42712483241198,131.77678398560636,144.8914683329853,122.93299715652206,126.36603939636689,122.07878069138286,126.95022436231744,57.9339256261685
1347,956.7581317048599,2887.033846441637,0.6535418703141795,-0.04453606588548901,-0.10905134252828959,49,0.0,0.010382530505868882,1.3377347533493766,-0.315925024654944,956.7581317048599,2887.033846441637,726.1783344919842,6.255685100292629,442.70289707591166,157.8793263007201,2.0742407881386353,3.5159257724565522,79.08120286374533,35.12747014195822,66.64211753911947,84.00260819870229,82.15207753701503,90.18671330486112,81.10417011655252,49.43904557868974,70.99542902352633,42.09886752656673,41.832706888790895
1348,2246.9990878972294,2894.5102643462806,0.242800759299065,0.6225819865894004,0.7991893378240734,49,0.0,0.005107203680139894,1.2739921829083232,-0.26291690804739654,2246.9990878972294,2894.5102643462806,1166.5148920989927,0.0,404.16892168649906,157.34140051087246,2.0773554583910854,11.671774134923243,248.87814507622016,40.310123371193754,227.72258589487993,67.94956987992504,83.73841918371309,53.69562897551714,74.11357750159114,200.4313217963068,87.96487695594143,41.472471563517594,28.566397765263318
1349,976.8299510422188,2898.285805789244,0.40774250856977645,0.8040665196382769,0.11763358560691735,49,0.0,0.0118800087702738,2.255724292076632,-0.8832150413068454,976.8299510422188,2898.285805789244,865.8510759795201,0.16850543423972525,413.4310216082006,157.87095867475753,2.07893003809702,3.4542152284022114,123.50830813825303,101.84642406876029,78.15653650042222,28.362319259421945,58.694182286235176,63.32221166869531,83.5174738834342,102.54195796821176,104.47763555934236,88.53246984566394,29.437341572677752
1350,1348.0044448590443,2899.652368301888,0.6541826364255342,0.06903672702155199,0.7124885608656236,49,0.0,0.027341674557579517,2.9885817685344,-1.188662856913689,1348.0044448590443,2899.652368301888,1381.944123612081,0.0,0.0,157.71620935868324,2.0795172710233283,15.238668413133432,147.70737139681086,147.7722102426087,137.84339903258294,131.91187593389182,137.89807373277887,122.67897406860675,112.51060639356136,121.73393052472153,112.98894400750457,129.2803974036853,64.37967246219473
1351,954.5154619299589,2902.4433296391085,0.4703460192203819,0.2909306448977845,0.17724009461418097,49,0.0,0.008292334843078931,1.6703894033629643,-0.5570443156204516,954.5154619299589,2902.4433296391085,744.2635989348605,10.331007205827476,205.31257477922335,157.8802621082932,2.0806606078351733,2.1952792213808054,95.28015786199809,122.96506808794668,61.73020438545964,34.59091436708022,41.21649364957525,101.34833146036853,49.68018030343324,25.5231107721356,103.2061730193512,58.15987850248559,48.36780730364553
1352,972.7978081600696,2907.824631586994,0.9078787742518973,-0.29164333293978584,-0.3106259629479546,49,0.0,0.03241902098669605,3.8443206618708134,-1.4620490145261633,972.7978081600696,2907.824631586994,813.1325997593433,0.0,271.33446502741185,157.87264021875222,2.082903873362916,8.650752904535771,63.8763672868713,122.02979657741382,29.93595054765894,91.99222286077855,81.92670854277732,29.848556456785822,66.61153878430031,112.95818108944754,118.49632817865128,84.00156555079772,2.804630979324904
1353,1803.8329711350607,2912.1057957633698,0.3788975434664548,0.0820664244724347,0.949205073634689,49,0.0,0.02363465157377972,2.9418603323214714,-1.1715551258207777,1803.8329711350607,2912.1057957633698,1482.2091992504709,0.0,0.0,157.52616409745843,2.0847069585705875,18.079424356632266,130.24281655580424,133.15547687289614,133.9623934419305,147.16226685457804,138.68925123124163,133.11054032933833,129.6600482148348,163.1707810135823,149.70152024210472,148.4586794981612,56.816000639366735
1354,2178.196581269265,2914.069391511931,0.94088170819403,-0.19221379360432822,-0.34974766638716204,49,0.0,0.011213729479315723,1.051919680888173,-0.05495645154350802,2178.196581269265,2914.069391511931,1078.6333634932948,0.0,535.7070132195721,157.3700843153356,2.085508918378625,7.332535598448542,120.5789855537204,68.13219161140792,124.30186416231034,127.95768362044251,100.93450533709364,91.85969665684686,87.15867560889198,108.33239735922567,89.56062404524252,119.17487948126079,33.30932445840366
1355,1750.8553124450584,2916.360146544144,0.5199424453290028,0.26094949103315085,0.77943460270276,49,0.0,0.03216499070442414,3.5519292480643907,-1.3761607658792683,1750.8553124450584,2916.360146544144,1653.8882370738763,10.0,0.0,157.54825164788772,2.0864804751538126,15.097845347226343,186.52740497348228,166.95846188852505,139.19771413722776,175.19716653398092,140.08945243291546,154.72441704594837,148.32957132591082,149.85953378595502,131.2119286052967,162.45436747051292,84.24037352689481
1356,1066.1602124983938,2919.394022031927,0.98097312449556,0.8190830102429862,-0.10264084605590611,49,0.0,0.012303133308771396,1.0884312011645363,-0.09200245712469522,1066.1602124983938,2919.394022031927,1007.7239783788855,0.0,623.5676699296589,157.8337164566826,2.0877299541383305,9.599217116349319,104.18675552858437,91.25553341661558,71.74406925807561,60.83437709414967,137.2112964134809,82.8842014804816,84.25079500232104,91.2720904820263,72.46686732423542,111.77052970627048,90.24824555629506
1357,953.5999045480759,2921.593653495771,0.5011041870138176,0.21596302467644932,0.0911739358106356,49,0.0,0.011128146755979026,2.1694279839016604,-0.84086309477885,953.5999045480759,2921.593653495771,805.4041210288983,2.0,51.829720290049345,157.88064482553972,2.088639030165996,1.146901552089178,335.07861172396235,56.78601505749175,30.675099338861713,30.292283447081225,10.685193280350953,89.49892584896958,35.19483728113475,66.80820349206326,90.89036312533693,58.34768688155667,0.0
1358,2118.8729625536034,2922.094032333378,0.7519085703155739,-0.03739492786591079,-0.5905604530436812,49,0.0,0.010540394103173471,1.1340516287335725,-0.13658206664728503,2118.8729625536034,2922.094032333378,957.628642767584,0.0,654.6946627394798,157.3948170125941,2.088855774959554,8.945122789061767,76.42019375116624,81.86911786655507,83.13486628952005,74.49854926891257,73.44791550296688,86.15786758138455,122.94046802495623,105.99978328291952,84.49268665464874,115.33540681364104,44.38666494185133
1359,2144.823175323307,2925.8053386496545,0.6571220534786808,-0.3750698136145763,-0.009211238272031923,49,0.0,0.010702379692761532,1.2472728394197312,-0.23990366315391,2144.823175323307,2925.8053386496545,890.8536163483325,0.0,557.9453489080505,157.38399773104757,2.0904004735201083,12.85108354227896,128.35269994749322,88.60741741469798,70.71208151694037,94.8825894216728,93.74112189263623,79.69203314025182,91.51549738545509,85.63456130418825,60.07118804534788,55.317775794747064,29.47556694262275
1360,2202.916752138022,2932.5296084419024,0.8054760159902727,-0.03189825969667861,0.2872154724746228,49,0.0,0.014777877581064535,1.9199419257922796,-0.7082202310174733,2202.916752138022,2932.5296084419024,783.3358570526036,0.0,256.87875091432386,157.35977717163615,2.0931982805769254,4.518024788934063,40.7925319132137,30.54820864398289,84.83813758572046,110.91452760508176,58.52744891718226,67.65731408074195,71.03450699617812,85.46685617831132,55.85634185906279,107.56237277382277,65.61958571037158
1361,2176.0931627354885,2934.0084806279424,0.5148276008416441,-0.06098538187289972,-0.18294870028980928,49,0.0,0.015509304641059903,2.6988179273253072,-1.0779339659067098,2176.0931627354885,2934.0084806279424,782.6823592859241,0.0,316.9825397168196,157.37096033053265,2.093816163578872,11.620647650234226,59.91647853425475,47.51297229666595,50.83967995612249,43.146856645339746,125.29733970930414,99.87042123565953,100.91179871665503,58.32533800322001,59.797414176189406,94.84882622473732,30.594586137541572
1362,2201.0983179597843,2939.8706907134747,0.43092144274258787,-0.15485152012652673,-0.41509584949149747,49,0.0,0.011545393185393965,2.299573453567918,-0.9041182161947223,2201.0983179597843,2939.8706907134747,858.7426194082027,0.0,181.57881550913316,157.36053494930314,2.0962568682161953,60.27349104253587,39.6044535721251,16.82868495527379,99.86411583155014,107.86277711171562,39.094108319236696,141.5159875072739,65.41258608739092,31.523394671477014,53.77204546819898,100.53242011954046,102.4585547218843
1363,1016.6732437389209,2943.296242524722,0.2437787550653056,-0.5931723789101347,-0.96273996253924,49,0.0,0.004291799626228531,1.04803454065347,-0.05093899041699271,1016.6732437389209,2943.296242524722,660.8243894002503,0.0,114.54768562255154,157.85434956896106,2.0976851343262743,7.256536062405543,173.27484122969798,34.72389091174852,46.77045954115318,41.940777201220286,23.45620781815188,115.3688868760942,19.90067370634291,75.44293515784537,32.92878578975435,73.85303788992208,15.907357215914102
1364,1103.4646761460117,2943.781853516114,0.4682779383657615,-0.10663510756430768,0.3464358727718279,49,0.0,0.03506092068082163,4.6687287104533555,-1.6729965969194558,1103.4646761460117,2943.781853516114,1972.1415447193624,0.0,1164.9707539162846,157.81816452728592,2.0978926568026215,21.781023732110157,196.4669591276146,175.5661845244928,184.02694984558354,254.2454485267275,121.26125734570897,260.07429322745713,195.16263009443168,162.28174798524864,216.03266498561933,112.11162371238467,73.13076161198336
1365,2068.6505106931513,2946.5106842231053,0.39744272057081925,-0.44215795520590256,-0.17340025196413425,49,0.0,0.008926737122608448,1.3348837834754304,-0.31360864291750257,2068.6505106931513,2946.5106842231053,955.7827920056563,0.0,566.0281510160863,157.4157547810078,2.0990311013770993,3.5801498759500308,100.46505984188403,78.47419029428667,75.55146401570032,83.64856085595042,97.06793815361905,99.72706915183625,65.35512315292006,110.2867948142262,79.41993184285595,46.95802569561461,115.24848431081261
1366,1028.348097637535,2961.366456429386,0.8727956956132981,-0.8527218391925733,0.39854843205955165,49,0.0,0.02722325159128373,3.2773293863895785,-1.28880023032697,1028.348097637535,2961.366456429386,743.0009279352915,0.0,31.972064021979335,157.84948294458422,2.10521434615611,25.56156306462455,21.563201681546463,72.44461771708436,95.37499444133961,20.389055030413715,78.70708512123784,53.65749348828794,61.30460172044275,127.153103229413,47.46574959776786,106.4750172355596,32.90444560757391
1367,1103.2109328520673,2965.3728280888295,0.7017580185546695,0.5360832128154128,0.32988426502274454,49,0.0,0.023961989069596814,3.3981659040162886,-1.3281114450435312,1103.2109328520673,2965.3728280888295,943.6233424198663,0.0,306.52810620242553,157.81827119255405,2.106887951092024,5.635890935343486,79.241880542306,106.41369759667953,130.97462119996396,116.01421058165931,82.82770444640059,143.7859817873532,58.41326428068057,42.123716965663775,35.55995741122887,115.31698955664183,27.315427115945074
1368,1208.454915671849,2966.609414754994,0.3604430946782236,0.10361833536196399,-0.2563700646797,49,0.0,0.00866769084328815,1.392867749037479,-0.3597747067277248,1208.454915671849,2966.609414754994,913.6150541004345,0.0,620.0269989953808,157.77439253049627,2.107408358847368,14.795666029509722,81.64400578997294,74.3796554533254,95.04524556324348,86.4001961202315,71.01311010490372,76.85305377448643,87.95609215881461,75.15536285624265,109.22983821576355,110.85597251596519,30.286855517975177
1369,2129.68619038572,2975.443500264219,0.8054465665445901,-0.2199850082591647,0.023645404139082893,49,0.0,0.01057546277046401,1.435552333184974,-0.3925475734104199,2129.68619038572,2975.443500264219,462.13153219129083,0.0,49.593026361347114,157.39030647958086,2.111081792307888,0.0,0.0,24.324757739225536,22.793957449843273,50.03291639734784,22.252533922834626,68.46155568251544,57.23511783771968,91.47638217261328,81.28171656597213,24.567101134390377,19.705493288828567
1370,2107.113052472671,2981.433144306859,0.7165544293721307,0.1993728308983762,0.32998303140510704,49,0.0,0.010878252082543513,1.4222140567710249,-0.3824124169305002,2107.113052472671,2981.433144306859,582.0653359173882,0.0,61.47265995008593,157.3997174904893,2.1135785154414726,0.0,16.51964061238126,0.0,5.157517612887905,144.55866479569266,152.2270176854767,43.82877344737454,36.17708153604751,25.288681619644954,68.83800342417085,69.38014292226244,20.089812261449435
1371,1270.2734131177174,2983.974198244607,0.28492233408434176,-0.10247780735983045,0.3106293096205944,49,0.0,0.0068101364639397855,1.0424762468231714,-0.045165420526601045,1270.2734131177174,2983.974198244607,1136.6592811588494,0.0,649.3237684873666,157.74861930730265,2.1146454302557225,11.349028354128393,107.634958998037,122.18775771946598,111.12074814089337,57.53383508450301,76.52700791704976,114.8921442844148,71.97429847484023,151.34554351823036,83.855355560845,167.58587222142376,60.652730885017675
1372,1282.2460039136975,2987.8841968604834,0.935864487999407,-0.4411798474720122,-0.5375303445598394,49,0.0,0.012739465480053282,1.207069488543791,-0.2043306806751252,1282.2460039136975,2987.8841968604834,1126.4845235065998,0.0,556.9626936940297,157.74362770998448,2.116274860909618,5.81904130639097,116.33688229923027,82.80932592338615,68.85390626123188,140.2377107211096,78.78025472758246,101.16194425146087,162.60605155521313,153.60891944728854,49.41399616084049,132.7802873067885,34.07620354607688
1373,1289.3716854356442,2993.463230252145,0.3442800814821276,-0.7611403298452599,0.22238884008096899,49,0.0,0.008480692172209755,1.4910743691053296,-0.4337482623658909,1289.3716854356442,2993.463230252145,1156.3914125793624,0.0,530.738652709661,157.74065695773223,2.1185994656965517,8.766524220264007,91.19023866584335,101.48117403377978,79.96694327310482,97.80809636520294,111.62877853703144,129.26627925787216,93.6821993610142,200.3068808124622,51.13043816954273,115.47983794956127,75.68402193368354
1374,1313.6680431128539,2995.4556455936545,0.4768197585733744,-0.038253971350935674,-0.3012066315330747,49,0.0,0.01108136631706211,1.5688817171479106,-0.48897550503749176,1313.6680431128539,2995.4556455936545,1269.1341443743256,0.0,556.9309883366262,157.73052716489264,2.119430365819095,17.711600508012417,114.92834375619768,92.36073244844579,162.53791774401395,67.99315127364937,140.84860810234557,116.96716171176276,133.31172299521387,180.9278078796115,79.58575286319345,78.36228230957566,83.5990627823036
1375,1876.6242630589288,2996.3681673743517,0.22160637433342503,-0.27132638689699046,-0.16427030561950637,49,0.0,0.006142528265279134,1.373449134723281,-0.3445314502213531,1876.6242630589288,2996.3681673743517,1147.2994336214058,0.0,551.7082903058497,157.4958138837885,2.119810881254664,13.85725156480493,80.1892151999826,101.91302335634931,139.07269322350933,81.39747784318706,118.59744608288855,211.35620067937558,105.62482656086019,76.67096251890757,100.7200623217826,94.05927069571763,23.84100357404049
1376,1414.2958735664536,2999.132284181217,0.4153894545935544,-0.185369634256602,0.8851193461283671,49,0.0,0.00810204504464065,1.002382604171226,-0.002583802741570577,1414.2958735664536,2999.132284181217,1058.3534801927508,0.0,699.7671956323643,157.68857254033375,2.1209648077262746,10.166146678573185,98.280978740665,115.72033743398362,126.77993954503816,76.60365817762356,86.35954195473745,159.54263844581453,64.20832573060655,131.63603967385248,66.51508010872584,84.32663217742845,38.21416152570206
1377,1747.3178141680175,3000.909822427537,0.6001424185678881,-0.2144132975479146,-0.1829859738302317,49,0.0,0.009148873183309257,1.1579134803753792,-0.15919027499123484,1747.3178141680175,3000.909822427537,1047.3671052728469,0.0,631.6602922960938,157.54972550316083,2.121706107409278,7.914894895474478,72.58497413434323,82.14792531413795,61.74274491158347,62.72658007582483,93.9877866022331,103.99731336250599,94.89545178350531,148.17532920065088,93.63235782711115,97.42692037496143,128.13482679051504
1378,1912.2586685818746,3006.82298273277,0.8004011869661198,-0.3870210511237113,0.5935497732581372,49,0.0,0.01329217982583852,1.3164959736915423,-0.2985488380465019,1912.2586685818746,3006.82298273277,3227.923417946242,0.0,513.7008987054253,157.48095661507523,2.1241654162642813,11.72491767326225,2042.096964674441,110.19791464861945,290.1808388154137,122.64044752507306,101.86205579749657,123.37291288788646,184.1470628387805,61.1053931088467,81.71797096279761,68.64119119089196,30.235747822732513
1379,1406.071809202084,3014.0225611427613,0.23142100256720755,0.06958901659411112,-0.5139601162171704,49,0.0,0.012556464479227092,3.480751229723174,-1.3541824631093102,1406.071809202084,3014.0225611427613,1313.6604528464625,0.0,487.9772386157779,157.69200163484442,2.127168259330906,7.813910794255754,151.72450717942547,121.88406681191546,213.8237848398595,121.06955154604023,135.41320898024435,157.81821321326254,54.992976125983965,171.79829452474175,69.50934047623616,78.02861012631678,29.78398822818052
1380,1506.940886261423,3017.77068484973,0.5385094385637221,-0.014252385368131356,0.5728121473444137,49,0.0,0.009716324392854395,1.3043726947075938,-0.28850424714187595,1506.940886261423,3017.77068484973,1062.4731836397166,0.0,608.9992802173174,157.64994616941655,2.1287314462533384,12.559391539798685,156.13634837141257,84.07999030347628,78.14456464070054,79.7728825427591,94.17149792879124,73.67534525175716,105.72992399642172,146.89069693502103,77.29253691623165,121.57783022234872,32.44217499099779
1381,1658.4753567323723,3021.1548696626505,0.5804261905212639,-0.4258289300747961,-0.7792013958192925,49,0.0,0.010029014679705395,1.2987065824217168,-0.2837776043392559,1658.4753567323723,3021.1548696626505,1255.896071328757,0.0,548.2162777598746,157.58676655078878,2.1301416766288677,8.995676518683936,223.28973507390526,193.20458698678385,155.9248269459417,92.25116452839157,65.65570214917143,77.76316392861888,183.1202849343477,78.95978797641199,80.52153271399841,66.77050096264523,29.43910860985693
1382,1266.9341794299698,3022.294177757034,0.538703246220539,-0.29752873880436237,0.9632911511171569,49,0.0,0.007819027293505984,1.216739026271477,-0.21299359511455393,1266.9341794299698,3022.294177757034,885.0849478158796,0.0,168.8088144836638,157.75001256526767,2.1306102562244353,7.401880677721479,43.65066000166442,79.38840676479995,95.67650473970934,142.07380833541384,81.40066595264537,200.48452082693194,17.693432706236912,79.68986414816652,45.227925062739715,24.219933795154894,68.17734480469514
1383,1711.9311158748576,3023.1219147705483,0.4073099147713188,0.3580621018321119,0.6878290324739162,49,0.0,0.013347907011275474,2.567825640454796,-1.0239138277374034,1711.9311158748576,3023.1219147705483,1744.753512407166,0.0,491.1497889114654,157.56447909617674,2.130960680638557,10.957166809424987,316.03321783550723,75.65367897753393,135.0524872923793,95.70782877090657,392.1165188249218,109.31395714903891,56.27601825655496,112.64687576427315,344.7802685954915,55.989334502625,40.226159628508725
1384,1667.8350220809823,3034.156749044449,0.455755729077731,0.7651409125750808,0.8342296260580385,49,0.0,0.0073516205234879,1.0805080457318896,-0.08407001274031392,1667.8350220809823,3034.156749044449,681.7540579432195,0.0,410.0706230932187,157.58286413123955,2.1355584761549316,22.78557840295196,103.888642994524,60.927441167674445,60.23131628133603,53.47374332502987,59.28460812961923,50.407717776065425,46.424224737420836,65.3832151251608,64.33665077486967,67.7819384672333,26.828980761333888
1385,1753.0727490300162,3037.9306870001956,0.6200883477905504,-0.6231655322230897,-0.45180527416336774,49,0.0,0.028419812094797436,4.756431162452778,-1.6932030394812134,1753.0727490300162,3037.9306870001956,1134.780715844101,0.0,154.36115481115795,157.54732563586026,2.137129719115157,5.109866942123847,9.128807699899749,33.91106772428656,151.42762013734665,174.19731161488014,21.378037091076628,23.498281301644262,576.1892492231857,28.74588728776905,26.8296950142348,56.115181924122645,28.2497098835309
1386,1360.67895337485,3038.8089870770573,0.8099960836287117,0.6418348773494009,-0.2875797815192603,49,0.0,0.01704509596530999,2.2667637988465796,-0.8885156704068036,1360.67895337485,3038.8089870770573,655.2220167427676,0.0,112.56763007369456,157.71092780392038,2.1374937015399027,35.51191207405548,47.74278815733463,24.820872145104417,29.953575923173307,60.025561067646855,42.22249811112739,162.885836548979,38.918175475684315,57.99974374386208,58.85024174422699,34.843327716571736,61.44748403500135
1387,1362.8591894215806,3040.794368537481,0.29786985632294755,0.24542868072894217,0.6509664622155463,49,0.0,0.0049860988651330524,1.4773607782004967,-0.4237164123635566,1362.8591894215806,3040.794368537481,720.5262308186747,0.0,89.61574199884066,157.7100188305988,2.138320910817431,35.461969217722,9.400472909835973,21.75236187769371,23.93989163832197,59.76934368035073,67.18318981523424,200.0603583004091,36.95362206832684,55.24726920224625,70.0767376489372,59.47382975142938,81.20718470816733
1388,1554.65303662488,3044.2042411478765,0.9556347171315651,0.27924448505386645,-0.011059564241834942,49,0.0,0.1322913879504943,14.335461109315863,-2.891029167170454,1554.65303662488,3044.2042411478765,3983.773379793427,11.37578924808729,1444.2137083419311,157.63005353848126,2.139744610144243,4.537305316532173,177.16781212187686,301.60702163338453,126.76219811917282,274.83519135440224,565.2355523866461,343.49251927513944,340.0751049272248,564.6906145908267,512.4452347649813,470.6947154992164,302.2301098040239
1389,1530.727865161491,3053.772511223604,0.35734018487954233,-0.1679228657178239,0.2798615875323998,49,0.0,0.0076279450510699995,1.9298042588199515,-0.7137831512428762,1530.727865161491,3053.772511223604,815.5458383250852,0.0,68.67527129693558,157.64002881851576,2.1437307899398172,30.873342937385313,98.34319576840173,13.084722778049343,213.64648987005478,38.88461867916802,74.52392673779497,34.4534910613522,13.600260377268885,39.24645218752425,140.490198185505,111.43936031840587,6.959779424174907
