id,xcentroid,ycentroid,sharpness,roundness1,roundness2,npix,sky,peak,flux,mag,xcenter,ycenter,aperture_sum,aperture_sum_mask,aperture_sum_edge,ra,dec,aperture_sum_0,aperture_sum_1,aperture_sum_2,aperture_sum_3,aperture_sum_4,aperture_sum_5,aperture_sum_6,aperture_sum_7,aperture_sum_8,aperture_sum_9,aperture_sum_10
1,1903.8394357696689,14.577498582183473,0.29262218155822906,-0.2730232349139262,0.18943651833813271,49,0.0,0.02437435408151292,3.0814388479949146,-1.2218838836456505,1903.8394357696689,14.577498582183473,1868.6622851669488,0.0,1690.0823331163106,256.77045085551225,58.20827853599758,150.3358929513906,144.69899835302795,163.54791106319547,165.33856489493098,174.5761277184169,168.94002431894052,190.9517608224014,201.29201497268218,172.95470430294853,191.6124521550421,144.41383361397186
2,1580.3128211638605,29.202816133475434,0.24305611714031267,0.19296336021898874,-0.15466934849604144,49,0.0,0.02910390019462719,5.090248951758797,-1.766847557870953,1580.3128211638605,29.202816133475434,1665.8212043710869,0.0,1296.2737854481359,257.02631061080467,58.214595501624686,133.00892941063415,146.05569375528034,164.4226815982633,163.5932645386249,180.30954573781702,162.99825878248845,149.2052914525937,150.17140852182968,138.99173817419216,158.54829262076038,118.5160997786029
3,1516.5927553470403,29.630762752246742,0.486432524561654,0.18906860220922034,-0.20951162434194326,49,0.0,0.08467597085836835,10.921622831473568,-2.59571793621248,1516.5927553470403,29.630762752246742,3026.37139924479,0.0,2410.9350580933315,257.076712123517,58.21475757463349,261.3850355724692,251.68606638145127,281.7973365133489,277.8662517496757,298.7464448943248,314.70890795218463,291.79805591919455,268.88501500703853,299.3221767073085,278.3140082519849,201.8621002958091
4,1102.3277079758732,43.00682187084917,0.46872399017256733,0.5682130449910259,0.11944026476730464,49,0.0,0.3252850377638069,33.13774194794497,-3.800807279146259,1102.3277079758732,43.00682187084917,19191.072483293116,0.0,12450.03491884183,257.40444466389533,58.21974060985523,1453.0755180306905,1562.5255427900347,1548.8813008032948,1461.4689886588485,3775.579323501969,1477.3679574472062,1630.099544929903,1551.147738228338,1514.049756096246,1493.1869126371835,1723.6899001694028
5,1090.9197209144113,45.53522437937018,0.5783312968208565,-0.9328194487697834,-0.6224485459941866,49,0.0,0.02099192998431704,2.528143997529362,-1.007004516936649,1090.9197209144113,45.53522437937018,2955.095580939719,0.0,1440.7445951905256,257.41348121918156,58.220765840342764,309.0751386569819,346.96040268537286,252.93421537433434,244.27190483658913,241.11994929814352,366.0926913009903,280.42590513013147,273.1800816818038,224.03011837040765,157.5266347442663,259.4785388606982
6,2069.0215206693574,47.28653746889118,0.6677738678121654,0.02733531545387473,0.5392927381753183,49,0.0,0.04197562999426475,3.9526599603570434,-1.4922236361024432,2069.0215206693574,47.28653746889118,3774.095767805432,0.0,1883.8945808492545,256.63967846448634,58.22159364201089,339.0856203259208,382.56979144533864,607.992183953715,257.33058703495766,699.1822029197633,211.84569725460128,443.8628711532041,203.50386826834648,224.95254793725883,259.98663935754706,143.78375815477895
7,2158.6216077502345,50.91007527481711,0.37601117615103014,0.350878400850952,-0.5613137400588333,49,0.0,0.006265182720266888,1.4970020179359633,-0.43805596441451633,2158.6216077502345,50.91007527481711,582.906309302537,0.0,154.26743887403964,256.5687762268475,58.22287828329912,0.0,20.159451776261147,0.0,6.36611481372457,66.02611474896113,17.958671079137282,270.58165283500466,28.700258472560414,57.20622726930386,58.98843029594998,56.919388011633984
8,1378.8041323561538,56.47339976915158,0.5989653389557134,-0.04708044349163092,-0.48498190821780796,49,0.0,0.049051170893676686,5.319311107303957,-1.8146384784495984,1378.8041323561538,56.47339976915158,2056.054814893677,0.0,1309.8875375600494,257.18575564558506,58.22583758077786,172.76098919256896,186.4949401692287,201.77490473817528,201.2490265228227,196.97956124318586,198.34334416912895,177.25425512342918,190.18355854769231,212.21022639875395,177.34958252967658,141.4544262590141
9,1859.5650867871648,59.89209732722282,0.6280892795660322,-0.24069651106212464,0.257644551056595,49,0.0,0.0642782534989709,6.165733796948578,-1.9749619257686413,1859.5650867871648,59.89209732722282,4390.293599672506,0.0,2381.3903278056896,256.8053545879161,58.227217911848754,377.66373055617305,395.76787646725126,383.4578568716347,444.18376349963245,455.21234777827453,401.01308914337505,372.9472202529505,388.5706248987998,423.72763405008635,439.1496269217297,308.59982923259884
10,1860.2234867503491,65.52012405368015,0.4773770382378448,-0.38038098897945904,-0.11335912378035867,49,0.0,0.0723562633416663,8.232458715059503,-2.288823903617227,1860.2234867503491,65.52012405368015,4388.059434799546,0.0,2217.8126219288583,256.80481995186045,58.22956177910249,378.00639095154725,394.8277336366043,389.9821072108688,424.27535598469683,423.4249021106227,409.7234870591908,383.1145227936232,403.68156817483236,421.8965184739362,455.59836713919975,303.5284812644231
11,1559.4264242877703,69.95002007196501,0.6402612966352503,0.12539567212342204,-0.3738757698959151,49,0.0,0.1337514618491553,16.598020971475698,-3.0501407724488168,1559.4264242877703,69.95002007196501,3337.980480124591,0.0,273.8672953228207,257.04284695110573,58.23156821304117,298.6854460251053,325.86470051976653,304.83936386288804,292.1181036039188,299.15079455025904,286.5643693724995,305.09467734915313,295.86752863519064,342.44580554287427,348.8499674170145,238.49972324592156
12,1436.0087303727196,70.90682340447168,0.3662154454954465,0.29022569657741176,-0.26509121271658226,49,0.0,0.023271614221349508,3.7827061675487212,-1.4445065188621182,1436.0087303727196,70.90682340447168,1255.375496091321,0.0,333.2401185159433,257.14051598219015,58.23190476940736,130.71324991876233,111.03607184267034,115.69448984052411,117.77858260646595,120.71206404040718,116.3087272972055,94.20651153168444,127.77936711657249,118.62441499954005,117.97627281962686,84.54574407786211
13,2086.680200037214,72.33177188413495,0.284166346834883,-0.5755697764489072,0.41709468658060717,49,0.0,0.05633986364467272,5.279477303790756,-1.8064773180218798,2086.680200037214,72.33177188413495,4924.5867802735465,0.0,4184.998958881708,256.62559455730127,58.23198638538662,398.48979519705244,474.321852575692,466.4470891568658,512.571206527467,456.5527170890106,453.6708542142424,464.4950125135017,438.86987819735043,476.8193232379663,444.6031580555905,337.74589350880706
14,2130.4134485546615,82.99421303732134,0.30303286155187426,-0.24390909489933268,0.41135212684154127,49,0.0,0.008756177763218444,1.4471870244127072,-0.40131164988087276,2130.4134485546615,82.99421303732134,1873.879100505477,0.0,955.7270769771543,256.5909336908792,58.236319701287705,124.2889565233524,163.6634370899691,133.71876449114313,140.53052883177915,593.610761035055,130.5921779444257,134.2555838592197,105.71684304667073,117.97079985658323,164.434172870756,65.09707495652279
15,940.1424303146817,85.4225883180125,0.7915667189319867,0.18705803520870395,0.011777400375119585,49,0.0,0.011193559042339745,1.4395395784292333,-0.3955590244717316,940.1424303146817,85.4225883180125,504.9453442310918,0.0,164.63911579964997,257.5330044136396,58.236951488159164,6.862842177592874,5.977793103738881,16.80182848653387,63.312120721389114,32.357574702040935,35.06598418500618,117.24627057794703,118.12849855915374,44.34879914394506,25.505928690508274,39.33770388323582
16,1267.2374444350946,85.34532661711368,0.5210853032199317,0.2706988897950089,-0.2485125848773189,49,0.0,0.056815502082414863,7.110040564539732,-2.1296801962356366,1267.2374444350946,85.34532661711368,2152.030986368978,0.0,1132.501237408902,257.2741196621052,58.23771451113354,174.58078954144307,206.53928645893654,218.17234447563857,195.6087994177966,204.416692657324,198.920016703331,205.31382266077435,200.5381619946636,198.64332028904482,200.31526341237804,148.98248875764756
17,1555.2878690107218,84.75343817331357,0.5784994446740144,-0.12137778872436299,-0.23907492070086406,49,0.0,0.033107906367310605,3.7392460596231447,-1.431960111682324,1555.2878690107218,84.75343817331357,1497.0936040058734,0.0,0.0,257.04612829852374,58.23773467247255,132.74082220380126,146.81446711693815,124.08862848650351,137.40107887835433,149.91682047839305,135.84750651674847,142.27504070380874,129.51278202627765,148.21279831530575,139.16287517498884,111.12078410475384
18,1148.6200488194743,86.59265857207811,0.2810896393875372,0.2347414775469003,-0.0781894498892905,49,0.0,0.012310531410552437,1.4836021569425535,-0.42829364014569093,1148.6200488194743,86.59265857207811,1194.4719825391237,0.0,1043.2837637506461,257.3680082608054,58.23800628701691,110.83175545956308,125.5980656434439,134.1461638043274,87.96476051936367,122.3030457481413,103.04991444537343,107.23477268952536,129.58920817129814,95.35914498500759,96.18870627038741,82.20644480269249
19,1588.1305583200158,89.1851207484568,0.5700414887934832,0.18372047916539844,-0.3229548946299924,49,0.0,0.024142906775517288,2.538224971825225,-1.0113252812881897,1588.1305583200158,89.1851207484568,1447.440274906231,0.0,0.0,257.020133888545,58.23958561042729,115.07819921209156,137.13712444835946,146.5907946711394,130.7301662734961,154.46540811512057,137.40695626518607,149.3850009517953,115.78657234703937,129.9150230406352,140.9980483047584,89.94698127660968
20,2156.8657425106862,92.10321464305498,0.29974029075784014,-0.1403204378972884,-0.7856571715588166,49,0.0,0.014720962339239101,2.9218506957021155,-1.1641450501375874,2156.8657425106862,92.10321464305498,1419.9203361182324,0.0,885.72932617952,256.5699509306694,58.240044242970406,143.87947311143813,146.2183929447757,116.08985024092073,116.0432361992382,152.92421975797686,172.55197870070407,122.9258314978802,158.12047505247244,76.67526807925779,149.23329110921821,65.25831942435013
21,1735.9348408384017,93.75002952524845,0.40398288177250036,-0.4500817925189511,-0.09936477359299431,49,0.0,0.010933965175429433,1.1417266451036527,-0.14390534135590785,1735.9348408384017,93.75002952524845,1167.0283330505138,0.0,0.0,256.90313528030805,58.24144291362778,109.26831598736526,108.34106723756629,109.8222333113111,110.90367365605096,114.37593555300612,91.30660401403148,96.81675120203016,101.35530529786018,119.18820367388393,123.19567707902853,82.45456603837988
22,2262.2630711278775,96.73673050010756,0.577981923469896,0.30066292178767623,-0.0771512403895765,49,0.0,0.005870415923055772,1.0066179021063362,-0.007161624503240786,2262.2630711278775,96.73673050010756,348.19356713095146,0.0,104.56318091641572,256.4864991086617,58.24166040066884,0.0,0.0,5.3920173897004755,44.219763960873,21.537848537112982,9.212479853322733,15.63043831352084,84.82934346104385,40.77124904104745,60.52543915828953,66.07498741604061
23,2179.530123076913,102.38644307873267,0.6129103236479876,-0.8776525527607016,0.06426212285021383,49,0.0,0.36650089603224134,35.067943922423105,-3.862275758493128,2179.530123076913,102.38644307873267,19962.754093851017,0.0,16139.732270340548,256.55195591867715,58.24426530250291,1810.0148420271153,1966.1166907190589,1818.1102287373456,1863.3197612856889,1811.5925273078296,1788.8839651704427,1732.2378475981936,1999.321615818195,1703.2248017167894,2005.063830913234,1464.8679825571246
24,901.7502841870092,109.5681289065796,0.3893276138419579,-0.12517285730170388,0.5273853465871061,49,0.0,0.006304741047551401,1.0234122900706202,-0.02512657018171476,901.7502841870092,109.5681289065796,1057.60087987116,0.0,432.17529499389366,257.5635472290172,58.24688278984618,35.06725086065208,46.29041887765683,78.06612823988313,51.5814386420782,163.29471013697452,112.27884591332207,53.12783678159573,117.60064816204448,83.9140051609407,88.27091988260104,228.1086772134112
25,866.8868371535013,110.28502036574339,0.3079076933141046,0.11439469168017023,-0.7688431847632113,49,0.0,0.122886002378005,27.58328498769019,-3.6016149663355423,866.8868371535013,110.28502036574339,9426.82542340015,0.0,279.2505598422597,257.59115190309865,58.24705921676264,0.0,512.2540569601808,1882.5099513534074,654.1263472066586,1162.5596943072574,1225.971862354786,493.0780265845324,1268.845419690857,989.1961583308142,401.33408914193114,836.949817469725
26,2175.4052318801196,109.72491705085936,0.4643628673135773,-0.8378830364942076,0.4463207614344133,49,0.0,0.21725089347893742,20.36997039332395,-3.2724759944413306,2175.4052318801196,109.72491705085936,17415.03024267294,0.0,14030.549112683248,256.5551817319294,58.247334190765464,1606.8440435718285,1795.2204868932383,1689.37624648471,1693.0258844485215,1746.4823429929254,1702.9235780976605,1691.3561951172426,1667.9493654409707,1714.6311295890446,1377.1001469962944,730.1208230404991
27,1326.9591000940584,111.67219684193499,0.5042923196905346,-0.23427106735409442,-0.21972963409199547,49,0.0,0.03878960368647714,5.120124049686878,-1.7732012078311103,1326.9591000940584,111.67219684193499,1641.166070280241,0.0,2.0856625575227037,257.22691800685817,58.24877132316051,141.07110675281223,161.3760354871457,146.35617038843816,157.76459042719455,182.9704604668752,160.06145639673048,148.3896198081814,141.73310517968991,136.43715249245187,147.89557519972143,117.1107976809999
28,1607.4997586903914,112.43656511170671,0.5155063724005592,-0.054323221972027554,-0.2699681985368087,49,0.0,2.302870238393246,314.0233295334211,-6.242404785081604,1607.4997586903914,112.43656511170671,60226.30122093706,0.0,0.0,257.00480087523414,58.2492728144956,5151.413469131732,5500.0581700979765,5652.8829217080665,5590.797033392508,5780.726905434161,5455.435997312097,5952.191091761778,5681.7125210643735,5783.386696264439,5553.917926021726,4123.778488748187
29,1316.0869247119053,116.35607913865793,0.6909692839156275,0.4757204253292091,0.3484770623502329,49,0.0,0.014309381378186683,1.1836591932993554,-0.183066688873714,1316.0869247119053,116.35607913865793,1080.313184058633,0.0,0.0,257.23553840214885,58.25070784834906,90.92197772849207,106.79451850446296,97.98901190894394,105.74673635006468,107.24807812363869,102.70477524824203,104.34823758812067,91.54360002787377,98.8504877583249,100.13405516651113,74.03170565395817
30,867.2814853959668,117.25940202093872,0.2985034156913444,0.3015198533800147,0.8588427708649721,49,0.0,0.05441205903113555,10.187185004177097,-2.5201354830663565,867.2814853959668,117.25940202093872,8351.281029530159,0.0,563.6969529977364,257.59088736680434,58.24996613577607,0.0,591.3453646382368,1247.8016707617805,823.1504758723888,1250.5755158482266,859.4769716342639,509.5408730508648,1370.0271864327422,810.5449394520961,383.26174189653216,505.55628994302674
31,857.7111185847936,119.82383280042296,0.6387737815503711,0.2099847011281474,0.20693999264591914,49,0.0,0.03813266903990632,5.543088764859429,-1.859379583176071,857.7111185847936,119.82383280042296,4599.8040663832235,0.0,150.40345113522272,257.5984822593297,58.25099988850869,38.726358468151574,641.5714579785558,160.07791470710376,161.85676886266057,183.9362814044211,90.7871963933277,2625.493399124208,77.72387610153072,236.28117787794156,255.70973580123362,127.63989966409021
32,882.4812242702395,118.8090088525574,0.48760747698282186,0.4923450118211878,-0.34793081496768696,49,0.0,0.8629149457773677,102.92278664648107,-5.031278840678412,882.4812242702395,118.8090088525574,36612.71653696826,0.0,20642.27860343517,257.57886380658994,58.25066569561416,422.55392553499223,1991.4003221292803,3998.4250471391197,3832.8530256743743,3996.0593389251553,3099.2285646647406,3698.498624767272,3644.7108316659605,3818.998894547457,4064.0778365189108,4045.910125400997
33,1702.2689220282,122.2235785818421,0.61368734534978,0.009087504484509512,0.3219366630374342,49,0.0,0.01084002144926002,1.1277346288871657,-0.13051729085425529,1702.2689220282,122.2235785818421,936.3877828395391,0.0,0.0,256.9297574199033,58.25332502535245,78.08662739099357,82.92012273727838,76.18972338902378,95.52770849135197,89.84564927276382,78.59539246808029,112.81212189656794,90.84130572264314,69.85002664311003,86.43718991965177,75.28191490807444
34,1405.4623943835504,123.4757683785773,0.45785430522267434,0.3251900735558828,-0.06720765392310421,49,0.0,0.014133041668094561,1.939203617244195,-0.719058531467812,1405.4623943835504,123.4757683785773,991.6734617125153,0.0,0.0,257.16478523127967,58.253778932982925,86.2777227848751,86.9733876408391,94.99716604734638,89.50372486058589,103.10664715551268,85.392231505133,87.54204509239838,85.06506858365344,93.28486393488646,93.50691864009963,86.02368546718535
35,1460.4343111389646,135.0974981973678,0.2253653551751831,-0.14342857358931452,-0.8114765306040373,49,0.0,0.009074275396513762,1.132142866495947,-0.13475308615853634,1460.4343111389646,135.0974981973678,980.7422664345768,0.0,0.0,257.12127061611255,58.25866585888719,86.56675886120254,89.47927294223368,97.55813104328314,82.03021637671034,99.69711672507526,79.7468098063772,100.67073468897718,92.0502243002428,78.97889609119188,107.27211115372488,66.69199444555781
36,1525.2311456186171,143.7493852566632,0.49282851264850835,0.3546920642874939,-0.10353948874308595,49,0.0,0.04885066249700052,6.827185472420602,-2.0856042534506622,1525.2311456186171,143.7493852566632,1750.7492980556135,0.0,0.0,257.0699597121889,58.26230457145649,158.67686919755755,156.04244060982768,187.1617594516913,157.83011816042364,159.46268356822534,136.3598240197366,155.08073502121374,154.1358961072561,172.954895519587,176.00604717242322,137.0380292276713
37,1219.4860347476538,147.82799197507182,0.2274451491701031,-0.12840998915194515,-0.007455742369646825,49,0.0,0.010261146400437474,1.259854283853654,-0.2508007925997132,1219.4860347476538,147.82799197507182,1175.5592469198195,0.0,0.0,257.3121371350866,58.26366210437404,90.13995235980856,137.9448796722877,105.36132925768997,110.72745535208733,100.91125893015469,117.1857944858432,96.8583450413353,108.27949252109663,114.658592400302,100.04475232760237,93.44739457161181
38,1873.6627844433608,158.67623414358528,0.47021340424480335,-0.16383459446810278,-0.22693465235408963,49,0.0,2.9714340439984577,421.7378587088823,-6.562606471652405,1873.6627844433608,158.67623414358528,79634.40918851682,0.0,0.0,256.7939470191997,58.26835447991193,6757.937883801726,7347.084832421456,7563.433432425491,7494.838143604576,7595.178569815735,7316.313253630093,7434.506025967561,7532.0269119827235,7692.173313316401,7471.921309107967,5428.995512443094
39,1153.6608123499423,163.97775615359336,0.7516096435503257,0.6249886423863984,-0.0005959194406371181,49,0.0,0.025896930294637775,2.637421516720557,-1.052948862364069,1153.6608123499423,163.97775615359336,1345.0315603425277,0.0,0.0,257.36434250518056,58.27025683021273,117.38296415885299,115.38466311390252,130.95333451367847,124.9318934820322,128.81100689086202,109.56595736939707,121.42976476024523,119.86779203277746,134.1971055675356,138.44969561906032,104.05738283418367
40,1063.8099596722857,165.5942670904034,0.4036810313500677,-0.03648245406020883,-0.30696789025694465,49,0.0,0.011333479379647848,1.3425275354186796,-0.31980800475161547,1063.8099596722857,165.5942670904034,997.938114566799,0.0,363.33048963841657,257.4355308086431,58.27071378363015,99.74269904504217,96.24738884833769,76.98691039109482,94.69888628572338,98.51547841658078,93.04524984907141,102.45360341366165,86.52432469932631,90.10350818014501,81.14918171176865,78.47088372604702
41,1707.6884544899035,167.39613420045026,0.5767549383754738,-0.005176286818852028,-0.13342004380019495,49,0.0,0.2154804404442853,29.141007764819417,-3.661261416554409,1707.6884544899035,167.39613420045026,4858.586470289283,0.0,0.0,256.9254205954115,58.27214202086333,416.74784463544836,405.67284974700095,462.26235912038317,409.69336583843517,465.0483260599755,454.4218358275304,495.67563751855755,477.16770527429935,465.9781574939931,454.5398030621213,351.3785857115384
42,1150.470350941057,169.24960056915177,0.8260953510472354,0.40078666638188704,-0.15016040694674582,49,0.0,0.024768420006047186,2.500407247643583,-0.9950268726804307,1150.470350941057,169.24960056915177,1365.8219336087618,0.0,0.0,257.36689226732136,58.272446140040195,113.46019672627703,113.8878371599025,140.80641294166102,123.89495483193298,125.41402614326003,118.41602576261393,127.40347713020165,135.53308894670167,127.00619266580892,151.21969786539225,88.78002343500997
43,993.2514335598555,173.9209794518859,0.5440648251743911,-0.10936715512078521,-0.761054845881968,49,0.0,0.012703240069955586,1.400488633927633,-0.36569897132713514,993.2514335598555,173.9209794518859,1012.1859896709568,0.0,703.6073487698748,257.4914751036155,58.27398500196103,69.92462711463972,91.49049560467532,76.43272508593604,109.50305657410011,103.4605122735843,86.56740949665502,83.05607051244928,108.15139575769723,99.63961243045259,96.00255212773902,87.95753269302824
44,1680.6419845639107,175.00631167376352,0.5775519747485766,0.010615190669664643,0.031213822514792863,49,0.0,0.010816161960123293,1.1517618449320193,-0.15340671828132324,1680.6419845639107,175.00631167376352,900.3639034680737,0.0,0.0,256.946843010479,58.275324997534604,84.641364135184,81.08303444541184,84.46540942543646,90.01868459569235,89.46502448963221,72.68835723447444,81.3031268366439,73.84482205868763,82.59303505009433,101.6668690396852,58.59417615713124
45,2127.0674475791125,178.00690888470893,0.4515416308941377,-0.6679034917879803,-0.3142951492435157,49,0.0,0.033099111990386024,4.312739247645338,-1.5868830026961431,2127.0674475791125,178.00690888470893,1562.9003095533071,0.0,0.0,256.5931131120055,58.275911389818994,131.35966172676555,148.41121164320393,148.43746222441223,146.02767697664086,123.6129868444522,138.07174372369502,162.73622759177312,148.9772858156207,141.30030044811127,152.34052634774443,121.62522621088785
46,1816.7328375586503,179.78030667869402,0.4282488140819736,0.5564104629836933,0.04013976521047209,49,0.0,0.008842923508264803,1.219728357343683,-0.21565780200974227,1816.7328375586503,179.78030667869402,848.2763208161728,0.0,0.0,256.8390030749929,58.277215104697696,79.36656448443468,73.57685447357579,87.91133629137545,66.17354783318625,89.36455626371982,78.59281442391871,81.59217859526885,70.8604414804086,82.66206163435379,78.21164564676432,59.96431968916653
47,2411.7067081079763,179.57806005499287,0.7756166115104848,0.38661916019480774,0.17273665872117747,49,0.0,0.4978888692938344,63.621409399534514,-4.509008214414244,2411.7067081079763,179.57806005499287,39740.447837153406,0.0,116.56598548428849,256.3675805954672,58.275632857415424,4085.623624532559,4683.914593821651,4856.356589795822,2956.303063522448,3983.7353586438235,7772.140010290318,3485.4396367089244,1407.2696702429207,1682.5834389856136,1991.814212149113,2835.2676384602114
48,1614.8307993785086,181.39710857147895,0.46599376175831525,0.37649308682080235,-0.3272522704933599,49,0.0,0.037983036609597585,5.458687984515187,-1.842720677477676,1614.8307993785086,181.39710857147895,1508.6235938732548,0.0,0.0,256.9989872071172,58.2780027799507,134.69682179022476,133.7138749085688,135.8543516693906,142.47048457237287,133.59668238797602,150.2211832126045,149.07370288511783,147.49972355479727,139.85723778907314,148.98973053252075,92.64980057060839
49,1644.283678518869,179.51824853044914,0.47237485561370435,-0.07436286640766379,0.2694299718706454,49,0.0,0.008941869867646135,1.0251713362051078,-0.02699113701602881,1644.283678518869,179.51824853044914,940.3540113669035,0.0,0.0,256.9756494124584,58.27721581051577,92.51633348602819,92.6693837045156,84.5488200751842,97.77793392964959,82.14661830771291,66.64596349913893,94.69411496098468,81.16455255763152,87.26795380030354,89.67146719946203,71.25086984629235
50,1723.2601030549772,181.2176135311562,0.5675758805547756,0.2231626499259632,-0.23901743417922686,49,0.0,0.12624717440680092,16.320236913771037,-3.0318161473186005,1723.2601030549772,181.2176135311562,5143.420159940006,0.0,0.0,256.91306772563394,58.27789156966019,387.8605432161562,441.48335157434394,517.457516030323,473.17957008984536,510.37852732588544,481.356348296127,477.82078540738206,517.1850184073886,485.8037579962946,488.16600572084747,362.72873587541176
51,846.422554409455,182.6314968566028,0.25797069506662496,0.7464819170905027,-0.13918765410548445,49,0.0,0.015980507482224744,2.450500560370206,-0.973137015403258,846.422554409455,182.6314968566028,1385.6024638026756,0.0,1115.253701136326,257.60786381329837,58.277124040876764,110.25556157756631,129.11622779438972,128.55810902576593,102.94757775667529,133.08859045888332,119.56055824352157,137.37156089478503,138.78492851827633,152.8286089956236,147.51189270536776,85.57884783182094
52,1009.4009346824084,181.75428280147293,0.6662490156899854,-0.5519130890601842,-0.6320285701493397,49,0.0,0.01474436027432213,1.4275515162589323,-0.3864794741218329,1009.4009346824084,181.75428280147293,1118.7088221749855,0.0,540.3802360664639,257.47872361903353,58.27729583829108,70.32878781431451,110.56385201439825,96.21449200851222,126.91956009123469,104.02010859451161,101.59442729389033,118.62216881555526,105.35521607852152,95.79156442118529,108.57477433575258,80.72387070710897
53,2264.1429856802633,180.875980767504,0.5158144558709167,-0.4096732498832499,-0.012333273072399557,49,0.0,0.009858617141309908,1.0610586018106656,-0.06434842615339913,2264.1429856802633,180.875980767504,1030.2748340440203,0.0,860.6093445301261,256.48448783731027,58.276706873391845,85.51091646678663,96.89800749002643,98.0626329459036,88.89135238221054,81.09001454971903,97.77458898240293,103.16276051070446,87.5111978913304,103.64741671806308,119.39447887607443,68.33146723079872
54,2387.413372701236,182.02846355853453,0.9209826949417825,-0.037078628766918045,0.004078006066015609,49,0.0,2.2321779142988483,258.8807156658245,-6.032749251310754,2387.413372701236,182.02846355853453,45709.398167860054,196.87191679549846,382.6329440320043,256.3868098729914,58.27674882223136,5243.327503740377,3750.4844585395786,5095.892195574576,3016.356290091794,13715.966383998571,229.83620030919877,1661.0128303814408,1438.9287237550077,20.183574238354517,5074.899605171577,6462.510402059582
55,1205.7874075797158,184.15897868457068,0.37411599553613456,0.23826503914451225,-0.25379230507626493,49,0.0,0.02674601819807351,4.417084370841972,-1.6128392370191678,1205.7874075797158,184.15897868457068,1333.0648348909845,0.0,0.0,257.32312182406906,58.278772113496046,110.29314707880981,117.02276667019196,114.45127959250445,120.46093871081904,130.45489409664168,114.38313145101313,152.63538503298804,117.41766509350083,130.34628215181732,139.1822916049226,86.4170534077754
56,1321.788042542355,184.25153276460384,0.3700568609709738,0.11914827804332559,-0.33911021760597004,49,0.0,0.011196765827543722,1.3164206229547475,-0.2984866932576242,1321.788042542355,184.25153276460384,1402.5998879553636,0.0,0.0,257.2312017413004,58.27900212143124,132.59416337394458,148.0188327070415,112.64621147627292,138.60805912816858,134.0398750610464,124.22016268334617,106.47331593943855,131.0676634133187,140.67320796410326,134.18207426103174,100.0763219476512
57,2318.699085963262,185.88802998351238,0.6175145313782539,0.04588395489753047,0.1998742525723971,49,0.0,0.011013042474495112,1.2729473097092932,-0.26202606888258684,2318.699085963262,185.88802998351238,1257.7122542888474,0.0,925.8645492550233,256.4412278313339,58.27861016326434,96.79474062002537,96.47205791946787,135.95429544592085,100.4387929773518,160.54961053982493,114.9533753673401,122.89223848191813,127.51987583728696,105.69260279123343,125.65114782583699,70.79351648264117
58,2376.4605510721776,185.9184198720469,0.7964683182894924,0.1947714502560666,-0.28752864442759024,49,0.0,0.9148125290438633,123.61654047120446,-5.230191463183815,2376.4605510721776,185.9184198720469,34580.06850232169,184.3205420846936,519.8431133473305,256.3954596667237,58.27841131857269,7315.632422574037,2257.3844190465506,2635.0294014298743,3101.554431631995,2090.8426205514406,3006.6298360363267,2799.389389276958,983.4119688540426,3096.0136603082838,2535.9446310586673,4758.23572155351
59,2417.8400291125417,185.79069169567435,0.6561311954570848,-0.589932675243547,0.021147279294630433,49,0.0,0.5189129252749551,75.64964768204703,-4.697017274384493,2417.8400291125417,185.79069169567435,32909.79726398081,0.0,139.88594003149746,256.3626736206972,58.278196536488906,1425.55298150399,3322.859803886863,4408.576328791571,6100.484100776386,2813.6624124936525,1709.175441690982,3348.5763064661833,1852.6953046387764,1593.873189957104,3203.191745277888,3131.1496484974086
60,1309.5540556722783,187.55374400124694,0.5517581353438797,0.30894859839794797,-0.23579813068705868,49,0.0,0.5318161287763936,73.32907607131808,-4.663190532560754,1309.5540556722783,187.55374400124694,11694.420883392035,0.0,0.0,257.24090518844565,58.28036080598303,950.4368969147185,1099.7518121761143,1048.0445231658368,1112.364331132224,1118.3244767141819,1028.0960395102,1111.8270113431481,1181.7787461079874,1109.56973369879,1140.8362745057375,793.3910381230976
61,1732.5549684586967,191.59330155017827,0.6007272441209006,-0.6158771440221547,0.5725168393203045,49,0.0,0.5497323139517015,35.79518428997267,-3.8845615067653534,1732.5549684586967,191.59330155017827,179131.09216417288,0.0,0.0,256.9056896237545,58.28220850420762,15302.981663846074,16675.17032474429,16689.180602921886,17067.763810951205,17233.494631527017,16838.112645917245,16772.053640031518,16720.562071642587,16789.834301166637,16798.583941215114,12243.354530209312
62,1587.238643029061,193.06797460086625,0.29123090435594784,-0.044922947944129085,-0.4141491227812126,49,0.0,0.008867429295943956,1.146644334933874,-0.14857182433294155,1587.238643029061,193.06797460086625,923.4371940353656,0.0,0.0,257.0208527857317,58.28286519942424,102.31989076093899,86.00039189961905,82.00442401748276,79.89637261598786,80.40410932316362,83.08147054338575,87.10264732461829,82.8255329745528,80.03282027877515,90.30319556631358,69.4663387305277
63,1536.0221143749395,193.55451820915798,0.5386810898406941,0.2927698248742184,-0.03744462205314899,49,0.0,0.11007585452523232,15.694648973708604,-2.9893790168014975,1536.0221143749395,193.55451820915798,2791.801560191512,0.0,0.0,257.06144284157074,58.28305814521903,226.1287382235068,283.4610768090739,263.6868249241306,269.39605523546646,243.3510806748731,273.34922915872795,265.07619377185136,263.36360233434675,258.5688020297748,267.6042166737943,177.81574035596617
64,1718.2123338606873,196.93382842615844,0.7241768121179762,0.10598224625132004,-0.14253012034921012,49,0.0,0.045003500719418235,4.212034289226931,-1.5612297450546517,1718.2123338606873,196.93382842615844,3615.659297157483,0.0,0.0,256.91705021957864,58.284442268705874,294.2187343258949,334.7193739090293,298.7603400333792,341.3840752982817,393.73092571582333,321.7359642380884,351.7071899749756,336.63816746875614,355.9851417887704,329.8041066245361,256.9752777799474
65,2386.011786166743,196.93942202504405,0.4404045117780259,-0.26242864305240066,0.7210895020206315,49,0.0,0.6241968316833842,109.16601217042144,-5.095218614593788,2386.011786166743,196.93942202504405,50425.935916553346,237.90760475180122,790.3714482493692,256.3878104896839,58.282966098127076,7142.60068144924,4324.2296691016545,5548.5948686195625,4059.235122300277,4128.465056589925,4166.646220387172,1514.3156423145163,4905.912797723156,2831.7049717356567,6794.586010466751,5009.644875865437
66,1734.393600711032,197.7513819430746,0.5224346206661785,0.0880448790979107,-0.1488226176437351,49,0.0,8.219753199116626,1162.5816974648508,-7.663558703929669,1734.393600711032,197.7513819430746,200768.24656637045,0.0,0.0,256.9042247766813,58.284772899899515,17176.115503222973,18577.112535027372,18581.66808592926,18938.6251405699,19200.804727491886,18686.95446494047,18938.04187659693,18818.078771456443,19050.428356470467,18943.024085577617,13857.393019087103
67,1802.13216502012,200.04126824020213,0.5101135050082323,0.25777626843095036,-0.1300493637946699,49,0.0,0.052553968323881886,7.4494849439706305,-2.1803156168626607,1802.13216502012,200.04126824020213,1747.8272411829855,0.0,0.0,256.8505340534943,58.28567120209825,152.85865133207326,174.24081812579283,161.78809605608745,148.03645379019468,166.25650647656937,161.2105813626382,183.7398937419907,165.11264711051805,157.32007284467264,163.1876991581571,114.07582118429133
68,1504.3595410213184,200.99547239721275,0.3859431331481783,-0.6398269662975754,0.6678805290444418,49,0.0,0.00917462392649971,1.143849467372842,-0.1459221857253417,1504.3595410213184,200.99547239721275,975.2527825972335,0.0,0.0,257.0865426753205,58.28614575149645,76.12793668438803,103.6287454672175,69.35053601602507,101.00786203877189,93.03813091557697,93.32206577380722,91.45294338526088,84.20928750979289,99.44395725142829,81.85019896234985,81.82111859261482
69,1705.7682529171743,201.37627711675822,0.35525596325202946,-0.6057454204719652,0.13452397133491675,49,0.0,0.007788162616448172,1.0070959255905683,-0.007677097363550727,1705.7682529171743,201.37627711675822,1160.1235977156425,0.0,0.0,256.92690835715797,58.28629989668496,97.03917348279938,125.33843513263592,104.08308883230092,123.65546547913674,109.13305845810719,107.73005783322188,118.79520478086137,83.75674908554443,78.85918859326605,107.94434477274216,103.7888312650264
70,2296.113641087941,202.7350464482881,0.6762268099060311,-0.2802759605629858,-0.0806440640482606,49,0.0,0.016789946154003907,1.6406359767573508,-0.5375305769120022,2296.113641087941,202.7350464482881,1140.2101497810204,0.0,893.6600734220906,256.45901390516525,58.28570694622511,108.2678754458884,121.19901607065106,95.82791217007755,82.88135327409094,115.00959381049753,87.7633539411403,106.02531857845682,121.59512235981094,104.97531704617191,113.92804802332006,82.73723906091493
71,2402.349951351697,202.39859986984933,0.7208441214670079,-0.7782655741184294,0.3652499402038079,49,0.0,0.8258380141510987,102.76771005968548,-5.029641698473087,2402.349951351697,202.39859986984933,49646.37436271225,33.47451805040636,585.7487738295911,256.37482216866186,58.285176810295034,5279.404567500885,5148.775434766151,4316.766603248738,6839.889508334666,2772.608718306826,6500.398996886214,3768.345789176271,5261.371419265821,7176.413151859775,2524.0266790081278,58.37349435877352
72,1010.1012767808107,203.3594388663464,0.6047578797674142,0.2577108311646595,-0.15083803345009458,49,0.0,0.037559717086494415,4.42040599279308,-1.6136553975426349,1010.1012767808107,203.3594388663464,1608.1948173666324,0.0,300.238828940148,257.4782883817323,58.28629876786893,125.03189581334024,152.4844936685925,152.99591997384093,126.97446400222591,159.70209718995753,145.13277248970098,160.0075754711603,153.57555669252196,150.651529152673,165.42024511585038,116.21826779676871
73,1360.543456776827,202.8898489593165,0.5855448285623909,0.08827536183421633,-0.16401417644875887,49,0.0,0.0282316158663841,3.5690471193386406,-1.3813807041099968,1360.543456776827,202.8898489593165,1220.9310480251347,0.0,0.0,257.200533131784,58.286816494252236,90.33482810677249,107.47534881205212,124.82393160744707,106.26241368010773,121.05573761238756,112.25160608055572,119.29905834508655,123.11114566163528,100.5476492846995,125.87237676786296,89.89695206652786
74,989.5075764866057,204.08191347712423,0.949483558332102,-0.4692066899689041,-0.37489660461380164,49,0.0,0.016789808512294516,1.3092550650914345,-0.29256065680998844,989.5075764866057,204.08191347712423,1091.6358349203974,0.0,349.2766341625294,257.4946141656046,58.286539105534594,95.67885030397585,119.0157693160976,97.98113744179648,101.96883617309601,98.74182547358998,81.97179564416744,100.74989229835529,107.34809186196081,112.68638311298919,107.27571169576763,68.21754159860104
75,1826.6291476916178,204.6156748467604,0.9684240885680169,0.7095293851694484,0.2019863867190625,49,0.0,0.016601678609671856,1.3360478040571837,-0.3145549939020095,1826.6291476916178,204.6156748467604,997.8237695421903,0.0,0.0,256.83110873026067,58.2875513102145,81.85003619894022,100.74609725213712,91.4999265351228,85.71058009608565,99.01882429572618,82.8191775907352,101.0082489695619,83.58454540884847,81.7442360367381,113.50875694977495,76.33334020851962
76,1607.7182360111642,204.8633129869316,0.9246856448000914,0.7935402260106468,-0.006825706502860343,49,0.0,0.017100762562010378,1.446420351863441,-0.4007363097913807,1607.7182360111642,204.8633129869316,903.7650480934669,0.0,0.0,257.00462163911993,58.287779716584296,80.0304049389082,71.27695480621044,81.9689051334949,74.71495540401975,82.13325436690151,82.52273336581571,87.34497956957372,85.73744080222227,108.0436351022041,90.15336200641427,59.838422597702
77,1840.2023949262082,205.23328876286027,0.896313349551385,0.12276927895690706,-0.1899912142965229,49,0.0,0.03808761278639677,3.6871479869313277,-1.4167264218684834,1840.2023949262082,205.23328876286027,1267.8908291170355,0.0,0.0,256.82034900394495,58.287793120254,106.2178092520228,118.70490598068386,112.28398887481872,141.033467774167,114.88533229932426,115.43402219325424,116.45816584755055,114.3126129733947,109.5988589948681,134.94495059178684,84.01671433516458
78,786.3116645416014,207.13821801550878,0.8097493716433973,0.5145485236331699,-0.20561148914229846,49,0.0,0.027997508882811106,2.220168497055158,-0.8659648399152768,786.3116645416014,207.13821801550878,1570.7236535177528,0.0,1132.0910972518518,257.655678208431,58.28710244408737,128.0623738789455,177.85102480867232,134.32910531507332,128.24085918720266,138.08330359444,186.13443928619088,151.12445089779948,112.46993699006856,126.92060223530166,172.74581946141794,114.76173786264042
79,806.3984754893604,206.96725464027682,0.23613722544934634,0.1247402418641246,-0.5382474200375339,49,0.0,0.006033718382890042,1.1061846983129362,-0.10956911661062392,806.3984754893604,206.96725464027682,871.683543765997,0.0,669.7923966712694,257.6397571893817,58.287110417619346,72.3043885405441,99.77043661687762,75.43287203160955,82.17000416572853,81.3130463059712,75.29409588396013,98.24268833345988,70.1062440417813,95.28042557312241,67.67644935637196,54.09289291657042
80,1436.647392030906,207.17688482366242,0.5285322977551458,0.11657421817578617,0.4334823866682727,49,0.0,0.013106167786406843,1.5848761924756687,-0.49998835404255865,1436.647392030906,207.17688482366242,901.3904713823388,0.0,0.0,257.1402198132151,58.288677910231925,68.79676379738117,94.4976140296645,79.98110270443286,75.42731366932742,82.75240108708277,74.0067965663482,87.66173747898115,82.7570332776271,90.91216138402316,93.37240862048034,71.22513876699011
81,788.2400348292024,209.108986689202,0.8590385505212523,0.8553839520237175,0.9669131875829668,49,0.0,0.018130455183698622,1.3183742506050589,-0.300096780388553,788.2400348292024,209.108986689202,1603.8411399877627,0.0,1151.9411332595214,257.6541649124752,58.2879311500587,140.2376043493927,173.86845063522992,143.0946369427897,128.29028368175545,153.3117904353554,182.9450529526612,151.7449229472285,129.46730115112214,124.08125726994274,165.6343922561391,111.16544736614591
82,1083.1602838331241,210.82228038249707,0.6524738643406354,0.14047447572757668,-0.06176643649261198,49,0.0,0.019600023189424557,2.261278549554447,-0.8858851576140493,1083.1602838331241,210.82228038249707,1042.3443581198899,0.0,0.0,257.42042074037465,58.289606283543584,91.47993319818225,78.87814418516018,96.69354341729628,91.22341417055472,87.83951655698121,96.66543193043518,105.53662515424193,91.94285691719199,90.53946264614837,117.04556334778582,94.49986659591195
83,1159.0644629120109,210.1219671194483,0.5352166212847435,-0.3436723846265994,-0.008962100002161534,49,0.0,0.032790486368675424,3.537834685361915,-1.371843838737481,1159.0644629120109,210.1219671194483,1929.2790623423693,0.0,0.0,257.36025277886756,58.28949295125364,162.21650281335997,178.9583321541044,175.5212164250606,172.8460112172644,170.68272991066308,206.2728279266263,186.51433306655937,176.1661087316645,175.68024454151146,195.2413773087838,129.17937824677134
84,2206.8502480172588,210.6451380988622,0.42320080593837334,0.46102710644461914,0.23556030758655871,49,0.0,0.010735124266661854,1.2752500222072627,-0.2639883494151218,2206.8502480172588,210.6451380988622,1059.1740139518972,0.0,10.190577324993793,256.5297136573537,58.28928725830138,86.10380853121565,94.03656922151544,99.10637964441172,87.03551632381868,97.90876058082806,91.78107837952851,105.27670671978484,115.10058682032397,112.99876879560505,94.42463491974885,75.40120401511639
85,1472.3595414376853,216.22704505459427,0.4621954724958714,0.2520972237875803,0.13741580530625605,49,0.0,0.025115209889324856,3.368686046704368,-1.3186513442104961,1472.3595414376853,216.22704505459427,1249.4138037364028,0.0,0.0,257.1119237374412,58.29247398561038,116.53764706865923,113.85261953851496,115.96249467650914,110.17535208811069,89.47925885438498,130.37842142101945,119.45381858461167,100.40807254065936,115.40798108490229,147.5649579242465,90.19317995478443
86,1578.3486213871704,217.22138045497624,0.6477825743423384,0.1805900444134084,-0.18372927194573466,49,0.0,0.05557925253707483,6.7603283050742595,-2.074919468263838,1578.3486213871704,217.22138045497624,1623.5590282377887,0.0,0.0,257.02790326661346,58.29292731019736,148.1008010915418,167.5899772960304,122.15169198143732,148.5172629964809,147.5090617562276,156.47602481351112,146.5060801442666,146.17765241718416,140.37988960836384,175.73099520006963,124.41959093267533
87,2380.7077908562655,219.48351326104313,0.6143379589870931,0.5497201925981214,0.42825703297104817,49,0.0,0.009288905963555675,1.021614011029348,-0.023217101180207353,2380.7077908562655,219.48351326104313,1039.0856239085774,64.2991226276164,855.2279497786778,256.3918485909054,58.292378309868894,91.51977305584984,107.31518013183461,81.65360744509803,85.83952787701776,92.75452777191313,105.73829352515324,81.11524988359442,91.11102207752347,122.3648475313085,86.33256130546326,93.34103330382126
88,2252.8045325320304,219.59265710657786,0.3707159517471745,-0.32096858968483466,-0.4133900748782957,49,0.0,0.008806016312436325,1.0460274749024743,-0.04885772959254773,2252.8045325320304,219.59265710657786,927.5710705684,0.0,149.56418880789514,256.4932346715328,58.292873050248275,79.62571442173578,74.60496369100602,94.5798195524167,81.03133543341016,75.60379424968849,92.67981535508817,83.35153299042202,83.21180739842595,90.29482356632158,92.79504993608867,79.7924139737966
89,1419.9036190213988,224.0224428029188,0.5079805315476678,0.22942186129610448,-0.11002801378663918,49,0.0,0.16316121481289872,24.938799848839633,-3.4921888743030087,1419.9036190213988,224.0224428029188,3781.5422383430287,0.0,0.0,257.1535201775692,58.295682018732364,315.5980321870382,342.51500251233256,370.66185454059803,349.67489281575774,367.5275527991844,364.122592743465,352.34972624309205,340.1424238924886,349.4095274145252,353.36288620073196,276.17774699381505
90,1954.8827122357466,223.7173264802834,0.47368173620928145,0.17716846281178417,-0.22327571610145794,49,0.0,0.030914333532095495,4.321712416376438,-1.5891396596441787,1954.8827122357466,223.7173264802834,1351.499468913797,0.0,0.0,256.7293903053179,58.29532689813767,122.46046282015257,112.15024635890248,121.02690324033854,132.08753705674664,142.52934904043775,117.11951243133339,125.089368653626,120.73639537858932,127.10318222747601,138.28277961178952,92.91373209440474
91,913.9265565705488,226.14421889382606,0.6443214946620454,0.10283129882343135,-0.40601871950738805,49,0.0,0.011793043150330187,1.1143523665846597,-0.11755634932502092,913.9265565705488,226.14421889382606,976.8048462771735,0.0,528.9173501638544,257.55465829788864,58.29548996382258,89.07149776457403,78.03228029283358,84.04424911175852,89.0342396714608,97.62908972577841,82.62657544523086,94.71267326801586,89.73467719888708,90.94574558924839,104.13799037079502,76.83582783859086
92,1936.913805373594,226.47462773362668,0.6310112840625459,0.021893183212154933,-0.042297932431099534,49,0.0,0.05384391300018123,6.70848088556584,-2.0665604667008464,1936.913805373594,226.47462773362668,1655.0508632355218,0.0,0.0,256.7436270349469,58.29650608692209,146.0106935376324,166.61628186923937,146.492835182929,146.32503163854994,130.54487639184617,144.00136339009165,172.36546468005463,176.11451059457812,142.8211443254198,157.5898120347333,126.16884959044725
93,1148.6314493376801,228.18731914404688,0.5277620947002737,0.055928832007313925,-0.292155637402738,49,0.0,0.0674052759349,9.718149075774194,-2.468958892067916,1148.6314493376801,228.18731914404688,2025.7525392454613,0.0,0.0,257.3685990762769,58.2969964231038,167.77653724093994,190.3061244897271,193.85498879418873,178.55400580064187,200.53716298419533,171.36299747189378,198.84543428784826,216.90210763864215,197.34294945903622,181.4008250332201,128.86940604512802
94,1905.2481592881552,227.34323013019704,0.2820972772191383,0.000571121553844454,-0.28821675748297765,49,0.0,0.012548919399114865,1.8082990691109717,-0.6431756468243628,1905.2481592881552,227.34323013019704,1087.8102330865395,0.0,0.0,256.76872942725527,58.29691775731753,90.48741184439974,103.07292311147307,113.85315193815268,102.77513794977291,78.27415392695326,96.86344622190053,110.80345572147998,92.00941569523864,98.37036066542433,109.02741967330527,92.27335633843913
95,1654.7781941174358,230.48032326697944,0.28631449807854614,0.48510789607084637,0.46694581035774296,49,0.0,0.007852007210529898,1.0115072146511757,-0.01242246188969894,1654.7781941174358,230.48032326697944,987.700962671592,0.0,0.0,256.96730774531176,58.29844529340585,94.16128660172059,91.35379114452243,90.9563588694682,91.93640513438626,87.80852410135616,80.59255971334808,95.43986997588783,89.95589050511728,88.9965258035516,113.44820773713363,63.05154308509995
96,1302.9054004372822,230.7501657290619,0.579904792011169,0.2086526094195726,-0.1567046193196814,49,0.0,0.09566818615113758,13.468388860152462,-2.823289117185225,1302.9054004372822,230.7501657290619,2377.127936668974,0.0,0.0,257.24629457159267,58.29834772810204,204.89469757230492,191.74300392257152,215.975269916112,233.08526611157782,226.40360883239566,203.06660826706695,207.29737309360075,260.05317531685665,228.27342329604082,229.31464632973749,177.02086401070994
97,1156.544349562602,233.05746467236747,0.2533120826011864,-0.9023294630368349,-0.23209487244340687,49,0.0,0.008263943963607264,1.2581258466046132,-0.249310211184086,1156.544349562602,233.05746467236747,1287.247928758844,0.0,0.0,257.36234593608935,58.299042795167715,100.07222949533993,107.58046244905253,122.3224120070002,102.0234326925264,142.46518592314638,112.73794001617162,110.10677830586873,133.35553924658745,136.3005302871371,135.53950555176948,84.74391278424416
98,805.0472887202603,234.27010527023094,0.5755514698666058,0.5078799600821859,-0.24907253428822676,49,0.0,0.08283897528744164,10.177448422159769,-2.5190972752880962,805.0472887202603,234.27010527023094,2740.282891631746,0.0,2327.095063051752,257.64103196715894,58.298479499536235,240.95990132739385,284.6224908804861,248.4239195972978,252.92017600723426,213.10800468007693,232.03439368719168,266.23795184460926,278.86592854512924,259.93024059179606,274.7506443168783,188.42924015365264
99,1254.579095635104,234.01682550706792,0.2627647019047206,0.19116441091199302,-0.353007972683495,49,0.0,0.02058606282476245,3.9609712608128382,-1.494504228381549,1254.579095635104,234.01682550706792,1222.512124998143,0.0,0.0,257.2846207529519,58.29963241177084,91.49964292558354,123.01375579987072,119.29730782495962,110.46640144127961,134.7011305390392,126.51698531670316,128.51843015373285,117.96423700121534,89.25365521296027,104.37419096587534,76.90638781692337
100,1113.0892989009517,239.3424639176643,0.4266030910003397,-0.42699147555281075,-0.3784327165470583,49,0.0,0.010316809183635806,1.132400119690233,-0.1349997664907104,1113.0892989009517,239.3424639176643,1021.1707225355981,0.0,0.0,257.39682829187115,58.30156196008422,105.81711207590743,92.53807733924958,92.24759595906322,78.55534964763982,99.15134480812651,102.72972988509022,113.52148248225139,98.61854944451366,83.12340257520911,91.49988146645698,63.36819685209025
101,1595.1005829877706,241.25278306991595,0.6597472773206741,0.13124690600901717,0.2070337076563569,49,0.0,0.01496699100213834,1.6624895846848773,-0.5518973329407818,1595.1005829877706,241.25278306991595,871.8290504945682,0.0,0.0,257.0146245373296,58.30294053067054,78.17868182403544,90.56830696839103,73.20858464360859,73.55848440447225,78.84214939219733,84.01366693090273,71.30662965507659,79.66387250117828,86.54905654702671,95.83080724764339,60.10881038003583
102,2325.2380502240826,251.26186614624055,0.6703529644602658,-0.9331496316525791,-0.09481561593650516,49,0.0,0.045883858164332075,4.564161690746612,-1.648402553517051,2325.2380502240826,251.26186614624055,2134.1676690109307,0.0,662.3461546521241,256.4356017742534,58.30582200585418,175.45841660966494,181.80897367796487,198.60967206070046,185.1486894905315,238.75904096536854,195.318135894617,185.9803145883658,213.3962527071862,213.16564649476868,193.43845589717296,153.08407062459005
103,844.8414804428193,252.90401427957872,0.3399433967972605,0.4073949284875418,-0.08164124164989284,49,0.0,0.015835480068317302,2.229301322594021,-0.8704219342058135,844.8414804428193,252.90401427957872,1271.556269361986,0.0,987.8438028441944,257.6096150572885,58.30639383161053,115.31292232786612,134.90682104824526,115.00639295199835,125.4482585322597,120.77084858977595,109.74997472671421,108.86627843718745,120.85322883370247,116.77963376351626,118.34243352832087,85.51947662239945
104,2309.185156220535,256.5604817737891,0.4880890324015818,-0.6924163937701276,0.33082915598918483,49,0.0,0.013613568113442562,1.359142982543561,-0.33316286784902277,2309.185156220535,256.5604817737891,1150.9110678893794,0.0,73.72858321393463,256.44829614112933,58.308085895894166,90.32019829828221,117.32332795642996,90.22929025721686,110.09521520857461,104.47674957761204,97.79426347948173,121.6959464415609,114.30338837158794,115.01808192706189,99.1779570855146,90.47664928605676
105,917.5740371368423,261.9141157479851,0.7891129449496537,0.1418346216447008,-0.09955993831807815,49,0.0,0.038393025392329215,4.066323426895361,-1.523004796385742,917.5740371368423,261.9141157479851,1353.4198663984762,0.0,84.50240581152364,257.5519962237402,58.310404215659716,109.98169838123732,130.01693119798804,128.41494729867856,116.47955828800818,121.22480584035463,140.4593979236105,137.98135974693275,138.24800323089755,108.31783531091921,128.4653189852971,93.83001019455247
106,1191.8134632390147,261.31340743388813,0.36072911226455934,0.4576231300314731,0.3071136231824047,49,0.0,0.009265011498450354,1.1782739341663542,-0.17811567575943987,1191.8134632390147,261.31340743388813,1061.1619369743423,0.0,0.0,257.3344909244334,58.310888532111626,101.34870676172224,107.98332401705028,105.72632663026047,109.2032598101737,103.81013654962983,92.3298982258327,93.68996881121276,94.04941991311372,103.4929012948746,89.01063733649588,60.517357623976075
107,2406.9628675451863,261.8161658332048,0.42418169085657953,-0.9240173964863551,0.11643215263210258,49,0.0,1.3252681771775505,165.66496111159893,-5.548076657212735,2406.9628675451863,261.8161658332048,54740.459758748475,0.0,47654.31401536454,256.3707164271076,58.30991193622859,4537.203874574105,5053.630918036591,5014.558539557484,5135.466611978722,5258.217062027429,4939.575333325851,5206.34112917343,5277.627719617556,5257.675854281168,5154.000651250337,3906.162064925799
108,1825.8252838331193,263.23104200894073,0.5908603561037532,0.002975779809015128,-0.26450844122748807,49,0.0,0.015658567759586864,1.9701535852232421,-0.7362502083164311,1825.8252838331193,263.23104200894073,848.0180932078877,0.0,0.0,256.8316218339401,58.311972737537566,80.14286318824114,61.267655430753685,82.08948450683093,84.5111578431683,74.25898319078186,78.8526172759654,73.09901707879449,92.81789980163614,68.43791060311705,85.30625230903371,67.23425197956486
109,2472.4549812115633,265.03826565244776,0.65514599996057,-0.024739231018192476,-0.4802580848124508,49,0.0,0.20856901080026144,33.95837376531807,-3.827367210285828,2472.4549812115633,265.03826565244776,2885.8582102696055,0.0,680.6804422668657,256.3187513903464,58.3109845365366,85.13562977067104,100.0971785329852,101.8660201525305,412.745214469058,96.06529720953779,72.4761494258258,609.5702065540381,489.0846339953091,746.8015296411805,84.72775581089013,87.28859470757972
110,745.0331717168497,266.45488711288095,0.7847642229332886,-0.9029327441960179,-0.3312056041514151,49,0.0,0.029549438401109056,2.0414523729905953,-0.7748481307569541,745.0331717168497,266.45488711288095,2955.452345082654,0.0,2482.101316887047,257.688869616405,58.31164458697806,223.19852161911524,264.10224401976757,262.9991898136358,291.92537228308106,290.2725560078292,249.1410907488655,284.2346378525506,282.06637071038165,287.03560789351684,329.3320886984062,191.1446654355043
111,1152.6369931029099,266.67823299394274,0.4582565431568619,0.11978451970698933,-0.017181433753899338,49,0.0,0.010199005396129848,1.2289777187642854,-0.22386002311231434,1152.6369931029099,266.67823299394274,921.3282753469289,0.0,0.0,257.3655853915096,58.31304127892897,66.64491869471836,90.3126958079534,93.71980818421416,77.78747779423506,77.83625584057783,85.44587267153659,88.37210616413529,93.02102901427888,91.15311869971558,87.76419824288429,69.27079423267946
112,1746.5425285489666,267.78566818294684,0.7240833579934829,0.4719103211786752,-0.23699951667940847,49,0.0,0.023764793138972447,2.621083075540072,-1.0462019654501145,1746.5425285489666,267.78566818294684,1017.9914098160727,0.0,0.0,256.89450003030066,58.313942568278854,75.64466425279818,99.72793339779278,83.25215428473084,87.15966128222897,83.59790797862695,103.10623616065617,100.44414214308394,109.29728251624198,111.99317798638116,92.43826053151562,71.32998928201624
113,849.2248666081138,269.7121081883579,0.2134640218410901,0.5253235314573815,-0.13790812666262073,49,0.0,0.008436487926096867,1.3098379724540323,-0.293043941389016,849.2248666081138,269.7121081883579,1028.1720779694988,0.0,526.1691012281582,257.60625774858596,58.31341236356146,101.5382861742736,88.57163088279165,96.34513094973627,99.19959334367394,99.12996093883604,112.687022259027,88.65053287756236,91.89085007051844,87.80629564322325,93.06932189667839,69.28345293317801
114,1574.217168932934,269.76873829230664,0.6274128094332857,-0.4356748503019752,-0.2655118578896929,49,0.0,0.01990894812034182,2.0100927572913094,-0.7580402468476027,1574.217168932934,269.76873829230664,1132.0278623119007,0.0,0.0,257.0311914082669,58.314819418194595,113.41274781740495,81.01342843794069,93.48100659703942,110.39425174742972,102.8009280692019,103.1683216724584,111.13527406104328,102.9676288065441,108.99461155544205,111.1301255761434,93.5295379712528
115,1331.0199452588217,271.03687857666336,0.6330947768740204,0.022660756688257316,-0.13298760034538168,49,0.0,0.015390206956200789,1.5667101878753256,-0.4874716688245644,1331.0199452588217,271.03687857666336,1002.0939817890404,0.0,0.0,257.22410583037293,58.31517122651617,95.87456812479724,88.2568033694169,88.85456876890046,105.45621797530296,116.4157434333136,74.2621789997618,69.53185493224305,99.43251350717816,91.52466539212372,99.55295350214277,72.93191378385959
116,745.1694252497105,273.0843385069639,0.7145935817480147,0.3887607968680714,-0.32962444360587523,49,0.0,0.06473347750137241,6.465917213547001,-2.0265753495405754,745.1694252497105,273.0843385069639,2887.1526161183556,0.0,2422.099006332024,257.6888148514551,58.3144069764189,245.9533332708485,232.19330847430675,261.5245615812724,288.8095769134976,280.5591439301568,266.51659201537103,276.9174463545872,270.83540879477874,272.5835776128512,291.3343670398069,199.92530013087844
117,1534.8445914421707,272.326693317031,0.6764979541378321,-0.2136891053966834,0.5232215026834037,49,0.0,0.011023511886324,1.0218527477199697,-0.023470792676270814,1534.8445914421707,272.326693317031,928.9569771457243,0.0,0.0,257.06242462359677,58.3158762487159,73.28771241208325,101.51993644752886,81.52606122557987,71.9638184972118,91.68003905508672,93.79095543705968,92.66631132627104,71.74155434098654,85.20171288633222,91.06977310076857,74.50910241681572
118,2133.6200347570916,278.93289832363746,0.6182701880501202,-0.3947269019279152,-0.08814262937787953,49,0.0,0.07324967322699641,8.804424913625194,-2.361752485086515,2133.6200347570916,278.93289832363746,2239.0671114979687,0.0,0.0,256.58741602989727,58.31794152785296,187.01582909129507,191.68640957175188,202.48579967526058,194.16296848546756,215.9943618716473,215.40192714201882,194.80673641491282,238.59301880415063,217.8510210987028,207.62159652158078,173.44744282118043
119,1428.5421660221743,280.1292528038484,0.5455530836365752,0.13718526979211437,-0.17549925377388645,49,0.0,1.1594241386421165,170.74753236051916,-5.580886089962201,1428.5421660221743,280.1292528038484,21669.468166463295,0.0,0.0,257.14676220274407,58.31906501028798,1888.3787511115859,1943.3218059678231,2108.4680166955,1955.184349857455,2135.142148501518,1953.094571603373,2001.1375339865353,2044.5048249852327,2076.8891419702163,2078.2180928880616,1485.1289288959938
120,1554.4111021154113,280.1224667986099,0.4168633868201562,-0.5059750691775807,-0.593341118183129,49,0.0,0.011018355182257137,1.4999677419979673,-0.44020479826766756,1554.4111021154113,280.1224667986099,973.5823940230443,0.0,0.0,257.0469067275569,58.319129552085336,94.04255699374372,86.84112460166223,92.74581036756545,85.07786530868782,87.13929317313946,89.33243024045194,98.58369244240168,77.64511059384628,93.68606146451313,110.74174199824489,57.74670683878785
121,1442.2906162940283,291.42076539150537,0.8703559063114018,0.6818214567943884,-0.01586515505292153,49,0.0,0.01512853635303641,1.269355326031271,-0.2589580239799931,1442.2906162940283,291.42076539150537,1115.586337547894,0.0,0.0,257.135871987842,58.32378050818761,109.5675252206008,93.51066209253867,116.52612643491527,115.34403437174261,84.15468532172261,82.63454331791111,116.12498356505725,99.13638117511385,110.14118681383144,95.71611487700967,92.73009435745034
122,1514.5192476887823,290.90070188037976,0.5907700427137698,0.36549723511038873,-0.08471103125088102,49,0.0,0.11924583200515461,16.514357200908044,-3.0446541850728845,1514.5192476887823,290.90070188037976,2720.7692896858,0.0,0.0,257.0785628561097,58.32360713707667,233.23857462506112,253.7247552316166,268.20356394418997,244.7595143015621,250.66091140911635,245.4067609836168,298.420661780963,253.18331043511128,237.23305918778453,250.412332190891,185.52584559588658
123,2244.6976282427254,290.8920167115152,0.5354724648651481,-0.61271745647113,-0.07203969095980305,49,0.0,0.304934126620501,40.54932242548682,-4.0199590039924304,2244.6976282427254,290.8920167115152,7943.245768193402,0.0,0.0,256.49922941390577,58.32260285471842,677.6121932228408,787.0859910736483,699.3025524059294,719.8710232167573,735.0969314934395,796.4253511300102,770.2907000468435,704.8932130770136,733.4686668842799,749.3345594981199,569.86458614452
124,1581.519749129935,293.3567279593318,0.47220893965788674,0.3616218492700171,-0.15267602261112043,49,0.0,0.35979075802942173,56.01391677988288,-4.370739854561336,1581.519749129935,293.3567279593318,8234.570267996809,0.0,0.0,257.025402966935,58.324647653970416,708.6908921241686,745.6690704660809,756.9417887704165,709.4641781905073,782.2993852979278,782.14642915574,831.2919670209642,770.3471548718526,836.3766814046702,750.9928955878049,560.349825106676
125,2440.739701812589,292.65605110958325,0.42387049958185824,-0.8535493860285438,0.12543522661635018,49,0.0,0.17699079952584532,23.343419564101612,-3.420411189795976,2440.739701812589,292.65605110958325,6977.546932436599,0.0,5767.813867947125,256.3436859109271,58.32262334666782,600.6967659054901,594.4980356332469,648.3702866896522,622.5758281887504,642.5122233690796,667.9648317655653,655.1888672512746,701.867529536499,686.5092244667512,675.1532928298402,482.2100468004488
126,1679.5150894205433,293.92935120988204,0.6029426342444776,0.20077263031325185,-0.20903497299433343,49,0.0,0.04751141803337337,6.292871022204745,-1.9971220765009265,1679.5150894205433,293.92935120988204,1396.867026322309,0.0,0.0,256.947647638392,58.32487178101423,111.70808891962827,138.3085832286319,115.21691880692465,123.03819576297136,157.32390976368356,110.76472793891169,126.27317188831486,139.72761932182667,138.9993205167686,126.10395513405997,109.40253504058748
127,1219.0241238469239,298.1866758620883,0.5905769675558064,0.6913170667948607,-0.2532930669537447,49,0.0,0.013424860837663253,1.4811112854967259,-0.42646922777061036,1219.0241238469239,298.1866758620883,933.1375327858831,0.0,0.0,257.3130415802015,58.3263035204845,76.34978094504463,78.60906805952433,99.8697300116595,71.30515146810635,87.99649588623161,99.94886479508915,80.84150315459698,98.07757188784807,108.07853172015652,86.29448380176089,45.76635105586515
128,1309.8179634516523,297.52217222378704,0.567236873308137,0.3766174004045721,-0.0896789684718349,49,0.0,0.3455069407211945,50.47008321900578,-4.257585052082144,1309.8179634516523,297.52217222378704,6590.002099216013,0.0,0.0,257.24099634954626,58.32617651605095,520.9117104496786,632.5255829456999,592.0129628813113,599.1337658555755,678.2795381645989,580.7277177946278,626.8798292322324,637.0614538152744,612.095081423484,629.730766197432,480.6436904560986
129,1371.8121734191795,300.0002996233687,0.7025038221042242,0.3354316229818553,-0.11121323716021689,49,0.0,0.05282227531820665,6.351329460575386,-2.0071616033713764,1371.8121734191795,300.0002996233687,1472.3439716891276,0.0,0.0,257.191810252435,58.32728802844446,140.828709107394,138.45170034901648,122.53669790006805,135.17737630500534,130.36821456360624,120.74425136255759,151.0199738396177,138.46826827494002,138.3865358785497,143.69287403070626,112.6693700776662
130,2197.8133812735127,300.2892410989454,0.2265160170089453,0.18837267172704317,-0.4797578115757497,49,0.0,0.007644917316764278,1.0855353793933038,-0.08910995599128736,2197.8133812735127,300.2892410989454,891.455210788068,0.0,0.0,256.536373340112,58.32666077403634,73.41139371553271,95.89379133245302,95.61241842431204,75.84831529546337,70.04634599482621,84.66420504684615,71.42218136932851,82.1614310293509,93.473190443943,69.96718160784707,78.95475652816518
131,1170.0316749468993,300.9312791129634,0.6179264846632632,0.45513678455040263,-0.14715726116660832,49,0.0,0.06368987284522336,8.433631756477377,-2.3150365854778494,1170.0316749468993,300.9312791129634,1732.5275835362388,0.0,0.0,257.35192701073674,58.32734931112372,136.17281750634595,170.56843370962082,174.68582281614863,182.67100519530376,158.53986425341196,165.87237131652546,163.66929411594043,136.97253008154712,164.5629206642395,186.1539654069424,92.65855847021282
132,2324.9734842010207,300.8269152251035,0.8764884562407995,0.38436635960615945,0.1902525806684905,49,0.0,0.013447839326547528,1.1318620470093725,-0.13448374408836655,2324.9734842010207,300.8269152251035,952.7866162699597,0.0,0.0,256.43547399718295,58.32647208659558,85.87128903184289,91.36378185574556,91.50810170482075,78.56538805839928,93.7138081858399,93.64808482304747,80.52060970589955,98.18959408445718,83.49658944561982,85.83608534129925,70.07328403298808
133,2417.3193996389564,307.79356407943845,0.37138996859114426,-0.4788889238944357,-0.13574292494926804,49,0.0,0.013727734087552934,1.285023015774816,-0.2722772657334273,2417.3193996389564,307.79356407943845,1286.2879784394436,0.0,464.04432064649814,256.36214997286635,58.32902494564051,118.22679591570694,116.26241198110412,135.4435555579569,120.5338179310576,100.06175406097964,116.90710486320545,115.83725242146393,113.83719593326461,140.70089033773965,112.50185082692221,95.97534861004264
134,1301.3056987705586,309.3866896469185,0.7893652540688513,0.21570067672138654,-0.3392914617025964,49,0.0,0.014477871666892609,1.2116249003905153,-0.208420475103423,1301.3056987705586,309.3866896469185,1074.7305349145004,0.0,0.0,257.2477840681632,58.331107253678425,104.30345817950516,99.214770319721,102.03124562057741,111.24405518533514,90.74014883134703,89.8283660230259,86.71249626689428,99.74217467770967,88.19987772639078,124.18665135161699,78.52729073237708
135,1765.5521854580693,310.6011581787432,0.7559136819137807,-0.4391293346245619,-0.4325722307084511,49,0.0,0.012730861515421252,1.0893700376541426,-0.09293856535357214,1765.5521854580693,310.6011581787432,843.2344818146911,0.0,0.0,256.87935489558424,58.33176617304554,64.0666831143293,73.5277221681607,67.71926264635262,67.07834049702114,88.25265293979436,87.56574484178776,73.57348365482713,90.80816695033943,73.17517305152636,86.06220750586647,71.40504444468587
136,1837.466983607262,313.4124930037644,0.5000047977489914,0.022577683715102565,-0.10759901565465696,49,0.0,0.023454168212417546,3.246468479486117,-1.2785279764758863,1837.466983607262,313.4124930037644,1128.4951385615082,0.0,0.0,256.82227622503666,58.332866451003554,90.89998607256989,104.8389093797287,88.43376344547517,112.23945962298458,98.251592843823,111.48687835455092,102.09114095012222,112.77872319449989,105.00130493580136,117.92839052259113,84.54498923936126
137,885.2848712125221,316.5305453596802,0.5247778249919126,0.740993932763048,-0.16010940672496418,49,0.0,0.030568937925343494,4.022194796292884,-1.5111577495071553,885.2848712125221,316.5305453596802,1501.1453544242704,0.0,0.0,257.5779716293671,58.333047091952885,120.46237479192479,164.5076326751265,123.541122094439,112.61241385875138,138.9050262106747,137.45669872144728,150.34794008442225,134.79801029737075,143.49791467972275,166.10376979572706,108.91245121466406
138,1665.5773758800635,316.32050463696623,0.6716762922957247,-0.20716712241829857,-0.37901801716178457,49,0.0,0.011902877938682811,1.1864603353003143,-0.18563305961107762,1665.5773758800635,316.32050463696623,825.3824821014335,0.0,0.0,256.9586929465811,58.33420552746227,74.29171054404068,92.19376517407997,72.41841510454148,64.82087868972903,98.16543694850326,74.6364807866477,67.91765714324217,72.47576180417877,75.65102853546597,64.96438221247564,67.84696515852889
139,768.2612383104225,318.46841157197946,0.2701017133455394,0.4865433702222165,-0.2037634638126727,49,0.0,0.011682258733059236,1.4656644420308391,-0.4150863792836596,768.2612383104225,318.46841157197946,1134.7216184033118,0.0,713.5458075219256,257.67085466034973,58.333409673015524,107.77908876442226,87.30756594810978,113.16741585441511,108.6580149683987,112.23050530496528,97.50586664611681,103.09000881318232,89.00184158624572,98.35515984339968,112.7688298331664,104.8573208408898
140,2373.618655087159,319.0760418985322,0.5322168315675618,-0.7548509179523465,0.045396790998938646,49,0.0,0.08411180274044947,10.755448879878857,-2.579071351077955,2373.618655087159,319.0760418985322,2799.7425316742083,0.0,0.0,256.39674422016276,58.3338959100171,244.13423650656677,241.9282402672094,279.9672955187766,249.11539411219385,261.24429198087955,245.37857593656605,269.2660396993824,284.70688115758185,265.53405315472367,254.95687551716787,203.5106478231604
141,961.5344501590934,324.18178236102034,0.4492656234957414,-0.41790492897397385,0.02483562412710347,49,0.0,0.01444287006178272,2.1955405870640736,-0.85385367485476,961.5344501590934,324.18178236102034,875.3372221227223,66.75664989126102,0.0,257.5175057055844,58.336488298032634,72.3381339809136,68.66587511413077,74.07982631148096,81.02488884256519,88.56368545203313,76.48887117699446,70.31356060787391,82.51828414226556,99.20455863339674,100.88344478300998,61.25609307805798
142,1829.05776656939,323.75148790870844,0.8115586903416481,0.29266450705490915,0.0145098981388135,49,0.0,0.0216753672773686,2.0768393949768775,-0.7935072830178533,1829.05776656939,323.75148790870844,1068.6572769755767,0.0,0.0,256.8289278414108,58.337183583890116,96.30083572939039,98.48687899498432,90.50059483933063,98.38739126850726,97.98335867006537,91.18197171354089,106.4127748622232,111.85800368186399,102.8772563051381,104.12925215518122,70.53895875535127
143,2403.8556206918624,323.85983110937104,0.5611182427329711,-0.6751793141251929,0.067554067831521,49,0.0,0.046559324711395185,5.612623939324432,-1.8729148607836321,2403.8556206918624,323.85983110937104,1826.9303177323802,0.0,28.41263386742078,256.37271191568453,58.33577178592948,162.11737699007188,173.58303485100902,141.7334332947998,183.48667729220494,160.34168195823116,171.84102634247043,180.1218216573464,162.54140470224905,181.10890395196742,179.36252448034196,130.6924322116882
144,1985.1214304559176,328.1150436352486,0.2720373420991164,-0.11539691241353443,-0.2374585328125516,49,0.0,0.014375322431969081,2.634611876109505,-1.051791612932862,1985.1214304559176,328.1150436352486,1089.387195435638,0.0,0.0,256.70504014344965,58.338766485501644,81.89904035690827,114.9281435805257,87.62580282958237,99.13478813133796,93.7137242927464,124.16505370959813,103.29739282830587,100.31681247730937,95.91511766331898,107.83837077662946,80.55294878937544
145,2288.0733396465057,330.3758745380653,0.2955316375494742,-0.09392582362743923,0.21755188098756917,49,0.0,0.016158584741789616,2.6309038441339623,-1.050262438795455,2288.0733396465057,330.3758745380653,1127.3555916319551,0.0,0.0,256.464561227912,58.3389104489459,106.18151227552659,104.55387027040875,110.50571068779047,108.30743323929589,113.03300648395293,83.00538667505852,107.59926499633141,106.74190825646441,83.74736118579433,115.52025422098953,88.15988334034235
146,1605.4755147139351,331.9702500086257,0.4898587023257857,0.25382147128046406,-0.06767358887474642,49,0.0,0.10167314562197638,15.883141854825277,-3.0023410366712233,1605.4755147139351,331.9702500086257,2504.5675943832225,0.0,0.0,257.0063933287309,58.34073603399866,235.9416375037878,201.349942569735,223.83622157950109,209.25132025043376,272.8773337712736,222.50012749879482,247.3432634070858,223.00372165893202,254.82598308488505,243.01789297690607,170.62015008188718
147,1926.1034621618446,336.4220369096504,0.44933841732885565,0.13897411103649798,-0.06962245456273174,49,0.0,0.04755419778922393,7.273744642077264,-2.15439512573837,1926.1034621618446,336.4220369096504,1661.1151997379982,0.0,0.0,256.75186096955423,58.342330371956216,146.5330425365924,132.00707030647808,154.32515308997915,145.79723448593342,156.71521638443156,151.4877951985135,156.738319987638,149.34357731699197,165.54955461223466,179.08015258693877,123.53808323226663
148,630.5877356751804,337.5029997896707,0.4045653265792697,0.6452050318069892,-0.6025147956833691,49,0.0,0.022719437091537193,3.205045538762799,-1.2645855113866176,630.5877356751804,337.5029997896707,1169.0375420931746,863.7886826600643,1706.567792165128,257.78028166948957,58.3407300167805,44.57875010653619,50.81557827450857,59.99338188645977,84.66629259703383,97.94402654134265,178.41092398512038,88.94358524019847,128.12234236578115,137.4640733382261,150.79302100239627,147.30556675557108
149,1823.4075143061536,341.3047746473052,0.569951053836059,0.3170273150466596,-0.07050529491647774,49,0.0,0.6387185390392421,92.27393304077279,-4.912697580424215,1823.4075143061536,341.3047746473052,11605.503828571744,0.0,0.0,256.83337580032634,58.344503062413075,989.9034716495003,1084.0354086945,1081.0887511479004,1109.2466034198987,1065.3206503101526,1033.1782841086385,1114.2063881339036,1085.1975156023177,1049.194590752074,1178.4355597562335,815.6966049966254
150,637.892402814736,342.3291150261335,0.47678872908774805,0.8454445664053222,-0.16725131548697747,49,0.0,0.008003094437106185,1.0401928602626642,-0.042784671282169104,637.892402814736,342.3291150261335,939.4619521214032,866.7526542436233,1529.978359132773,257.774527482856,58.34277522782541,56.62902714459548,54.09106599179451,64.17339182755153,95.7646452896747,75.92075554271743,87.56033537243775,85.8093570398255,90.81752258787746,141.75666329021638,87.06720576537683,99.87198226933566
151,817.7873854181487,343.86015971093775,0.558574930520699,-0.08516112375998884,-0.25787833431231155,49,0.0,0.025529796666123324,2.909500974539387,-1.1595462674917363,817.7873854181487,343.86015971093775,1358.903949808266,0.0,0.0,257.6317381698622,58.34418447424877,122.22275417855133,113.4547392766473,111.83735595479057,144.65971467533262,117.4141903357218,131.7103539380222,123.46213894453373,134.90905917538677,126.39665277243637,121.8663037500908,110.97068680675238
152,1722.8580527030979,344.3239467740044,0.5823590493502068,0.31438804565752543,0.06714806804013314,49,0.0,0.035846847099067304,4.95281521604,-1.737130313116253,1722.8580527030979,344.3239467740044,1238.5118271510491,0.0,0.0,256.9131987336029,58.34584624593481,76.69477214248437,119.17497275292996,133.68147528443836,105.4821864004293,133.68335787288714,108.26659843183204,103.74864400357194,141.69839484760757,103.72097038358558,124.14062398700784,88.21983104427486
153,2272.601550928348,345.0470487089487,0.547215705866561,-0.5740892429593847,-0.1495743879122673,49,0.0,0.1675229684139081,22.515171319553513,-3.381188139723469,2272.601550928348,345.0470487089487,4380.087426463413,0.0,0.0,256.47674886703777,58.34507433247191,368.46529684544566,375.70946450747374,452.654842385914,397.4749675319923,432.8533560995216,381.0065749157997,435.7405652734559,381.88010446882555,427.1216425470895,405.86759562976493,321.31301625813
154,1322.5800045678748,346.2111640843663,0.5697446676078325,0.16344361068976418,-0.13420479634559787,49,0.0,0.20137786414415373,28.857876238243804,-3.6506609163436234,1322.5800045678748,346.2111640843663,4151.984611814547,0.0,0.0,257.2309972553165,58.34647950752704,372.3232420107362,420.25870637180526,358.16885382668,407.42552755714814,370.8048030327632,388.8418327245898,401.75420742732933,421.2801908749264,370.18041173050995,363.87590299805936,277.0709332599994
155,770.9490172205458,350.92215222639317,0.8755850204404267,0.21594263029402855,-0.4749036754156888,49,0.0,0.014935301843630448,1.2236022681710628,-0.2191006833945145,770.9490172205458,350.92215222639317,991.0690226192365,0.0,195.1747301528266,257.668975110712,58.34694098842588,86.79304729820588,80.32336501591197,101.96763830633569,89.55429404554309,77.26251451290906,99.65431132696469,104.20199473774854,96.02032571669181,80.16795900776678,93.36105088105697,81.76252177010193
156,1802.250118761372,356.1575889161189,0.5089340539115205,0.5345393464265102,0.20130313219179652,49,0.0,0.012811584334056434,1.7902839660676595,-0.6323048052641461,1802.250118761372,356.1575889161189,790.0631352480582,0.0,0.0,256.85014442934704,58.35071327420386,63.28446702112296,86.28663478095899,68.93070025304834,78.86624772789646,81.79801352928013,57.48069008379311,68.56212398972278,82.39173686144062,67.0836962645036,75.8407674484291,59.53805728786207
157,870.180661333559,357.61905614982425,0.502178029971595,0.2541129480902485,-0.4296145725099039,49,0.0,0.012768776415531155,1.5220090379033315,-0.4560430783595304,870.180661333559,357.61905614982425,957.629427348365,0.0,0.0,257.59024074479703,58.35011135368742,96.33644074216207,96.75996835129371,83.77251046064552,73.19589758233715,88.68239540366741,102.42590337881668,93.1817818960916,87.46012801422097,94.03727454904227,80.4127458784807,61.36438109160685
158,1010.1119334216004,359.62138537987823,0.5861559935344993,-0.12016202080778907,-0.2713574113351152,49,0.0,0.018679941690843003,1.5006125192261328,-0.4406714133423879,1010.1119334216004,359.62138537987823,1493.6474928728635,38.78845795343614,0.0,257.47914735891936,58.35139975217763,158.12930003114877,143.51405376691355,130.13275144327957,140.78277411525468,151.94376096756977,118.00971216415482,142.20885727733108,133.37357106012087,129.89022307785385,134.93030736967123,110.73218159956531
159,785.3459531203239,360.41609585194016,0.46346114039942643,0.07931865039084447,-0.24685813283470567,49,0.0,0.013863115048438257,1.4451017885361686,-0.3997460963519494,785.3459531203239,360.41609585194016,1169.2352796483647,0.0,5.811568540419524,257.65761835796917,58.350954404840294,103.40789640710321,98.38242884658983,101.26219040383734,111.30825578260485,121.96006509335379,114.95426350876187,108.52189648564695,116.69142196496998,97.71501498035988,96.97482792402224,98.05701825111463
160,1713.685754378699,359.8113262046319,0.48832694715335384,0.14066364719221666,-0.12867299014600933,49,0.0,0.013885539472036445,1.9108571587464007,-0.7030705592298805,1713.685754378699,359.8113262046319,1059.6996253250072,0.0,0.0,256.92046441253564,58.35230408967459,101.87607917893418,105.10526372158259,90.5551195989341,91.8964143160582,120.57765616947725,97.43991576472227,94.5459457402545,94.95136856311912,83.45818807537287,101.56795965001271,77.72571454653922
161,2162.1958052950467,360.7005404162532,0.5071190252807025,-0.3567795740863002,0.540586753698349,49,0.0,0.00943903576985522,1.1196352650064347,-0.12269142231601667,2162.1958052950467,360.7005404162532,791.7811938444843,0.0,0.0,256.56431537509,58.35193059302224,68.37462357945772,66.22921409069842,76.90144879833838,65.44060353964751,77.74216004967435,71.15825925065553,77.67793679652809,91.95498416086966,72.0705715669898,76.98718851907657,47.244203492548294
162,2485.3314754714816,359.4930042860755,0.46698508941851774,-0.8170931686743239,0.11375672394148656,49,0.0,0.11530705344139394,14.155343382842506,-2.8773010225546174,2485.3314754714816,359.4930042860755,4572.087392863254,0.0,1585.394012639118,256.3077530753395,58.35027873458451,341.46041524674536,390.8527784850734,408.0681797558408,455.81568777926213,458.87609429042027,431.4849813409213,398.6266065120215,450.80068456797034,450.791555292453,451.38602172917456,333.92438786337175
163,2044.132335722284,360.8929518067947,0.4075227182052463,-0.09454869892514522,-0.03880460666599662,49,0.0,0.019844501020588393,3.1685531645428475,-1.2521524961644976,2044.132335722284,360.8929518067947,1035.7046697167707,0.0,0.0,256.65806293617914,58.35230248180739,80.58622555667769,93.03023219567655,87.87804793789681,99.31232286812406,95.04775162858404,90.74466751223473,101.19183770019879,107.82907471938472,91.87649349591126,105.28492667267497,82.923089429407
164,1660.7301851963705,362.16859964816433,0.47792467754123386,0.22598673958281285,0.005279970498881078,49,0.0,0.01099573093754481,1.260758436250611,-0.25157970720747397,1660.7301851963705,362.16859964816433,922.3639273570203,0.0,0.0,256.96251401883063,58.35330877834149,91.59339374550609,81.7028379838582,90.45130372048229,93.03909342342712,90.46882523252944,92.76911680930088,92.06390929754758,74.72930780446437,79.49943823803694,76.78175097322665,59.26495012864072
165,2180.212640121036,362.13580696584955,0.7944692765527879,-0.4494527975527598,-0.2738398714765627,49,0.0,0.01133114030085824,1.0429028620604799,-0.04560964825779461,2180.212640121036,362.13580696584955,835.8951641705353,0.0,0.0,256.55000145663115,58.35247800916694,75.34942304542923,80.39392107601095,66.60117224476423,73.53699823440658,90.83962134304443,73.2322732952226,83.45789619797267,71.38550894619465,67.82774406147229,87.36413749843976,65.90646822757802
166,916.4879190404401,364.2546184723578,0.48328848240071015,0.19504916260127703,-0.2037987292712049,49,0.0,0.4020915059302705,61.50764450556096,-4.472322739042675,916.4879190404401,364.2546184723578,9197.603177751607,0.0,0.0,257.55351627995054,58.353036779749324,807.93043145277,807.9179600216587,827.2058692854098,891.3545395355002,866.5524763787042,844.8672114032759,884.8599068898964,890.2539338696777,867.9308457560462,879.8978196896767,628.8321834689924
167,1376.3821967803601,366.4996592511459,0.42397376218723554,0.3957946894580678,0.036774183997628544,49,0.0,0.04517035926124326,6.835216146088332,-2.0868806314107426,1376.3821967803601,366.4996592511459,1753.9368065195774,0.0,0.0,257.18832420391146,58.35499868787329,126.86591234630109,162.49097085680523,180.6091675045223,196.23537763463273,152.18594332593958,166.0281900054017,160.5311497972241,149.10203318630866,155.6645154462072,175.96974767163016,128.2537987446047
168,2206.2481450940777,365.7787567946025,0.8706739459083692,-0.13902276890619306,-0.4241979779923432,49,0.0,0.012291835465629081,1.0284702863469595,-0.030479372400718886,2206.2481450940777,365.7787567946025,835.6345313347047,0.0,0.0,256.5293071955167,58.35391986909784,73.94582288052317,95.5323016814591,71.35160322376171,78.15367666410802,83.81321841212608,76.95209038684607,87.59962198869425,77.03127968994356,83.48812584166313,57.75217543107708,50.014615134502485
169,704.5106835105898,373.67733304129865,0.5330028468276364,0.17964324261525413,-0.40731177565138266,49,0.0,0.012958093241094332,1.220724425299542,-0.21654408598935393,704.5106835105898,373.67733304129865,1070.7704115646502,0.0,582.9127297386553,257.7219114679114,58.35613910401488,101.39219917264435,118.75689333842459,90.12773635736049,92.81263569105515,108.01421836502868,96.90318708270503,95.60717784688026,86.41596353496281,105.50789679166868,103.40865640126023,71.8238469826599
170,2045.4315156804976,375.58197716149175,0.38044686080857437,0.412811985802159,-0.1499190770995288,49,0.0,0.01046476890162255,1.2477395430049787,-0.24030984709822462,2045.4315156804976,375.58197716149175,921.8640905611044,0.0,0.0,256.6569697291412,58.35841946291129,82.29095385616793,90.22045933540343,91.54596939224766,74.8639366301592,85.83420109521121,76.27236870154752,82.67659483463935,89.93324228667308,84.86467193938734,91.6386998645225,71.72299262514531
171,719.2373441206653,377.7008331657805,0.3210833506233466,0.383306672906065,-0.043259865443298316,49,0.0,0.013822697646729385,2.229046992544052,-0.8702980608231212,719.2373441206653,377.7008331657805,1082.9313464993004,0.0,398.18193833173007,257.71025056884474,58.35787964054402,96.65695529402024,110.53209820338338,105.77052564044706,91.38857316467184,89.28788912335278,92.04056243613604,86.4168660251824,118.70343125985856,111.31589965220674,101.54623853457753,79.2723071654639
172,1987.0097301141968,381.01846986134615,0.5205000731639526,0.3366908044972807,0.10269831037711621,49,0.0,0.017208212318283223,1.9965676880054042,-0.7507100957785946,1987.0097301141968,381.01846986134615,990.3595844073283,0.0,0.0,256.70334868844805,58.360803874192456,68.0704337355024,91.22456982878327,103.2191929762852,78.74543611404508,102.29680460718723,89.01558003225085,91.44234409416599,89.51240500171717,90.72995895297615,99.21291546100126,86.88994360341376
173,1665.6259699986404,381.4716342964552,0.24640176661894458,0.1363869923539507,0.264207228980469,49,0.0,0.0089317616301241,1.6309484788959139,-0.5311006051074078,1665.6259699986404,381.4716342964552,861.7374351427688,0.0,0.0,256.95861441761025,58.3613495555471,71.85351924987329,88.59813148097396,74.37665636772033,83.08868822168648,86.13986098066653,66.30197278126697,84.8646830812601,91.14538800085634,70.30436132830401,76.06565639629221,68.99851725386863
174,1049.707023651895,385.08776081368364,0.7721462975159827,0.185506059152975,-0.09933287385922591,49,0.0,0.01967647161051802,2.0767391071439,-0.7934548529837869,1049.707023651895,385.08776081368364,947.9451068827925,1.0,0.0,257.4478398621234,58.362120637963976,87.54230399497641,72.5211652907254,89.4892891517863,80.47516471739597,87.65145378768538,84.62641497671792,96.01247617834608,86.6576807699808,79.75912225992407,93.03491612876306,90.1751196264912
175,1843.4278915913674,384.63038317898196,0.2703076197326111,0.36677391630353673,-0.09250573396897342,49,0.0,0.008820416227636243,1.531385078617448,-0.4627110278402157,1843.4278915913674,384.63038317898196,788.5299197047477,0.0,0.0,256.8173824988011,58.36253091846873,79.51158429711282,79.64989525694178,73.3504463858386,72.24930822177697,65.62078778635058,86.00785322214648,73.98451219997898,61.99893420069522,78.49854059063244,74.3891486209873,43.268908922286606
176,1634.2366296426555,387.8326747485458,0.5090602085260164,-0.10057486873167228,-0.1343804483829778,49,0.0,0.02415362387837952,3.5709570566460096,-1.3819615687934836,1634.2366296426555,387.8326747485458,1030.3417905118135,0.0,0.0,256.98354446525786,58.36400741167162,104.4588171871218,103.1241509890195,77.69983373989007,99.9841215751178,83.2399074655134,95.05125855193927,107.96380366533174,90.77199762759466,98.42853226124697,86.16818439794582,83.45118305109243
177,1870.2738734328664,392.09074629352233,0.5196608835619428,0.21850847783438265,-0.05708580833318829,49,0.0,0.059617660258604974,8.962588000218423,-2.3810835821698766,1870.2738734328664,392.09074629352233,1598.7671767013524,0.0,0.0,256.79603963560146,58.36560529596741,139.1977107028753,152.36462933243337,137.31092988470851,162.82532899056906,131.90775990827512,161.3400710650833,148.4975158742797,163.51466571175837,155.82032969786428,155.77253311583084,90.21570241767444
178,1889.0406769661106,393.6234779547715,0.2947868466004578,0.15330063427979093,0.22259286882976523,49,0.0,0.027139909649181074,5.542279151459954,-1.8592209909511008,1889.0406769661106,393.6234779547715,1257.0449064561585,0.0,0.0,256.7811276201587,58.36621811325936,113.032438814267,129.72809883595093,106.24888749043788,118.91493013962338,123.65238714275213,90.29452314446743,122.00054559089249,128.293047303607,113.36531796399436,122.12585154277039,89.38887848739553
179,1093.837320968243,396.0574325148703,0.7443415854579285,0.7451690621860386,0.08722872005618859,49,0.0,0.03608479967756497,4.147068220325542,-1.544352949193288,1093.837320968243,396.0574325148703,1218.611733726761,0.0,0.0,257.4128406028519,58.36680560896106,95.70646631980752,116.76635134291374,103.51645608740608,113.83588147607983,109.07054639013323,127.50237806502794,106.51341996153698,125.18791159950345,120.73466509785455,128.85106361473487,70.9265937717628
180,619.1170402170379,397.8359057413597,0.27401491138801404,-0.039703080614654815,-0.18295472920612899,49,0.0,0.012897382422682811,1.904422157557565,-0.6994080643956523,619.1170402170379,397.8359057413597,1168.4934668922506,4.146658904727076,996.3476849745679,257.78994404371224,58.36580937677476,119.58911181517954,106.96303372043054,107.33393660360224,103.35168712521539,110.70205782059227,111.15778949969311,111.40541042908677,110.92718626084704,103.4107635975904,108.1021838274938,75.55030619251964
181,1225.4289883127678,401.6298967195473,0.6146591435771114,0.17323850439458388,-0.22807781102568048,49,0.0,0.028842300466777923,3.8707256094300244,-1.4694809646354807,1225.4289883127678,401.6298967195473,1090.172522894913,0.0,0.0,257.30832486215576,58.36941260652425,91.74613823334644,105.12825213387691,120.09874685326591,90.67395219232687,90.59062807723042,107.06750080413217,107.15744127458939,93.24179982956613,95.49039820277507,110.9463763049311,78.03128898887282
182,1776.2157784815954,402.17140263999124,0.7322913921057443,0.3418388676784585,-0.042268617467309026,49,0.0,0.07418694527550597,8.981168930914285,-2.383332163273906,1776.2157784815954,402.17140263999124,1626.1155852767633,0.0,0.0,256.8707405613085,58.36990827898022,132.30206812935594,142.545565027627,153.75510343840432,165.51085091941098,165.88465365365641,153.29233537520378,163.99564436248954,165.2884975060668,150.1723120820255,145.9004813103379,87.4680734721853
183,2241.3583165824252,401.74444915914347,0.8017094190327436,-0.6550923379808048,-0.15532451656678714,49,0.0,0.02258772687087358,2.075418825770526,-0.7927643795677887,2241.3583165824252,401.74444915914347,1022.5215215017804,0.0,0.0,256.50120974676133,58.36879622265017,100.55131996412396,81.30795776205343,93.27179920451402,103.4831517560257,83.8985409352698,87.04606168534886,100.0570831821052,99.00927591188906,103.46030919544893,99.5281207187937,70.90790118620767
184,868.680418259989,403.62952949444184,0.6237837333956235,0.662291256575849,-0.15181112128442,49,0.0,0.04762794349198495,6.005426008254411,-1.9463595511923684,868.680418259989,403.62952949444184,1540.3710210599165,0.0,0.0,257.5917492322482,58.36927449034842,133.9831162170663,130.96857853504696,128.44594831064677,130.19059747767201,138.2837382202557,146.34347885841393,129.92487880741163,168.66526669490395,172.78605759617886,140.26802497736196,120.51133536495848
185,1181.9422692111118,403.669562129633,0.6937966426794708,-0.3063895769395419,-0.35755658756538916,49,0.0,0.016583124249402913,1.5788932349754436,-0.49588190983916897,1181.9422692111118,403.669562129633,1018.5077097696947,0.0,0.0,257.3428809791722,58.37017750476251,65.71742273962762,90.0458759406799,94.99555270052622,102.57406687053066,112.90153512804221,92.33046794446938,97.48475285312658,97.7947186188065,108.84579580651808,83.12451582656985,72.69300534079764
186,1597.1555197604446,406.3103485552555,0.3485964669788897,0.2194956486343708,0.0040153649169109625,49,0.0,0.008034778542135811,1.1333853046764972,-0.13594394334336135,1597.1555197604446,406.3103485552555,830.1136410535362,0.0,0.0,257.01300023917787,58.37170862402495,72.6980539738201,65.57448659288181,68.65515754170926,63.720160105827006,81.25418379949815,81.3796964965634,94.36868349456705,76.45247980802316,83.67379083646856,80.70892122544004,61.628027178737696
187,1266.5389855065293,414.3015161181463,0.27275316347300577,0.04249884475524899,-0.18581363128348846,49,0.0,0.01557509330094353,2.6260666691425634,-1.048264368809766,1266.5389855065293,414.3015161181463,1054.7738073546857,0.0,0.0,257.27570469571543,58.374763684764005,88.53245887482984,95.73676940368335,111.93070436848257,91.2089671456514,89.51050330608683,83.57007735188893,97.62438094894966,131.77427835036988,95.91751858067117,99.98040276532144,68.98774625875046
188,1101.6357928782036,417.09146662363156,0.6643936433698586,0.20652744769712275,-0.1774373044110051,49,0.0,0.15973185961712663,21.14313030391435,-3.3129232158337496,1101.6357928782036,417.09146662363156,3083.1801330414723,0.0,0.0,257.40674457815,58.37558820227992,280.6489492172716,334.9063740390847,269.25522420957043,277.91406767235196,293.94192571607715,272.0491157842363,273.2396200339096,299.23236761621547,288.10397733524303,297.80089276722117,196.08761865029118
189,2648.804008286754,418.102086842627,0.42255279213547914,-0.6916522519611833,0.03856163275741198,49,0.0,0.00833428229617589,1.07084758938167,-0.07431915840388448,2648.804008286754,418.102086842627,1059.5664699123988,3.1528476509301715,781.6042801901722,256.17738741907976,58.37391807663534,104.82767916718515,137.8652290287795,91.0928856296556,101.28047874054302,100.92537404721305,54.876794931930114,126.9772968551944,70.78795017308269,106.7676790255562,116.30420815886538,47.86089415439365
190,1300.629919623174,419.0268971146923,0.5840458542970495,0.3777502530781302,0.36976585454136646,49,0.0,0.03820313836799089,3.4317250094137464,-1.338781199340993,1300.629919623174,419.0268971146923,2140.398393165424,0.0,0.0,257.2486301151372,58.37678558681971,167.60999970422392,211.0433065793321,192.8196158336031,198.1065313985755,217.20091795837152,180.2982840422064,193.75681168623242,177.22724657187754,210.48265966516033,232.4877510407035,159.3652686851377
191,2698.9774803246987,418.0399233895299,0.6533965077328155,0.2404418902860626,0.8231302662311265,49,0.0,0.01268175270151887,1.973240506621892,-0.7379500551642477,2698.9774803246987,418.0399233895299,702.1015464845632,0.0,159.99894962196024,256.13752753136697,58.3736272301215,26.851082347755877,2.279033979931227,5.542410920348219,17.294636349141776,3.8119407357861004,49.99568264574665,50.91536769403869,248.27537602060792,111.75215079912621,122.08844800106876,63.29541699101162
192,1450.4533639669937,421.35753524189164,0.2838112725030225,-0.31974819962158285,-0.02845920220428399,49,0.0,0.00812657922249098,1.333506940810681,-0.31248820126071397,1450.4533639669937,421.35753524189164,849.7681808305153,0.0,0.0,257.12957904263055,58.37792245319869,55.841110319259315,90.34144036697722,74.54950902266378,77.5284761302002,69.01660589818937,67.88047691313915,81.17963774971918,79.78727039778585,92.03558313186126,87.41453858072951,74.19353231999052
193,863.0894075371376,422.00542453789103,0.978975836463736,0.2178099272575733,-0.33197519149518273,49,0.0,0.016969636858485147,1.446762560132595,-0.40099315349633985,863.0894075371376,422.00542453789103,920.0101845963165,0.0,0.0,257.5963185963924,58.37690993561625,81.45719846183036,76.8224782853033,91.21989891220346,78.75187227034897,82.19033397683313,81.113447834492,91.48036117854215,92.02057023399605,107.54285995409037,81.2541409229054,56.15702256577134
194,1563.1843376219217,425.1463089510865,0.815796683434444,0.6371726555032442,0.09623666587471769,49,0.0,0.022369971828586903,2.298737850381244,-0.903723617141896,1563.1843376219217,425.1463089510865,956.101998997726,0.0,0.0,257.03999762309945,58.37955295961992,88.75889138334716,69.25386196271268,87.32444461985497,88.63478519014794,93.3534403463508,88.4007603177313,91.1200877750865,97.34625524673498,83.73141526350545,97.14665602847433,71.03140086377972
195,2588.027339400456,427.08803862538,0.31398832685441114,-0.6662201543936027,0.10614690405814287,49,0.0,0.01189152681699211,1.446054814936624,-0.4004618896806813,2588.027339400456,427.08803862538,1083.5068096200876,0.0,656.9312000642964,256.2255890771371,58.37796595508512,82.27490363845745,108.96954617733635,111.2600439047657,99.17165942678957,105.10600825867166,85.70601798436138,107.24558339405992,91.6536221299724,106.46400609760748,106.89398476204421,78.76143384602173
196,2551.7747104661366,427.173472138701,0.26297846935442093,-0.4100985578296579,0.1870278692763879,49,0.0,0.009724838833881378,1.3351590207534296,-0.31383248582983947,2551.7747104661366,427.173472138701,998.0127178324376,0.0,194.28417006343756,256.2543936171332,58.37817446966084,80.96140058720275,86.79567088724019,87.63011321551647,87.65175492417285,70.61762804344464,91.75645799873851,100.65941076167383,102.02580276970436,99.0547755171792,113.95906609044047,76.90063703712438
197,1196.4092315656321,430.60154181524365,0.6416707690465203,-0.05950168241896464,-0.1929151380394783,49,0.0,0.10902093078526168,14.38829046923279,-2.8950229918110706,1196.4092315656321,430.60154181524365,2412.2015624836176,0.0,0.0,257.3314900938208,58.38142742651939,232.92304009546496,239.27238210344933,218.20983105750395,243.34746156573624,203.99214965383123,227.43148282496344,195.41909860038336,200.8813674219113,225.91224925033683,237.94274515336068,186.86975475667637
198,1344.0087115106476,433.732634379765,0.5447536620422091,0.24352141592276627,0.15632198800519528,49,0.0,0.010268962540770777,1.2428436440867483,-0.2360412391794907,1344.0087115106476,433.732634379765,893.6946564727234,0.0,0.0,257.2141957322642,58.38297186780785,85.94023109389728,82.1852528990949,80.08444946981095,81.15524136238972,78.98133575306574,87.75932779249365,79.62989343483594,87.4922281294644,72.27969240885028,97.50809896361582,60.6789051652047
199,566.1443767184613,435.37722526069473,0.5288342791703791,0.7384005855458114,-0.28683482596482046,49,0.0,0.17866549628554235,23.304976752615197,-3.41862168511895,566.1443767184613,435.37722526069473,5536.542986937437,0.0,4598.197283186151,257.83238561717303,58.381186237923224,478.8542381230916,478.0353778348756,501.1461956634516,508.24532992519164,562.1847577311099,540.0027776573131,537.0581019931674,491.64625255479586,550.7068933958287,484.9883981418252,403.6746639167851
200,839.3768577415154,437.3132726645415,0.4451248168892246,0.18842258183345226,-0.20825696049414108,49,0.0,0.038319486011974206,3.8913853098270614,-1.4752605877051073,839.3768577415154,437.3132726645415,2513.3779324618336,0.0,0.0,257.6152700780194,58.38319996477159,212.48527319992405,235.89279512937517,220.3058587350526,239.5900142118375,249.98824057817427,209.71011942813612,241.85449864017508,209.8123782591601,254.60181421804043,257.66846554023107,181.4684745217268
201,1295.3349216687247,440.17558098720855,0.631269153520564,0.35783352953668907,0.26503613852795627,49,0.0,0.02159396430777594,2.2163935982094722,-0.8641172177036986,1295.3349216687247,440.17558098720855,1065.2305580580824,0.0,0.0,257.25289855203556,58.385588938242535,98.55610674158723,107.45491619233773,98.27517429966923,119.4366618704873,87.29680442360717,101.28227948048558,96.7750518063568,83.00867814752533,90.69256117527654,100.0033475099388,82.4489764108108
202,1457.4192589837653,439.8170759225256,0.6463000268217025,0.12903190974015383,-0.12643004654748816,49,0.0,0.04108913297734465,5.294147087500697,-1.8094900078848577,1457.4192589837653,439.8170759225256,1335.7713795911245,0.0,0.0,257.12406846280254,58.385618380306234,118.8408921797469,129.36574998406786,128.13245578674395,112.96407464435087,114.54070733152233,122.08247367296377,105.61908078858377,130.48702544249375,130.78423685066966,146.8561569636407,96.09852594634091
203,1470.3166266385206,439.8148077244327,0.38538205106489665,0.017923313185787992,0.2529195187455488,49,0.0,0.010223267841104524,1.6174384086163718,-0.5220693797547389,1470.3166266385206,439.8148077244327,854.4044467810004,0.0,0.0,257.1138172135113,58.38562610918084,75.0407621381336,81.70621721017751,73.29498266907171,81.50640725319916,90.22759051062707,77.79627606269065,59.81339197220132,83.54192484977727,73.27532926149529,92.62226819974364,65.57929665388315
204,858.5584956867625,441.46908496638366,0.675152763447551,0.48772768099340513,-0.00814697672634617,49,0.0,0.027552652929439748,3.4267157395283743,-1.33719519842908,858.5584956867625,441.46908496638366,1148.2197345066372,0.0,0.0,257.6000550437163,58.385002285403615,112.26261930136478,89.83116035238285,104.33108654747448,117.4329588575256,104.66129034565822,105.92568319126735,103.81951255284329,102.89047810590316,109.36114439047032,116.85328615053665,80.85051471121055
205,1587.197467206656,443.3394263653095,0.7183162626883617,0.07607375059542497,-0.20762586512586004,49,0.0,0.018245749464809793,2.0032027475026988,-0.754312267973756,1587.197467206656,443.3394263653095,957.2619837604515,0.0,0.0,257.02091675050207,58.38713587059493,84.54949810967099,86.36852857503328,87.80397372688,77.68366633413734,92.01747327821131,96.69616530256013,78.76313213160134,89.07500361472808,97.27160845222893,100.72963660753746,66.30329762786263
206,1316.8680618976987,445.36030869277033,0.737853534798461,0.6344862489511344,0.21747443582610543,49,0.0,0.013488049461775257,1.3567915892140416,-0.3312828567957992,1316.8680618976987,445.36030869277033,911.7295513207512,0.0,0.0,257.23579734484616,58.38778027483712,78.28977438960672,80.30097522971977,86.97138826904722,79.12553384778181,81.87393413534514,91.43160187377424,78.93115255491404,95.05845860027269,76.1817455633125,81.48451084149133,82.08047601548564
207,1129.827729430453,447.11421764412205,0.22158891438355238,0.3875025572794501,-0.025996533031492998,49,0.0,0.01563228736242094,3.195488473166118,-1.261343138227805,1129.827729430453,447.11421764412205,1058.5347396274424,0.0,0.0,257.3844770327665,58.388163752548984,96.15441563266359,83.03315866317422,94.91695326945772,88.25485070786046,114.20731480016136,90.74402200828537,85.34846027605863,94.2781209957416,119.53961965763226,105.13000944219712,86.92781417420987
208,1082.4398829056652,448.30836020921237,0.9568651222861175,0.06722987432746745,-0.12816729252025788,49,0.0,0.013536207558147398,1.1348455814692597,-0.13734192765933181,1082.4398829056652,448.30836020921237,878.2674114938031,0.0,0.0,257.422149897527,58.388545941754906,82.29758950534247,86.11452852094453,72.5277329868124,85.81765469888127,61.976731847473594,79.42150973840606,77.33485092299712,91.68914387052922,81.89818701078096,78.90830978558972,80.28117260604581
209,1757.6563245083191,448.3092448450642,0.5358852462161949,0.48509065113345573,0.18827900116463742,49,0.0,0.011005259858411583,1.0991969058301725,-0.102688743014185,1757.6563245083191,448.3092448450642,974.6743478721521,0.0,0.0,256.8854171879516,58.38914612465975,81.5908666128074,80.34680336403031,87.55000263160014,94.03370679493119,68.20289441467693,95.40323419865724,96.60465045946133,93.34142067637211,93.38896822739918,102.4889960543779,81.72280443783833
210,1930.744298284282,448.5397979255051,0.5266536615374667,0.40668240091087854,0.05743478457013314,49,0.0,0.03719484597115467,5.482205312722394,-1.847388240409606,1930.744298284282,448.5397979255051,1321.1681816110358,0.0,0.0,256.7478277980681,58.38903452657846,115.54109519192897,110.93280577545787,123.15760840226753,121.0438122008496,120.6189291672157,113.49052802101892,124.59788543604154,126.4878031037458,135.88015528177226,126.5441675120515,102.87339151868623
211,1335.8376898062468,450.0353451178651,0.5096948646461953,0.3986591230758395,-0.24716441316215265,49,0.0,0.009322688332038236,1.1160413174209023,-0.11920068273092832,1335.8376898062468,450.0353451178651,824.6161516426655,0.0,0.0,257.22073052048603,58.389753656470795,88.59873126574959,81.87096337820445,64.97613516315442,69.2734375465032,70.04068208632621,73.32600279329206,69.98599744097928,87.2695832114147,67.14482321996178,85.27748121273754,66.85231432434216
212,2680.342768262846,450.40104464376105,0.3288556216356934,0.580612904794906,-0.3856461390435374,49,0.0,0.007785878565478711,1.1101098512793495,-0.11341489166011884,2680.342768262846,450.40104464376105,1274.0888821593023,0.0,856.9041000015336,256.15200214355764,58.38720838591326,137.454361644136,144.3657875866939,116.05762356364129,119.0642210357963,143.1860569216395,85.6447937420452,136.3547228297269,104.14811289836194,103.63605873259382,95.37644280823746,88.80070039643005
213,2479.913314754173,451.2404932556475,0.25826182687013816,-0.25178473726242206,0.20786236639262154,49,0.0,0.009508534733068862,1.2962067383467997,-0.2816856870206227,2479.913314754173,451.2404932556475,994.4410410355127,0.0,0.0,256.31129407870714,58.38852459410041,97.13153228031274,79.4399659638324,88.28783138647994,100.99547009293855,91.2902208890914,89.3065215000629,106.56812202641765,84.98902346377218,99.84852553289525,95.76986161882904,60.81396628088065
214,2455.0796803877633,452.3370051390126,0.5554873538463165,-0.7688800561738613,-0.38552995927342254,49,0.0,0.012313707596849894,1.313274024150474,-0.29588838559639474,2455.0796803877633,452.3370051390126,978.9134384766331,0.0,0.0,256.3310237044247,58.38908739660398,77.7773863127433,111.40288313227126,91.65464256139742,93.0614816818913,85.68084824043939,83.05882796004053,93.59188760816734,73.76115783861404,94.81086351021804,95.89450293538124,78.21895669546925
215,2384.847553776289,454.61594811820333,0.38839316514860733,0.1647635114169334,-0.33013482917384745,49,0.0,0.009476087831322642,1.1627013318380721,-0.16367042484176275,2384.847553776289,454.61594811820333,834.0704673466789,0.0,0.0,256.3868308844745,58.39032015039486,69.62598397221824,79.70256547755997,74.25061571353608,85.04499840176494,78.03330429858661,77.27238588353323,75.86450061454477,75.53353375510206,82.88251821579199,69.81564716040029,66.04441385364079
216,1275.2788148913517,455.243560779702,0.9440917227038838,0.5080333653292382,-0.4628735828989533,49,0.0,0.01146918616282346,1.0015215495339413,-0.0016507458887440258,1275.2788148913517,455.243560779702,772.6897663576419,0.0,0.0,257.2688858772126,58.39183564176639,55.281644857373905,64.36225307293105,67.06028039898251,72.14375275613082,65.92870530313957,81.06354527736138,78.82733431134994,74.78744227347606,72.3163754616586,81.94203547761488,58.97639716762325
217,1345.0041637259642,455.4772181259471,0.5104289500552984,0.07967791724014195,-0.04592509186967933,49,0.0,0.01242759402318475,1.5980738687433207,-0.508992125251804,1345.0041637259642,455.4772181259471,899.4116004287553,0.0,0.0,257.21345702081857,58.392032667722546,80.91202416127211,86.2860990086573,68.76733138206808,84.15696445787125,93.22680278783392,79.83769031965637,96.98799956968311,72.5665613246223,81.1386513278805,86.77044553206812,68.76103055714222
218,2035.0381003012774,461.52165898018063,0.45852896080353456,0.2342262701775369,0.1026127741676673,49,0.0,0.07578104337544166,12.185316444809676,-2.714592030037017,2035.0381003012774,461.52165898018063,2170.47919576135,0.0,0.0,256.66487190036975,58.39424683389214,194.50939765348,162.5803984755746,210.77777454842877,206.74662188348265,203.83732333263953,211.96167764078407,232.74127765048223,191.6597625098593,227.05040099498774,191.61088453486445,137.00367653676682
219,1640.1815965319001,461.9132259651027,0.5589557455084913,0.13186455680934456,-0.06494896510626921,49,0.0,0.02233841006693686,2.9506188132175692,-1.1747827678966711,1640.1815965319001,461.9132259651027,1001.7997900656349,0.0,0.0,256.97879437620134,58.39487097330628,82.08940246891504,102.29296957209732,94.72893334524257,101.25300237761306,105.16463585297764,89.09070345099948,93.87581643127541,87.30795969607526,81.54614545878349,91.72567396768494,72.72454744397061
220,1782.4141429284539,462.1945659497677,0.5682717137747101,0.38922054797691985,-0.0675477932300941,49,0.0,0.11563253860700665,16.682867274791644,-3.05567673664826,1782.4141429284539,462.1945659497677,2608.6288627084596,0.0,0.0,256.86571307436657,58.394910592320194,212.6342987197007,262.6942341701249,257.53694672242233,239.78609314612999,249.44614033781596,230.20688114315556,228.25752758198888,246.6606878716476,254.5060332932267,242.601229991762,184.29878973048474
221,978.8137584296568,462.6718275465277,0.5899887985040069,0.3112818761167476,-0.03224207838633515,49,0.0,0.08884484314714379,12.509899040481002,-2.7431345119755717,978.8137584296568,462.6718275465277,2165.439858117557,0.0,0.0,257.50460305058954,58.39423937852117,191.06180089958232,216.1938526898947,188.17673628044432,194.745092055484,207.10347599557724,191.94010961498398,182.06613409787838,215.30015352236967,200.2726972184292,203.83030765841406,174.74949808449898
222,1685.0251991095893,466.12258762556195,0.3097940463165757,-0.3798628697937824,-0.3369695846011029,49,0.0,0.010087409260398673,1.2281385530643942,-0.22311841179498854,1685.0251991095893,466.12258762556195,949.6987302045801,0.0,0.0,256.9431384097448,58.39661103992805,110.5760106623841,95.57542518014907,83.27378884923473,94.90217010299448,83.64253528712014,81.95321186125256,54.00110435781251,95.13489876747855,85.1241336964134,103.24938343453047,62.266068005210016
223,933.3397686960717,468.4725378750784,0.25375089637606496,-0.5919684982188446,-0.246906027897512,49,0.0,0.007406390846631873,1.047941729698465,-0.050842836452333603,933.3397686960717,468.4725378750784,931.8462900369213,0.0,0.0,257.54079084990144,58.39651178374845,77.41006444858807,99.67753229341051,77.85294215937708,73.12702739484692,72.24391517024856,101.62869251997135,80.5062231290202,87.32433150682895,112.41833892785729,87.49526370228372,62.1619587844887
224,884.7856064478059,470.7478954603386,0.6611920390199252,0.41262050264561856,0.1427668731914574,49,0.0,0.01070187667355791,1.125292557655498,-0.12816361646895613,884.7856064478059,470.7478954603386,813.4093174657811,0.0,0.0,257.5794083740446,58.3972944225801,78.34875562468542,93.58756247838684,80.60997844659536,74.14024999122294,71.64165249069076,70.53754040577316,72.93490389669799,81.7463731954852,64.08466030480338,77.93356528578525,47.844075345654794
225,2033.1440072029504,470.8281289144417,0.46957898141975624,0.13693918091111212,-0.007777496164029263,49,0.0,0.01918101687257673,2.8299446165399225,-1.129444840607138,2033.1440072029504,470.8281289144417,1289.1354679579963,0.0,0.0,256.6663397008078,58.398128239218,104.37743663296816,118.73588289078809,117.86576226456546,126.23407393029153,118.40566728603879,131.81502544367606,119.52144591920685,127.09802878912348,122.25236901510911,121.84048342235741,80.98929236387133
226,2364.1915523265798,471.39870250764363,0.5293758687145731,0.15621532466194477,0.1722953377949107,49,0.0,0.014274379048666965,1.8179326921125394,-0.6489444992153605,2364.1915523265798,471.39870250764363,954.8434431911268,0.0,0.0,256.4031289717404,58.397390800087415,83.67689900561305,90.89217094369172,88.60118449909174,78.11332684783821,98.86225038148116,71.60697268285125,108.81778836123888,91.19226111869193,83.97000838365977,77.98631900542651,81.12426196154256
227,585.1376531015922,472.56678951248784,0.9301344334291632,0.7669621197145098,-0.12947774554266975,49,0.0,0.02258496531013731,1.9235001750041862,-0.7102305753897071,585.1376531015922,472.56678951248784,1223.298718024127,0.0,878.5094247035308,257.81764938967365,58.3967750548284,100.6092197315871,123.69763364677499,107.86568465275907,105.78089229602666,117.15832394102017,126.83863416899709,121.1975181638766,114.47897123365459,113.31724160450617,127.70484524838415,64.64975333654061
228,1870.4135713837293,472.00667850285595,0.3059265109827644,0.03175714582266258,-0.22027331056097288,49,0.0,0.01962506501256195,3.7231677356820247,-1.4272815060980604,1870.4135713837293,472.00667850285595,1094.4781087356544,0.0,0.0,256.7957251126039,58.398900775524865,91.05339738075374,95.8338380344887,101.4748495388439,112.29002950838077,107.09326369022737,91.54538034391356,109.61742999620901,109.42467084272246,96.74974222152862,97.44841992093205,81.9470872576541
229,2711.6192704921464,472.1109951387485,0.6503918947601552,-0.5897636929492841,-0.6124840182485686,49,0.0,0.01298874681756337,1.6236121310785947,-0.5262057188957184,2711.6192704921464,472.1109951387485,1454.684464232751,0.0,708.6115771433472,256.1269173534399,58.39608384657371,159.72362419558775,183.16234068030127,99.92211276569856,79.10796882765995,82.79573415944512,211.79547477544776,111.32852518876263,112.0393533565729,170.26812591453034,136.62004595834065,107.92115841040416
230,2220.288439511249,473.43099431192655,0.7584537489359517,0.28401860010751284,-0.06514604053007335,49,0.0,0.0132214816399708,1.2105955010357488,-0.20749763900208967,2220.288439511249,473.43099431192655,869.6741644287961,0.0,0.0,256.5175286809872,58.39872769403575,66.58556970036456,69.7144867658755,96.00629860509882,78.9852428107128,77.83290080789263,73.17823875466351,101.70064812284022,78.53040524137612,67.76348951927596,81.39489863681534,77.98198546388062
231,2650.4032862527456,477.11769241273004,0.41311848036478055,-0.5855960231563392,0.02071646420658834,49,0.0,0.350075192100544,45.10774702192178,-4.135627840279075,2650.4032862527456,477.11769241273004,13463.23115574569,0.0,10568.161369885669,256.17553205656355,58.39849530174543,1130.5915560969077,1217.3806859344504,1226.537606612209,1296.7601197558502,1291.9117798786956,1278.997383481394,1273.877809846801,1256.8808865875321,1245.7562207834967,1293.7923478409741,950.7447589273784
232,2767.9112891033037,478.8556894456841,0.2816125007900043,0.5339832863756176,0.15305366767424014,49,0.0,0.005045828787640645,1.1771011289108675,-0.17703444054369122,2767.9112891033037,478.8556894456841,343.09501811499956,0.0,79.4556398644068,256.08209413218316,58.39857780035784,71.7348395117944,0.0,0.0,0.0,20.73465732377957,14.689154201060898,1.1636088020146587,48.646694863164946,61.36366385622577,83.6702372330698,41.092162323889525
233,712.8853752527546,479.16193747604405,0.38216741020854667,-0.18331840854141213,-0.05098828979395936,49,0.0,0.025819208808211036,2.2804420756839896,-0.8950476135753695,712.8853752527546,479.16193747604405,1975.8073486838516,0.0,0.0,257.7161445109512,58.400121178519626,151.8088056329743,178.58666885370866,174.1378733513671,167.7350970521783,211.8559690025242,185.4859118464895,197.073676151052,174.2458305281803,191.78864313311834,200.01573798874233,143.0731351435168
234,1188.0948573435742,480.91321693962436,0.362444624781094,0.6140242934969989,0.05760314525922035,49,0.0,0.0083370900931832,1.1142057279756665,-0.11741346694074051,1188.0948573435742,480.91321693962436,1020.8579221134785,0.0,0.0,257.33829362119053,58.402372121144936,87.13936757893906,91.69007575715531,90.85401401467604,95.082305279448,83.97796523160444,90.36314473725524,96.72157729537186,90.87443874272967,113.3584307928956,91.32012619986799,89.47647648353545
235,1333.435006283899,481.5049448485545,0.3256252060761219,0.5079830732094753,0.06208086214052169,49,0.0,0.023980227838849778,3.400334420412753,-1.3288040792215838,1333.435006283899,481.5049448485545,1546.559059008885,0.0,0.0,257.2227198365299,58.40286186136284,102.9360466414817,136.7650429515366,153.1072114101189,147.11794289354327,139.25006490088703,140.27824474013744,147.04540500002173,161.95633558041555,137.27645054278906,167.90274017950904,112.92357416844462
236,978.9567126302514,488.3956267923016,0.47228716396146847,0.48704964166143516,0.05423453829672247,49,0.0,0.019230312621190532,2.5593824172955335,-1.020337955156449,978.9567126302514,488.3956267923016,1103.1814471655257,0.0,0.0,257.5046404261253,58.404956946781844,92.64800502240467,87.46721279023501,112.96583123905681,113.22823476173721,108.8523827723368,83.05900339721524,109.13668057645897,108.31821282778321,100.30459360730852,93.69080310425008,93.51048706673927
237,2049.1907786986053,487.7750543674494,0.4720469807798135,0.15075081294270493,0.2249178254699289,49,0.0,0.01158161383642404,1.5716090767579707,-0.4908613209884465,2049.1907786986053,487.7750543674494,859.8602217099128,0.0,0.0,256.6535091048693,58.40515402766447,75.75564675977688,71.41346016118804,81.73106700832423,71.6296874950786,80.20496655327582,75.02727907999243,72.7909170401882,73.04959089114797,90.37221428990837,97.18349980565316,70.70189262537919
238,1144.980163615748,489.0456614106905,0.36189118805735904,0.4065267559269735,-0.014686766604597104,49,0.0,0.022243847707573514,3.751797341969262,-1.435598428451007,1144.980163615748,489.0456614106905,1173.85612194856,0.0,0.0,257.3726131902369,58.40566819334517,92.74163314377259,110.36910020949087,103.3304743489093,106.69240060713194,105.26696478293388,101.81900183074202,122.68890321961112,117.90444417989436,119.32477214319816,118.59948889062902,75.11893859224662
239,696.2530502661351,489.55158778391313,0.514382031807706,0.5145868946756088,-0.21969268475433648,49,0.0,0.13690356153363795,20.138300998367328,-3.2600570694468485,696.2530502661351,489.55158778391313,3582.8888562851753,0.0,0.0,257.7294573572003,58.40437618425025,351.2700369592069,340.87101992561236,335.83886726858884,290.59420818260526,321.8123597257677,333.4177396308188,347.4967309139643,351.171104680303,357.94806543983333,346.45387808894134,206.0148454695339
240,2774.002313440102,490.6198336022115,0.5078416449321353,0.8720240562567196,0.13527107265682567,49,0.0,0.007918652207479074,1.4343778978852804,-0.39165896156724894,2774.002313440102,490.6198336022115,428.5674190101259,0.0,84.638143417781,256.077121398786,58.40344344240386,0.0,3.9647211063066305,72.47383731447873,33.5893266610062,76.36413533923229,46.73358676988292,14.520534152620318,40.651381642088396,51.941872924936206,60.15053470518998,28.17748839438425
241,1248.6177803136266,492.25474025237196,0.6316824463879814,-0.07596002394345054,-0.043918118678787865,49,0.0,0.03660173965713829,4.6546856667374525,-1.669725895457366,1248.6177803136266,492.25474025237196,1313.9542810928106,0.0,0.0,257.2902034423589,58.407211306742816,107.02384862132703,120.72664980895539,100.33797481173711,112.96745143704189,135.1489847555107,117.16726463762775,145.20592274217208,121.73193454068799,147.8588645554544,107.87733645054598,97.90804873175021
242,2504.6451716482784,492.75254994586095,0.5370430931594745,-0.46464774888298344,-0.09591047515415548,49,0.0,0.015203478623789752,1.5926423080559018,-0.5052956211089634,2504.6451716482784,492.75254994586095,1049.981544068488,0.0,0.0,256.29128220038376,58.40571017920348,86.15243711308935,101.75298257898885,98.7798460563883,104.43098535369046,97.70633507306204,85.6371388851702,103.15407716566884,101.53041163551171,82.01388736513024,102.66939011018984,86.1540527315981
243,943.8070774113447,494.5139412157532,0.6075262559758828,0.4642215718962965,-0.04627187873670574,49,0.0,0.7042462801635256,99.24652265013042,-4.991788247773866,943.8070774113447,494.5139412157532,12050.64013544203,0.0,0.0,257.5326304886424,58.40739531391681,1051.0574377241273,1073.141071474056,1139.6219950325635,1166.7733932994076,1126.2903529664563,1132.4976619789218,1167.4092604822242,1143.764783503146,1151.2082345623662,1075.1342196864225,823.7417247323399
244,1238.3685338616815,495.2202372230626,0.5080872728878789,0.2599638878759407,0.14862138361085378,49,0.0,0.02398595342192356,2.9507393957690704,-1.174827137628929,1238.3685338616815,495.2202372230626,1361.8982834923277,0.0,0.0,257.2983649297511,58.40842880888678,98.92590045083556,100.12893938227114,132.80716942990472,125.91980164318517,135.6189953514027,127.56946167063907,143.4173949417222,135.19893892630378,136.4605519985127,137.93071558449492,87.92041411305549
245,2335.2340661599155,496.6311201105035,0.5280956505776888,-0.799259431018299,-0.23560779122320866,49,0.0,0.013121948300311837,1.4138307964259182,-0.375993593355943,2335.2340661599155,496.6311201105035,1012.9469503970481,0.0,0.0,256.4259764043139,58.40800989941287,103.89903203512004,101.02855688031103,85.07751757781944,111.838202811805,71.98159191637689,105.5937140087756,84.64028546121546,93.86446656664485,101.0341564880163,81.23059398907132,72.75883266189223
246,1352.621926922212,501.0343942522435,0.5919897435382537,0.523536978061908,-0.18112096279930948,49,0.0,0.0834385287397323,11.181563781133034,-2.621256363532675,1352.621926922212,501.0343942522435,2110.1813286064435,0.0,0.0,257.2075077821624,58.41102288658031,167.6740089306677,194.22304883847937,201.44343692254267,222.28521983379565,225.41842632170673,190.56353080988475,182.8385277006342,190.27580916388132,216.72752023046485,193.4990710849214,125.23272876946443
247,2084.757279016287,502.19034041280077,0.4098646832477351,0.5142133366019024,-0.32860074460327754,49,0.0,0.009615101754325416,1.4785821427084382,-0.42461364196265605,2084.757279016287,502.19034041280077,794.6651139287022,0.0,0.0,256.6251587017951,58.411078146466174,73.02046461676696,73.56715806844849,68.0853590693085,78.5700560363167,67.4369493617193,74.09434140061018,74.16953836979684,73.10430394605578,75.12566993146814,72.06523772161137,65.42603540660005
248,737.070634094073,503.20497797609124,0.2688450307304236,0.4342733432842287,-0.30400571147682914,49,0.0,0.016266860493748824,2.792720075274524,-1.1150685173261665,737.070634094073,503.20497797609124,1182.5028965604802,0.0,0.0,257.69711121511307,58.41024201768194,105.92898180480864,120.1081894929692,95.85307171850701,78.2867312827475,115.9650332716839,129.38118108571908,108.80009301357771,107.59541687159037,113.33711849314348,115.73760104293105,91.5094784828022
249,968.5723087065087,502.956176265931,0.5681865164213439,0.07616043850384102,-0.06269222388326787,49,0.0,0.01375950014646666,1.6190301640678129,-0.5231373503673266,968.5723087065087,502.956176265931,934.6433921770083,0.0,0.0,257.5129854100044,58.41099115684673,84.22254662597913,85.17600514234476,84.72583857639745,90.48998633584628,82.25015489501246,64.5391795441374,107.75797034136909,80.65016592318719,85.8749118775218,92.53984546424344,76.41678745096932
250,1794.4927952357427,502.7397500976929,0.933247505060552,0.6759858358228152,-0.011634254810272126,49,0.0,0.012949118328583274,1.0558986994196966,-0.05905563736633764,1794.4927952357427,502.7397500976929,825.0183370727423,0.0,0.0,256.8560357358866,58.41179206193859,65.0830961750845,80.43332756262669,87.41158327162603,76.10722822618894,90.79501789554621,77.1763581581077,61.773608195110775,67.39229597847095,67.54651894324597,85.24733418014654,66.05196848658802
251,2293.881248119448,507.2011236159228,0.6217935034380497,-0.13581388941047298,-0.040962781228130435,49,0.0,0.1068448579560912,14.574915608008817,-2.909015121942604,2293.881248119448,507.2011236159228,2332.614363540357,0.0,0.0,256.45879477176965,58.41255905037603,201.66311837700857,188.720885726637,219.57171384281233,209.2555285907274,222.50595703500127,221.02022830589723,220.67124638979612,230.1907928243669,246.855464131163,222.98800626935827,149.1714220475887
252,1418.826525740066,507.792350256322,0.6177981780468197,0.3973435388386075,-0.228563143730656,49,0.0,0.022885557390803838,2.2140541862083833,-0.8629706137182394,1418.826525740066,507.792350256322,1360.502394754396,0.0,0.0,257.15485982556544,58.41390857333712,103.66340357813982,136.65211721691043,139.99530429245982,125.38546839634706,113.27783190522123,109.9613767451279,130.16621428949816,132.16565173536125,131.36367402403312,140.57083124229086,97.30052132900639
253,790.5435672322691,508.6899704314929,0.6136429893791582,0.5834028368786779,-0.30507509692054696,49,0.0,0.042013355180436154,5.378551540284047,-1.826663336583312,790.5435672322691,508.6899704314929,1418.3862431302332,0.0,0.0,257.6546247551209,58.412747569465104,120.5851194284557,120.6280110077888,156.1732082319217,116.21439566972668,151.4939918581585,123.31125623926854,119.53368447435459,139.0011237399338,123.55330981767966,152.8577594773407,95.03438318560455
254,2495.819180353163,512.0087295982491,0.6206491901543953,-0.5826543528931164,-0.006487611632929154,49,0.0,0.029226157986409818,3.190726545645262,-1.2597239637850979,2495.819180353163,512.0087295982491,1329.553898626522,0.0,0.0,256.29813778803907,58.41377156842082,119.76961560226454,136.8582900592325,118.41742892782791,110.21779279584311,120.50710970864426,107.58611736987113,152.5870718580797,113.99314174556505,121.30930202437877,140.25880514614013,88.04922338867473
255,2479.642617845093,513.1228238489997,0.6368658395590722,-0.2433774311501681,-0.07396894224692634,49,0.0,0.06111451777194343,7.501762848309758,-2.1879083269233273,2479.642617845093,513.1228238489997,1862.3925583315163,0.0,0.0,256.3109953114286,58.41430643138519,148.87020136457016,177.059663741213,179.68444393042589,164.2593613718627,180.4878202166707,161.50034666604859,196.1912445770189,177.07389197200288,149.8966117286838,197.79547349715557,129.57349926586394
256,1485.3034475256086,514.5552341748131,0.3929754581520328,-0.19753949636933896,0.43815925021164676,49,0.0,0.04758243863543573,6.278501987260113,-1.9946400901261685,1485.3034475256086,514.5552341748131,2350.3622056392414,0.0,0.0,257.1019865292454,58.4167748852882,198.99409760027424,212.88763666070702,217.3466463970168,204.64763035271912,195.96719100719525,217.33860690824693,233.88234381885323,224.1313551284639,219.05389454726281,244.7424675204793,181.3703356980229
257,2286.180480993107,513.7358118500674,0.5192423037525907,0.058155510874107245,-0.1238537915095793,49,0.0,0.012318214653008168,1.3655985049884207,-0.3383075816396524,2286.180480993107,513.7358118500674,1149.585012397571,0.0,0.0,256.4648775956221,58.4153077054809,78.79594439511328,104.72300622276367,117.48969351618017,112.7820611186408,93.52225372369581,99.07407758991519,120.34652333117896,118.61200089206861,122.83111584301179,95.12286995206392,86.28546581293868
258,2236.1211789667814,521.1108582140718,0.6997896973047013,0.057510199603591876,0.030191156772518858,49,0.0,0.07119529259281199,9.09984455018643,-2.397584933667328,2236.1211789667814,521.1108582140718,1577.809782479333,0.0,0.0,256.50465377762913,58.41854330371425,129.03102983267846,141.30287507704304,165.31000187507746,183.8803884804586,122.79762762449303,139.98375368324952,148.97528933318944,162.46828880426358,156.54045351355592,139.72516320370795,87.7949110516162
259,2275.4609732698327,522.0526265964413,0.2826434053149584,0.4781806283489718,-0.2397369297625661,49,0.0,0.013273936644048152,1.4423440212356877,-0.3976721466329757,2275.4609732698327,522.0526265964413,1282.9213752473236,0.0,0.0,256.4733514868009,58.418808614348485,94.66888726949755,122.00556023731095,112.88609049128792,145.80590931218904,125.53492629351824,119.13401059066697,128.41370304850852,103.3085789599723,124.42157546597079,110.13444647711297,96.6076871012884
260,1519.055336784574,524.2627021891217,0.5811115617685235,0.254286562639948,-0.022609403820356543,49,0.0,0.026917642288715096,3.6828742326699397,-1.4154672207117769,1519.055336784574,524.2627021891217,1118.0855539099148,0.0,0.0,257.0751430322627,58.42083576548511,82.52394790040447,115.27923772656115,107.63139108398693,109.50848444044142,90.33093311866244,98.79020952176417,112.32339130639993,122.98570176201288,94.4737001826849,113.3719675673743,70.86658929962229
261,2082.9611128724537,524.3826462091556,0.673717367476232,-0.20281626666156427,-0.06440650204318307,49,0.0,0.03163067492647101,3.782001219210033,-1.4443041612831975,2082.9611128724537,524.3826462091556,1096.0835419607756,0.0,0.0,256.6264861232389,58.420328431288006,115.54682765823641,99.63477026253247,90.58768319466454,103.70525752448218,83.65756918301489,95.20739853412582,89.09463368808557,94.37662966661816,125.2722840794629,108.93183395048706,90.06865421906585
262,567.4454080727725,526.5179392134103,0.6636850681029016,0.30083076008505194,0.1887526037914582,49,0.0,0.013096921249088,1.1689660616991562,-0.1695047564530614,567.4454080727725,526.5179392134103,1059.1116203644167,0.0,385.9016304172686,257.83224112559515,58.4191617042594,80.80143766291201,90.98456238612712,108.72617131975593,98.50079930987454,105.45148982261642,92.23069977197825,87.8915544327919,98.72219385981575,103.01089327045639,115.65976798258768,77.1320505455007
263,1202.7728711527213,526.6617578861692,0.6006800981581213,0.8814664601329057,-0.4503320370398835,49,0.0,0.03173256686275074,2.312826040338742,-0.9103574211373889,1202.7728711527213,526.6617578861692,30542.120826321836,0.0,0.0,257.32679368275234,58.42146179240833,2588.933080329103,2979.0461850244183,3002.254398328448,2828.277811394045,2941.1417128979188,2815.0728662796355,2871.296347733735,2976.724686120351,3021.218406997087,2734.689142777778,1783.4661884393054
264,1546.214277856832,526.2483439514122,0.37343163843639293,0.7249750337858507,-0.5090074697725284,49,0.0,0.010293395547794244,1.0422375775752248,-0.044916818688250496,1546.214277856832,526.2483439514122,1067.865053991681,0.0,0.0,257.05353551715746,58.421672150356244,72.54624750727768,93.23062171208306,88.12216047412355,103.40049488516391,95.39954459388015,100.23837011027979,112.51405285352936,87.15351730140308,105.04762498929846,118.4624903011202,91.74992926352175
265,1739.6270192306592,529.9547965696981,0.30577981155078926,0.7109298478961708,0.24187933711328014,49,0.0,0.008104733807879036,1.1111988749547517,-0.11447948255916025,1739.6270192306592,529.9547965696981,837.5011268125456,0.0,0.0,256.8996415636885,58.42317596618767,76.56069223761489,94.73409834906984,78.7574012515946,66.78496628213664,58.80953108565138,80.36746056410817,79.24887270646023,74.72920877964657,77.30810940097182,82.85118342961772,67.3496027256738
266,1981.5944812810037,530.9996232115773,0.5692780161183887,0.49232060283907186,-0.041009361802713126,49,0.0,0.016554073174220987,1.9493723641142517,-0.7247370121524904,1981.5944812810037,530.9996232115773,907.7026426852194,0.0,0.0,256.7071101286967,58.42330102669848,93.52039576914075,94.72324666844088,74.26142786192503,99.69825075989544,85.69083101921147,72.24726302471349,69.79817102044512,66.33045017182233,75.88920654729354,105.11633349929572,70.42706634303558
267,1194.5121803004477,532.2498088191974,0.5220158977749586,0.4075498641799418,-0.1473118336713836,49,0.0,7.4108736182930866,1076.0820455643868,-7.57961346312488,1194.5121803004477,532.2498088191974,157266.63456745067,0.4430938251357418,0.0,257.3333876028199,58.4237736056324,13691.97604560437,14903.494240694043,15094.967592195966,15186.270945222472,15681.300024492983,14807.946364622241,15226.809014446633,15390.354782282402,14679.968373421165,13454.60546463993,9148.941719828388
268,1496.2978404531862,533.3353508699375,0.35397030367052357,0.31639864550375896,-0.14985175726087255,49,0.0,0.009395870888292648,1.3518478284873907,-0.32731951938448717,1496.2978404531862,533.3353508699375,913.6698594366851,0.0,0.0,257.09325856253844,58.4246053899269,88.68324235830616,93.78491793420505,64.36790835188633,85.26351036031126,97.48565021182483,87.77685585621744,71.8815498988647,93.37311613538998,95.08143609144142,78.77579957297917,57.19587266525866
269,1449.7247996499111,535.6010696579802,0.7022806259494356,-0.13640350283358715,0.21895427311452365,49,0.0,0.0146410387239111,1.411279559213434,-0.37403262828711037,1449.7247996499111,535.6010696579802,928.22624970959,0.0,0.0,257.1303207286478,58.425520109906294,60.399510272632,94.77772320568602,91.64026526374107,76.78647052240304,84.74739444903534,105.92222439229533,92.11246719110201,75.3243404074458,74.65642587945538,96.44547257296378,75.41395555283023
270,1550.5701244373615,539.2845942659799,0.5710477186658274,-0.46298909563912205,0.08950446500229488,49,0.0,0.02679358354893018,2.8753372100913035,-1.1467219616024373,1550.5701244373615,539.2845942659799,1507.3913713411644,0.0,0.0,257.0500759382577,58.42710471133066,131.21050994876026,144.80976945724726,146.2455629740592,117.75419663809839,136.63553385188945,133.50731215675526,150.80807063971287,153.9373350061927,151.83432182970364,135.86320559361093,104.78555324513415
271,442.3013302753483,539.8803011263842,0.44297146899134404,-0.07860747195164022,-0.08526829688401748,49,0.0,0.006124376991227805,1.0609841786454006,-0.06427226941822095,442.3013302753483,539.8803011263842,444.5045355324767,208.0095889074058,457.14138104800816,257.9319358616494,58.42405256313152,18.50259979978285,44.54799612536457,29.185524439473348,22.93624731566058,30.74018605281517,53.226770539648406,37.04752281140133,72.4346291728672,59.57473530621394,29.30828494343522,47.00003902581412
272,1906.812329901384,544.1013225867673,0.7714899803475576,0.25127183276286014,0.3611258409146098,49,0.0,0.01582887087100489,1.6274041995662163,-0.5287385809280225,1906.812329901384,544.1013225867673,1113.0062759466423,0.0,0.0,256.76657472599436,58.42888639473502,109.71380576789952,112.64979305127639,95.99442224545459,97.69401248923444,98.61937096097533,116.2933926704105,96.73314641908505,91.9925749813809,105.05194178744752,110.91001085391997,77.3538047195581
273,2108.668537660167,542.7151309854037,0.7926786879688573,0.8978394345489927,0.2002895797436904,49,0.0,0.020066876263571783,1.8686209636754603,-0.6788030419992732,2108.668537660167,542.7151309854037,995.2014801291662,0.0,0.0,256.60594526223485,58.42790355448814,74.86577489353691,91.94512059474366,101.02193446998766,98.7230435497015,79.45612728292147,80.7428025871307,89.82713198429902,94.87616736464567,98.0783297824747,114.91553131186211,70.74951630786285
274,2527.02723066335,543.7298180585775,0.9383648870996042,-0.6894579501732877,-0.0672455646671874,49,0.0,0.01610065482855238,1.3374729489574164,-0.31571251741105544,2527.02723066335,543.7298180585775,937.3295186366927,0.0,0.0,256.27303728061275,58.42684670473152,92.23879799472456,86.65149920103204,85.75411478769729,79.55890001874715,104.45116095038374,72.14823121020017,85.37509704243396,88.50192005611522,88.50854684410828,88.58932221404886,65.55192831720146
275,1903.0880181232244,547.1717269451009,0.8621920057873901,0.2507549040771333,-0.19133240608910418,49,0.0,0.02668199141313333,2.637004029949961,-1.0527769837400258,1903.0880181232244,547.1717269451009,1106.384595575506,0.0,0.0,256.76952976698095,58.43017123386001,102.14866038399649,113.85918196519398,84.61286099210872,93.61065595187759,106.55700245248676,113.30245656751106,98.27623984116715,100.27573871705044,105.64038374656492,107.82689240534373,80.27452255220501
276,1155.7944658552933,551.1272383441234,0.86923721715868,0.46791007844562854,-0.07493339890508884,49,0.0,0.02560608768379304,2.4818338537186633,-0.9869317607669975,1155.7944658552933,551.1272383441234,1007.2058727701221,40.169635491743676,0.0,257.36427397314253,58.43155740161344,85.55435758200616,84.90356235640377,95.16928979891003,87.40044486990399,98.583273199905,73.29358589662053,108.82116676695475,79.85864947278334,107.40374490768357,106.06041010253178,80.1573878164192
277,2814.1565373696517,551.4908194111172,0.4474224996493052,-0.4719456615739102,-0.3030470899786171,49,0.0,0.005990121558232011,1.1548409196060556,-0.15630540971434698,2814.1565373696517,551.4908194111172,708.7275198752134,0.0,222.6158129501734,256.04449647446967,58.42856510873975,29.298390628406725,135.6127516024296,110.0923979252924,45.762894325692926,79.28090703250795,49.23727255606215,49.34895396227853,33.91005850240931,75.51669349487406,60.46247672723753,40.20472311802225
278,1557.884195554489,551.8456443766241,0.5968203331820954,0.16947537623109793,0.08113226157444695,49,0.0,0.010379595955819125,1.1520592005591062,-0.15368699158852428,1557.884195554489,551.8456443766241,928.5783728021559,0.0,0.0,257.0442606489993,58.43233984188046,81.19349604469667,82.88747382555886,78.37663257110415,101.1824668170502,83.17807223951027,91.51670815681052,77.74430570187226,85.23760386089415,92.17833413581192,86.83788405275735,68.24539539608946
279,1805.047974586954,551.5867543888011,0.7363989734153923,0.24266238292708245,0.07651851278975837,49,0.0,0.03098378822342567,3.550075162629468,-1.375593870222005,1805.047974586954,551.5867543888011,1039.0857852506663,0.0,0.0,256.8475453975551,58.43213329383215,78.35601986966445,106.28560781041344,83.58361828307548,113.17827906911138,80.96358584674354,92.36842616350918,109.94574434803866,75.76967885639436,110.8882633860904,105.07180584324195,82.6747557743834
280,1647.3562996172222,553.2039775279203,0.9249136055525138,0.49299974485367754,0.15005425511351353,49,0.0,0.029834608366852283,2.8798834458800573,-1.1484372785687038,1647.3562996172222,553.2039775279203,1027.9271030688724,0.0,0.0,256.9730497357228,58.43290484555693,110.65820851729127,114.71692495172061,90.98943390817945,87.5577810747057,76.27873901159332,95.2786627571071,90.96004279952734,106.73986716796998,99.39516142137731,82.27906243726167,73.07321902213866
281,1948.8054548249906,558.3157848567508,0.5232458125375085,0.14607040549777597,0.014676370138583122,49,0.0,0.11794665626350616,18.1279096346287,-3.1458693190520663,1948.8054548249906,558.3157848567508,2770.4078234840927,0.0,0.0,256.73310956215994,58.434740903301886,242.23920141217815,234.1027561708541,260.1845411077369,272.2090530772545,246.6864401092826,257.79310681654005,273.60169610895895,267.5202332954233,241.21550227119423,263.8542227272113,211.0010703874584
282,2114.733866676113,560.380472675607,0.21044212329440984,0.543564229975366,0.44180011999999796,49,0.0,0.007645741509410417,1.1665793464937997,-0.16728570817264035,2114.733866676113,560.380472675607,967.3296374854087,0.0,0.0,256.60103270649,58.435248209123735,76.31985759892105,93.58576739696024,102.9443665771727,95.62134393332367,70.95656514369108,92.82126014873751,83.46043472912267,84.87436442240971,96.57824052690857,95.45432431798818,74.71311269017335
283,1529.6179010021824,560.1350236025556,0.9167048633765128,0.4245008555485996,-0.03878269736438518,49,0.0,0.012426606766623197,1.0509747980820539,-0.05398075490142107,1529.6179010021824,560.1350236025556,897.5500383500041,0.0,0.0,257.06676317298997,58.43578563875351,90.91638509844813,71.66165310008581,86.21631271825531,86.24628672187177,79.28206453689671,84.77768409495572,89.32882539044253,80.71019610154536,76.82476170329377,95.1747765366535,56.41109234755555
284,859.3385518363584,561.3072868239451,0.3287720298934455,0.2788080952488665,-0.11855504214855492,49,0.0,0.0224311893771876,4.1043102772108035,-1.5331004627319338,859.3385518363584,561.3072868239451,1163.215257547545,0.0,0.0,257.6002745371068,58.43493186196318,99.6277138095044,112.6906639548925,90.61873021295408,100.24102413647442,109.9409156382203,114.05594885648034,107.68580970946036,120.531509838344,115.25589080459692,116.6176497962659,75.94940079035177
285,1013.885530514836,560.9665867971376,0.7480778886197385,0.22450357374588847,-0.06809216436618276,49,0.0,0.05871156359249788,7.196493292598866,-2.1428023123754905,1013.885530514836,560.9665867971376,1385.6064572547198,0.0,0.0,257.4772662871004,58.435295920155035,105.34539934677454,130.81446139394507,138.11926790716902,124.86107613897454,134.24440439938502,138.61121733948457,149.95620974712534,117.34324095978027,116.8558708961659,129.53202110549222,99.92328802042337
286,2263.399564150103,560.7693202532819,0.30704283974201085,0.07184561903251399,0.13125641842473054,49,0.0,0.011332576971283186,1.782847665515553,-0.6277855917404934,2263.399564150103,560.7693202532819,1055.1257716898526,0.0,0.0,256.48270405854026,58.434978689338465,97.14907685480844,87.24050840015988,85.93493613565502,111.20680999346598,100.7695452826589,88.77420143285794,98.68735873386528,102.35245474946987,74.46708717244552,106.84619104740811,101.69760188705773
287,1252.76954462005,566.3598006717907,0.453190737935489,0.3964834473720617,0.0379000022601293,49,0.0,0.026617402756938618,4.088752191054311,-1.5289769746501078,1252.76954462005,566.3598006717907,1159.4759454037987,0.0,0.0,257.28714522262464,58.4380933330439,106.3951774615295,100.13103111112954,105.80471871076273,101.3277084204487,101.46106611839954,110.28247852863284,121.98079473264264,102.93812695374245,103.0300821706166,112.51827034741868,93.60649084847554
288,1996.0604823102715,566.473822310083,0.5432088955706222,0.1766695126752128,0.04487356883856924,49,0.0,3.00723143613501,456.9502195036853,-6.649672225708381,1996.0604823102715,566.473822310083,51977.57465462655,0.0,0.0,256.69546713037676,58.43805316202441,4440.971781139289,4789.275811770702,4750.514623184248,4967.220817154566,4915.179626618438,4828.952695179633,4874.45824281871,4967.778760202258,5012.540328980382,4847.946613969867,3582.7353536084456
289,682.9352608128049,568.0551046636397,0.8655489573450711,-0.12932570958462195,-0.15437127234689846,49,0.0,0.013924850745029768,1.101515697124703,-0.10497672608661215,682.9352608128049,568.0551046636397,1023.068476832816,0.0,0.0,257.74072856800615,58.43702156779145,67.20893671977427,95.03670998474243,90.43437358858387,111.62018945112314,95.20604075029148,90.80489241228344,108.4727842507408,93.26431127258505,94.5111797537719,93.51793190479515,82.99112674412463
290,1952.6117266781885,568.3292198178955,0.48203693069110626,0.21605719312895777,-0.12248881190156079,49,0.0,0.05422133126441689,8.399081460976028,-2.3105794835351072,1952.6117266781885,568.3292198178955,1842.7078769317834,0.0,0.0,256.7300466359165,58.43890630634193,146.65239364987826,166.87911815680275,171.789069838108,163.8954096556775,160.1763495665727,164.31308330679482,170.36890655383667,191.6461749348868,165.75251307778439,188.16228447741423,153.07257371402733
291,2263.090983431399,567.6850229160889,0.4462544202078127,0.2653643626138169,-0.0026339052806058027,49,0.0,0.009479697455724358,1.1775455190446908,-0.1774442603894645,2263.090983431399,567.6850229160889,1029.9381780177255,0.0,0.0,256.48290628735094,58.4378609541618,99.162595552297,82.75044325114722,89.06257274557946,115.60189998052716,101.4570555346091,103.5736785567703,90.21490775842886,92.85443240730268,75.55607570045821,106.4075247017608,73.2969918288446
292,2229.9264232559576,573.1763165061996,0.7190122659093753,0.22376786616451386,0.04460934776895901,49,0.0,0.04674322661399382,5.640832561030918,-1.8783580214728655,2229.9264232559576,573.1763165061996,1252.0357126493009,0.0,0.0,256.509271888825,58.44025444831692,107.63964591247316,115.361391492856,106.68413899740253,118.5970479430037,106.84366366042532,110.76359799471705,135.21102910875553,114.42135856042498,109.73746725430618,134.18812616923265,92.58824555570379
293,2198.80059112006,578.9406303398353,0.8713976644869141,-0.009680354667077075,0.125246199748026,49,0.0,0.015253231355681587,1.478964108896144,-0.4248940869572635,2198.80059112006,578.9406303398353,802.3243102617901,0.0,0.0,256.5340165824649,58.44275027867651,75.22566573452555,59.492818052311755,74.80536805870511,78.41316509824617,70.71477231411244,62.67608722939866,74.9287377650125,75.40334853107694,86.6854803289975,90.91826043402183,53.06060671538164
294,1281.1819699207338,580.6838334385296,0.3736207339704646,0.026151744204404987,0.12382232057978064,49,0.0,0.03492644201288122,4.915768595070135,-1.7289785767842574,1281.1819699207338,580.6838334385296,1719.7252575851892,0.0,0.0,257.26457183070426,58.44410802835419,127.34535224901101,131.67690541951967,138.82024191689544,177.29980309543754,150.25451723580943,170.01895374885873,173.39613872208497,184.687659578078,173.60793804979767,155.63174587989144,136.98600168980522
295,2133.877684558737,581.954897468112,0.817129742304071,0.5069056697973662,0.0934817940114871,49,0.0,0.014373767303760472,1.3007762303010593,-0.2855064806353513,2133.877684558737,581.954897468112,879.0883642908011,0.0,0.0,256.58568657045726,58.444187346584634,73.96861045830639,78.04454622730753,97.02817133383576,79.83178438615634,77.08442325159507,77.8127196646659,90.5089512636423,84.40831239235295,84.92387944979309,87.20390288829586,48.273062974849836
296,813.5406788805161,584.8653351716007,0.38807658315117977,-0.13861441991877932,-0.7361893384867155,49,0.0,0.00850423116891363,1.1592713132045853,-0.16046272286462315,813.5406788805161,584.8653351716007,838.5793304996296,0.0,0.0,257.6369003028827,58.44457400800433,77.20644124407958,73.11844376171975,86.4175501716234,73.48698593207718,94.34934439864459,71.95606640085842,85.94307798421927,65.17180255563557,74.20867196510483,75.34487203861156,61.37607404705548
297,1995.8188088629706,585.6603456889161,0.44249463858537574,0.34610404229160924,-0.06556600306316467,49,0.0,0.011757478400897876,1.270935017886983,-0.26030836479067737,1995.8188088629706,585.6603456889161,1200.3720918880622,0.0,0.0,256.6955876858137,58.44604745305683,102.09790728588783,130.78477270780542,124.39989266673125,99.82954131614372,111.70355129043075,114.09636282339106,108.33958138281383,98.01647272123675,102.22306218965676,126.15619542032263,82.72475208364224
298,2775.339268657938,585.4611678848679,0.3933791824034533,-0.19816734235240932,0.25971387234957266,49,0.0,0.011931042339922511,1.4945805048920437,-0.436298282695083,2775.339268657938,585.4611678848679,1214.30102916165,0.0,1093.0808685592265,256.07500454046334,58.442945277183476,94.18929063027261,98.76421439127876,131.88887657064538,103.92969127433582,90.57113437903354,141.82952833098648,119.3377934441984,106.5568004133178,125.72049243351357,112.06096853147218,89.45223876259541
299,1642.955432717106,587.3475945115358,0.36204550177355593,0.04465256226066286,0.06688483187459884,49,0.0,0.029957559658945705,5.5017042546115995,-1.851243102701253,1642.955432717106,587.3475945115358,1326.2347330902417,0.0,0.0,256.9765386906861,58.44713152071784,119.84494616332182,127.10292637340004,119.13629066861259,151.3168961153454,119.42598528097912,108.98768430280921,115.63783600794201,132.08192588007464,117.84049155933965,125.45778275103217,89.401967987385
300,1676.3628940675242,587.8588822665699,0.4255307574714876,0.18982465592372313,-0.24549923063309104,49,0.0,0.02168142043171819,3.030700963747303,-1.2038577176913368,1676.3628940675242,587.8588822665699,1186.8010483049427,0.0,0.0,256.9499383113522,58.447334793952145,104.18895963114639,102.07734978791052,122.14879142063617,99.66176113846615,118.70278980787224,81.66728809983658,135.35796618588404,113.00040443350076,106.13243941500053,113.27404446152603,90.58925392316317
301,1874.4671559761596,588.2346348134257,0.5267336328609635,0.3792843158510772,-0.061602422568749586,49,0.0,0.08978184736138746,13.498709282247114,-2.825730610423387,1874.4671559761596,588.2346348134257,2173.9080871266488,0.0,0.0,256.79220080791157,58.44732037196958,181.7627778921114,204.52608227788227,203.19308899119304,195.38533062200278,223.16124209340356,212.36366693395524,211.0812160072031,192.62984227217692,185.83142966726257,207.26353559065785,156.70987477879999
302,1569.5121772739465,597.0277623422645,0.5693294931103889,0.3002113463242932,-0.09441616943010198,49,0.0,0.48006836930049657,70.0653768036921,-4.613758654841184,1569.5121772739465,597.0277623422645,8732.780703425742,0.0,0.0,257.03501926640706,58.45116678456592,720.7741464895721,821.4565354869657,824.9345694612134,782.417463704475,821.7369591150459,861.5740161708403,771.586267536399,821.2764670404266,822.885286246756,862.7171817922167,621.4218103818298
303,1817.8512644250104,598.2688417071972,0.6933844062480465,0.16119979689566205,-0.41459364419215966,49,0.0,0.016118785356424175,1.5371599447349567,-0.4667976477698311,1817.8512644250104,598.2688417071972,982.281166795787,0.0,0.0,256.83725938005534,58.45156967368762,80.16404231358234,78.08449495421362,90.16398088874516,93.23825083107428,93.03641560663127,88.10088169760206,90.85149426816015,92.71662741772326,101.69346523053511,102.40897996058405,71.82253362693564
304,949.9722990318528,600.8567685426298,0.7676197400862595,-0.16359283651337617,-0.05486524471462298,49,0.0,0.01273826306388504,1.2430092118236218,-0.23618586792217902,949.9722990318528,600.8567685426298,950.2345223021522,0.0,0.0,257.5283819358609,58.451720256217634,86.6894765643984,94.2931958836985,73.20458503547326,91.46278730252544,105.6582890247158,80.44563152828272,92.32237876347048,68.65011626781775,85.9230777932074,109.76156834420952,61.82341579435303
305,2496.837824256794,600.6454727058675,0.41160898944400653,0.2931964341701049,0.3000412766512805,49,0.0,0.01594197211362232,2.3882349127070666,-0.9451926071009396,2496.837824256794,600.6454727058675,968.1890763981619,0.0,0.0,256.29657573185654,58.45069403565215,86.24808390189206,83.9338748364774,97.05675892054194,97.23365259789298,88.96528068180464,84.09406091790453,96.17135269111382,90.2112875893058,87.03305396615232,93.05614487020881,64.18552542486754
306,599.1903443929328,602.0431374196447,0.5892248524968009,0.7465879050198789,-0.0913916052874025,49,0.0,0.10236364457887881,13.915502375021152,-2.858747224440364,599.1903443929328,602.0431374196447,2675.3056218995116,0.0,0.0,257.80770391371396,58.45078482661079,215.4082451094264,258.7371364828442,210.05034796541912,266.26030798858017,265.8162172674066,230.66434121650184,269.15941195089994,242.70143725446997,281.628305944823,247.82183980313914,187.05803091600103
307,1379.816544779058,603.4077939724945,0.5210546595295764,0.3342278700450653,0.015804614083602578,49,0.0,0.42094937818414474,65.19668660219834,-4.535563811916194,1379.816544779058,603.4077939724945,8044.36319853773,0.0,0.0,257.18609084688677,58.45370717889891,681.370284856137,780.7191485597175,698.1237648311951,750.9931980883744,763.5656302193681,735.6498544271151,747.4654723603679,780.9007830640267,780.7691752202895,733.7752472245007,591.0306396866383
308,2515.1621098376827,604.7879758330831,0.4098951013233347,-0.15821714724758257,-0.21777257233180403,49,0.0,0.01871428166004943,2.596170394804185,-1.035832982931262,2515.1621098376827,604.7879758330831,1136.0566712026898,0.0,0.0,256.28194948952387,58.45233796885367,109.21881690642614,103.4533319860783,94.52814823493169,106.13901121934826,112.3643520739968,110.71335011011858,96.27243441493002,103.8912223375288,103.13345328865769,112.89413778816197,83.4484128425116
309,816.1915158280999,605.8713697445571,0.7884906148259031,0.4186885016541216,-0.6149748414686426,49,0.0,0.0139240181449681,1.2043120815838826,-0.20184760797555512,816.1915158280999,605.8713697445571,940.1284351143257,0.0,0.0,257.6349459981039,58.453335805924596,76.2329599338748,89.47186913774968,90.61577926581023,79.33880815221539,86.77878178367007,77.81350554962432,87.14552465393123,91.18965933108782,84.92143105300354,103.27816093988474,73.34195531347397
310,2226.9558097489203,606.3374565869661,0.9269915926937518,0.7203644440285176,0.4866923963932532,49,0.0,0.014293566486025986,1.4259400883221927,-0.38525319692833765,2226.9558097489203,606.3374565869661,701.3192722260245,0.0,0.0,256.51143984311415,58.454079517828546,54.78916970078183,49.93549124421979,70.0047739273134,69.29635167282485,64.94650507810994,61.077400396880535,74.15581812144518,71.04683248584166,59.480427226684334,65.84962872286859,60.736873649054395
311,938.8160263542683,606.8420848826913,0.47765805931768474,0.36364773476197904,-0.004409245315116165,49,0.0,0.12244680759960128,20.184725999702177,-3.2625571459926537,938.8160263542683,606.8420848826913,2844.716556615266,0.0,0.0,257.53730310903586,58.4541777786674,260.79280644706034,279.14681219886705,256.42396059807385,266.4137909803802,293.05475639566066,233.5379224082575,280.24731123435333,246.23771226666386,243.15738986004146,281.1853055312994,204.5187886946084
312,1679.8324810211543,608.090575370681,0.7447369559190092,0.760449446054872,0.5171530279335069,49,0.0,0.013474798763375246,1.2952750494613194,-0.2809049997683496,1679.8324810211543,608.090575370681,842.7889150121193,0.0,0.0,256.9471605017361,58.45576288441961,69.7927030211511,82.91703347814664,78.39372829887074,91.77792706689849,80.5350120916568,58.96185646886721,79.80927219837892,66.9539905156492,86.33487225902455,78.53552941338225,68.77699020009332
313,1850.3063402298544,607.5671621902776,0.5627221333980449,0.2010315175224574,0.06859987590352329,49,0.0,0.31341149308198885,47.2200174731921,-4.185315358620298,1850.3063402298544,607.5671621902776,5565.486774620151,0.0,0.0,256.8113925746599,58.455406335146186,452.6083133441773,557.9701689669615,550.8500567290007,496.1307081625327,542.975380503407,470.11865404573257,542.0886582611661,544.9453908851129,542.1336283607093,499.5478167470262,366.1179986143251
314,2559.30480939078,611.4848490582121,0.43364586170774944,-0.10760307507616593,0.04092934414494225,49,0.0,0.13546076102932925,20.89909626031809,-3.3003187657988056,2559.30480939078,611.4848490582121,3940.6668886394045,0.0,0.0,256.2467395681566,58.454923879255034,330.23409889275143,364.411058628207,356.9065803605707,387.5176552066166,391.95098802897303,343.0049761942157,319.84039843554115,363.2281969486901,405.8314226142995,386.1640250569061,291.577488272633
315,2126.6237435325443,611.8832168137003,0.650677216266858,0.021992454784256734,-0.05602494487065142,49,0.0,0.042445417730003716,5.545994501929743,-1.8599485867510386,2126.6237435325443,611.8832168137003,1248.1797366287547,0.0,0.0,256.59131252828286,58.456675438301616,125.23851186151674,112.25859167148565,133.94361295676956,109.92848548696797,133.54849436490437,92.65953609871067,86.62970922090929,113.60359931065653,139.0901039552842,127.808763772919,73.47032792863085
316,720.0986760407241,613.1207532665909,0.3562503054958483,-0.33838169272355534,-0.0858225957469042,49,0.0,0.013922945320525716,1.7532730153879228,-0.6096238715869217,720.0986760407241,613.1207532665909,1214.3914776321426,0.0,0.0,257.7115251046819,58.4559612685058,114.27865297743898,106.0104176213097,112.65786999589119,108.9743363003038,119.75558053610519,125.91089817488034,112.05183132657368,104.17339562514925,104.28015750359228,98.43662279257873,107.86171477831954
317,1003.9252744403618,612.1044228906849,0.25164420921489505,0.241424691002121,0.06274554181390703,49,0.0,0.007533942578110019,1.081985274898984,-0.08555337587824216,1003.9252744403618,612.1044228906849,852.2855637497278,0.0,0.0,257.48548285033695,58.45657239607761,67.16641995449012,76.88576268594204,82.4844455054305,64.13005947150981,75.94214898676648,78.45834068898344,73.82506515542903,94.86546296239385,88.36416337540066,84.58861503390968,65.57507992947217
318,749.9851754504635,613.9246535125112,0.3455783666021956,-0.08086155768181558,-0.3584913703946678,49,0.0,0.013808931128986852,2.1835404405811567,-0.8479030993663194,749.9851754504635,613.9246535125112,987.0987551785216,0.0,0.0,257.68773119702786,58.45642385033549,94.43532984032502,98.41455676682473,91.54952683752326,104.86751668311032,80.43071622240679,93.94521680452357,82.634120850524,98.71943460132287,88.56642361254185,92.93174589597805,60.604167063441224
319,770.9480104120198,613.8484117883438,0.830544632142624,-0.09047718332997647,-0.42882898353673476,49,0.0,0.018355076155777746,1.6970662814949367,-0.57424701169484,770.9480104120198,613.8484117883438,1032.5480060670247,0.0,0.0,257.6710363529506,58.45647900340378,90.4354278260065,81.84256830084321,113.5092353343154,81.86062638719348,83.38168983986698,88.85171767275008,91.29728970265907,108.88940468845877,104.864970398515,123.42146382812899,64.19361208828724
320,1464.140939773776,618.1388447930113,0.36835685051439115,-0.015488613191728137,-0.3696566196669237,49,0.0,0.01054353903551539,1.6426926239488306,-0.5388907676694983,1464.140939773776,618.1388447930113,950.6429715161498,0.0,0.0,257.1189558429415,58.45991908420263,53.20959444112969,98.09380630881031,89.70625061607295,101.41788045661502,108.72963065656586,75.37094274135572,78.93723249370991,92.4470857820794,82.53958947087418,109.93296139736974,60.257997151567
321,2079.8243799220404,619.1993123661982,0.7795839925579003,-0.13131635550960813,-0.06781975967165763,49,0.0,0.023178970503932243,2.24825630784466,-0.8796145514255587,2079.8243799220404,619.1993123661982,1033.0111672242592,1.225949893525163,0.0,256.6285514177514,58.459839716056585,89.34227475490785,92.15694271244118,88.60747357721783,97.10664027005957,102.67069709326995,97.98669390431886,73.84969063200018,103.0832603850636,124.34659370375778,98.14698325696767,65.71391693425463
322,1735.3567531883673,620.4051021753836,0.5164976516520057,0.37219395815636985,-0.09276180170864991,49,0.0,0.06614488565109695,10.234677924734218,-2.5251854509815246,1735.3567531883673,620.4051021753836,1741.6556600085046,0.0,0.0,256.90292384733044,58.46086431407897,137.25343930610802,148.53760490407228,140.15460860181247,151.9258655141541,163.28639284449673,156.62695142805717,171.57804614333637,168.61157810603282,170.34623710486437,187.34185755117375,145.9930785043964
323,2027.2035965908126,621.5033756769507,0.5354369649287284,0.3199243397961665,0.06268413362588089,49,0.0,0.5137303962204607,80.63066740817266,-4.766250636553044,2027.2035965908126,621.5033756769507,8911.663484082634,0.0,0.0,256.6704545735651,58.4609173547511,752.069596775415,815.8167496873978,852.1134649402593,812.9828985181965,911.220775883535,813.3484895071033,805.7671197869936,851.5376233457666,883.8738135867643,767.9178872801633,645.0150647710389
324,2532.1145988601997,622.5466832946285,0.8213991555850426,0.25124616316447573,0.2508904550991569,49,0.0,0.016977701773235442,1.559969956383757,-0.48279058578616335,2532.1145988601997,622.5466832946285,1071.0669262230717,0.0,0.0,256.26829405440867,58.459659195528616,105.01134814857886,87.19775215190307,90.2397424616505,90.37821222779607,86.58317768861534,91.03271548662484,108.78827356926953,103.67180808905266,114.36672366621468,113.91689236820311,79.88028036516315
325,440.63394885659164,625.4248147905503,0.2892168883681527,0.6532338252155859,-0.1809258816799967,49,0.0,0.03078078929050662,5.214710331635227,-1.7930754727662181,440.63394885659164,625.4248147905503,1820.0702065565074,10.674295173006394,1509.5538312123017,257.93420181325206,58.45967997132088,164.0054484669588,176.36742221763615,180.00989374034535,171.67625610092523,164.5511469485495,178.4907008906605,168.00939546768922,150.2818287667575,156.7785398681201,165.7113081405787,144.18826594828633
326,2834.3502086412263,627.1790183444582,0.998124624979717,-0.026002655167830544,-0.936091858557429,49,0.0,0.020145180061546558,1.7766579371153186,-0.624009551050632,2834.3502086412263,627.1790183444582,1647.4063224176587,0.0,562.4001958952866,256.02754484654605,58.45997365271778,92.51378994620427,128.98222818597202,78.71766671755915,114.75510845339943,76.14384492529496,133.2761940750355,107.32156239652849,642.995272362757,90.4987331349324,108.30877875628809,73.89314346368722
327,1460.8504027309777,629.3140403580784,0.8834389616379664,0.42463493082247017,0.04381044711689966,49,0.0,0.01592869667063722,1.4978613325963646,-0.43867902393642416,1460.8504027309777,629.3140403580784,910.1664311337033,0.0,0.0,257.1215916125843,58.464572930154006,76.80489123949405,76.73042266460467,85.08365733420156,84.4088692496738,83.56915485339562,96.37692826869122,85.94731004399712,93.60707408450453,78.52454444871698,80.97944057783582,68.13413836858797
328,1568.3921765911011,629.5358693649691,0.8247024783004471,-0.2254743214074389,-0.373035523824307,49,0.0,0.014596449870364514,1.3000518428054848,-0.28490167806597794,1568.3921765911011,629.5358693649691,894.0486884364972,0.0,0.0,257.03592103955185,58.46471095527045,79.26343412877969,73.55054188236964,73.83017085775006,63.51614790796283,85.12809599256465,79.36001013904908,92.33006126871635,92.29725289790916,91.26902660643704,97.45532039393723,66.0486263610214
329,2853.674791212364,632.0324453507553,0.349242031420892,0.4006964828117826,-0.31979772030594794,49,0.0,0.012270269026391943,2.3838178372801884,-0.9431826628144967,2853.674791212364,632.0324453507553,1263.1433071013967,0.0,413.79930866272673,256.01209768751795,58.46187688465191,50.52619831686552,54.5409377825929,47.844033829918885,51.970499089055394,88.02347551785489,156.60188420415582,164.54130575195924,93.44507850492705,63.98431145320454,324.1830516958272,167.48253095503532
330,1949.4295450421478,632.5356391882652,0.6091287946397121,-0.030968706500416887,-0.008614576710320659,49,0.0,0.10358566428617375,14.305838910813684,-2.8887833260373164,1949.4295450421478,632.5356391882652,2211.4288917230697,0.0,0.0,256.732367493675,58.46566275086984,194.0991654902869,187.04997916250835,210.69887544738256,218.14850671489998,216.39693358253794,184.48554266410332,216.9177525625706,210.27878613535398,198.36735192681888,218.80630896178604,156.17968907482089
331,1491.281059975373,637.0903885783976,0.581247355119208,0.3532785719616263,0.10815569997287457,49,0.0,0.012689566726778411,1.3311289047555472,-0.3105502850302195,1491.281059975373,637.0903885783976,921.0908435342707,0.0,0.0,257.0973578278214,58.46783160775509,81.66506359448616,80.31846542820642,79.26016594323877,106.2636390445225,91.7401332151423,85.34152292538728,75.40878741009371,68.3659253938174,90.29614163683775,95.81662554011501,66.61437340242335
332,805.582416331631,639.1140508311855,0.5162140466323772,-0.026181875108251783,0.3369937017312847,49,0.0,0.013807212415624702,1.49244425569059,-0.43474529691039715,805.582416331631,639.1140508311855,1022.9239833137588,0.0,0.0,257.64364459551933,58.46714402870541,77.69522229216216,94.26068165316013,102.9296765009683,101.37813755579162,96.27579085330123,99.60547661423576,82.33598283879392,109.16442891488398,99.36883101958608,77.59702051130778,82.3127345595677
333,1769.8424337340443,639.4659841942379,0.7012874012689482,-0.12430187979477357,-0.4255849404197345,49,0.0,0.011316736293296966,1.1317540644952715,-0.13438015715546447,1769.8424337340443,639.4659841942379,808.9809611885072,0.0,0.0,256.87542402417375,58.46878003557316,66.98382401872479,81.2248919412576,87.66160746676584,72.64625926971007,75.3992728371804,71.05379739051031,65.00428007887669,67.25922691523893,82.63238179119355,78.15740920536246,60.958010273686575
334,2123.3311033817813,639.7178286648408,0.5973589156278071,-0.22662965788031872,-0.8153726246251964,49,0.0,0.01930980280525563,2.1453861877626315,-0.8287637006467772,2123.3311033817813,639.7178286648408,1296.3455300103724,0.04456572276968923,0.0,256.59379689668896,58.468280826165774,106.86182835035986,122.72202360317655,116.00308751864164,112.90068917722633,117.44863773917166,134.74562605141125,121.68684393392942,109.0281840363662,128.29682022637547,135.85468854849356,90.79710082522057
335,2126.921634416457,640.018780106416,0.5766049825949328,0.20754811128318343,-0.12805257024424382,49,0.0,0.021143998302954593,2.2977322738161368,-0.9032485609046916,2126.921634416457,640.018780106416,1304.623928752591,0.0,0.0,256.5909348751211,58.46839691108056,101.1520146232146,120.11056104865636,111.98168395065619,114.75379612105672,118.6730053549148,143.14743469395916,116.3903207785796,110.05465600255992,133.9279455840641,143.96253742880359,90.46997316612581
336,351.1837828909411,641.0012390732314,0.23791028107895076,-0.6040391102498578,-0.3697559842937778,49,0.0,0.00454921201880413,1.107831445458295,-0.11118422075566889,351.1837828909411,641.0012390732314,576.063510506723,0.0,379.38883983022777,258.00562148634674,58.46563696528277,21.2557050213398,44.44616243005123,28.971193562890328,54.59926784166319,52.13366862975218,53.889232681941365,48.644895696696025,96.86087457836697,70.96995968946487,50.21933466351997,54.073215711037044
337,2885.182017356734,642.4047794696576,0.32133295477648766,0.5417433926089825,0.2897093498667558,49,0.0,0.007873266922445377,1.9051657729054683,-0.6998319265721519,2885.182017356734,642.4047794696576,597.5642153815436,0.0,73.25312745472725,255.98687883112993,58.46600041792752,48.42076685611106,28.424516852979764,18.58678499880123,90.04848395041265,24.86249988841393,149.79966956495872,40.3517283499494,68.64482874033945,38.2745016660967,71.62225036676394,18.528184146716814
338,380.34299401158427,642.5296678530319,0.28213097211704075,-0.21536040370416176,-0.4318590166417571,49,0.0,0.007456977493258864,1.0173760178873663,-0.018703740005742844,380.34299401158427,642.5296678530319,1385.898562052052,0.0,844.485022545479,257.9824137423083,58.46645145254938,110.72161345403748,129.15820139672226,108.4920022432378,84.83676409879176,165.71649278498788,79.63023260350965,98.64474122349515,193.51930129614482,118.64021240586439,210.16193516887432,86.37706537638641
339,1169.5123535319913,643.8612079572539,0.22113521053073562,0.7861211056770632,0.5650140370921267,49,0.0,0.007439760031224319,1.0095684142375263,-0.010339386502988587,1169.5123535319913,643.8612079572539,1005.5093609967028,0.0,0.0,257.3537351155864,58.470223418584204,89.77674716871431,80.7135544805125,87.95255988097594,112.63693486667702,96.88037485905085,76.42991388336571,105.64335366426582,88.75157584138339,86.6674938211928,107.17498480624853,72.88186772431584
340,2062.5484884677344,642.743862493612,0.3992545050108951,-0.4349853985403142,-0.49172380523195447,49,0.0,0.015531204599453681,2.6696474992891077,-1.0661348020817387,2062.5484884677344,642.743862493612,1004.4874260781719,1.5660751145523013,0.0,256.642208487602,58.46968939578688,71.14630942335162,100.29923884185555,95.34969497077083,104.22771463876542,97.70097098338047,101.25996618055662,96.56096358792657,75.45638471580966,75.34869606494661,111.51677814993826,75.62070852087028
341,2446.0083989851696,642.7559302596675,0.35447011465546474,0.43932235304339784,0.4971347058424332,49,0.0,0.015041728588777501,1.950200406962554,-0.7251981068240263,2446.0083989851696,642.7559302596675,1098.1726604530636,0.0,0.0,256.3367106643368,58.4684564015864,118.0123527041444,102.61842854965514,99.30534075390659,103.76210887566596,81.78894851280084,101.40419655464981,88.78648555601018,104.02654291140077,108.05987786478983,104.80212665171712,85.60625151832281
342,2831.4036218885476,642.1328736566583,0.6092712499525134,0.49813396169056057,0.3991281229357815,49,0.0,0.019766067323288984,2.0995812197248194,-0.8053316986209526,2831.4036218885476,642.1328736566583,1462.912245612304,0.0,1052.6411664855336,256.0297169445332,58.466221125395634,89.12050537282326,118.79349493829119,125.48664381729894,124.0805413064225,159.4520970516794,127.56424367305961,196.6341669456421,136.07934215865075,162.5355603792327,123.66834956670891,99.49730040249487
343,1672.596299962742,644.6092189997576,0.7038317518680025,0.49776851140542655,0.10076522515964272,49,0.0,0.08523035246141834,10.185395380791634,-2.51994473070502,1672.596299962742,644.6092189997576,1973.755340495129,0.0,0.0,256.95289862292384,58.47098091881001,159.009352379693,174.8561158154426,202.8100614764977,190.2588662862992,181.96267713618863,196.77113907818432,161.10715752240054,209.61052918335707,202.03265614301958,170.53212209385916,124.80466338018732
344,1817.625581876048,646.0316687979655,0.8900479006699884,0.17151329955141942,-0.1817567400688913,49,0.0,0.014194121794295939,1.2976696585112022,-0.2829103757201274,1817.625581876048,646.0316687979655,812.8753356964243,0.0,0.0,256.8373407910085,58.47146999480769,78.41426130246359,81.51082025280098,70.40232462548646,70.28040539148944,74.52819494006584,72.1756718258512,79.34329786890312,84.90661583732347,62.47679284070318,71.04076950485658,67.7961813064804
345,937.0572484574698,649.1607898435265,0.4038357565949326,0.24185137621144173,-0.14114574516456516,49,0.0,0.04352338759197121,6.926386113054163,-2.1012667443456383,937.0572484574698,649.1607898435265,1726.2186288846897,0.0,0.0,257.5389698669493,58.47180318433897,129.68744919169953,139.47463856063365,144.8190148784838,166.58500415110953,156.2073007659299,169.98712841591066,157.31554147802882,186.3024184283732,170.4070968001164,176.83934776799825,128.5936884464059
346,1196.5016237092943,648.2566997574379,0.27170098483700644,0.12307409879241028,-0.257887890556544,49,0.0,0.04081311355327913,4.058639186808649,-1.520951110589914,1196.5016237092943,648.2566997574379,4972.185392278834,0.0,0.0,257.3322485540307,58.47211040359173,436.1737394414572,509.81428338971267,457.0511936452848,457.96966653104016,468.0406910875093,428.72364664356434,469.5860501792379,430.63670716912065,495.6445786949047,491.47019012031944,327.07464537668307
347,1300.9822410594136,649.1243427531739,0.8053783924927467,-0.47169607977831113,-0.3102858523425327,49,0.0,0.012844589487667736,1.1331153004840882,-0.13568525968993164,1300.9822410594136,649.1243427531739,919.8317822977585,0.0,0.0,257.2490020812949,58.472653418647155,63.36568833128507,108.08632145221068,91.8249404700586,90.53130402872424,54.28490050741097,87.71153458895776,86.37631093122849,92.6337566672754,101.12390659336177,76.248710394841,67.64440833240455
348,2866.788931436047,649.9231287639303,0.7251634039229853,0.31448093518213166,-0.3873498731148946,49,0.0,0.02240847566043735,3.1724940062403113,-1.253502025648757,2866.788931436047,649.9231287639303,803.2626075431554,0.0,334.8638629257101,256.00143867923924,58.469248256364544,126.86737010661219,77.70570801221848,98.71940491010255,80.44675110589796,30.877768348556938,44.09862722475981,38.85634998660937,73.39278928644752,33.49448437691222,134.79788387424898,64.00547031078935
349,1017.4028341329781,651.5239296733547,0.5151189675691412,0.13656205190938445,-0.06224303796585702,49,0.0,0.13399513010554517,20.15742679494341,-3.261087728153566,1017.4028341329781,651.5239296733547,3138.7688149781306,0.0,0.0,257.4749670951024,58.47303507049964,234.04148149379876,311.05596196598685,264.1170705099199,299.47932482831783,325.97315859926294,301.7028491621394,323.19761936216446,289.21258639882035,277.0774077894108,298.7031878153042,214.20816705300518
350,1731.1862979860412,651.9970101611074,0.6188241868649795,0.28133857863955397,0.021572953265123932,49,0.0,0.08222535847499246,11.416468056153727,-2.643829414552955,1731.1862979860412,651.9970101611074,1912.5081562085536,0.0,0.0,256.90620663471174,58.47402967346269,172.7380520292701,189.3280205534124,193.48974032352925,175.54601856533768,171.8417042418664,171.50460382841402,163.1234061389526,177.3166406256158,179.35399649433936,175.07219477107748,143.19377863673856
351,2260.109389669554,652.3650658543119,0.559629034921876,0.22871940973401297,0.034623070882855975,49,0.0,0.8343384419436246,126.83012266333351,-5.258056031198997,2260.109389669554,652.3650658543119,13867.161170921225,0.0,0.0,256.48475028251124,58.473150703400684,1237.2866481826786,1257.9088202021608,1274.7977107727445,1256.7359593578303,1309.888345952486,1258.345428872608,1348.7860256653626,1283.5652518243292,1385.5174946109646,1300.4945960962164,953.8348893838443
352,992.5171718903053,655.4357083949595,0.4001083290954692,0.43302189482577397,0.16513995230664674,49,0.0,0.010704965476535138,1.1264206723613674,-0.12925153038750856,992.5171718903053,655.4357083949595,900.3543119528578,0.0,0.0,257.494818149587,58.47459164296873,66.26347154055514,68.89991931549503,83.26329907315295,84.50159996616655,93.49247647723118,84.14298446921084,93.97846245411378,88.31385174609207,98.88619821670761,79.48417290579566,59.127875788336965
353,2593.768104700344,654.148434851917,0.4396916861141955,-0.740956384792387,0.2551129068409433,49,0.0,0.009467510350222483,1.0849550915090669,-0.08852940556864684,2593.768104700344,654.148434851917,893.4298271613575,0.0,0.0,256.2188942919836,58.47253177278205,71.21443177746185,72.8061623622694,75.95739795002682,81.3553208069393,78.62691677472291,97.08432342910609,79.78055502347738,81.7446165034438,84.56565255138382,93.22016710912175,77.0742828734044
354,1195.9338631419996,656.9600578407526,0.5958647397561132,0.09935188321075752,0.22760426878435133,49,0.0,0.024842721111040376,3.164984098377965,-1.250928830903931,1195.9338631419996,656.9600578407526,2063.3574836554244,0.0,0.0,257.33273433671957,58.47573543906352,182.11101494700836,214.88003382492454,188.00840167238442,181.9167300941407,188.93193996212858,180.7023521534034,188.2779435378541,202.71812422153516,196.70434408919255,209.05787376256603,130.0487253902869
355,2373.811867731706,657.0130403578539,0.5507931502051897,0.12056121750988875,-0.022140173009096483,49,0.0,0.37425533228820873,56.90401019234394,-4.387857183695802,2373.811867731706,657.0130403578539,6748.88039960979,0.0,0.0,256.39412177751456,58.4746848040492,564.1758208813264,631.1221892340953,630.7852910277204,633.4469479733046,638.4604003287561,627.400124760517,620.4678797115355,619.6943283711846,633.3733162389901,656.9608026357034,492.9932984466575
356,2252.775849092045,657.9335075890679,0.5352267019864347,0.4197226541261407,-0.5287560598854657,49,0.0,0.022020534306419613,2.1058718494005406,-0.8085798478079292,2252.775849092045,657.9335075890679,4921.49848027782,0.0,0.0,256.4905590474143,58.47549444075027,434.24350613028474,423.7245835916933,458.5003805581015,438.01933854459946,436.9686916130135,447.475348073135,487.17280209380243,473.83916818262594,472.2532184462201,483.52781347701364,365.7736295673304
357,737.1701284886861,659.0688052276744,0.3309711111187986,0.5366576746724067,-0.24879857020605098,49,0.0,0.013815796053132611,2.2434677877835174,-0.8772995955393466,737.1701284886861,659.0688052276744,1047.7914997656158,0.0,0.0,257.6983062311778,58.475177423230996,88.8718189463265,94.24188478115076,101.08984895708055,88.79306706985886,115.27670838539363,112.79612102200244,91.84451755040067,95.26839007792788,105.78177105945913,92.07067695271482,61.756694963300504
358,916.4724535687428,659.3825101008242,0.4353154543315958,0.38246065993034956,-0.2105182290141,49,0.0,0.037494325094837515,5.993653685244815,-1.9442291142366757,916.4724535687428,659.3825101008242,1451.1931604095935,0.0,0.0,257.5554370478759,58.475993343732,134.07090259102614,125.45638649658335,144.65667521014905,143.22302427392634,154.88131262975816,114.29158358188036,126.25845662133864,139.09627974670707,136.08038406965971,134.43150510795292,98.74665008061179
359,1742.792705896182,662.0060358039539,0.7920486299390965,0.19745002571801423,0.03662822393931179,49,0.0,0.020698654817422227,2.00733841943379,-0.7565514921339329,1742.792705896182,662.0060358039539,1007.515770341819,0.0,0.0,256.8969446709454,58.47819207153415,89.43392977450762,98.33390475182625,81.41049398676395,96.22303768165224,97.61556829583199,101.13590925188383,97.42000511025775,88.92846473960847,81.0876751718825,100.71119302187248,75.21558855573183
360,1848.7646390870466,661.9297658904247,0.8384542500589258,0.4340250184715979,0.45988562192365445,49,0.0,0.016189471415587343,1.5301629691392935,-0.4618442189210741,1848.7646390870466,661.9297658904247,890.9883780079788,0.0,0.0,256.812492429874,58.47805806175133,88.4658388718588,77.9430906206631,73.5842402382155,84.99648008506142,85.0045771225903,80.11974689506363,84.91206766573046,88.38015601412046,76.19911437920688,90.64233322953105,60.74073288593714
361,2160.1826821711975,661.8890903045163,0.5698562238303918,0.16987880131220925,0.08549704122943959,49,0.0,0.043262988700459123,5.981835094756489,-1.942086090935654,2160.1826821711975,661.8890903045163,1518.9196063314293,0.0,0.0,256.5643202263817,58.47741963180565,114.89030034361895,148.24973532763295,161.87251963013512,125.90463659914786,123.67514649504034,167.11554398028073,159.39087159856174,130.3451474830403,142.17175430138332,139.6080195968156,105.69593097577251
362,944.0989177786943,662.5331024806433,0.6135594278115738,0.3191183262623,-0.3049785487258022,49,0.0,0.06085000893478784,6.269536771323971,-1.9930886347363823,944.0989177786943,662.5331024806433,2957.8345132511054,0.0,0.0,257.5334426904931,58.47739743531606,224.45406902455056,288.3925020786618,254.76663081675107,257.79999822289403,263.9795462001314,264.5903765231309,290.42039173611033,271.84908888841125,326.87031870452637,316.5267457086725,198.18484534726517
363,894.5521557873122,664.2628460279786,0.5640088187607784,0.12687113796177965,-0.34152070434231924,49,0.0,0.03305891364699051,4.594309894444669,-1.655550714472385,894.5521557873122,664.2628460279786,1194.476610090674,0.0,0.0,257.57293667486357,58.47795137155845,107.19105223927879,116.93036765217462,98.06099848704025,115.72403231437157,107.46262975623787,87.13093528444959,122.94004549558068,117.14170804215779,124.38102903629806,110.42184614604491,87.09196563703992
364,2227.701571284553,663.9709151995912,0.8081036442597287,-0.12161899180682222,-0.12515418776718898,49,0.0,0.021939908796516767,2.291143361723268,-0.9001306619274252,2227.701571284553,663.9709151995912,894.7590625704813,0.0,0.0,256.5105032149713,58.47808904917972,64.89164938331945,79.42825962039382,84.78145562897586,84.80814693821623,88.23708359369455,69.1761117688185,95.29016765346864,60.916971288035676,101.24498632095387,110.11258080339498,55.87164957120983
365,2807.562808131726,665.4512273027854,0.7965804547093247,-0.2761705746164323,-0.11852097461604547,49,0.0,0.02989784073144181,2.380501755787602,-0.941671265333492,2807.562808131726,665.4512273027854,1649.8538721395253,0.0,1414.933194144065,256.0484397023541,58.476078759793864,138.1691089431962,140.01628402603717,139.73895941744814,144.4543434836374,155.16087286583513,141.99876485577641,168.31868431487908,156.33296790072578,169.93888246012096,158.61395864744796,137.11104522442082
366,1500.32352763632,665.6881860243763,0.38062634091168546,-0.1791474600714752,-0.4597965805855345,49,0.0,0.010627061182678683,1.5428648931918374,-0.4708197427173702,1500.32352763632,665.6881860243763,970.7355418967337,0.0,0.0,257.0901808700596,58.47975145248255,100.05378459091096,88.48138089713689,66.20974651932968,62.3338752853453,111.55389579296622,85.36072142266701,93.23670298386148,97.73927490359884,96.04445699664146,95.93833148734514,73.7833710169308
367,1466.6082101437862,669.7612485403065,0.6080394835362032,0.13205656727822937,0.03224282076218115,49,0.0,0.013866936903097997,1.5897182365642333,-0.503300390755433,1466.6082101437862,669.7612485403065,964.4174923154198,0.0,0.0,257.1170561688002,58.48142898639505,91.91215608738007,79.67916198980124,87.83112049102942,93.41074491900193,97.31321159959055,78.84559857393768,76.81436287959444,101.44823177275464,84.49691525786196,95.20340223479363,77.4625865096743
368,2337.0489402178373,670.0219575036941,0.593189667842988,0.13558305335744067,-0.036094111074604814,49,0.0,0.23831615378659599,34.07468755188243,-3.8310797056456867,2337.0489402178373,670.0219575036941,4499.396514408809,0.0,0.0,256.4233236700911,58.480241733268606,362.4257502921903,422.12147032982,404.2935692097773,437.16332424236896,427.20893285355044,401.18460404561966,438.2446184364212,387.9080160938422,397.8474836520152,467.57450824279204,353.42423701041093
369,1947.956333375505,670.8176139036677,0.6161455513082544,0.6232845097872208,0.26512352165589154,49,0.0,0.026010212054248402,3.3887992311276833,-1.3251145997297717,1947.956333375505,670.8176139036677,1133.734585413546,0.0,0.0,256.733414937868,58.48161515967714,93.22414793396423,107.1232885206464,104.29139493494337,118.61829398747292,112.20723282672668,111.30591767273931,93.18658664814002,103.82815327629324,108.04011523818829,98.18754743709496,83.72190693733664
370,2258.8040238723356,670.3818927123219,0.4087391379775601,-0.3619936294789443,-0.4617256714781937,49,0.0,0.010507228234862102,1.2782028484383003,-0.26649945256595653,2258.8040238723356,670.3818927123219,997.8071080516155,0.0,0.0,256.4856778442889,58.4806612963955,76.37858597280481,83.37484149884199,100.814229287919,82.37376055289715,85.14746938477151,103.44589994298252,88.62804173246238,98.51921406222618,102.84633312764898,98.53758928522569,77.74114320383525
371,638.9146926926894,674.7425137075593,0.7443112203428617,0.024838639364832802,-0.709714486655655,49,0.0,0.019346063304873925,1.8748955958955984,-0.6824427223075429,638.9146926926894,674.7425137075593,1305.6670926399177,0.0,0.0,257.7767373577577,58.48126441413417,121.87672453879844,106.74809919856361,128.36733600030223,127.43207186697701,134.45914310687397,132.25211899510825,119.99490247618799,106.54955655839534,124.5442204300405,111.74499938437319,91.69792008429708
372,1544.9257006041375,675.0938466828119,0.45426703116553624,0.1639993271452642,-0.14806516170149317,49,0.0,0.028525611043330023,4.645059938659682,-1.6674783059754985,1544.9257006041375,675.0938466828119,1192.6665382173962,0.0,0.0,257.0546391493329,58.48368745768114,99.00293572974685,94.58329141958532,111.01461955181915,123.28680430627016,122.41464404401317,119.64156335701699,103.10743402138857,109.66605077062877,95.86172884415203,122.3116878407481,91.7757783320271
373,2447.747451041838,674.9479830142747,0.5861062937341803,-0.0875525670107963,-0.28692767859186835,49,0.0,0.07242182188383753,7.832854821894766,-2.234800192957343,2447.747451041838,674.9479830142747,2627.4668000918605,0.0,0.0,256.3350665186313,58.481860922618445,229.3146202103925,244.0781384170824,235.3189968276811,264.42029581793935,259.3145019495035,242.35162050928886,222.27631105665967,247.13257893913288,249.68955387848465,233.90427523126328,199.66590725443237
374,471.05592016723165,675.8659046545414,0.38257230447299817,0.13408954046333554,-0.07034629968995154,49,0.0,0.011841858559990585,1.5034284123564692,-0.44270688362086563,471.05592016723165,675.8659046545414,1058.370921609984,0.0,163.4164976383795,257.9105143609435,58.48086537523693,106.4511705938188,98.22432286332177,86.85883063270114,121.08757595539412,106.0546563790557,97.26250765614304,103.63986177562512,77.69550227662705,104.95936955065886,101.22295321843055,54.91417070820779
375,635.380250783143,675.3676718478771,0.6059677485435166,-0.36609914613818084,-0.07085938629669938,49,0.0,0.016147523087997086,1.6151857676336725,-0.520556197811046,635.380250783143,675.3676718478771,1296.644385227706,0.0,0.0,257.77955973573063,58.48150803911948,128.6512371880881,103.63025354020849,126.51087247665448,129.59792364696006,122.14694886760385,135.1916802568498,128.6109448042427,109.36423597943016,119.05391071676573,106.56639475687604,87.31998299402663
376,1172.0001292188042,675.9023640103171,0.5228214162109832,0.9195664888350904,0.2601572584117364,49,0.0,0.008661692559438732,1.0800956520881755,-0.08365554458450941,1172.0001292188042,675.9023640103171,832.4593362187778,0.0,0.0,257.35188327330224,58.48357831691327,78.14046371608056,68.41709140704636,67.40014104609436,72.15888397712305,77.50895137673439,83.22048320236027,85.50562004402758,80.23433438184811,83.117842125528,86.44446425314533,50.311060688789865
377,621.7789284432779,680.9053026921181,0.6627981318946657,0.7666048677800381,-0.0077527909387327815,49,0.0,0.017145932250155302,1.8576925898466132,-0.6724346218580122,621.7789284432779,680.9053026921181,1039.3127599579616,0.0,0.0,257.7904503249495,58.4837497546868,96.89915829254694,89.98755311071362,97.66471022549212,96.70385623145765,89.13790621217696,100.1155546468247,96.96140132246279,105.19001383983827,87.37235253734144,90.48031207273574,88.79994146637131
378,2267.6712616594373,680.4367673099506,0.9178073697578248,-0.2522103173096884,0.040082266622910326,49,0.0,0.012394589778180094,1.009096642909259,-0.009831903382915036,2267.6712616594373,680.4367673099506,869.357659552441,0.0,0.0,256.47854743509384,58.484821422394894,69.91472415079639,82.30577299144625,84.26818754963072,66.08082884004601,85.2409522137804,91.47013826384442,72.29810997820192,79.9327664523033,79.48805794223021,93.39793151295078,64.96018965721055
379,348.6966287366116,684.4248241327022,0.366836898767314,0.8593319740629921,-0.5733925167694566,49,0.0,0.023545384909898326,3.2765954634800005,-1.288557064072851,348.6966287366116,684.4248241327022,2081.4130225469185,0.0,1555.5411593379006,258.0081181226863,58.4837111687495,186.12584257796664,209.55088078212276,186.03490102526595,186.48836889202752,186.36245362437188,139.04851111360293,184.31321757613154,232.14121543352005,175.77518952503968,213.97922494212727,181.59321705474218
380,1798.4736874265664,683.7284350803421,0.5497938177899995,0.03319514001779675,-0.0887230977683413,49,0.0,0.22212741553785126,33.08676520754741,-3.7991357739600655,1798.4736874265664,683.7284350803421,4348.711932826072,0.0,0.0,256.8525298173765,58.48719582552773,368.9962452842137,394.3248845341621,396.5627420956831,417.1270615855754,414.969909703544,390.1893119032394,428.1925531420213,400.19088108396534,455.5749484765789,368.9196943687034,313.66370064838617
381,2491.6088443624,684.9991589325195,0.28313121921030054,0.5653335456135412,-0.23491083428420034,49,0.0,0.009325671334938656,1.2311395360092172,-0.22576819545694055,2491.6088443624,684.9991589325195,928.347152919107,0.0,0.0,256.3000264243975,58.48586004516237,68.40527005488826,84.67188720739078,95.76563150840587,77.37971525193011,91.27261375121336,82.5972831698908,88.62041376746868,85.94989189186643,85.39114258747244,97.106155480896,71.18714824768419
382,2832.8925288092105,685.8004447368597,0.6614333993032726,-0.17426065902320628,-0.01275271725873521,49,0.0,0.02874337530788758,2.6720709324502145,-1.0671199567045337,2832.8925288092105,685.8004447368597,1450.1359246427135,0.0,1306.7592067820283,256.02802050644124,58.484403359442865,122.31821873220537,125.95056404887394,136.76091411414285,119.02525396771817,128.9576622308761,127.6812602460991,132.94395891893384,159.60454892254154,140.62941354697077,141.01990296062368,115.2442269537281
383,1232.883764170408,687.539058277117,0.5669662333930352,0.32964899673248554,-0.030866393629425073,49,0.0,4.839545414789497,700.5694367304003,-7.113627966807353,1232.883764170408,687.539058277117,86608.12571132337,0.0,0.0,257.3033968617368,58.488546410774475,7178.434280174662,7911.455192796602,7975.8230090344405,7931.265504101204,8303.043661515097,7892.270143264053,8393.150062371773,8303.04190828809,8478.669741721878,8111.5458247714,6129.426383284173
384,937.1305450137044,689.9622952107442,0.5303293893763766,-0.2372170489609335,-0.0005598589148755479,49,0.0,0.012841345512995934,1.4068067173351493,-0.3705860833861882,937.1305450137044,689.9622952107442,936.996529345533,0.0,0.0,257.5391683111659,58.48880254435384,90.79917540013659,85.97295468596072,90.78420560661849,75.38165539448283,68.83154155854766,105.01903571948483,86.73364779024418,85.05703648736866,80.2512324099362,103.21438357290045,64.95166071985227
385,522.7024660626819,691.5476890164564,0.2507989804975338,0.04414803645873896,-0.7195580752595152,49,0.0,0.007472491423750892,1.0665641069594638,-0.06996741074354071,522.7024660626819,691.5476890164564,995.2142012991068,0.0,0.0,257.8695185949903,58.48768001848704,79.34276406712416,111.71358807474724,103.61149751503442,78.94704363955402,78.1610282910262,92.67203122487595,102.98535816729924,88.6195656544938,88.78627276161833,88.77342555147686,81.60162635185651
386,806.2957801722226,692.1054412140004,0.6324823211826217,0.3339692324579218,-0.09013265584554435,49,0.0,0.046077133664693216,5.9326451483896525,-1.9331209312240913,806.2957801722226,692.1054412140004,1374.8573582208928,0.0,0.0,257.64347562924587,58.48922419744477,135.5171975063829,146.65145571829697,121.23236322450518,133.07410405655943,123.63509704201357,134.66107245108606,105.05923987212333,133.04419476831572,120.60619587100061,115.41966243449946,105.9567752761094
387,1468.6553892886018,693.0137114722249,0.5239353534964208,0.026576099027358083,-0.22472022142412776,49,0.0,0.010746897450228636,1.3569468378069975,-0.3314070832257421,1468.6553892886018,693.0137114722249,1008.7298023512577,0.0,0.0,257.11545365106764,58.49111840730664,88.71883389343662,81.36385643859126,92.982293966643,86.27169036320456,108.22094577522446,80.1484764077595,107.4999676964759,90.71281286612052,85.48335872588248,107.66975561555793,79.65781060236151
388,2244.374060074851,696.5694347827299,0.5515503784545113,-0.29749824387715407,-0.5750466316149017,49,0.0,0.010542049939766806,1.065455260792267,-0.06883804526403878,2244.374060074851,696.5694347827299,927.3171917339391,0.0,0.0,256.4970177759038,58.49161826425707,85.76624740245128,79.49951878409979,87.90628120209388,102.36500497642268,101.04847295957478,87.6474069169403,89.61736813055231,76.67124070897795,68.62815376693268,94.72409712989781,53.443399755995685
389,1005.2790533317878,700.513861173443,0.2264441970668994,0.14544788686306442,-0.27669772325721176,49,0.0,0.01601855426614842,3.3386813767505665,-1.3089374365834274,1005.2790533317878,700.513861173443,1070.5091677720134,0.0,0.0,257.48490389723423,58.49341063605445,98.40413955265657,110.09022961283853,102.05133090766108,86.07217959277642,99.566598952558,94.9709609176829,97.60973014953751,109.8094189403241,110.2397266643419,91.52388923896362,70.17096324267258
390,1308.7028943868895,700.9471165915099,0.7921406065701816,0.18008099751846093,-0.026269490299364533,49,0.0,0.052873008659167636,5.75303893975286,-1.899743283952398,1308.7028943868895,700.9471165915099,1491.409613685652,0.0,0.0,257.2429937708665,58.4942563581855,115.3506664536589,112.75574201512913,132.7719384114726,147.41538962625782,164.22148434168713,126.85590897616314,141.15163747291825,143.7618713330122,149.1717018204177,145.24678081599416,112.70649241894081
391,1465.9993264487925,701.4383649521162,0.9664636185054772,0.44974945921987625,0.15252088196055621,49,0.0,0.0203541121927702,1.761339810649221,-0.614607878352358,1465.9993264487925,701.4383649521162,1014.2350261206645,0.0,0.0,257.11758190345796,58.49462677363663,80.45197311648042,101.84327470848716,93.30031416719073,92.1298298697477,89.71053155740256,76.73634426894722,108.56164560812371,96.94070651322536,84.46344184086226,114.6538962763717,75.44306819382578
392,2537.6895286588224,701.9061369389807,0.49478966289295795,0.06369888634552436,-0.011101493368022705,49,0.0,0.14451115474067522,22.790182480285612,-3.3943695064419237,2537.6895286588224,701.9061369389807,3353.0019709771877,0.0,0.0,256.26314843097197,58.49269555354108,292.4253379063993,308.0048483897956,302.7602150684385,325.51006147458804,319.375422830509,309.6507181826459,313.64872270799407,318.6220219780538,319.0233289211319,318.1543578754356,225.82693564219625
393,2036.7796517475606,702.5115039913063,0.5505340576959095,0.3016833046386268,0.060575549290328747,49,0.0,0.6961971919232808,104.86152803893263,-5.0515404548738205,2036.7796517475606,702.5115039913063,12218.062566780702,0.0,0.0,256.66249167403123,58.494648144485694,1007.117665142722,1146.1529513832168,1113.5003621393412,1137.8501203815476,1155.4779090146221,1083.3636259528014,1124.5823782154844,1220.983061963287,1186.0251743395374,1152.6757392616448,890.333578986497
394,2555.0443321920093,703.628310644551,0.5815945653824425,0.16501154424083736,-0.03017862322054701,49,0.0,0.02445551738914373,2.767226412243368,-1.1051117355513285,2555.0443321920093,703.628310644551,1203.0451170461229,0.0,0.0,256.2492979419179,58.49333189423966,101.03142521025313,115.03165897679895,118.81678041597434,115.36200334632667,112.1704852189834,100.91730171154742,112.09531174450892,121.43859242751134,107.78866032350025,113.550392324081,84.84250534663755
395,617.932946824066,704.4922537899823,0.5736179501629258,0.07500115972861292,-0.26782889824899614,49,0.0,0.018223218055900492,2.2205941971359575,-0.8661730014511827,617.932946824066,704.4922537899823,1154.4787369639153,0.0,0.0,257.7937354747594,58.493557663632515,100.25848652645291,104.35818227823268,116.3113731637722,107.67485052957349,91.08963056296938,108.12515195381845,111.32325601171485,94.51592774220845,117.36609263942893,109.53880999614111,93.91697555960272
396,1507.9628572393378,704.6256028419106,0.45664108895578576,0.42053766486278965,0.036386250632549806,49,0.0,0.06486432587116484,10.963747886421903,-2.599897600734262,1507.9628572393378,704.6256028419106,1843.5444543482076,0.0,0.0,257.0841267493,58.495978280384044,139.56946016557515,166.99097264172457,164.23459684756688,178.71534879451434,172.2889809208341,159.61812364101286,159.6495454801124,192.35493564154535,179.03174725150262,206.7997965619461,124.29094640187334
397,811.7767669906933,707.0882661905933,0.46859866738751843,-0.04342669334181143,0.3996705292464756,49,0.0,0.008567763680344963,1.1057831814969263,-0.10917495053549392,811.7767669906933,707.0882661905933,904.3005521075133,0.0,0.0,257.63921880135365,58.49548783429348,62.24542134427762,99.60307888675737,92.11018055927605,86.83806062238924,79.64671336637298,63.11140633301393,87.05622376994344,77.55350362539706,88.8860524604219,91.9480758663148,75.30183527334898
398,1153.2369770669459,706.6572202692272,0.8067208225373635,0.26476401716908043,0.15638682659907505,49,0.0,0.025833185979261684,2.7074155963625555,-1.0813873159623566,1153.2369770669459,706.6572202692272,1049.1674212351638,0.0,0.0,257.36696886578363,58.49635143347726,83.75651397286933,95.54603285030221,88.99699135755708,93.6906578901378,94.90723543902949,89.90647312255584,96.71088737097794,106.94136295615371,101.04127015582048,104.75224650641235,92.91774961334762
399,947.7058627014446,708.039987608383,0.31529645832533953,-0.553988739982752,-0.7503201149500732,49,0.0,0.00841233240343077,1.0603019733504766,-0.0635739242066467,947.7058627014446,708.039987608383,876.4368411762516,0.0,0.0,257.5308504021328,58.4963686744504,75.16693607860903,65.79769426975582,86.39339844434491,86.94453806717051,73.57487042528818,82.88562590444529,77.25390387984905,85.28735849273073,90.60802825175514,89.16936073628102,63.355126626021956
400,1542.476145744408,711.2351548474563,0.5403284573294241,0.3324865931761113,-0.023069394460371838,49,0.0,0.06782009375365344,9.970094525849511,-2.4967481896257375,1542.476145744408,711.2351548474563,1865.5745465889404,0.0,0.0,257.0566115082537,58.49874498796492,171.9902706665779,162.59163498223825,184.69099905446987,167.69566550951686,196.58524726654522,193.5990146391502,177.74462938400518,167.38114520408624,176.50195982180418,142.59492111412203,124.19905894642463
401,1867.1893434518909,711.7728209377307,0.5531330727869515,0.10960287129640522,-0.024030427468270887,49,0.0,0.0824102174488415,12.441654824062747,-2.7371953707346974,1867.1893434518909,711.7728209377307,1885.9998013286408,0.0,0.0,256.7976830856518,58.498801504766945,156.52707632915917,149.5809903144244,169.70132094584454,183.15630778571287,163.88573325620376,190.83623983175661,188.21871182057652,179.27074363229804,196.11632970232316,189.78577142717234,118.92057628316934
402,883.1887009265403,713.9472245065166,0.5098146034922164,-0.010590286116320891,0.24802039020979114,49,0.0,0.009650171422127008,1.1181457753194346,-0.12124606811069209,883.1887009265403,713.9472245065166,935.1994268983749,0.0,0.0,257.58233034474057,58.49861130153615,88.7243000542207,81.06131635072039,94.49914425005079,79.63641872221707,92.63099619466976,78.22024302010323,82.17062487891425,105.99183407098974,93.59642730148113,87.74183547270498,50.926286582302794
403,1404.0817085560548,713.3209296241314,0.4845067484297353,0.3666856603313345,0.014371355920972974,49,0.0,0.023463338801516635,3.618839305677894,-1.3964232467959048,1404.0817085560548,713.3209296241314,1075.913111794857,0.0,0.0,257.1669714872481,58.49952697051356,82.71031888489077,93.21789669875514,104.29386555747642,113.43458018376948,93.04049504639696,94.5658186971396,96.1195267909905,110.79729476222113,107.65192429325805,113.61496048310558,66.46643039685354
404,1616.991665093436,712.9000370151508,0.6880232634926797,0.2843071096286859,0.04734908199773128,49,0.0,0.1752085766346505,22.837135105715568,-3.3966040530262545,1616.991665093436,712.9000370151508,3117.6927977886508,0.0,0.0,256.99719218254944,58.49944631053174,235.48313857886762,285.73063080140923,292.0218232797831,295.2864599954096,308.74116303314776,289.1412362296169,308.197812202379,294.1503312117038,296.117417393407,286.1338031455042,226.68898191742306
405,526.5554644565113,713.6514148042608,0.6583347145667702,0.6044235829370983,-0.08514600823197696,49,0.0,0.05139002589012906,6.0469152496511756,-1.9538347045201612,526.5554644565113,713.6514148042608,1753.3899859080027,0.0,0.0,257.86667300794636,58.49690896243375,134.07145145627175,165.5254144065372,160.9531758290106,170.93097277680488,177.4654369726878,147.13027826028616,173.37135506541117,165.95370036297942,177.94874607995717,176.37123425667775,103.66822044137857
406,1023.8623455208564,713.9249165908445,0.9858226607246331,0.3056204141615441,0.06713445181535645,49,0.0,0.011795393976373419,1.0476929357562392,-0.05058503904487423,1023.8623455208564,713.9249165908445,770.3253102847339,0.0,0.0,257.4701618092487,58.49905198173329,67.10445474647462,86.55637644113224,79.22944767770687,66.25212147316623,69.288399183689,62.05689439133597,65.32187459724311,61.18858581640261,80.03352545510725,60.52784627755438,72.7657842249215
407,1601.377094515282,719.1140874295153,0.5837149186424351,0.5841585866315967,0.0006651009047125355,49,0.0,0.015834651745967723,1.7816922800676809,-0.627081745592442,1601.377094515282,719.1140874295153,1062.6462695225196,0.0,0.0,257.0096435199018,58.502036061550946,87.00335653021821,103.40962423368522,99.5829429968985,109.24724487311789,104.44193833250625,85.50823453397113,105.09498665123985,98.51287691416543,85.49444006400185,110.0377631615903,74.31286123112504
408,1752.9767035537097,719.4370936080062,0.386483906310109,0.6176987477616174,-0.3167228208350686,49,0.0,0.01025084756989289,1.5473075256761473,-0.47394159457678114,1752.9767035537097,719.4370936080062,829.1222440734002,0.0,0.0,256.88874554463837,58.5021131619609,63.15155031421061,85.93840721827274,82.53165157832893,66.97055253681516,78.09982751994656,72.29965519145838,70.94190938184127,73.31577825746572,94.38954052377736,81.25667977383006,60.22669177745341
409,2867.6904687734736,720.4059826287495,0.4297951229372808,-0.21508259521295242,0.0556912660797717,49,0.0,0.19240853861342042,23.72691234972324,-3.438103064809652,2867.6904687734736,720.4059826287495,7705.9666826072025,0.0,6960.677462613894,255.99987286943343,58.49860458093133,639.7085245598953,714.8201134250179,728.1401957004798,668.1640919160238,727.8047212930044,695.2026963683754,782.8784294381842,788.3180939093329,683.6436406064903,740.7983720809098,536.4878033094876
410,428.3594740694662,721.1096490372659,0.45312448441541436,-0.22982950929935986,-0.34328334796710713,49,0.0,0.01285888757623036,1.1307833427528204,-0.13344850599087588,428.3594740694662,721.1096490372659,1379.5702243072838,0.0,457.5356310527474,257.94504117062047,58.49947085951716,119.82374012922773,124.39129694475528,120.33570192900552,136.95714058599577,120.24965645741534,135.23995482263203,132.61664292223332,126.89986830126306,126.58141919973437,132.63291138652536,103.84189162849594
411,2046.4751747679331,722.2063678868439,0.43825559007914106,0.3303710896503318,0.006537110882581455,49,0.0,0.1138031764895614,19.564676983934216,-3.2286817050546928,2046.4751747679331,722.2063678868439,2954.360511027428,0.0,0.0,256.65467806881486,58.50283269396543,256.5935760521487,280.17886429007433,281.4635867574508,267.23743206748946,270.6607481217513,284.70060173673266,265.23624574131753,277.6111805193084,264.64622264282275,274.65958387165904,231.37246922667316
412,2398.6641454683845,721.5861819899013,0.4392863694845408,-0.13323935613226937,-0.18789524792923612,49,0.0,0.035808034516381114,5.5665674272110035,-1.8639686849924848,2398.6641454683845,721.5861819899013,1444.07632523881,0.0,0.0,256.37383030388156,58.501490976679655,118.12123938012456,116.04907884178661,130.06304964426846,149.081181708011,143.51146622159814,118.73831909280995,154.71516654599571,146.46874842539515,152.65511238197013,127.82760717672254,86.84535582012799
413,870.0308937724304,723.083083714256,0.8600576229522287,0.6295458255114306,0.0861077228888193,49,0.0,0.02137503247973627,1.8408364753927957,-0.6625380277663,870.0308937724304,723.083083714256,1143.5390552204776,0.0,0.0,257.5928851243816,58.50237046412624,96.59394609793526,111.64138866425742,102.76037765177284,94.4908689874168,123.12965843176934,111.07741532638056,109.67017598984754,102.78692210265959,108.20796979030197,103.63232125352596,79.5480109246105
414,2082.366174345378,722.8738705664649,0.9555615874146172,0.5118971383229463,-0.11057155825108225,49,0.0,0.017750025986473506,1.634032405994899,-0.5331516629347028,2082.366174345378,722.8738705664649,857.1501890316446,0.0,0.0,256.62605278984097,58.503028466469786,58.7622005625696,67.80371381541029,70.72145889399982,86.63244037993285,87.02998501173589,89.57222053132932,89.37692778819411,69.48111908512573,82.41218731480618,88.72580951996113,66.63212612857971
415,1553.7066987892777,727.1792548142207,0.794672442036452,0.19445750686342128,0.0006722517378247658,49,0.0,0.044611633109244264,5.120354217866596,-1.7732500145214654,1553.7066987892777,727.1792548142207,1192.8432289874245,0.0,0.0,257.04766329850924,58.505390998708116,110.37928146917025,103.05573258834863,126.14545156126476,125.62554091665854,85.79311462643076,109.66754028859431,109.71957266326952,101.26639212490588,114.29129613268498,117.14186585131148,89.75744076478537
416,2277.449367679028,727.6041412776759,0.6134832282429212,0.07565562769218216,-0.009393674606592045,49,0.0,0.060874368789153095,8.458514274020722,-2.318235216327147,2277.449367679028,727.6041412776759,1544.543097995697,0.0,0.0,256.47045062012444,58.504440310291294,151.76984011058326,160.56828380920055,127.6937575489545,123.49155768716315,146.35182629168065,127.1087429047751,158.66267294526065,138.1782268060614,160.9550622169483,138.71957389524516,111.04355377982432
417,2639.7135936978634,727.8462149202858,0.4004643581728189,-0.6544219367856482,-0.28197098604064014,49,0.0,0.015146501050289135,1.8770370836034413,-0.6836821320664874,2639.7135936978634,727.8462149202858,1230.379516540882,0.0,0.0,256.18156227660654,58.5030040074834,98.09941936221921,115.45764419253328,120.68913804700293,132.32614803798558,117.98267269480658,105.85581532288725,101.99074633942278,116.81595871894812,124.53361833984607,109.4825794922059,87.1457759930243
418,724.4617457750053,729.8162155943044,0.5598625682978969,0.29544866472169945,-0.1635174848768242,49,0.0,0.9014461381599341,136.0977037438863,-5.334626994496727,724.4617457750053,729.8162155943044,15366.22834252004,0.0,0.0,257.70902062504774,58.50459743617483,1378.2458718050361,1414.9540559382583,1464.0421670134374,1392.434506232301,1388.0847052400836,1403.7633863918081,1483.110628781988,1507.212815808312,1479.0341365328752,1385.8379658902172,1069.5081028857244
419,1344.5088292100966,729.7969525595728,0.4709977363735538,-0.039987361434138835,-0.204335082958254,49,0.0,0.01419904768314547,1.8767434056232484,-0.683512246364752,1344.5088292100966,729.7969525595728,987.5213801705081,0.0,0.0,257.21451600377554,58.50632502759274,79.19644273436144,103.3474246760841,92.07137366289723,91.01223197446663,77.84717326343299,87.64320392569844,102.87606782284638,75.59750828978582,95.5072852106647,115.99968435160818,66.4229842586621
420,2541.3078346487605,729.9584802655352,0.4694778788709009,0.1651300905104803,-0.38740180711605277,49,0.0,0.01688057010060059,1.4193094215872795,-0.38019271422308715,2541.3078346487605,729.9584802655352,1573.0508531968544,0.0,0.0,256.26001329079776,58.504365745051736,139.71961909104797,162.57035243469943,143.90281075759972,146.6823725233009,158.12710141014776,130.2117150563294,141.81802663806502,143.73025008170166,145.87182174879035,137.99657233238622,122.42021112278617
421,1085.242688179649,731.3758174376818,0.7157829357727209,-0.07553758199998126,0.08820935780497613,49,0.0,0.01722429155497492,1.946195104040938,-0.7229659392155403,1085.242688179649,731.3758174376818,883.8666771994781,0.0,0.0,257.4213034910927,58.506488388331086,76.33866681197591,81.49569303277988,80.99273016003664,74.01904689005922,83.6604509895294,72.57389418659383,98.7141389259819,88.74586164901385,84.1403380421043,70.22726025225467,72.95859625914848
422,1147.1994721586398,731.865609312929,0.2665045816321648,0.5179351957357737,-0.3676665618172943,49,0.0,0.009796124286717145,1.5029656151408095,-0.442372612269954,1147.1994721586398,731.865609312929,993.6381072984447,0.0,0.0,257.37189132093255,58.50684084750532,81.14823573282544,102.01997922132466,85.69925962263427,99.52494745941502,92.86446882117508,101.69857484279612,72.648395686404,104.08893926587241,92.62967451248795,91.5398721213401,69.7757600121696
423,2908.036609568712,731.976269799309,0.5298308878163165,0.00483303004962075,-0.09811400078147259,49,0.0,0.01634546506760909,2.752634013073185,-1.0993711798918453,2908.036609568712,731.976269799309,1176.2015400922396,0.0,483.76998860058666,255.9675637346148,58.50316775872134,87.99196694700842,101.06721564112388,101.45592317866391,139.98722233531862,117.63748219462003,198.62390469714887,128.82563851974427,60.145899721798415,85.13399873076241,93.97979487915117,61.35249324689941
424,514.8190214197875,734.1540769164299,0.23392890960889204,0.36891078618417367,-0.2278622094156197,49,0.0,0.015013148381360709,2.0142651407601893,-0.7602915920461278,514.8190214197875,734.1540769164299,1319.3856363436603,0.0,0.0,257.8762413366888,58.505387760126844,102.49839649215792,108.17273553799203,123.96847655299177,151.78715014872694,119.64607580469271,117.43683226388549,123.0004614757217,124.92369671367796,133.59919994812878,126.30571899369738,88.04689241198753
425,2154.4519060776142,734.0846337882041,0.8893412328316402,0.22974048803683553,0.022762441098638946,49,0.0,0.03626766198940948,3.7342195940664005,-1.430499633582145,2154.4519060776142,734.0846337882041,1040.0658346675416,0.0,0.0,256.5685072463233,58.50751467639584,103.72844013956252,114.87667370841396,86.24409156038008,103.75658503529732,97.5639898298707,88.54550894750989,98.76225691358005,86.83689704155714,82.63335058190125,95.29152612486205,81.82651478460667
426,325.19888283118047,734.4975529383917,0.2775287141532638,0.399377029060167,-0.34199021609455965,49,0.0,0.006710184531941009,1.0040766607675342,-0.004417180621407467,325.19888283118047,734.4975529383917,1122.5502762851052,0.0,839.8460354378078,258.02744998724916,58.504423928571036,116.37948892533541,101.50355547606698,95.2628640967403,86.84841725685398,94.18725914572826,113.53153321292129,86.06159520996692,109.46784510642033,82.157745718146,112.19872635083613,124.95124578608943
427,2459.0725829928224,735.9869327511337,0.9197760291276846,-0.7692578684585153,-0.2805508306682021,49,0.0,0.027262264424521697,2.3713912873350362,-0.9375080497597322,2459.0725829928224,735.9869327511337,1062.3746083674725,0.0,0.0,256.3255432714497,58.507243190854616,85.25789120638709,101.59872547244147,100.61928987095519,96.31492262957217,107.96403147968448,96.16929775083385,94.26401237308988,96.42461475315488,105.56541505415657,111.22932392297123,66.96708385422568
428,2054.3985946164903,741.6575248388181,0.6069858446741883,0.07612018595209759,0.008423914565084248,49,0.0,0.5989086559406211,86.79850612007763,-4.8462806266108736,2054.3985946164903,741.6575248388181,9362.671218026482,0.0,0.0,256.64827540482116,58.51091922774352,768.6301394375228,867.3252688837335,850.8168900072328,903.8915903471998,870.3007716027327,899.9594509513245,899.2906131012223,857.8535899644515,870.6631953994774,883.3911092215812,690.5485991100026
429,1678.4486511297146,742.9782480069777,0.6708007203249381,-0.3227161498613242,-0.057545892054224966,49,0.0,0.020919742724377695,2.2342046145165493,-0.8728073611680616,1678.4486511297146,742.9782480069777,1104.201010208088,0.0,0.0,256.9481628229712,58.511964037874634,85.12087165727621,96.86020692696691,97.7862045950252,108.89254125584664,103.22375492961524,93.84866850880017,119.97582965367877,100.41541906953378,108.84730563548351,104.8607553937783,84.36945258208326
430,1032.9607924468912,743.8317052428374,0.42548701612488465,0.4273541778376157,-0.10663635664622455,49,0.0,0.040087387034458716,6.775062494053788,-2.0772832638836496,1032.9607924468912,743.8317052428374,1441.673121651815,0.0,0.0,257.46306818299206,58.511537986956355,115.79141412359688,141.97543659216672,132.4108704145164,137.47604892335306,124.62552149866745,145.52343248157894,128.67672226725136,152.6369584555424,130.30253622155402,131.76060756680397,100.49357310678374
431,1211.8279567318855,744.3343629768699,0.6097699764313219,0.692215077750581,0.1370652988756083,49,0.0,0.014092023050898147,1.4236120200353515,-0.38347911560436493,1211.8279567318855,744.3343629768699,936.1388731756307,0.0,0.0,257.3203913906789,58.512170443079654,63.65095896784042,89.34079588585242,84.99069846854317,79.85035398514214,92.14493691244238,63.14808599170442,89.61541934756234,111.00690908085706,89.8111016801061,104.48202827264383,68.09758458293642
432,2391.06891353886,743.8957848397051,0.5732503743703429,0.2265805693527998,0.1496335517626137,49,0.0,0.013254237058278287,1.5701336568787574,-0.48984155773368093,2391.06891353886,743.8957848397051,1080.2706056773225,0.0,0.0,256.3797191767928,58.51081554090236,91.48237665193915,113.63814365407903,94.87207364966808,101.0688886398203,98.73701995442477,106.97351496831965,93.79086676737943,91.35079785576104,100.77582161365467,102.8143587843376,84.76674313793876
433,679.3260357894726,744.539800722129,0.6144485376520668,0.37252245522496363,0.3020362203464261,49,0.0,0.021259360310709803,1.8838755416223594,-0.6876305192683968,679.3260357894726,744.539800722129,1751.4822979544733,0.0,0.0,257.74514331907625,58.51053094438768,169.7173296884604,161.95951003575576,167.4802130106517,174.98320940928545,157.15599846956366,152.59460924119952,166.91406184767402,162.60598041710642,139.94653036670843,163.50561219400367,134.61924327406425
434,1292.045628989857,744.7526712226619,0.4834207849498262,0.24784616869289897,-0.001612786525646268,49,0.0,0.0714374290624761,11.688181545876954,-2.6693673715695896,1292.045628989857,744.7526712226619,1937.936817373627,0.0,0.0,257.2564028958791,58.51248304688071,176.32312005303055,185.11396830716316,193.34152206122593,172.50685863500368,187.92193759753164,169.6147584309691,152.89585292467444,200.92573154557095,176.13025321263794,181.31609899945764,141.8467156063619
435,2136.4988396828226,746.5659386302301,0.30604707517832674,0.3770459138968891,-0.18111875793636462,49,0.0,0.009787472281799808,1.6398763587602079,-0.537027762295459,2136.4988396828226,746.5659386302301,861.0178031780583,0.0,0.0,256.582762599188,58.51276326096032,72.14908022395518,92.59219746520004,60.473444559595364,73.45919781720627,83.47292982770591,84.16394561591879,81.66975533671499,77.64254398338568,80.49237502026352,87.02460109845438,67.87773222965822
436,2856.1672655002317,749.3063304550452,0.6855418489142725,0.5852197749708944,0.23601216837828262,49,0.0,0.016916447686804677,1.4290885480959583,-0.3876478476213094,2856.1672655002317,749.3063304550452,1442.2409788145478,0.0,1216.8727941083348,256.0087148844679,58.510715926824844,110.56518105679653,149.08488710235105,136.10087033606453,135.92354919948005,127.74285028860562,140.63061697076245,130.20516287276283,139.93604470530914,133.24647165911415,140.86943051909657,97.9359141042047
437,1581.2655923386924,749.0710124482017,0.4855254242472331,0.12876126128925644,-0.1283619285917632,49,0.0,0.06094378375288903,9.715560861810994,-2.4686696917421784,1581.2655923386924,749.0710124482017,1801.2247133450705,0.0,0.0,257.0256875214305,58.51451670484005,146.2090180907265,182.74569627373654,159.53475620938167,178.5803511450857,184.63145791144817,165.66624828296483,167.87342170272905,183.0680601170056,149.50447597996958,158.57474077610158,124.83648685592132
438,2499.839783298034,748.879497162795,0.6001989261505779,0.19866413895450866,-0.15660922843331873,49,0.0,0.01501619379722623,1.771496715311993,-0.6208508785157805,2499.839783298034,748.879497162795,980.4456464141617,0.0,0.0,256.29292035720977,58.51243724514554,85.73881025751888,75.66860788913314,76.66678047907311,93.62469431330598,82.19565967324732,93.04968338756325,83.33190660234555,104.39927548481182,97.86882166854636,110.20206526567364,77.69934139294271
439,2529.259597029466,749.2580527905769,0.638762840120597,0.4319102790732006,-0.162344716628501,49,0.0,0.01396398402191766,1.6728804968301179,-0.5586622949927419,2529.259597029466,749.2580527905769,864.1538772714871,0.0,0.0,256.269450773236,58.5124619364319,66.50015141943967,80.95322624022593,78.69277509908702,88.63092139070292,72.30884382416737,74.31942273797674,61.449569354573114,94.63900247152884,82.16342253658294,90.09392450701813,74.40261769018443
440,422.13908196946403,748.8196601212138,0.7257652461640042,0.3179772178254467,0.30993944096209974,49,0.0,0.016020109478480475,1.2859762486427193,-0.27308236863485225,422.13908196946403,748.8196601212138,1286.5616201327948,0.0,210.2868565721229,257.95031087707605,58.510978535110716,120.49298052404836,124.86354416709344,137.09797414705173,117.51887438021427,91.87225134541234,124.00005922823405,122.0542329244502,133.13407697005005,117.78033274752806,117.61229281401573,80.13500088469648
441,441.55324522296047,750.3836814306234,0.685379575969694,-0.074899404083732,0.30266916061523885,49,0.0,0.010665555358688895,1.0212599707908288,-0.022840774189731586,441.55324522296047,750.3836814306234,991.3326254514756,0.0,0.4665578630596097,257.9348443145473,58.511742322891855,85.6206674557553,59.48363892369004,107.99889917577775,86.85715356073015,108.84869368963629,96.45610656746217,88.2442403017264,94.18806124390444,95.65479323258998,91.41023441068957,76.5701368895134
442,698.0756633740416,749.9375265316817,0.4937753334017499,0.617004179412017,0.02227816744046513,49,0.0,0.024624637647994642,3.34565591696361,-1.3112031850746264,698.0756633740416,749.9375265316817,1289.2708236794087,0.0,0.0,257.7302350464085,58.51286429297892,102.82371452940976,116.39680798900352,147.79733481277054,104.64439301677405,127.98177142717509,108.07318192578433,127.37882096181242,123.9190335891556,114.52838347790323,119.1944786390558,96.53290331056444
443,2402.020354993013,749.5261637957643,0.7065781882763706,0.25219168079794857,0.25550760331136246,49,0.0,0.014243905220287267,1.3651550329604716,-0.33795493638325447,2402.020354993013,749.5261637957643,919.339249907015,0.0,0.0,256.370941211224,58.513118173058075,77.67363140281813,91.47870213624007,63.2446115771295,87.41226336297453,87.33521665556708,88.79802377747565,80.41388003640904,102.07306182040615,85.9311964275835,86.1235144072891,68.85514830312222
444,2856.6859439258546,750.0667712810049,0.3310109750109957,0.5213715814755829,0.7357984462944227,49,0.0,0.013001654776225233,1.166839565719218,-0.16752786737851924,2856.6859439258546,750.0667712810049,1447.1321865757236,0.0,1217.5853984046057,256.00829214627,58.511029494304594,109.8505839746965,149.43897679086132,132.13202285586516,135.97459148356896,127.4651430226856,140.57436121990548,130.7883660678002,137.50671310889493,140.08874091005603,142.99968201416374,100.31300512722568
445,2674.682307382753,753.1785709097662,0.6799601828559709,-0.13052932786098906,-0.2700625419632142,49,0.0,0.022616101955549806,2.4343007642248833,-0.9659355885700087,2674.682307382753,753.1785709097662,1170.0128830331919,0.0,0.0,256.1534199300848,58.51337484200383,101.34031768399592,109.48134297072987,103.18291072516917,116.26476286821745,108.5486335052076,107.67523014867194,98.51811166679764,112.80179366870979,102.0496561182066,122.42997435635245,87.72014932113346
446,2305.9530420190713,754.2184058554941,0.5090324649502126,-0.05502566727885064,-0.1776035088980005,49,0.0,0.024824718345935814,3.630366805928329,-1.3998762690245403,2305.9530420190713,754.2184058554941,1087.646757007615,0.0,0.0,256.447540844039,58.515431187333355,95.06408097106899,94.31370928565167,103.7612543951498,91.66066283860897,101.43422996903527,89.5632429533652,97.92413083240564,96.60181576380421,105.85079519011765,124.57579351943623,86.89704128897128
447,1573.9160997271904,754.587066878471,0.46595994932789253,-0.11792969400332122,0.10014273504500804,49,0.0,0.009526564818028556,1.0719775611970048,-0.07546423682864797,1573.9160997271904,754.587066878471,1172.838720464676,0.0,0.0,257.0315520828226,58.51681414017733,108.4817299212933,116.08415805367548,122.29301249619017,104.2178466689322,110.71250784485214,115.11724914537153,110.22760525924274,106.62988943447009,97.692076921781,112.15774264610968,69.2249020727578
448,2908.1242318886284,753.3883896314115,0.6475458763920703,-0.24510413777050263,0.6833213895855237,49,0.0,0.011501447096624475,1.3747790306332808,-0.34558224816379124,2908.1242318886284,753.3883896314115,1068.580743238694,0.0,539.7774666625766,255.96722777999972,58.51208707530566,85.12057737075541,70.25627675208261,119.54711650858842,74.97391220802385,90.53086109379674,117.08268245603193,67.81985871304906,87.54878309183846,206.6387441032449,105.69460356911246,43.36732737217005
449,2196.819297827291,755.9637115357715,0.7420662656404987,0.09848392335026808,-0.1348211813771654,49,0.0,0.02330772935228929,2.370223746293222,-0.9369733620652367,2196.819297827291,755.9637115357715,1052.5617066787233,0.0,0.0,256.5345921975472,58.51650977547504,72.7263472138581,95.97082779743961,101.97130664785566,113.35944239483605,91.0334748221667,103.05838072511426,117.70067771919227,83.26602520369987,99.53007641282929,102.58357826940622,71.36156947232521
450,1949.759308467469,758.1981937513459,0.9662082550165839,0.22304452961652269,0.15666867591166284,49,0.0,0.018114267922116595,1.2267608382508983,-0.22189975899383735,1949.759308467469,758.1981937513459,1120.8861159328085,0.0,0.0,256.73168803296005,58.518018686164076,97.16015598103972,104.75093477225553,102.54021651328202,108.10026826919616,103.93239352959361,96.02419319506922,106.2476410077874,113.619726116122,108.44196636483285,93.54179693354571,86.52682325008419
451,1362.697804044029,758.6072728477288,0.7493076522166112,0.14669913725031042,-0.25592417930682204,49,0.0,0.032562142949549615,3.5295931376310814,-1.3693116159727627,1362.697804044029,758.6072728477288,1346.7307459130811,0.0,0.0,257.200074114628,58.51835100600462,104.24011272936393,118.07907235792959,128.52403902288162,127.9300013837485,153.31413761504157,138.97387829813545,142.39993155599643,106.95923709262557,106.61473294365528,130.2794604001734,89.41614251352976
452,2152.387575959019,759.6333455305688,0.46135915628867114,0.184126376430014,0.04185160765217046,49,0.0,0.008832168896821306,1.0773592862605597,-0.08090139849432285,2152.387575959019,759.6333455305688,853.2366967320494,0.0,0.0,256.57001965482897,58.518164891925245,79.55513488531292,93.17528526130978,75.78572235598266,86.38782789070206,73.83908896353738,61.05588868537249,75.4964018012844,87.53401693389891,85.99514468112405,84.72713678307863,49.68504849044608
453,1778.897654658288,763.2385794820439,0.5077697970830267,0.22467913561729966,-0.1630026014142837,49,0.0,0.0428118891474697,6.298285007662623,-1.9980557731959676,1778.897654658288,763.2385794820439,1379.3720855327588,0.0,0.0,256.86799984576766,58.520341806951556,137.0683753807367,125.36204020228624,118.48021734318664,125.58445531528295,136.79531554622554,112.35073713353265,121.7223283987942,147.66051485656567,124.29070214407528,132.8094042270547,97.24799498501817
454,2182.375481096662,765.8925758756419,0.6181931553990978,0.5729990858921467,-0.03403467006341562,49,0.0,0.009769786458295567,1.028169642936598,-0.030161942564772698,2182.375481096662,765.8925758756419,970.1515630544345,0.0,0.0,256.546060195673,58.520688609539235,86.22501428132111,90.65257697392875,84.25113833064864,84.58571047068352,78.73289754796583,92.46858875359925,90.267498554517,96.6091069761193,110.60188627670738,91.85417016151386,63.9029747274298
455,2670.1580692520033,765.673476348387,0.2745707237174734,-0.15271320784210238,0.11904172926821852,49,0.0,0.01423150934585361,2.1208589406923886,-0.8162794608763533,2670.1580692520033,765.673476348387,1274.5325602547778,0.0,0.0,256.15690149927997,58.51860426715082,107.63213746174051,122.0753662538327,123.89329224374231,112.67486491436085,109.19072759809647,115.27555282494613,116.59866193949948,110.94214369796651,131.4663911017301,127.95462874047521,96.82879347838771
456,1086.2127259801364,767.8552984366598,0.24368538467536296,-0.06310122330299091,-0.39417723355996415,49,0.0,0.00872625144820972,1.1071273354137907,-0.11049393450763129,1086.2127259801364,767.8552984366598,904.0537999120729,0.0,0.0,257.4207082067432,58.52168966781188,94.92925003752835,68.849517405706,66.53845212010648,85.98866973634378,106.99783195531144,63.56741236369401,84.42611522162693,84.76992155448993,87.64473333448313,92.81999125944014,67.52190492334276
457,426.27717425292576,770.3507774064856,0.4958859193850436,0.1968302066419172,-0.4473869005992544,49,0.0,0.010684671502844526,1.2090032569424565,-0.20606867702833892,426.27717425292576,770.3507774064856,1025.576777454995,0.0,12.976300375622586,257.947250931391,58.51997236917709,86.36979399304555,90.87029065000743,112.64104208890514,85.25874762060582,102.80829174396635,80.29448612752283,103.83179624202847,96.30473024097309,92.5013587823224,102.08112890585735,72.61511105976032
458,2107.8864987261836,770.647650191417,0.8571224573345154,0.32609151834833694,-0.151856071973241,49,0.0,0.01989390608455072,1.854911394191017,-0.6708079224342979,2107.8864987261836,770.647650191417,964.4479083984306,0.0,0.0,256.6054704379343,58.52287052067394,84.21908075214475,90.42790878103517,94.15367689326763,81.18457262766691,104.6169495042586,81.09293130739135,83.65557025508467,103.3288314525219,89.95181620802568,92.37257932157875,59.443991295455184
459,2676.686746497557,771.3833110163805,0.47310208843125023,-0.514700368992509,0.01693676208679529,49,0.0,0.014257529978774585,1.722788736721218,-0.5905800594041789,2676.686746497557,771.3833110163805,1189.3134606564995,0.0,0.0,256.1516348412427,58.520948351286805,100.76660512139625,109.70453460353342,107.737253988816,123.63049866039226,100.83199432052622,94.55342665030703,105.48871892750499,121.96813675120677,128.17903132811395,105.19752708120217,91.2557332235005
460,2461.454651476023,773.6465929920655,0.5835228249832467,-0.30836965356715323,-0.05082409120298898,49,0.0,0.027297761962779128,3.6101612789278335,-1.3938165096006097,2461.454651476023,773.6465929920655,1086.390880417117,0.0,0.0,256.32333522604927,58.52292285996813,98.48075934265988,100.40357899162757,106.89507032338213,88.3714414323399,108.81538112858583,84.50535020546721,107.13501220595577,97.2356071312368,117.5128816986271,99.8106109578385,77.22518699939617
461,927.5566484404839,775.0320144925696,0.5822906178583452,0.18413770765158785,-0.12673708771327205,49,0.0,3.0063021560866976,444.14530834577886,-6.618812697181341,927.5566484404839,775.0320144925696,47965.23425854523,0.0,0.0,257.54734404522105,58.52421366918125,4052.778186099107,4331.785050077203,4438.307084262941,4379.628526855385,4632.107612715996,4368.874859329985,4649.674265148704,4705.530637932326,4658.003537082715,4464.400115142302,3284.1443838985683
462,2116.4930427669387,777.3366913651497,0.4748182105609756,-0.18444465351558384,-0.3112006771533119,49,0.0,0.012859152123389445,1.5980743942110873,-0.5089924822561304,2116.4930427669387,777.3366913651497,949.2122030111288,0.0,0.0,256.59857018619783,58.525635654057176,89.68300652162944,91.90655777967291,110.50578863588969,75.0648095106323,81.68505790350855,71.1637528111633,84.71282621623888,91.03936640074642,100.61332497186426,81.57529075555189,71.26242150423111
463,2380.2790102775134,776.8231681762819,0.4247622103834446,0.2396734772386432,-0.11692838070193912,49,0.0,0.014272893098230783,2.1682006646553305,-0.840248683041902,2380.2790102775134,776.8231681762819,974.2438655298156,0.0,0.0,256.38808125515686,58.52457586423906,78.22314061515998,91.41041283866736,92.51532435524769,73.623466654262,85.65313884253526,88.94430661069725,101.6993479760958,90.28669667773336,96.07504477558044,100.83535276758873,74.97763341624785
464,337.51142311445096,782.6694601862348,0.6220733341900726,0.9499880356237271,-0.19296838652925183,49,0.0,0.019613223825251297,2.1734831301297057,-0.8428906842179769,337.51142311445096,782.6694601862348,1308.6355940171788,0.0,1089.489001783581,258.0182106781128,58.524568954613514,121.45446759411787,110.08710343434885,115.49740129791917,121.28620706489559,107.37278907588626,114.9859787872245,122.29200715215939,151.03720941590285,126.91226791726024,118.07834142277112,99.63182085469299
465,1457.373636326206,782.8435572856195,0.6400183380016187,0.419108199935532,-0.1751525861508346,49,0.0,0.01531304301673717,1.5380146374663584,-0.46740117179197394,1457.373636326206,782.8435572856195,1023.567898521557,0.0,0.0,257.12457000964275,58.52853829445762,110.75362617919997,100.33239657630871,110.60543458296596,102.07186231998955,81.90483438211498,89.28467104844181,104.73750787339644,73.59182678341267,88.99597463989596,91.7431616406164,69.54660249521453
466,2325.478958998484,783.0200446006169,0.26018808718936753,0.12840340455185117,0.39052597036099645,49,0.0,0.017155023489786283,2.9853498923478337,-1.1874880978014082,2325.478958998484,783.0200446006169,1300.7863920681611,0.0,0.0,256.4317657330806,58.52736172554739,103.37259325945195,118.77735764371093,121.10053924174305,130.11462537958522,128.0285981488621,111.98123292450413,129.5121510557252,117.70436969514374,119.09234164180513,131.25473173596117,89.84785134166863
467,897.4313171172869,788.8683140269752,0.4609635037715469,-0.18771531768122912,-0.20737494259747094,49,0.0,0.008525320493807716,1.054665728932366,-0.0577870849053964,897.4313171172869,788.8683140269752,931.7349770726987,0.0,0.0,257.57147476732314,58.529875736163824,79.95634136623443,71.2062750773128,95.49912601754164,84.67876415835909,94.18001462372874,78.1140559031725,87.26572883730122,82.05377724117034,88.7201742868834,92.8685356320078,77.19218392898676
468,2329.0040332684493,788.8601927734861,0.33962080533546135,-0.03285806710878981,-0.1454862669414106,49,0.0,0.007656549767077404,1.0748745975545386,-0.07839449838046975,2329.0040332684493,788.8601927734861,1174.751603331769,0.0,0.0,256.4289122177964,58.52978222921744,96.85675338114868,109.36663613964961,104.47827482560308,121.02693545911171,105.25935755282902,104.83927014569824,117.91494221319147,104.97380239305781,115.32407323435329,117.70327422263969,77.00828376448652
469,1653.5094015100465,789.824591190267,0.9939115355488162,0.7034812287517322,-0.028145136890962447,49,0.0,0.019009564778640436,1.6545183039875662,-0.5466789403395963,1653.5094015100465,789.824591190267,885.3453601317188,0.0,0.0,256.9680333996465,58.531490701921506,83.7780340754577,82.08465317129718,77.97053530453059,81.43056063383682,79.47995786542066,87.75270936920472,81.65474482838528,85.2857021897083,77.3516131073651,86.35277555789784,62.20407402861466
470,2922.701731361963,789.2299424584033,0.6039375804935643,0.5524812120836702,0.18268110367218557,49,0.0,0.010465969001475933,1.2362871592167723,-0.230298396094004,2922.701731361963,789.2299424584033,950.4453596474798,0.0,561.7739357660098,255.9551509857663,58.526923155419155,76.78296533668882,89.92747149194221,92.72592988651498,68.75064667764107,92.78740314582421,65.60097667541376,83.2189075750951,95.08480012311233,81.68319778984298,157.1041983457825,46.77886259962184
471,882.3208169948393,791.2904226614364,0.4380800656060621,0.20245914032206572,-0.05420864576593893,49,0.0,0.027742243892674497,4.377315121916319,-1.6030195312478641,882.3208169948393,791.2904226614364,1230.0529484303859,0.0,0.0,257.58355048754385,58.53083170833122,94.40899784767325,112.23107493338155,118.14738475681509,119.33232940843114,111.32865359180781,98.26352823133234,106.82544133409417,124.95856349224233,134.55601210816985,104.02761903516912,105.97334369126926
472,1392.2039985248157,794.8611219428699,0.5614403092476538,0.5444251896431713,0.24928840085104836,49,0.0,0.019619586679176435,2.4469712045021543,-0.9715721467147813,1392.2039985248157,794.8611219428699,1083.6012459048716,0.0,0.0,257.1766045063092,58.53348873487716,84.12775893321283,93.1263405444439,83.90453779076188,115.23484527794088,98.82624291800923,106.77644976464464,97.30583968761394,104.52047399032864,124.37541355903907,106.63331467438294,68.77002876449336
473,1955.4693511869757,795.0058727013438,0.5765740189989526,0.2037963594076878,-0.18531203852949907,49,0.0,0.011098217380068283,1.2612762746398076,-0.2520255661743134,1955.4693511869757,795.0058727013438,838.0984311381496,0.0,0.0,256.72700806674953,58.53334453175863,70.50901487381492,89.57632767703257,83.75687651791613,82.13885936992335,69.02272358190018,76.77156941830667,71.14497396705471,80.31232652304334,82.36260510532229,79.36397651573375,53.139177588101724
474,2348.8285889459294,795.0756362347774,0.31900423225201247,-0.12884107139998163,-0.0679304990107067,49,0.0,0.015219643391476297,2.2483612757901046,-0.8796652417484998,2348.8285889459294,795.0756362347774,1078.0204114147048,0.0,0.0,256.413046787832,58.53229930292048,89.98620127516523,121.33460770009125,81.81974660925043,104.67546547024936,114.7660175508153,101.73967007193525,96.88646931927144,97.34053174540637,112.33525682876493,90.48947005151841,66.64697479223686
475,2460.9425818582768,796.0485308271021,0.2346266357416018,0.0032179746899325262,0.023491534947724702,49,0.0,0.007511629176451465,1.094065000140494,-0.09760781222331041,2460.9425818582768,796.0485308271021,851.3695671836458,0.0,0.0,256.3235603930805,58.53225817951045,76.53065126281606,84.42650939548852,75.2794820272619,76.84740060726318,63.95306784984685,73.66251946865984,85.2486054120321,83.40003900435552,82.8713120614001,90.3229836530091,58.82699644151265
476,675.0226334694357,795.5648770679189,0.661037157305266,0.5076551222531144,0.016250657817547268,49,0.0,0.16477950967608473,21.868240648989136,-3.3495346110953736,675.0226334694357,795.5648770679189,3093.3252087370965,0.0,0.0,257.7490248191209,58.53176918827649,251.51209891401825,301.32467253962886,279.8527492927715,273.013311723534,300.88278330981734,278.6413604913489,294.5193452242727,291.45620698886125,308.23302067844486,282.5792710866805,231.31038848771854
477,2790.153968422614,796.0120226883146,0.289738348768888,-0.2617354029186717,-0.13695519227332106,49,0.0,0.011677537763239185,1.350907744712588,-0.3265642287166285,2790.153968422614,796.0120226883146,1206.1415202122726,0.0,0.0,256.06083440613713,58.53057245723518,118.44854971865014,129.13379828217217,117.32781039160994,118.03664610461661,115.57189817524741,106.63677533005779,77.30754089353739,114.28334703048284,107.7767605899893,114.15959140767148,87.45880228823744
478,2105.311700979655,797.5034954433041,0.3459257834426832,0.5154500303712715,0.1491430159547037,49,0.0,0.012900507071914426,2.0896901883609145,-0.8002047589872557,2105.311700979655,797.5034954433041,907.0873135724537,0.0,0.0,256.607395943041,58.53406623247909,68.18525577670133,68.58490740941869,93.18758205370497,101.65347172673336,97.53746683544378,78.25464545398468,70.04375858208934,85.41389950599248,95.24154133488736,83.6504180607468,65.33436683275082
479,894.3149353012741,799.1565575873269,0.6833905242531689,0.26520899518167523,-0.18578383694672793,49,0.0,0.022209501779411184,2.2723064805499713,-0.8911672676800286,894.3149353012741,799.1565575873269,1138.1110419173183,0.0,0.0,257.574030995606,58.534151278411926,100.41746722320568,113.68311561922039,95.46330028578012,112.19955712908217,87.19991760310322,106.00234145175706,110.8884947057338,89.3435242637396,111.71918233540706,114.84802019040272,96.34612110988644
480,2337.7467237985743,798.099968875144,0.8044970461159926,0.030174978323381205,0.3525553268581818,49,0.0,0.012421456911243195,1.121707608823889,-0.12469916453052232,2337.7467237985743,798.099968875144,935.5746156010828,0.0,0.0,256.4218701925398,58.53360008239487,78.65650000321844,92.37538931321714,88.20653014868817,103.1546640725214,87.64139483616738,74.69198599158798,90.15379244830159,94.99275919443647,83.79004698002392,76.35700590089391,65.55454671202631
481,2802.3499904654377,799.3225855701914,0.761925524123073,0.27625240653746236,0.1732097442706802,49,0.0,0.010823974562759173,1.049824081184556,-0.052791326313733095,2802.3499904654377,799.3225855701914,880.1821938169185,0.0,0.0,256.05106423729046,58.53187942879091,80.80612095348476,84.52900869579045,74.43364657027195,67.61557916603915,87.09485232765398,71.29302630969315,72.38941191793546,81.30434706667306,88.61241811309515,91.35674248325896,80.74704021302227
482,2972.558038360431,799.1552050202583,0.7243685741663887,0.643686104295005,0.2745075958166552,49,0.0,0.040238305900245026,5.8524512338020775,-1.9183445089422022,2972.558038360431,799.1552050202583,1618.9993466525011,0.0,50.58721911557866,255.91524276082185,58.530725378069924,87.70249204862947,24.14185625147906,620.9434572683723,0.0,432.8856966296354,76.32023585777448,58.56457008301083,18.175927904229454,70.27053146668794,168.35241644573404,61.642162696948056
483,2324.4087242242713,800.7410813158821,0.4510890218878784,-0.044723123445987924,0.012980402562985978,49,0.0,0.030603131514108612,4.605276832317432,-1.6581393540489264,2324.4087242242713,800.7410813158821,1273.5651725888556,0.0,0.0,256.43249770090944,58.53474869571366,102.92742580342718,120.26212433841135,140.51368080504537,113.47800496787482,107.57682262714754,115.75806873498527,124.62062281515344,127.17504099078164,121.91035175850162,120.81024100207237,78.53278874545488
484,553.8100884640963,802.3418148232626,0.3455470071494156,0.738978153202538,-0.08880147279896707,49,0.0,0.008515221926940493,1.1744081275131502,-0.1745476203134583,553.8100884640963,802.3418148232626,926.0714831409681,0.0,0.0,257.8458267859119,58.53400082330031,90.87505707574319,86.38745703486013,98.38745403328568,73.21747344656086,82.99452933633908,73.80249064118516,88.60902393621475,85.94282873227661,92.74585439694532,95.53194990331714,57.57736460424013
485,2841.0235565399303,804.2040688974034,0.5387306802435816,-0.048802165721230285,-0.02027038432653541,49,0.0,0.13874785386749047,17.076706847374982,-3.0810103075822153,2841.0235565399303,804.2040688974034,4378.121401789791,0.0,708.859070432296,256.0201446336988,58.533679217611194,401.41062070058894,396.127696719523,381.82639569135824,424.8935383374562,434.58690615873047,354.3485978509743,427.3774003430401,397.5232015473435,425.2999385952589,418.05796485772635,316.6691409877907
486,2057.0096730962055,804.9952330014822,0.7416146161223065,-0.13816511907837978,-0.4843670928279492,49,0.0,0.011024054715438153,1.101140869466706,-0.10460720505556896,2057.0096730962055,804.9952330014822,798.7397719007512,0.0,0.0,256.6459175764295,58.537302568551574,63.458857862086845,65.14608521717756,68.13516851901646,82.66153207894189,64.59690597628398,62.211132811186744,76.90188442576837,93.40336192933536,83.60001435371231,67.76150646308395,70.86332226415776
487,2565.609725517773,805.8572906577825,0.5534706696630699,0.1217912486348964,-0.45199347320084626,49,0.0,0.010342948553232747,1.0825366620411732,-0.08610653358558196,2565.609725517773,805.8572906577825,857.8127867762338,0.0,0.0,256.23993725421053,58.53587169685141,76.7967564704278,83.07451407189708,70.90801021416635,87.28274706144416,66.07438550023761,77.19514780100828,77.57245388427589,76.7752408221684,95.36699732308443,87.98641608569632,58.780117541827465
488,273.1449880194965,810.4385501939807,0.37420808519271226,0.6794403612383384,-0.2325376979712639,49,0.0,0.013809959118640434,1.6772828418343264,-0.561515760704668,273.1449880194965,810.4385501939807,1291.4009967374468,0.0,982.4833004965976,258.06991455991664,58.53572446907369,101.10996017085691,163.49576322368677,130.15661138373454,123.57878715653983,122.59002976844917,122.93035684011679,101.46435712843814,109.0525981709235,116.71098353998049,63.99080935170345,136.3207400030173
489,865.4009712930084,809.7415017639346,0.5125502668806718,0.6077941691001889,-0.1445982563018876,49,0.0,0.013863460547841851,1.655912356426932,-0.5475933671616522,865.4009712930084,809.7415017639346,943.6585420076933,0.0,0.0,257.5971830666003,58.53845813030573,75.790912845036,95.90506487886192,93.18719565348611,96.92702301249349,74.65449214855333,92.24942301444445,88.45405227004784,84.38616646124572,96.38839122415592,80.34783557869311,65.3679849206755
490,714.4337347661772,812.0295065192468,0.5768345829515397,0.28763159463318055,-0.14937624191596902,49,0.0,2.48798223939594,369.3499681580492,-6.418595164790347,714.4337347661772,812.0295065192468,40474.67896841688,0.0,0.0,257.71771047257397,58.53880541311536,3352.6487370596774,3743.4333940715546,3696.911278805458,3788.07029495161,3841.9649286107447,3625.9228483448373,3898.9636540161173,3873.0958267138412,3838.823410867184,3960.639275097771,2854.2053198780795
491,1177.302626864748,812.1977981876664,0.5117943613651312,0.3382872350959515,-0.09722449477960166,49,0.0,0.08959778315204713,13.863141277022951,-2.8546541227137596,1177.302626864748,812.1977981876664,2240.69438239707,0.0,0.0,257.34820530501395,58.540376039984864,164.0108080867876,200.27772681703348,240.30538043260984,197.6009281506926,209.33382719414203,208.13450741861578,225.71837130859626,228.6339690407419,205.22287896563034,204.22042996254675,157.2355550196731
492,2169.8757546734573,812.0956036392539,0.39716162368174035,0.3902174987412374,0.2327303235573789,49,0.0,0.007893184706311627,1.0766215401172028,-0.08015766139204643,2169.8757546734573,812.0956036392539,759.4325119571004,0.0,0.0,256.5557830458344,58.539974196315725,67.51797479317366,80.85581398181677,79.58681794793476,62.609953436720616,79.5884264704882,61.80159692218723,78.60488692709076,68.12501387967485,55.630904272665234,73.10556275803536,52.00556056731304
493,2666.210740837383,812.1480289351605,0.7236859048532116,0.49114384691669505,-0.3552796517322948,49,0.0,0.01690936059244253,1.816190852504903,-0.6479037099045438,2666.210740837383,812.1480289351605,1035.8932039071008,0.0,0.0,256.15957919923363,58.53798669710661,91.46554298961489,106.20541009314819,102.75222019718035,87.81365122444117,89.41063413307916,105.38268330046171,95.1251929047184,92.81710725335273,96.52947480183757,88.5342651872255,79.85702182204099
494,1244.6765029374083,813.6349156052624,0.6089352418085542,0.37554625973988004,-0.05094932264770563,49,0.0,0.06603920361784572,9.220645776066323,-2.4119033457904977,1244.6765029374083,813.6349156052624,1664.1449230740293,0.0,0.0,257.2944227760377,58.54110477397359,151.4040948000028,147.65100483795675,146.19122100360784,162.17434098038643,147.7544077720383,152.0441018855377,159.97714655798617,163.59444537558468,136.57837622359557,176.90115059521543,119.87463304211767
495,2090.5454830455724,813.763374270405,0.6591301784645405,0.5413129901435361,0.17988653604977428,49,0.0,0.016860757303184752,1.8519519694057112,-0.6690742975325052,2090.5454830455724,813.763374270405,981.8391837746688,0.0,0.0,256.6191062915699,58.540877162864234,66.09701161566213,87.7975659386307,98.4944076737323,72.88716503112332,93.85308491064082,87.12259840158124,100.23389946156223,99.34564569165542,85.3332309457623,113.03085036357959,77.64372374073871
496,931.5606072196908,814.6920573555566,0.49617495790806176,0.6762385367815956,-0.5491816199226222,49,0.0,0.014093615834514274,1.5274863666846819,-0.4599433567790565,931.5606072196908,814.6920573555566,1118.4132754186976,0.0,0.0,257.54440162397356,58.54075069371281,106.1274815479711,115.25259706358179,91.26397908910369,105.94343971903996,105.24507885877094,111.72654668092505,83.39726222460826,94.28246565818955,116.25608369095289,86.12084824982492,102.7974926357297
497,1217.772274825287,814.8932559800509,0.20556066093346578,-0.42110333456608895,-0.16494510517993585,49,0.0,0.007545017350270497,1.5629521818776544,-0.48486422773454885,1217.772274825287,814.8932559800509,906.4634281221154,0.0,0.0,257.31590657231567,58.541579855170106,69.26642953503189,84.05406965110043,96.6993393537432,67.19232450259454,81.6445328486322,87.33900949666551,85.64689721777742,78.47158413626843,90.9512148631562,85.54132023093018,79.65670628621535
498,337.59027126268836,815.8183178060484,0.41250820441769037,0.7882070887349895,-0.24608120513009757,49,0.0,0.06134245003739831,9.50639501116985,-2.445039640509922,337.59027126268836,815.8183178060484,2404.664384805844,0.0,1917.0450741362656,258.01854617252053,58.538378853960026,207.73953011361692,225.15372371455163,212.91800637843508,209.4539199462949,209.41690989942035,229.10818696998498,238.82527243983463,251.90888420441024,216.69338036972061,245.28128275355652,158.16528801601768
499,978.2311921792262,816.3473993865392,0.5660072827829283,0.3084823676169655,-0.061277382226581266,49,0.0,2.4597353323967837,364.8566036443,-6.405305527700481,978.2311921792262,816.3473993865392,41060.64571354397,0.0,0.0,257.50715315017277,58.541589587296976,3446.4495445359353,3830.652263982577,3827.605753768712,3778.8840767664105,3865.4353696683434,3640.1008461888823,3944.418603933802,3995.371122502568,3921.6707059324326,3935.706335548063,2874.3510907162367
500,1372.3324524490877,815.5663731752409,0.651034484786214,0.16756391060054618,-0.28095597220044666,49,0.0,0.01306506757237709,1.3096354077940802,-0.2928760207777883,1372.3324524490877,815.5663731752409,988.5265908224956,0.0,0.0,257.1925108177942,58.542094120155674,74.16436217674348,76.35450136172861,91.53307052317362,85.68467287774794,105.43549136959456,100.63258487015655,85.92569783759127,87.66181655620797,98.7576979073116,100.93511270428937,81.44158263795066
501,2494.6299107412074,818.1311681685768,0.6464993607931415,0.34027691744264627,-0.05909584687669171,49,0.0,0.011294985231624045,1.2603963988644924,-0.25126788415336243,2494.6299107412074,818.1311681685768,876.5048862311983,0.0,0.0,256.2964868169146,58.54131194965267,84.49892869029578,74.33156883031754,87.76888355632008,84.53469726004693,78.1494340961253,65.8951734474254,97.36306642667502,82.23627278815499,72.0342078318843,88.25704033098219,61.43561297297079
502,2864.1062559194406,818.3543679713503,0.4618932517224647,0.2096954263718828,0.06740924187956726,49,0.0,0.11961178884790705,15.436154733546648,-2.9713478083303912,2864.1062559194406,818.3543679713503,4312.285025558607,0.0,1793.6964405531617,256.0015533537172,58.53943098582749,371.7914466173595,401.7596305398806,375.51318924375096,407.992269111233,420.1653733956199,399.2594922022156,381.72802973897694,383.704107688618,419.8105675047274,435.6704226414016,314.8904968748239
503,1428.472484907555,820.126068339906,0.5756597041254267,0.07632758616770371,-0.5134745320535634,49,0.0,0.010864958539969652,1.3544317070308844,-0.329392779961608,1428.472484907555,820.126068339906,880.0883239626587,0.0,0.0,257.14769656583104,58.544049561587066,80.90517124326776,76.00647969943142,77.09410596467396,84.08808958847548,90.21984721257869,61.8204756604662,90.97783539734388,88.66496773816145,71.02945810707645,98.49577595303649,60.786117398146885
504,2975.7841534374807,820.3263959926131,0.517090708663455,0.3820483856654561,-0.1329426234687074,49,0.0,0.02087369814274097,3.166687404031673,-1.251512986496939,2975.7841534374807,820.3263959926131,2079.9779955971635,0.0,203.44080020602394,255.91239134278524,58.53952285220622,93.30403387851625,188.519476201686,292.84649254374153,306.61848203992645,345.36940314831327,333.7332480225581,94.73031295857763,114.77800560434022,138.3277198513817,115.38533462043239,56.36548672768994
505,487.33248886304347,821.1467567557977,0.6277936852473011,0.06819105095177731,-0.025982872799453684,49,0.0,0.01175523586793934,1.2668949796219573,-0.25685153787740717,487.33248886304347,821.1467567557977,982.4906813298041,0.0,0.0,257.89908124755624,58.541479592175705,73.82471647485445,69.99106702711906,95.32842381921776,97.72423281045201,112.20811184183489,77.77588888888377,97.1197544214727,82.56057507936009,89.38840682423466,107.96199594155293,78.60750820082183
506,2946.9987242711163,821.8544274571428,0.9953365917160389,-0.15473076824933904,-0.4861181526570916,49,0.0,0.036179669190252596,3.6327652754595308,-1.4005933440471374,2946.9987242711163,821.8544274571428,1697.8550013497347,0.0,725.5081479209612,255.93534701508005,58.5403533756161,138.45903967088844,122.17358987512762,97.58576196241003,76.89288225579561,104.41992238169215,185.71809798535227,117.9287796929644,251.88565013160508,357.95241050583945,201.64258418834171,43.19628269971784
507,1881.7369418802052,824.2240010861352,0.8576453743043364,-0.11201117956119488,-0.24254847356345655,49,0.0,0.036019684197028744,3.8203445682604924,-1.4552563374792356,1881.7369418802052,824.2240010861352,1053.330889289542,0.0,0.0,256.78578201646883,58.54563437686904,88.29866928640783,92.09126186653813,92.01765124214793,87.31551792474518,88.79482226165626,85.32667677159594,109.28183647845387,97.83868104833591,115.62433838219093,110.37607613796223,86.36535788950799
508,552.2442248383472,826.0596562834955,0.3950639542767362,-0.07381489351587385,-0.40864696287228497,49,0.0,0.021541929561941515,2.6916159832301845,-1.075032746364398,552.2442248383472,826.0596562834955,1450.036230097542,0.0,0.0,257.8473132164741,58.543873754398454,127.35909927931975,118.79858944382076,134.6975319051539,144.42215562667502,133.8350504299753,141.56616688114218,129.00735207793676,157.6460493235718,119.50500217788462,131.89041772548484,111.30881522657725
509,2268.521247912254,828.4817589513254,0.567045089729937,-0.02313381152982437,0.04324020008218138,49,0.0,0.5358914307217221,80.14655405169768,-4.759712135861253,2268.521247912254,828.4817589513254,9107.043278587564,0.0,0.0,256.4769295891134,58.546499007671706,787.4483293527054,858.3444699870788,777.5085886875322,852.9006014459225,866.593655208048,826.7514471882398,899.8452158555968,855.2922722719732,891.2043941300408,846.6431926440889,644.5111118163383
510,2431.954510381654,827.7425706028646,0.5541187870296762,0.3884827229493235,0.23791231703913035,49,0.0,0.014338297733311361,1.7303457334886165,-0.5953322161238163,2431.954510381654,827.7425706028646,899.7630321860029,0.0,0.0,256.3464449001518,58.54558410405302,67.44820948289912,85.91974542468625,81.25223924202157,82.11148230246697,83.47823985758203,83.26230092780656,90.28728984869443,82.42399902222515,80.68932953301605,92.26489553805118,70.62530100655354
511,596.0447828218294,829.3876810839259,0.4414408681639728,0.44936180419515487,0.571984346152596,49,0.0,0.010768745550729352,1.437366693539162,-0.39391894306517883,596.0447828218294,829.3876810839259,969.1471450351032,0.0,0.0,257.81237756705565,58.545482901597204,93.0599362640398,94.437268621627,91.82180753901676,73.03543342432178,89.89462948016336,87.63347358697294,114.23278467583455,73.90108380332077,87.31233860588291,98.98636824015387,64.83202079376962
512,932.6514133290627,830.0593665992224,0.23418279381871762,0.661709127890971,-0.8379978892497623,49,0.0,0.008544555953680718,1.2391081784202986,-0.23277305859577327,932.6514133290627,830.0593665992224,1045.9487932850002,0.0,0.0,257.5436285562386,58.54715686615964,90.55889606712336,96.13845853994155,90.80339547148836,96.59394291380876,103.59519224479436,100.65598578623633,82.12573742448633,103.8187943485442,97.05021975016875,103.67215076881942,80.93601996958863
513,788.3906967338311,832.750719540373,0.5971688235428416,0.1511154359294373,-0.08099000314224974,49,0.0,0.34581646169434765,50.15289603070211,-4.250740039993258,788.3906967338311,832.750719540373,6066.011976622841,0.0,0.0,257.65883442545334,58.5477493761573,527.1868639822077,539.55414736711,552.7573327481533,576.8770380046667,585.295896728263,551.2665869726034,596.8454475285773,599.5869741131714,565.285311620008,505.0235085465256,466.33286901155486
514,2088.4865769623007,832.5848829857338,0.5722254237648117,0.3558192524377252,0.1129297163954952,49,0.0,0.025964365341144022,3.4872938808006255,-1.3562213693232608,2088.4865769623007,832.5848829857338,1097.8777501886552,0.0,0.0,256.62066252641534,58.54872401153229,103.03470339374634,115.628044079247,108.92452219997826,102.0248262630508,101.87006962187036,85.43988223077926,80.95332958358158,104.4982141878256,98.87449635172395,108.31608135794193,88.3135809189103
515,2227.799170774829,833.0398310132235,0.4828034800285684,0.0510333427879409,-0.2722918647232321,49,0.0,0.0312553135500489,3.976864100657628,-1.4988518757910063,2227.799170774829,833.0398310132235,1448.1146217451192,0.0,0.0,256.50941712411696,58.548528713657134,128.963724852499,118.12527042651121,142.1577363060565,141.47848871272117,127.17566496235503,135.97034750998674,135.90189496611518,139.01349081200445,132.73864713985387,147.4568636729929,99.132492384023
516,262.1414116457833,833.8795308769412,0.2784689587752244,0.0937659481391603,-0.7249685245614185,49,0.0,0.006560356470711473,1.0545491131433757,-0.05766702697506479,262.1414116457833,833.8795308769412,1043.86428492849,0.0,778.6555715386548,258.0789949340715,58.54541691310341,97.98335020248375,85.55469137100772,77.65847231691097,91.14924029687266,154.06362101313584,71.11242888094726,112.55715979652717,99.0736629693157,79.37897731208824,83.23090163348454,92.10177913571613
517,2746.446145567403,834.2469035157488,0.723261680958917,0.5332597368249617,0.03773316079183927,49,0.0,0.021783728738639496,2.2925814737144226,-0.9008119464122415,2746.446145567403,834.2469035157488,1046.161088636921,0.0,0.0,256.0952961101829,58.54675375857788,86.64528447262981,84.09547320566932,99.29916751839082,86.94170534619244,99.41253388968731,96.7830199744283,123.17879246987033,92.5172049237528,110.26969910145174,97.50868904629213,69.50951868855604
518,2074.1409185483303,834.9759916371651,0.8122541934717254,0.12211082838345585,0.02807272802839467,49,0.0,0.05924808264507792,6.84891094577111,-2.0890537981310957,2074.1409185483303,834.9759916371651,1347.349900497928,0.0,0.0,256.632107088639,58.54975442391709,109.46423836681205,135.8569356701239,143.86140170575956,117.74626132347615,125.81041144348409,138.21971502648188,118.84125875109946,124.14713265005739,113.46149752765723,125.81287146419538,94.12817656878106
519,2506.723146699033,835.6467893838303,0.4842668671775069,-0.4209178326706239,-0.32176932388179597,49,0.0,0.01224910674256268,1.3590761689851008,-0.3331094932715073,2506.723146699033,835.6467893838303,1131.041237550337,0.0,0.0,256.28668164915035,58.54855539848098,96.32874920272357,96.53036106141155,108.73415606027368,114.15461600054067,115.91805155322359,104.39067428031694,93.9080910330794,107.9837333759101,100.25844027222271,101.80085910315078,91.03350560748406
520,2911.957774729358,835.2302661468126,0.4711884942268981,-0.21083053018326692,0.08674703966442125,49,0.0,0.07427255534803072,9.615157637963444,-2.4573910219397455,2911.957774729358,835.2302661468126,3201.6700176106197,0.0,2837.8618830074183,255.96314908219838,58.54615613306254,278.479845080057,325.2752932731472,280.0960891567602,307.00472277057423,290.3425362118671,297.249994382026,293.5444595471205,306.309733663595,280.3081977284823,311.6383804462395,231.42076535075083
521,444.94185104491453,837.0644684860166,0.6540844873850593,0.726248775266755,-0.1457657325693123,49,0.0,0.11548034995888488,14.656292043271469,-2.9150602755524826,444.94185104491453,837.0644684860166,2816.658076388901,0.0,0.0,257.9330948115053,58.54787276701686,255.0768189669443,233.10896952627388,261.0653087425161,247.63929043103252,260.01840423501915,251.59555308362187,295.0245232965302,292.85349074784176,265.754723462534,249.19291877512114,205.32807512146596
522,2902.5657618482,836.7891918887515,0.7566810243581027,0.03602035010451742,-0.13465122308723618,49,0.0,0.01614215026673667,1.1536682420685231,-0.15520234407383848,2902.5657618482,836.7891918887515,2009.136499823508,0.0,1716.1632217821684,255.97062758206727,58.54686634679217,164.25964111397099,195.04216109647228,188.31315517288607,211.802389508228,192.12976780615787,181.76232307704632,187.39755727218017,186.221583166757,173.9984726166399,172.22149472815806,155.98795426501147
523,2991.7281338068815,837.0835368328867,0.9399349356372824,0.8138863927948852,-0.4887964065298999,49,0.0,0.06119287115568923,5.961509601464734,-1.9383906193885427,2991.7281338068815,837.0835368328867,5912.301765052411,0.0,205.18053128502464,255.8994437098276,58.546394249101915,493.09339546033254,990.7294515181113,874.6385569964068,573.6972978429053,697.760024517851,423.5385697045579,374.61470308133255,382.56968228535237,496.10951530803135,430.36011956271216,175.1904487748168
524,541.3791713014872,837.7415854030422,0.5441489925785308,0.6205682761341563,-0.180354818137977,49,0.0,0.4145599230004707,61.435762444748285,-4.471053131070584,541.3791713014872,837.7415854030422,9031.356151747284,0.0,0.0,257.8561049129355,58.54868383949467,777.259634190591,894.4745764054155,800.4602682568645,870.8770786096197,896.0307917730502,774.2270258722656,830.4440319746973,849.5208128171514,860.1265310496555,835.1323048947123,642.8030959032632
525,460.4644000846223,840.1097668466429,0.5768730951498873,0.7127473265037834,-0.11751429193653602,49,0.0,0.10242740022609652,13.948989498962067,-2.8613568683214874,460.4644000846223,840.1097668466429,2783.800132634132,0.0,0.0,257.9207347093296,58.549229695675066,217.1980218295036,284.7446654145298,254.49198904567268,274.4643054847165,260.8339786654658,278.47458903250174,253.05571581991182,252.50775355666894,266.45685729254353,239.06111345438745,202.51114303823022
526,2797.7056895837045,840.9154615651887,0.5717434186796777,-0.10213304587515987,-0.06459998044105554,49,0.0,0.01819977443528713,2.085220827685124,-0.7978801352849053,2797.7056895837045,840.9154615651887,1030.5310123196375,0.0,0.0,256.05429635172095,58.54923438994305,102.28100115880804,75.82837444457138,86.331503298924,100.85666339076155,88.07015292900482,77.98849704737775,106.3525598983947,114.68295839047126,81.36998952453985,100.43732632608446,96.33198591069961
527,1047.3539410620672,840.4723539509696,0.8447316792805156,-0.10559510469136851,0.14546089293661332,49,0.0,0.01968527171036656,1.9568200971062042,-0.7288772501114367,1047.3539410620672,840.4723539509696,992.3002757306632,0.0,0.0,257.452096012851,58.55184222409002,72.50454769953339,101.17197696419078,80.25364836848684,98.60587502627888,104.77782833436581,84.03439744772437,89.0920458387481,116.68784530330817,81.84999826624505,86.94287050164682,76.37924198013495
528,2998.7497348491515,841.589512634162,0.4385768231224618,-0.15177783986988364,0.23462099399702005,49,0.0,0.029277722475841587,5.1310267450279,-1.7755106959581672,2998.7497348491515,841.589512634162,3606.0230513478846,0.0,87.42892028344568,255.8937783466726,58.548222817226886,529.5346313518771,387.07693817482925,687.9514154596653,528.0355318326482,234.89084812167556,94.81163585318748,331.2315912677742,210.77127683211518,149.37256505768497,365.5100017521062,86.83661564432097
529,1667.3529809289792,843.4387678568625,0.4278484251403611,0.23999758952522934,0.010504004836404018,49,0.0,0.06713672998870926,11.355695624588252,-2.6380343582050605,1667.3529809289792,843.4387678568625,2059.2554456462594,0.0,0.0,256.9569499833251,58.55382509896944,173.5691782373675,203.18586087004596,213.64345320087622,194.56959674262666,184.87931340052654,171.85940086973923,184.1210583406443,186.0416851847028,203.2758431464545,189.77903514833645,154.33102050493883
530,2978.152937625303,843.7816553106793,0.5003197312483288,-0.030357046145484963,0.052786434965771366,49,0.0,0.6138230390241173,69.1981176027865,-4.600235701248762,2978.152937625303,843.7816553106793,25880.544496767277,0.0,11648.950305637656,255.91019296522285,58.54927761660271,1737.6778574058276,2969.439256991168,2641.3932636323343,2583.172110348688,2669.4841570374656,2522.4436283667837,2387.4325390423737,2201.9554039580876,2088.8700931046474,2444.4508416591534,1634.2253452207478
531,786.4178242271732,845.3784714260727,0.5514775105317361,0.47324556105132687,-0.09679251749085994,49,0.0,0.20388672211945794,30.92942618710372,-3.7259296572593104,786.4178242271732,845.3784714260727,4066.8742924880016,0.0,0.0,257.660507624392,58.55300249154134,347.4895266994836,356.9486897770146,357.76936676280684,388.92338292346204,386.32210918139174,389.8454838977783,413.5395861137605,394.3458489931857,374.5604101392746,378.6145926802376,278.5152953196065
532,2009.4161005247252,844.7085026239234,0.4091076831098256,0.2239205512035787,-0.12282613447895743,49,0.0,0.01223618814138151,1.9104323389816713,-0.7028291526569224,2009.4161005247252,844.7085026239234,964.0539606774621,0.0,0.0,256.68375532159365,58.55395094423826,96.07092897958904,77.61280932967773,86.32946896374872,81.82902810262894,87.37105452090856,97.16764809249503,103.91512961796474,74.90231416622322,95.0668585499401,98.89319629065264,64.89552406363335
533,2391.1720671432436,846.4368380904873,0.5002955914826827,-0.12497667515895854,-0.10976890382160476,49,0.0,0.01049969239177093,1.3220584210955872,-0.30312661707005395,2391.1720671432436,846.4368380904873,865.2836381059799,0.0,0.0,256.3788652591799,58.55353650380526,65.66724368116107,89.99268201835794,91.29713702389685,85.60962236372089,84.80847079441087,71.50076534232909,81.73752272080094,66.90688098413872,73.63582471077126,88.13943109713956,65.98805736925259
534,1091.966343895122,848.30934370297,0.5441479528826214,0.19441061854710834,-0.013486911648515397,49,0.0,0.18439225707648998,28.7417838281716,-3.646284296646737,1091.966343895122,848.30934370297,3533.328764139384,0.0,0.0,257.41650691783707,58.55522478784747,286.3635298060643,301.5279991110424,345.75865930560985,333.2665354691437,320.45666798747527,353.90897014162755,343.8496728767905,338.4250131851104,358.7324975060152,330.76522651268357,220.27399223782118
535,2099.068584346348,850.3284483855061,0.3053894774376751,-0.27971436494844115,-0.2606899944266289,49,0.0,0.013855397676291728,1.8570883377751486,-0.672081406759002,2099.068584346348,850.3284483855061,1142.0633800066744,0.0,0.0,256.6121282658345,58.55609090051769,95.12926885581523,86.47079704805714,94.37583845826433,116.17412742769012,94.63390523172902,103.31046510982372,127.96028501355883,99.36137995473948,101.84453335301819,115.20313159300954,107.59964796096865
536,2987.293100182563,850.6753066698436,0.24300399266726977,0.36044802159617356,-0.7058417227173001,49,0.0,0.012677060997419134,2.440327535816168,-0.9686203009401723,2987.293100182563,850.6753066698436,3646.5283030604032,0.0,877.6982275091452,255.90280465501132,58.55208676405551,364.40382329549305,446.81842647898566,423.21970790531157,377.60240674395004,223.44568169141414,293.28866010512274,382.7232005898423,284.86051480776666,280.2455776629803,371.33235363644764,198.58795014308913
537,2270.3149204347196,851.918168204772,0.2593113046427921,0.4591617817921074,0.31684026647542396,49,0.0,0.007817968666697274,1.2168242341764333,-0.21306962626515846,2270.3149204347196,851.918168204772,819.6967848671089,0.0,0.0,256.47534785773666,58.55625750881033,86.85097563036638,73.33066121734598,61.393615146118734,82.98715662198958,75.67610158533127,73.97197579917255,69.4040589354032,74.1907487647149,75.19204083259473,79.90602615877278,66.7934241752988
538,2993.9495283085776,852.015444783519,0.9458493139498246,-0.9464613358514601,-0.8156090004804027,49,0.0,0.024966741152794833,2.7343024229731108,-1.092116368268608,2993.9495283085776,852.015444783519,6147.555080936936,0.0,189.40628196049352,255.8974721551706,58.55259919106859,4126.834107154127,230.9330924898362,317.6101030565208,268.1849239980778,104.65447853840809,113.1476357665808,247.57855281684797,229.73780411230433,93.6946704837876,309.4707342526514,105.70897826779351
539,1779.0372697776413,854.8937552511587,0.48437891478422107,0.3905212834058014,0.11898709747060884,49,0.0,0.03907317009434328,6.1821808630395125,-1.9778542660818232,1779.0372697776413,854.8937552511587,1326.5068726053364,0.0,0.0,256.8677326357093,58.55852995503459,123.2770522490788,128.1821076978789,124.43249942910649,125.71698657859872,122.53875433135843,113.60017334895113,149.48431025233043,95.39348050547645,122.7996596108994,119.84917039793567,101.23267820372199
540,976.2733329959157,856.5257982544682,0.39537532272557563,-0.31987975587313566,-0.30200477117213026,49,0.0,0.009668353215735535,1.4035519364895948,-0.36807121932944653,976.2733329959157,856.5257982544682,947.4277948014831,0.0,0.0,257.5089551448701,58.55832339000197,79.50006932146648,91.32375952537102,85.7491716906818,96.88736708002584,80.89549111537548,81.5841007106608,89.81616442966303,102.90818563554782,90.89288073126025,81.66929884179207,66.20130571963844
541,2712.7788974769123,855.8916316850842,0.6647813142246045,-0.48477988872813943,-0.39215990846272125,49,0.0,0.022530687381552505,2.2066160597845985,-0.8593169366396103,2712.7788974769123,855.8916316850842,1144.485854548264,0.0,0.0,256.1219459190018,58.55595932740916,103.3771507080983,117.24468937621359,101.06870764339305,117.46325604923706,108.25626595528016,99.82712271830624,92.99904499334596,109.21936997431932,114.90620361341689,104.12169373237253,76.00234978428085
542,1391.5593918543686,858.8076331322859,0.9515192572594314,0.40461132485053275,-0.01902824492852006,49,0.0,0.014382700438282887,1.2363078612207232,-0.23031657692427765,1391.5593918543686,858.8076331322859,938.1016091055772,0.0,0.0,257.1772463007169,58.560131491352394,89.48603567353274,85.63275426719328,80.92975813717791,99.97659366727848,83.75396092549032,74.26583671261326,89.45910539649518,87.0538977084195,96.75342350645525,81.22449978233357,69.56574332858754
543,734.4490440744869,859.7345588981194,0.7299715222907378,0.19294383462503462,-0.1943336505991241,49,0.0,0.06461795038568519,7.868041145648985,-2.2396665559530167,734.4490440744869,859.7345588981194,1585.3471161360003,0.0,0.0,257.7021269366426,58.558767276511794,138.3685923232676,134.51949816768294,148.23576075240751,143.89155842720913,155.53230228200448,145.98387630828165,137.39869597815485,157.806524851994,156.5749510868216,155.1527129241136,111.88264303406305
544,2422.6101817150716,860.8619856252724,0.6222984499548045,0.031406698818618954,-0.02690744160249325,49,0.0,0.06844906067650128,9.486020394484864,-2.4427101350724474,2422.6101817150716,860.8619856252724,1645.4846620567746,0.0,0.0,256.35364604318727,58.559420799238744,129.24268863420372,163.23344439954934,141.70975415186803,151.3189409783931,168.00000516242554,163.55750196003305,147.89495315258324,164.01646644441632,162.67917301684977,150.7018235878646,103.129910568588
545,2803.351496144543,864.7685600337843,0.6194422911457463,0.038072408177672566,0.011543524361145953,49,0.0,0.028851375400186778,3.3305547636152126,-1.3062914476622434,2803.351496144543,864.7685600337843,1237.1911296359458,0.0,0.0,256.04951524615063,58.5591379216107,108.1963407537852,129.62556508969521,100.8603762842954,110.34062453256067,109.77314432107627,106.89844107010137,102.43467349093513,123.64949314806476,129.8298152881266,129.22665406436886,86.35600159293615
546,1861.9491583049437,866.2009989002238,0.7424815811901606,0.527377635327685,0.1267284198149805,49,0.0,0.045572940181290544,5.378831619389178,-1.8267198730141878,1861.9491583049437,866.2009989002238,1340.3148007734367,0.0,0.0,256.80147735438396,58.563150743909475,119.82547526417545,130.64273482193502,118.2255680781675,134.79378398574033,116.67853948370421,120.78768947283277,129.37700354031486,116.95275067003448,122.23338408841975,124.94613691215088,105.85173445596128
547,1904.8894362177316,869.2777060416446,0.5947699738381408,0.2182345390729963,0.05461591788948576,49,0.0,0.20543239517144715,29.752318669376365,-3.683802042478741,1904.8894362177316,869.2777060416446,3828.4070038313257,0.0,0.0,256.76716482172077,58.56437243963518,333.5312500598385,368.92027935272245,353.8104286645933,362.4422056749828,330.18425520053074,317.5979672460144,404.8014383074838,357.31443139978467,359.0467651306973,358.48053102700476,282.27745176767297
548,1983.6499962075968,869.7168043272166,0.9438199428291323,-0.2789675505037202,-0.40155662884520843,49,0.0,0.01528535270573151,1.176493002307405,-0.17647337092137066,1983.6499962075968,869.7168043272166,951.2623817113572,0.0,0.0,256.7042421069385,58.564421177358525,88.65543264070996,90.83935155162686,79.04358761303419,95.08765892818087,93.94186457395102,82.28270921506804,80.94068861804128,82.7892917682867,93.03808313297657,85.05409559489601,79.58961807458572
549,2112.2589008682794,870.1296843079426,0.6550760221616283,0.3244108738245384,0.5714398307448173,49,0.0,0.009978853344733475,1.0207504263479503,-0.022298924978949877,2112.2589008682794,870.1296843079426,827.9391407816411,0.0,0.0,256.6014967001385,58.56430794676459,73.02773598898186,72.61705213790987,68.86747312782614,76.30597589335443,75.53379777752184,80.62355734200057,91.0533675301673,81.78853931320671,72.24145717948068,76.12780929394644,59.75237519724517
550,346.21424727260774,870.9286677134655,0.535187872926963,0.6013215344486006,-0.3158670245097948,49,0.0,0.04448920152181075,6.206643318067088,-1.9821419704208814,346.21424727260774,870.9286677134655,1815.6638950059562,0.0,643.0989660626277,258.01232142752724,58.56139102177825,161.35255000419934,180.7086648174038,165.2782074504556,179.07791103284438,150.7196697882155,158.08955105770758,161.34437183429776,156.8604278759758,167.73780604947444,175.06281729616194,159.4319177992201
551,2272.4753802250366,874.0165754560659,0.4959176132706698,-0.5141380850779996,0.1417134671998197,49,0.0,0.009663550622787133,1.2402275822456583,-0.23375346420505203,2272.4753802250366,874.0165754560659,844.4555974390596,0.0,0.0,256.4734807905387,58.56545732517779,81.33140110492559,84.79117806471938,69.49027782258793,87.17054490836833,80.97172376592371,82.2710811374223,77.08128750731841,73.06116180239303,66.17806547866725,75.27583522671655,66.8330406200173
552,2957.7702939649957,874.4623907287396,0.5395577846799281,-0.07506948335468865,0.1526454618318331,49,0.0,0.009077773760473607,1.0019242044815828,-0.0020871710424467953,2957.7702939649957,874.4623907287396,892.8604017520748,0.0,635.2712755586042,255.92606914960206,58.56219665431198,71.84545466153122,64.13043031529486,83.47267916106891,82.54663176843484,124.57342319142406,74.74401803648773,49.61758930162199,93.41503820436981,92.45021113089197,91.61000637099826,64.45491960995125
553,1899.019202337027,875.7292779129169,0.705030086599764,0.2229712670237578,-0.11328424100349486,49,0.0,0.013349672323837247,1.3684390224126983,-0.3405636250820173,1899.019202337027,875.7292779129169,2039.0443562506593,0.0,0.0,256.77183615910354,58.56706926774986,164.97407102857665,185.0776563747575,190.84636676741525,198.09516986373544,184.350447365052,177.72054443738898,209.39400961531481,197.64750770981186,192.9840095038992,208.0078478680005,129.94672571670705
554,2770.0850491864367,876.386969617718,0.6394633074509264,0.3390983317054136,0.04506179386322795,49,0.0,0.01719227327234536,1.696499727944696,-0.5738844858412486,2770.0850491864367,876.386969617718,1086.6585612247936,0.0,0.0,256.07595388539437,58.56417369811993,93.65212106718427,106.12745475678526,92.3795226404724,106.1079026381388,96.72040871925489,101.46578295919507,96.59822707530006,118.2495935487117,83.5999013248474,115.55325327105572,76.20439322384803
555,1720.4229093634056,877.3999702808746,0.5027097431814271,0.3874960682215452,-0.007667186136543559,49,0.0,0.11844665734822034,18.704244008644526,-3.1798503987494775,1720.4229093634056,877.3999702808746,2733.4336301026124,0.0,0.0,256.9145262297562,58.56795061303566,231.73137306265312,239.44790625014906,282.45689886956137,210.80899985325675,239.22917555324022,228.6482529375737,306.29421346837705,268.82704117017244,262.0348220785226,258.73996580809575,205.21498105101034
556,338.4759153128631,879.0032544814014,0.5363358429979771,0.5532605611225413,-0.33699732170340563,49,0.0,0.029130118774399052,2.7439336044001603,-1.0959339960930745,338.4759153128631,879.0032544814014,1932.7389609777179,0.0,782.3038153332849,258.0185990267986,58.56470656422151,162.5580190162653,186.94482314154686,202.86681277483518,171.40682924015192,187.6896153312582,159.21281704872894,173.10108056889288,171.98829110188083,191.83470828248625,192.49864090778152,132.6373235638897
557,2337.240067011051,878.61699698342,0.5560959189972119,-0.17263146206730315,-0.19171258511651978,49,0.0,0.01253748878833881,1.386457243193859,-0.3547662023986711,2337.240067011051,878.61699698342,898.729865527709,0.0,0.0,256.42170941186544,58.56714788382892,72.5610216356672,81.2256140106025,92.568297244437,79.38036837963878,73.6295448628992,93.89004606805037,91.19271376902338,82.36670257327562,81.77606221556888,84.65033310381725,65.48916166472883
558,429.52022546566513,882.7084558085568,0.6022971643224517,0.4774266276834429,-0.1536558191502535,49,0.0,0.027775458269959644,3.4445250060229906,-1.342823354806626,429.52022546566513,882.7084558085568,1340.39758737488,0.0,0.0,257.9459167257775,58.56679913527175,125.4044420597429,130.43850255287055,107.12792948752555,118.54786544335269,129.2537741446112,119.5892277350921,119.30269060207539,141.52994092004906,125.64699473801706,128.9535218752351,94.60269781630845
559,490.2365485932895,884.1008730535008,0.5350049145985618,0.7951203293101522,-0.09489224633743283,49,0.0,0.015049952736238116,1.7405422290336632,-0.6017114115009456,490.2365485932895,884.1008730535008,1149.913987407717,0.0,0.0,257.8974291172538,58.5677225292022,85.46638929325252,134.10498664276133,96.67341404723041,94.20113223358916,104.86958085571882,95.3169478607194,93.14526283205785,115.68588097915259,115.75517622164753,123.84471293236788,90.85050350921958
560,1991.8000023099162,883.6283608906225,0.6830444355673664,0.7457478852421326,-0.22620521666214333,49,0.0,0.011251036151461327,1.176885191711279,-0.1768352458124806,1991.8000023099162,883.6283608906225,844.3140118556712,0.0,0.0,256.6976792302967,58.570201768319926,70.45080336183011,76.48641144979945,77.06972540068865,84.34270404584697,68.30861613365772,71.63119297840727,73.99841560666306,93.70926987144617,81.41508303695497,87.94651856955439,58.95527140082241
561,2061.1738692440204,885.0407540594298,0.6018430999216746,0.20125393667437713,-0.03101046716061892,49,0.0,0.28022058068937333,40.47897656361529,-4.018073809085703,2061.1738692440204,885.0407540594298,4794.327964221751,0.0,0.0,256.64224204598133,58.57064371435237,422.0377056547086,452.02401606469715,450.3989735123886,446.7388380528507,431.9683523416486,431.7503521119848,484.3168064392054,507.867142773825,481.3228069104846,410.7374756522802,275.16549470767734
562,2981.413084153299,890.1135569491611,0.2870606470145867,-0.4798577847272658,0.16544308713409261,49,0.0,0.006034090290294409,1.3262590874577445,-0.3065709317065405,2981.413084153299,890.1135569491611,792.0554650566257,0.0,410.40631751945136,255.90698033619887,58.56855615723276,81.29150233319298,70.17768418904001,64.89643211679655,85.21368804628409,44.09815043560849,79.08455896937811,72.29247708379853,61.38988295675928,89.61853472405048,67.67619188219194,76.31636231952521
563,2236.484210601056,893.069219534397,0.8268181607440405,0.3263969453300835,-0.13717449536399526,49,0.0,0.013575201249359252,1.3028817386673817,-0.2872624925142547,2236.484210601056,893.069219534397,812.5578219871854,0.0,0.0,256.5021181408513,58.57351207546621,91.33930067819425,81.38760211697789,61.71057293389774,71.38702996748896,81.8260339925233,62.92445172887085,79.84383230520672,64.38175350899584,75.81293626113565,80.87015826375897,61.074150230135274
564,1586.7992833901124,895.7910435592875,0.5599836454651749,0.10373344068580202,0.1588874886436041,49,0.0,0.010770261597549947,1.105616764129439,-0.10901153788670555,1586.7992833901124,895.7910435592875,857.2856104637265,0.0,0.0,257.0212920833418,58.57564853785637,73.70403756747835,84.62313652998247,95.5747525352689,53.41941536693689,87.1210326194896,80.98976241259459,80.14484712963208,79.47158869075467,76.85239376101362,78.34982338399196,67.03482046658334
565,316.95024383446446,901.5040740132914,0.9647005963154932,-0.03407498014613089,-0.1502392098259814,49,0.0,0.013954019070113104,1.0305965853422874,-0.032721747967746295,316.95024383446446,901.5040740132914,1103.687408423775,0.0,603.8286003715508,258.03606811305696,58.573944346957454,93.57629731954506,109.39853501577971,93.52778328932565,102.62607020234579,101.00145536453851,106.89167137228219,92.99033939022334,97.1183350647472,93.8488522930185,112.47062260287409,100.23744650909492
566,1493.335695799575,902.8360679742575,0.7819618027307587,0.84477330053457,0.3250175244156173,49,0.0,0.011065798410299331,1.0127866152682194,-0.01379488296290723,1493.335695799575,902.8360679742575,839.7548928789605,0.0,0.0,257.09599181209643,58.57855587432085,85.03240916815777,65.34365861109038,63.28406480031585,73.82550317567161,73.48007576262239,78.1702114516218,84.83611544759736,85.95997815383402,77.6599628143108,87.82515919573208,64.33775429800642
567,278.3062280066401,904.1828683410412,0.22788712578963713,0.20924030864931817,-0.36826000889118193,49,0.0,0.012695541974074456,2.1989054477880616,-0.8555163881055429,278.3062280066401,904.1828683410412,1221.633207885337,0.0,1028.962014590662,258.06697665637296,58.57481064504269,89.57305570873547,101.12614863168369,115.49939130725463,112.49468963126716,120.80737641810734,96.01879353771162,122.3688661289282,122.31471775253941,116.54054173938881,140.52318026158875,84.36644676813188
568,1621.1093617134475,906.7487778992737,0.4990150074016652,0.15711237875121323,-0.027790890401183523,49,0.0,0.0875323105200512,12.766878278401524,-2.7652117944109995,1621.1093617134475,906.7487778992737,2802.2597614666233,0.0,0.0,256.99387060314285,58.58021355449929,233.12333558624684,265.1071324532726,254.33320070342546,266.731961558251,237.81209880035166,229.2400622663327,275.0547150905794,291.0822917278105,281.6641158452019,271.4482252765414,196.66262215860962
569,2392.0955919738594,907.1783793353483,0.5417401577532761,0.11553337737685172,-0.02337806258783447,49,0.0,0.039368036194103506,5.727278354785189,-1.8948707275622207,2392.0955919738594,907.1783793353483,1280.8173807080084,0.0,0.0,256.3776692199633,58.5788396088392,130.2659507029382,112.98914821782198,130.54292130135673,132.9600278013811,123.70209060341976,105.47830891362362,112.32729643641574,105.092551747763,98.88345560644218,135.69827912197317,92.87735025487316
570,721.938242046595,911.4404403790907,0.5613978227178619,0.33779604330576063,-0.002071667435695996,49,0.0,0.7617365561111129,114.24780278653044,-5.144619641179418,721.938242046595,911.4404403790907,13042.625452752243,0.0,0.0,257.71255258824135,58.58025510392471,1066.6248031690643,1249.9385118965565,1262.5372758749668,1209.5265081729585,1269.6560673987178,1191.0406022575835,1265.7252582360566,1154.2775568086884,1150.7934425009466,1265.3647751550393,957.1406512816634
571,2645.4532021494488,917.6294549487977,0.3536589436108426,-0.20935714164729072,-0.13913731914380098,49,0.0,0.008459195929295537,1.0790432578514182,-0.0825971387452637,2645.4532021494488,917.6294549487977,855.7795812904179,0.0,0.0,256.17509701707587,58.58203981490322,61.600112477402746,82.70075693004006,74.56376353643256,86.62643335246179,85.495062949699,75.06362664145135,79.7726204233793,77.20292648513309,79.00063999385782,109.47796240263028,44.27567609793001
572,1619.3056703358468,919.5188623937776,0.5757732407310094,0.3666325622030261,0.03774744569233018,49,0.0,1.0572895361673793,154.09092851600718,-5.469442680322892,1619.3056703358468,919.5188623937776,18201.735995845545,0.0,0.0,256.99530994169527,58.58553446621639,1518.671285938513,1672.4795341158517,1670.250033496675,1744.2681841688145,1719.7317394732372,1688.29208458032,1702.5678111271802,1700.2551627764892,1781.6118228892396,1715.7332311377322,1287.8751061414937
573,1768.256882099347,919.679749125632,0.454612732210867,0.5889836465350683,0.3234617328619435,49,0.0,0.011706018692506462,1.5307537966515663,-0.46226336316960626,1768.256882099347,919.679749125632,953.7913650916934,0.0,0.0,256.87623998357674,58.58553256883577,81.39096820702885,109.89394823558763,86.35510640431569,89.66846572184471,73.93854484331054,84.35076980531764,95.12895362104965,93.23138245125118,77.76896753024435,85.88358753342834,76.18067073831477
574,1659.9055756138257,923.4546750340411,0.6527351731767409,0.5773784222910191,0.771855588397337,49,0.0,0.015096475176977982,1.319759783134504,-0.30123722507344136,1659.9055756138257,923.4546750340411,1122.9809059788327,0.0,0.0,256.96285260644163,58.58716647087791,111.07898529247782,116.22054941198786,120.58275454239018,105.99170075156866,107.25097107043217,102.6547208907874,94.65532355917028,82.29141928566129,105.40910809339111,89.79425435312689,87.05111872783918
575,2814.707628862414,922.8713652189632,0.5221350662991403,-0.0011926587997291287,-0.1884289073342803,49,0.0,0.11322083163350562,15.805185033007097,-2.996998961344337,2814.707628862414,922.8713652189632,3203.222043201763,0.0,0.0,256.0397728701233,58.58327528560109,245.63651725037806,310.2035451108227,303.2035826884327,306.8141672013162,312.296581529342,314.78207142471416,298.8334927715723,286.9159732048763,298.45606416399147,305.4526759931555,220.6273718631615
576,748.723824474378,923.8648874923067,0.3493023291265266,0.4419574761908995,-0.08657596853369735,49,0.0,0.015901144809512546,2.4533822325594175,-0.9744130394512676,748.723824474378,923.8648874923067,1159.0449550138173,0.0,0.0,257.6912466899677,58.58554640363859,118.35381702913469,118.890555060517,97.44759676002573,99.44831646922611,109.12924182424258,117.82057922860358,106.02713753492921,91.60769735998971,121.64709873755437,113.11019198872134,65.56272302087325
577,1522.5841285274405,924.0687489989252,0.6160692834803209,0.1716089613609353,-0.15068322344522356,49,0.0,0.055783457199785266,7.59083871175249,-2.200724409357409,1522.5841285274405,924.0687489989252,1609.8203725445921,0.0,0.0,257.07263142813997,58.58741602301716,135.4574053682857,143.3256662366985,155.1064672677076,160.93991641486375,143.91365498490683,134.65255646765158,149.01045228432338,151.61197110579454,158.98798498960048,164.78274938122982,112.03154804352965
578,1754.7123920917297,926.0742787173475,0.7258348130578802,0.30527139806176035,0.03865744636564146,49,0.0,0.04903997516345749,5.859011921988788,-1.9195609542902872,1754.7123920917297,926.0742787173475,1364.2471598311038,0.0,0.0,256.887057849607,58.588207702796524,118.98181510638628,127.146892658866,118.89888263811542,114.61756564593747,133.50532791308913,140.60748801146826,125.18632996298187,126.41848301678121,119.43923141924024,148.11017113552225,91.3349723227156
579,2684.73861180218,925.8783100582398,0.6742826979265871,0.2805660780105184,-0.1887298374940051,49,0.0,0.014120836267853107,1.6054193736505058,-0.5139712489731646,2684.73861180218,925.8783100582398,820.3540913808941,0.0,0.0,256.1436149626409,58.58526891084901,70.2767506978673,57.97872271598211,64.01362721694505,81.54892250796262,69.67346778837927,78.34172545828099,88.21662215629513,77.64710021833889,81.94166088795845,77.5793096679962,73.13618206488808
580,671.1128442310056,928.3023775883032,0.7378899982890672,0.36532100142159235,-0.029933965615588348,49,0.0,0.11433145013901022,14.122816379342867,-2.8748032814566082,671.1128442310056,928.3023775883032,2134.189545617469,0.0,0.0,257.7533210539791,58.58705226520571,225.40406028911462,189.81613601231174,212.4961498330469,186.41548535131983,187.7929433468932,161.47357886158534,213.835361588319,181.86804867263578,192.65691534159674,226.93831312899803,155.49255319164777
581,1862.8781942006294,927.9084110259307,0.8652391877359932,0.4496165075734565,0.06141890207241141,49,0.0,0.08813513401917407,9.718933482439436,-2.469046524428752,1862.8781942006294,927.9084110259307,1732.2873918523876,0.0,0.0,256.8005806900914,58.58886011329223,125.6773657178137,177.63713191786178,159.51818430893343,150.66448366589887,151.92554674703416,139.97186976648666,170.06702418664395,159.1658341370201,180.76589100690623,177.3447249123691,139.54933548541956
582,2247.343592632198,927.634132485044,0.3967028213913911,-0.004423049474228305,-0.04610717342705399,49,0.0,0.01171880460751322,1.8348754431460854,-0.6590164709384715,2247.343592632198,927.634132485044,878.2859568647787,0.0,0.0,256.4932273208582,58.58787863178092,62.4664770715671,81.81950595693698,80.73413840671401,97.62648831505051,76.27090266918464,74.24633340244698,83.3931275322635,77.53946815496451,89.54069073273551,78.55949950277551,76.08932512013945
583,2060.4867295378335,930.8848132480384,0.3759725737931285,0.09163684217077045,0.04092748440973858,49,0.0,0.013171442889552718,1.80156124784509,-0.6391225786485378,2060.4867295378335,930.8848132480384,911.6890472942367,38.21208911356318,0.0,256.64258983122795,58.58974609434256,87.55280749660517,74.30339490807958,80.69177234647941,68.85883072013765,77.5431131867971,81.9358719003695,92.43019524837861,84.6262620204606,84.1621687314222,103.1199442943369,76.46468644116999
584,290.9778253130192,932.309240614469,0.6409012266007419,0.5245792189863849,-0.2327628447831215,49,0.0,0.017385668857956768,1.4653764510029539,-0.41487302007235016,290.9778253130192,932.309240614469,1405.0294961250831,0.0,1046.0163563398414,258.05720389257016,58.58661039407117,115.27168534110444,132.38446199755208,124.89539165270466,127.8008212982181,160.47050963727787,110.97615823966645,131.94907595908055,135.56546471193886,117.02756058307864,144.75893119565,103.92943550881142
585,2343.7550432578637,932.8621494303644,0.4509364726942185,0.23268112343791836,-0.20554384837074813,49,0.0,0.008697952882328325,1.0976287890921421,-0.1011387234483469,2343.7550432578637,932.8621494303644,815.842379565815,0.0,0.0,256.4161197655332,58.5897243332956,74.12073093150477,77.89725659571579,85.20616547037986,64.35000117304703,61.60084146602898,77.05713770288024,67.87946832841885,70.94348617536696,87.65030751652877,97.81116601747317,51.32581818847051
586,316.99809741627496,936.943967797321,0.4766715203203918,0.6880263928898891,-0.000638549624562082,49,0.0,0.03959435155558266,5.574938456308714,-1.8656001935457642,316.99809741627496,936.943967797321,1631.9920868594777,0.0,593.6251727813119,258.03646399903886,58.5887085339631,127.96578128861222,144.5061625083157,151.35514638202363,161.02661512354425,151.97575233920182,146.1879102745882,158.26547121327667,161.8490986700815,152.1593477001973,162.2927169554979,114.40808440413875
587,2474.8752169010027,937.9135336148411,0.803745186335222,0.07030733554473115,-0.13633338954534246,49,0.0,0.011360383429646317,1.0362751992746206,-0.03868776124287497,2474.8752169010027,937.9135336148411,893.6268412491517,41.97515343410447,0.0,256.3112582536163,58.59130266835653,61.81026435482892,82.04364613391581,84.86953182334088,73.55580327233983,86.07768772592505,67.05140537022933,85.18393674787652,103.05822253577016,92.13346140019667,86.85961119400466,70.98327069072383
588,2482.6956317499644,937.5831827328196,0.40718997014132646,0.3102628740852072,0.09956561983421816,49,0.0,0.00853979867455455,1.1079596595918062,-0.11130987044038237,2482.6956317499644,937.5831827328196,885.4027505582474,25.374015162881186,0.0,256.30500904942284,58.59113095362492,71.52890813928111,78.4848781137118,78.8834185002793,82.26135054982421,91.24673177587684,67.4605187944204,84.06557121585675,81.39893662408412,82.89769180751,89.6248815442083,77.5498634931945
589,2977.561502286744,937.719617150089,0.20701472901193724,-0.6672511198291792,0.09690172974337481,49,0.0,0.005134985146896785,1.1538050277221261,-0.1553310676768605,2977.561502286744,937.719617150089,897.9041649557911,0.0,684.3098150330809,255.90943148266072,58.58841417507762,69.0097741284622,84.61661753142843,76.22411111006411,81.79846534132963,79.77292821347106,56.767014875268586,118.21955772433539,113.95637026276472,68.20924219176503,89.11544406146302,60.21463951543899
590,966.7385150211949,939.1728693189146,0.5983057030310557,0.16660872798911186,-0.06187048614841635,49,0.0,0.011807407533867269,1.4463526497725518,-0.400685488927671,966.7385150211949,939.1728693189146,901.6871162741677,0.0,0.0,257.5170706118641,58.59272769682442,82.0968526879494,81.71749692218597,72.56678526752893,62.834200829109406,83.44268280473743,93.10710728272873,78.48802271591667,87.40082986290385,86.17365651211179,106.58961959591845,67.26986179307713
591,2674.134484569989,939.255158063025,0.5157946113988248,0.263440432227147,-0.03191524414301217,49,0.0,0.018687270444856317,2.581892020105612,-1.0298451881132826,2674.134484569989,939.255158063025,892.093718584897,0.0,0.0,256.15195338416623,58.590898595204095,81.76709829145628,68.9569574130937,73.60529864188172,67.84968169012569,80.31598309100846,101.65709513254545,77.81797415644353,101.6019472826614,78.08936836481134,89.48288406661109,70.94943045425833
592,1863.6726388864827,940.3265428766096,0.4953246269112067,-0.2684006794741817,-0.17749217653135432,49,0.0,0.011490689867176536,1.390830606889096,-0.35818559821324036,1863.6726388864827,940.3265428766096,965.5348282257645,0.0,0.0,256.7999143539341,58.594033142520004,76.96151142784748,80.52423913367244,78.37417218160734,100.85622192319337,103.79223488218966,72.76417775969232,95.64019168184942,92.89968360637288,100.55607702919549,105.13865785704685,58.02766074309724
593,2991.9969957012313,939.8140206476933,0.6098327376384837,-0.005917272573653353,0.3266837223767096,49,0.0,0.012813178953649605,1.7749416592266605,-0.6229602068688661,2991.9969957012313,939.8140206476933,1048.1712374728525,0.0,532.5220023194292,255.89786588085693,58.589187519510155,122.38394524904655,125.09023778150888,82.36668353521054,103.76414813715975,154.90085192246238,51.68525799544574,87.67590641530728,75.79406785828014,95.85329118754191,92.12626759204736,56.53057979884201
594,346.5389117100844,943.2650528984436,0.506004998976857,0.26450855555415786,-0.2993763845250923,49,0.0,0.014940461052904924,1.8101605794476248,-0.6442927571655772,346.5389117100844,943.2650528984436,1239.1970206464503,0.0,0.003335441272258167,258.01292757322267,58.59152780230857,104.89822704366524,115.62916660681631,106.22496959625549,104.76779538764256,120.63821046321337,123.54673469098837,122.83235049100531,119.41288395230796,114.23106917623312,115.05851214616843,91.95710109215412
595,889.5627720791741,942.1591710873126,0.42618131323878145,0.4591902547939606,0.21092095685035878,49,0.0,0.008676759990137454,1.2094172554557063,-0.20644040161191549,889.5627720791741,942.1591710873126,850.9917482422278,0.0,0.0,257.5787933671467,58.593714404724594,81.77843914141651,85.20324718570774,74.48856750452657,87.22580209691472,71.24206340137079,70.10364049860681,89.87625517517839,70.73426125854321,76.03535850640209,83.83078925722539,60.47332421633553
596,1926.9569187448114,945.995732108087,0.6552938979710032,-0.030665894495842116,-0.10356494864466585,49,0.0,0.02910204598431565,3.702947137403127,-1.4213687804625263,1926.9569187448114,945.995732108087,1116.4687586312716,0.0,0.0,256.74929621006106,58.59630263503747,74.49798859542986,99.44388529296442,114.2106559960187,125.43379209036411,91.46425280835771,100.39145901920261,102.00293416395658,100.94657094104674,121.81964750770618,124.17904689052662,62.078525325698045
597,293.99120481686293,948.7000810596289,0.2030606455955481,0.05456490317122447,0.8310198253840567,49,0.0,0.01177092008629865,1.0382433575279857,-0.040747903155318836,293.99120481686293,948.7000810596289,1557.5136349281406,0.0,974.4611904656841,258.0549999440134,58.59345816749441,130.37142800653436,153.3930982738749,151.91863401930442,125.7808503541132,152.91032002742395,142.15336002883618,120.17248262043064,133.93171987412876,153.74100273815958,150.6869432436713,142.4537957416632
598,1733.9588749340553,947.7217399798207,0.5901658457504806,0.15675895617419788,-0.138908692250455,49,0.0,0.019331832403646637,2.4663551438434155,-0.9801390329467605,1733.9588749340553,947.7217399798207,1012.4146926430885,0.0,0.0,256.90362162002265,58.59724206355813,94.13494173744766,91.30225654723633,99.68666720469129,94.29941065523934,91.76621510643857,80.9566294993329,105.44023256470614,79.41712929271603,69.00538630156043,134.44534800597722,71.96047572774269
599,1937.6094311750041,948.7176114131437,0.4621078572818236,0.6633816697042417,0.40110101381882696,49,0.0,0.010423918159211511,1.1141826941565691,-0.1173910214361055,1937.6094311750041,948.7176114131437,1015.0040526031135,0.0,0.0,256.74076943344613,58.597419171616814,74.66911424155043,75.02879498890891,104.4633072724771,85.58886423693772,95.33121612214423,91.49147264581997,87.05045783204582,82.47503483242951,114.33655005479346,119.90929801458381,84.65994236142242
600,2131.643412602197,948.1189208557806,0.9642677144742751,0.028415428231601824,-0.2310849379003409,49,0.0,0.01802351666146063,1.6891603954590984,-0.5691772256969858,2131.643412602197,948.1189208557806,844.8696148187735,0.0,0.0,256.58561554429025,58.59675163885754,77.78121637848184,80.73536843029689,73.38623874370407,84.1978322026522,91.69853767313523,77.87736116564969,80.47235377423473,72.46790734656486,83.8204172556047,68.53327729190889,53.899104556540394
601,381.8490019229605,949.8574014715111,0.5025864774695006,0.6648947288873966,-0.042796808976088174,49,0.0,0.24352660822647038,36.993313150289424,-3.920308072033602,381.8490019229605,949.8574014715111,5822.431367741783,0.0,0.0,257.98477820024164,58.59449076184244,481.86316798522716,518.8924143142297,576.1695274760212,564.8081442641808,545.9256804113436,520.0692707151321,564.1255603133845,562.6822125252685,512.3191703635548,576.9904422926274,398.5857770808125
602,2692.0675611246334,949.4774962754993,0.21827917224195587,0.5070206207926913,0.13153013061685379,49,0.0,0.006570962970880892,1.2333051998900626,-0.22767640646591464,2692.0675611246334,949.4774962754993,768.5583001222102,0.0,0.0,256.13751120794007,58.59506097796267,52.513535318707206,86.61981320946404,80.40787130077314,65.88339280466575,60.888144022989806,77.31337272722656,68.41173027066239,77.51674360004432,81.14458299559107,64.81382142183514,53.04529245025071
603,2547.0827254409037,951.4294825434956,0.3771033509944449,-0.473183096107279,-0.19161289100129872,49,0.0,0.011218230367085956,1.6036653530636553,-0.512784366103524,2547.0827254409037,951.4294825434956,967.3384195764585,0.0,0.0,256.253410818752,58.59660747218259,100.17214116399663,85.31772674367387,78.96647486965601,97.00624708923488,83.23885111772115,75.23469248986798,102.23138884942708,77.4838713122916,90.33985847406984,110.32772840362153,67.01943906289796
604,948.2678155536862,954.6364889242441,0.5591314839155027,0.2139615380490671,-0.0016359659322332412,49,0.0,0.14267146492167032,21.3420471899531,-3.3230901896256464,948.2678155536862,954.6364889242441,2992.997787184001,0.0,0.0,257.5319345051825,58.59911152121924,238.4613593232849,298.15090768104517,264.57398875544675,246.32533236734162,309.6302950121666,243.80123272212583,283.21703143747254,323.4233463391337,287.1127048712724,295.1838676633578,203.11772101135398
605,2001.4558986370125,955.7646239190608,0.48548994721722366,0.5683209013352665,0.14317794285272922,49,0.0,0.014394095648881463,1.9705639169305231,-0.736476315360096,2001.4558986370125,955.7646239190608,906.8426994120819,0.0,0.0,256.6896878346598,58.60023837023024,74.8099430637564,95.47050153116089,73.84381221081867,80.43892890791341,86.80428989204458,91.52304881861178,70.62340578353277,97.61937563248803,87.14414321761518,95.89095080045016,52.674299553689956
606,2835.800600708046,954.9895936623609,0.7210649584184253,-0.11963024654715826,-0.4102585374902874,49,0.0,0.01439346504646911,1.1480522940090623,-0.14990417678014645,2835.800600708046,954.9895936623609,1034.0485153355503,0.0,0.0,256.022536787505,58.596527431684535,100.94467016054006,108.7931296959764,90.57621307218463,97.97953127266082,84.42551461042133,100.335120468675,92.05234121272741,102.70818503924279,103.2409248349608,99.41029703546243,53.582587932698644
607,2391.9057398149694,955.5285867070272,0.6829944493659994,-0.008389517243901521,0.0752595175103343,49,0.0,0.015330343928377812,1.8407507770313412,-0.662487481190947,2391.9057398149694,955.5285867070272,909.5908750836891,0.0,0.0,256.37745557752856,58.598984563010944,83.57155473003328,74.81937741499038,76.65033324604872,82.43884190997618,84.47582622386206,91.20263673907215,74.44708606239288,91.80814529284669,93.20217515008888,88.27974391539726,68.69515439898058
608,3018.426265816568,956.6267940763144,0.2140681069693677,-0.23083768317029876,-0.25942572274019376,49,0.0,0.0051784112689227686,1.225013291897836,-0.2203520024994732,3018.426265816568,956.6267940763144,1248.954369295459,0.0,271.01852206103143,255.87651395366046,58.59600711550926,379.5227333652906,77.07702566127203,24.649615385058773,48.76381369564553,68.68278519278192,56.06543672868931,361.8149913003399,56.636363210245946,62.7377191831235,87.09705933936223,25.90682623364922
609,828.78602857745,956.5983662190052,0.6203148115347897,0.27477647511416986,-0.06712224898782851,49,0.0,0.059990339301261526,7.996941462745494,-2.257309792531696,828.78602857745,956.5983662190052,1830.5717357266794,0.0,0.0,257.62749200127604,58.59950666025349,181.43063102160878,190.0266793885162,162.6378240052992,190.86957151173442,168.30146482036724,169.72150045969545,172.7326084407007,129.0010985577063,170.201229898939,182.70066254447886,112.94846507763324
610,2120.957542849949,956.6003774109582,0.5183490357253218,-0.5174435933951764,-0.3126522677848317,49,0.0,0.00811158836012796,1.0063517504000614,-0.006874515808100005,2120.957542849949,956.6003774109582,776.2437883437108,0.0,0.0,256.5941179953193,58.600313293714464,73.15423472458852,76.46840416212929,73.94248748773306,58.44055332848181,66.65084406539982,66.75667666574422,86.32211541540492,66.59821138035187,56.92088338682353,85.89856925775882,65.09080846929494
611,2871.7993349486787,957.2992150311966,0.5620543205141331,0.11388503357541571,-0.09747350260105331,49,0.0,0.031669591756866386,3.5088640801184563,-1.3629163641137483,2871.7993349486787,957.2992150311966,1545.9708594136769,0.0,0.0,255.99372836386812,58.59726569041578,121.71442174287253,161.06456715974934,143.6980981002253,151.668409808584,145.4601119103763,139.15389143382336,161.8963345911801,143.05905918334827,139.66768107458915,126.62593993352681,111.96234447540175
612,2742.959066054941,957.7294612944046,0.23098831206209763,0.43372070472980323,0.126939037139138,49,0.0,0.006595540397287167,1.0891315816073779,-0.09270087871431436,2742.959066054941,957.7294612944046,842.108118282986,0.0,0.0,256.0967343797082,58.59821667260919,70.48924440421015,88.94916915477592,62.57355756531579,61.68489763678831,68.06882791775337,78.89724252326994,83.12795955327957,85.74465535444413,90.64087970997713,89.71729333719648,62.214391125975226
613,1646.9910274644562,959.8503189165631,0.5794962789123168,0.16563075957355033,-0.2541714270989831,49,0.0,0.018375798780434334,2.3025327030204856,-0.9055145180630706,1646.9910274644562,959.8503189165631,1029.0431748839212,0.0,0.0,256.9731606699076,58.60233436374173,91.17721991243951,96.67050837290647,83.70663054503422,105.07277198068847,101.37147655660691,90.19367781663237,89.40540867136482,95.90901383098573,115.53511587499631,87.28727077904958,72.71408054321684
614,2468.062277387857,959.1931661462676,0.6051607093728067,0.7772598060206902,0.3249919996066768,49,0.0,0.011333281637807922,1.3304730098977389,-0.3100151720938094,2468.062277387857,959.1931661462676,799.490552384435,14.390871838232998,0.0,256.3165284882969,58.600197774192786,53.11081994113396,87.2009771350701,57.56505775488416,79.31870542531291,64.00636114133684,57.13877098381333,83.6188990329196,79.3224369040324,88.1593159395174,76.86843522609475,73.18077290031944
615,2942.9771640037934,958.676898492922,0.610433735806788,-0.20463358510787166,0.5058300795525907,49,0.0,0.031798911952217936,2.909699948190732,-1.1596205157949004,2942.9771640037934,958.676898492922,2216.025122658847,0.0,1500.7413511107986,255.93680518701635,58.59737795132182,178.265399542335,215.6080721820381,207.9779563720841,209.8168778692532,215.60206280672,171.22429065892388,216.91640202873648,211.95739647161895,217.7302834908916,217.11882207579242,153.80755916045376
616,1452.3423793998397,962.8338124379366,0.6485323258272117,0.2838640801765708,-0.05322130106842464,49,0.0,0.0821338833952431,11.003537740613186,-2.6038308433985895,1452.3423793998397,962.8338124379366,1962.5289426448137,0.0,0.0,257.12883967185115,58.6035283354439,158.84950970370033,175.6846229614054,183.15078533492436,190.88040838839368,174.23990158244197,173.61193912705625,166.16988880254053,201.69676837488643,197.26224338104373,194.01855009213432,146.96432489628666
617,2797.05776695732,962.4369145350813,0.541243504067224,0.0012174754218068763,-0.2859286753458269,49,0.0,0.017178258209061745,1.9900515753688752,-0.7471608299788526,2797.05776695732,962.4369145350813,1046.690348645457,0.0,0.0,256.0534264513511,58.59986377613937,97.81304904937511,103.24087386345788,107.3022066363522,76.23928970050767,100.03631781983754,96.57928640483071,94.6755794046549,98.57009105523747,99.58982575692986,97.83191841370534,74.81191054056852
618,2353.422591395209,964.5318384560356,0.7175110847736278,-0.031914060180448484,-0.03281234664077361,49,0.0,0.09584806603908393,12.163243742729838,-2.7126235244526904,2353.422591395209,964.5318384560356,1881.9009978948025,0.0,0.0,256.40816346768406,58.602883124235376,158.94581630746245,194.4725717620101,177.24638139989645,156.81101563451364,196.59759896495257,154.91813974500138,165.8364755591918,200.2840466483124,166.32647430056525,178.98818066815852,131.47429690473814
619,414.7347325589115,967.0805624836826,0.430561954218117,0.7769151163757351,-0.006504520679310989,49,0.0,0.030151718332031653,4.7079095543526295,-1.6820702770900922,414.7347325589115,967.0805624836826,1527.6003805637538,0.0,0.0,257.9586826870376,58.60186213181347,159.64294079007152,147.521899716815,123.72230423182799,142.87713290340093,143.54986926237925,144.39729845710093,150.26389578057908,124.36048974330492,133.97371645517552,136.50033336495457,120.79049985814414
620,2550.451278502995,966.6974159023548,0.4423625719200497,0.141259063564708,-0.08433706741023055,49,0.0,0.028117011513549884,4.425555614345528,-1.6149195068481466,2550.451278502995,966.6974159023548,1264.675404757023,0.0,0.0,256.25057890727476,58.60295255768279,113.88857225029102,121.0651177469577,117.0433989361577,117.86155223579183,107.91722830737544,108.06633620312562,124.31390274289477,111.95598931163062,128.69795041796044,125.52354983218257,88.34180677265542
621,2991.2245433796174,968.1719341519234,0.33133396660572045,-0.38444189676237045,0.24138636771512217,49,0.0,0.0071749320190889945,1.1451697648673198,-0.14717468280320561,2991.2245433796174,968.1719341519234,959.8362791861692,0.0,648.920315715417,255.89810660838734,58.60100615216345,81.66976617742958,94.34354107315622,70.13122785662286,75.92129141550618,118.12175372136053,60.654323657803,60.68520850749671,145.7690959556836,116.01551050573077,80.07192753177154,56.45263278360818
622,1916.4331044355663,967.8155983602844,0.5572783383473815,0.12012937985876197,-0.353779833920487,49,0.0,0.012466951977488894,1.4605911722693299,-0.4113216786550209,1916.4331044355663,967.8155983602844,918.0125372477687,0.0,0.0,256.75764545203606,58.60541073469253,82.70808755436508,75.82909678697379,77.35450122992441,91.4262495311577,87.0637007387821,96.5135971649516,89.96776051504658,89.95167383787035,75.21228047786764,80.48172262737783,71.50386678345158
623,1848.2115391084437,970.3426618492394,0.5005393265780282,0.2608562482992724,0.022628160181508813,49,0.0,0.08588905415294643,13.468048349143263,-2.823261666997366,1848.2115391084437,970.3426618492394,2157.4742017129083,0.0,0.0,256.81220565604997,58.60655910844249,187.94478390161584,202.44686686443185,187.0012709620222,226.57460593515748,215.60857922056834,193.9155009840897,173.33919846843168,201.77316332874537,221.68040964060037,177.65977029456656,169.53005211267856
624,2878.9727212789185,969.8929582671265,0.6119730199111093,0.3967923897118528,-0.018872765499411876,49,0.0,0.07145547105907714,9.033065111803417,-2.3895878517725233,2878.9727212789185,969.8929582671265,2140.218603869839,0.0,0.0,255.98783944086193,58.60246674406612,216.9575291358522,200.403264087845,196.65490005628004,189.12754559935985,185.75820909296877,195.83315837648962,179.2389067399167,178.11864377849759,221.16763364292058,224.2970116164807,152.66180174322818
625,337.88769608098767,970.5711005656511,0.7598262928321435,0.9510106603947035,0.17388556710947664,49,0.0,0.012835913722645496,1.2194239980538006,-0.21538684402611027,337.88769608098767,970.5711005656511,1026.8879831035117,0.0,0.0,258.0201724280608,58.602849285370965,91.7950273657883,88.98118892256836,88.13891795449322,78.6190084532774,100.21139849935645,111.00617446627386,86.09730040277232,103.47826515312336,103.06740947108719,107.1483917766322,68.34490063813911
626,2807.0257688490565,975.007860695201,0.504710789389113,-0.2784971232675423,-0.4888539109460772,49,0.0,0.01040516130542429,1.1726151794664186,-0.17288877953375484,2807.0257688490565,975.007860695201,1001.3266793417572,0.0,0.0,256.0453113684875,58.60504136556029,80.77266890232139,89.06130303451602,82.7612298791864,105.73754151022666,82.3059714212963,85.19121798391788,102.53662617204114,88.07666108325746,106.41253349937529,107.75998552788582,70.71094032773296
627,2474.268411844639,975.9967956181483,0.47349322215350703,-0.11059833913353714,-0.2231345134273254,49,0.0,0.009414867306219531,1.2263977010745195,-0.22157831936712952,2474.268411844639,975.9967956181483,888.5435247923422,0.0,0.0,256.3114254421642,58.607171793462705,73.72559867550282,82.20630237392412,76.78729783161998,89.02535735518887,82.73168457888494,87.21598262336397,65.83582224984502,76.35339612127484,89.2667297154616,101.18887374743099,64.20647951984498
628,929.0703717954633,977.368498465916,0.5881447844838393,0.29122833577952745,-0.06737180555339317,49,0.0,0.14674796276125687,21.075685894488757,-3.3094542933954996,929.0703717954633,977.368498465916,2983.9848850070157,0.0,0.0,257.54743172027895,58.608519506699565,246.5737559704437,239.5797964490092,287.9938801476377,273.6901524856185,288.32210289280965,264.8685514699868,270.7866358182222,281.64861638574325,274.29107943969535,321.81817461904603,234.41213932880314
629,3046.8754852177944,978.0656989561446,0.8791574481567304,-0.5360865337470861,-0.4858259449827758,49,0.0,0.03860448580593213,4.800490123083089,-1.7032139511909654,3046.8754852177944,978.0656989561446,610.4748905092856,0.0,26.733281941703453,255.8534747143876,58.60473577998916,78.32996546005064,75.53348449974966,0.0,0.0,271.5146965223627,0.010582052249209856,43.106722721591325,10.793454702728868,16.712616047761397,64.59649540502093,49.876873097770776
630,317.8701569439694,978.6438545659595,0.23641834457628244,0.5127883235968886,-0.22236076661598367,49,0.0,0.008541508456322506,1.2907130836910607,-0.2770742810761098,317.8701569439694,978.6438545659595,1043.7817790584663,0.0,119.22237234254574,258.03627788687817,58.60608586292756,93.01917978794856,116.43611674000778,69.44651722432624,100.95552758693498,104.62306752019872,84.10739274946059,101.65269886115264,102.05666703500734,89.16487606525766,108.75666465419877,73.56307083397297
631,340.50136562909233,981.3034564685279,0.4651088646143995,0.6846626090813703,-0.23168033951257166,49,0.0,0.011700483276584581,1.0921506784953292,-0.09570639977876223,340.50136562909233,981.3034564685279,1180.217379477478,0.0,0.0,258.01821169749945,58.60733667841776,101.73590231685422,96.51584891289342,105.4557224744324,108.20354761818295,113.46108866224225,101.70515068675377,112.21050514691831,122.31473311357536,107.23047609220212,135.6553122459311,75.72909220749202
632,583.5282896621238,980.7119930865521,0.4117853658911766,-0.10936287618206095,-0.13811975292243667,49,0.0,0.013758173443234425,1.9976937303459168,-0.7513222665113148,583.5282896621238,980.7119930865521,1000.5815883800067,0.0,0.0,257.82383876580553,58.60846404825358,102.71553099922927,89.89906631856212,89.60766200675724,99.66784510425748,81.99642281390263,83.49872171457221,92.90151276488533,99.17996327024812,97.82833379188105,103.0599021755308,60.22662742018051
633,1284.1889299983238,981.1360598695934,0.5556734197006287,-0.28273383638674676,0.3356252443217478,49,0.0,0.009800717238277601,1.0904237637852492,-0.09398826895287829,1284.1889299983238,981.1360598695934,924.436420958099,0.0,0.0,257.263383105847,58.61096016438277,78.41518053091158,81.3769701484495,102.9514325894962,78.8782663373487,93.18215122072877,73.49869848308317,94.316993580856,76.76925683037146,90.86272456425343,87.69556983932259,66.48917683327751
634,273.9034695885626,984.0811287008701,0.6649313999366161,0.13384964784159137,-0.6290707704015589,49,0.0,0.013798350239245938,1.196998801041977,-0.1952342885032568,273.9034695885626,984.0811287008701,1236.0885206643159,0.0,929.834672298136,258.07150647790314,58.60806618578059,99.97754809435048,120.8085702520407,118.91879349574174,121.32129152140837,137.43430709251044,114.44548271933928,104.80260301814342,112.08003775843119,114.11938797005625,91.98295488570712,100.19754385658692
635,373.54153398339815,985.0222647078058,0.34339511179081306,0.6766524082777181,0.005014928214012346,49,0.0,0.01175257489334993,1.4302400799782151,-0.3885223605477475,373.54153398339815,985.0222647078058,1127.4679701145442,0.0,0.0,257.991831830206,58.609089908935765,96.08750348373499,100.5844154981414,101.49444278357873,103.46844915175213,123.50502972382448,97.80443216268145,97.74419762559965,123.46088939081031,98.20191192083234,116.37014604485077,68.74655232873789
636,2895.8112559948986,985.3306264289797,0.5245817363626657,0.3505005744796713,-0.04916225874434252,49,0.0,0.12211046582626683,16.433071400534427,-3.0392968555811724,2895.8112559948986,985.3306264289797,3638.225522276622,0.0,0.0,255.97418403810966,58.608790351033285,291.30044952974094,362.52544386549556,338.7423900952547,333.6177379292699,325.81592009898657,317.78643867147264,341.8556674717121,354.8259059754022,376.13097347042026,369.3285497908729,226.29604537799466
637,2519.59789475127,985.5828307132429,0.6879595240865395,0.04651238638223224,-0.12056016767910857,49,0.0,0.03473931734773101,4.372580503296084,-1.6018445349796553,2519.59789475127,985.5828307132429,1135.6832067379657,0.0,0.0,256.2750865567929,58.61096380571092,89.34346671633267,107.38062532507897,98.31527780127354,106.6057982278956,103.5937257245931,107.41954000022922,108.25499407582569,110.88570097111308,98.45324605538983,114.96979248194083,90.46103935829315
638,1098.7800168104106,988.9685407564015,0.5375453858395518,0.2566200053148005,-0.1117589224635503,49,0.0,14.231965108841145,2012.5724882856716,-8.25937882905383,1098.7800168104106,988.9685407564015,306539.75714194897,0.0,0.0,257.41173873387004,58.61384695287091,26083.163226500787,28237.304196886857,28467.647517949066,28825.326806060788,29232.014701874028,28318.09768477524,29444.589621006584,29088.723919984695,29012.481959382116,28818.35336696273,21012.054140566128
639,1777.1989147464606,989.3038203491582,0.7243396679958058,-0.5951154972690272,0.03361718981281744,49,0.0,0.012738904521296822,1.13734178995607,-0.13972749238270546,1777.1989147464606,989.3038203491582,955.258210070044,0.0,0.0,256.8689743013372,58.6145342285754,101.80504868943419,97.91765021810423,82.85726200813721,91.72718361973796,76.60470362780697,76.28565225120666,80.0341335982877,87.35701203244737,94.53102919817707,88.48212567413574,77.65640915256895
640,1936.6912583664548,989.3103532044427,0.5542177924749186,0.1966334992233473,0.132575717540057,49,0.0,0.05006036423148475,7.075079944312945,-2.124328378751532,1936.6912583664548,989.3103532044427,1560.2465923450332,0.0,0.0,256.74137321333,58.614333804399685,121.52646358070987,139.63131063899323,136.8773565929026,165.30247417446316,144.24320463384794,147.19432822385085,145.7173880424819,165.26620699228863,136.97909356346577,131.93824835088566,125.57051755114355
641,2481.150744811155,988.6058166132997,0.8627908618969536,0.17043912036689615,-0.5719590699216964,49,0.0,0.011350791542106478,1.015309201057745,-0.016495804794775568,2481.150744811155,988.6058166132997,756.1119386279297,0.0,0.0,256.3058147406257,58.61239507137974,76.88148265754543,59.2775633985372,64.25957926540669,68.26151675767525,75.02777269223614,64.64834649600513,68.28937264626195,71.08426952106834,72.96481119638909,77.2512362202971,58.165987776507464
642,1085.2865452256367,990.1169489979687,0.528723434536809,0.5968900290484912,-0.35496918673781946,49,0.0,0.021622252609757413,1.2887733676024367,-0.2754413821087367,1085.2865452256367,990.1169489979687,5998.066861501995,0.0,0.0,257.42253933286156,58.61429135863578,582.3556517136874,583.5906875610906,517.2580802476743,521.4614578990281,584.1884548952793,575.4084439897754,541.6905998132922,542.1018318838721,551.4706124497717,588.040397817274,410.5006432312496
643,1661.92733002417,990.3043581884428,0.7016497451482081,0.170900256218655,-0.2829418067730961,49,0.0,0.015161416981699516,1.5716491931926821,-0.49088903482029467,1661.92733002417,990.3043581884428,979.5757285257338,0.0,0.0,256.96119712524785,58.61501927847026,80.15179114755281,98.24751748556152,88.66301639886166,98.91348427799223,91.81360768826073,86.02227859253261,91.24926362458923,87.54138771489546,99.93041679580367,96.46311124077494,60.57985355890895
644,1206.7481638087852,993.6460205456003,0.5145092687192869,-0.07032016352467141,0.1044706180528187,49,0.0,0.01506592399424391,2.0071602636450074,-0.7564551263331862,1206.7481638087852,993.6460205456003,1038.970751009011,0.0,0.0,257.3253795558238,58.61603592873903,90.53251131382683,89.58023751129363,101.5245053771722,90.3663401317043,98.67844050446527,90.47504007809974,85.46177939944147,111.33676556950769,113.64328259621423,112.51748666425365,54.854361863032125
645,219.93513644862247,994.8592379099632,0.3861540920896411,0.40141231451545384,-0.3997378499108312,49,0.0,0.03793362871628522,5.821540060483954,-1.912594725925838,219.93513644862247,994.8592379099632,1855.3202909381282,0.0,1586.9172860642789,258.11480827725154,58.612193440356755,153.83357184470674,180.4892575670229,153.4959323835104,146.7409080001791,165.656331388379,163.4693124453068,169.54453332489,192.5569737653579,204.62215101618182,202.0896328301702,122.82168637242349
646,1368.1281028546546,994.6474321005658,0.36255573052255813,0.1997389655757745,-0.17414116567466165,49,0.0,0.03197433788063774,4.900977244752448,-1.7257067152178174,1368.1281028546546,994.6474321005658,1598.6509036688929,0.0,0.0,257.19626466477996,58.616704120731974,139.39999104323815,148.04007748720207,160.63158778205462,134.91403418440376,156.23004272326986,126.71692542683013,162.65695030052208,158.12443715225248,145.23213480076168,146.0889185226561,120.61580424570194
647,761.2678877151409,995.6145666427242,0.6185522052024796,0.24139180768817875,-0.28977825119888,49,0.0,0.02558471590852302,3.2199423760420594,-1.2696202491224284,761.2678877151409,995.6145666427242,1131.6083631307615,0.0,0.0,257.68179531681204,58.61549201015863,97.60743319921916,117.04330206691961,90.92471972862475,120.0676437917985,94.42502382997642,109.42274689739394,97.05633508968464,107.85030826136604,107.6441146912825,101.53636892189597,88.03036665259998
648,891.4113906988576,997.3269675569975,0.6295921691010871,0.4663174594930909,-0.05846991191573972,49,0.0,0.0636910212756652,8.661505918813033,-2.3439835162364977,891.4113906988576,997.3269675569975,1637.6419168804312,0.0,0.0,257.577689222928,58.616705885530635,145.82052047095098,148.6687760192279,133.32122186018637,161.560362695942,136.35665750148536,145.21344473404753,161.8027184914476,181.8871807403238,145.8391309262382,175.22527788747306,101.94662555310848
649,2134.967143404351,996.8207665439726,0.6335107110744067,0.16906526797651397,0.0637613458326597,49,0.0,0.012005022293773279,1.2618519431008193,-0.25252100203564487,2134.967143404351,996.8207665439726,900.0439045774331,0.0,0.0,256.58270902784335,58.61703429448715,80.3590395327306,100.9675580501478,76.7256395410246,81.18857184562472,66.56614040747446,95.2828355793026,75.69688362629279,81.04603185479107,83.1840302948584,91.39220160406232,67.63497224112353
650,2680.414484760524,997.5736952153452,0.7818711717702805,0.6253788710599484,0.14031997874004884,49,0.0,0.014088381323101041,1.3929164735201784,-0.35981268665057886,2680.414484760524,997.5736952153452,842.4596310101992,0.0,0.0,256.1463313512534,58.61516114682933,66.45716389758817,80.52953410534067,62.45072090154103,65.61587721724572,98.33038510207237,79.78542854786372,88.88381854023851,74.56997562336815,91.75664094800385,73.39943637051483,60.68064975642211
651,2804.427616118502,998.1592201732503,0.21247361568692666,0.06987770764407152,-0.40385060683275487,49,0.0,0.00858487549757831,1.5233264990149573,-0.4569824922921822,2804.427616118502,998.1592201732503,954.8524975104001,0.0,0.0,256.04712264398785,58.614701750827685,77.89586617963391,107.16822939523466,85.90327526943517,90.1129368052398,91.58758488412974,82.45102490285329,83.4257105355186,77.81248368523697,91.56374363738723,84.40243330053772,82.52920891519312
652,204.27050742397873,999.4609129349041,0.5296608243063785,0.6530202647036412,-0.5002667230945049,49,0.0,0.01545548124003799,1.478521537992777,-0.4245691384611987,204.27050742397873,999.4609129349041,1577.0864644434769,0.0,1290.3880966263062,258.1273984046228,58.61400240155416,166.29108096356399,144.45447449191047,143.89219308411032,125.27026189241587,160.00442189774503,116.56488948104848,131.77560219090526,146.48966858160549,162.4211296311769,159.51767458860527,120.40506764038992
653,2010.8248112448862,1001.3371234480396,0.3294331595270941,0.6544734374711847,0.11941330384255776,49,0.0,0.008326365196985446,1.1179835340778455,-0.12108851801779981,2010.8248112448862,1001.3371234480396,923.782569289536,0.0,0.0,256.68201665815997,58.61920734513121,89.75762613384764,89.75178039462203,84.93110794845187,96.86639556409702,68.57782276826055,98.78767085294152,74.70221830200182,84.15378847982619,78.33429090496091,84.30145062537547,73.61841731515105
654,2445.201291855163,1004.129039342497,0.6093080496742607,0.16004671863963005,-0.008892954757705674,49,0.0,0.01615612517854544,1.7664115752682514,-0.6177297549589501,2445.201291855163,1004.129039342497,1688.561125297179,0.0,0.0,256.3344464951802,58.619016520148584,149.76638210855788,166.8489838297114,172.22598478648914,139.78518281389228,153.79216808541398,166.66768965290802,154.78974496893534,141.5318164731512,166.59321104735193,155.18631167717558,121.37364985359235
655,2600.2947211243813,1005.5806937479549,0.5542762142399592,0.42230972619438634,0.20853541950232204,49,0.0,0.017806598310687743,2.395696574788144,-0.9485795298693349,2600.2947211243813,1005.5806937479549,918.7193571053215,0.0,0.0,256.2103478765223,58.61891079607755,83.19116005961104,87.52437132628302,84.34511662945272,84.8093955125108,82.20277937209788,78.49161109769585,90.95957128103284,89.4113793544841,74.6650267039564,100.9595716946279,62.15937407356892
656,2621.235957555214,1006.4039523461479,0.5299792139184475,0.0558658255827495,0.28891662038823424,49,0.0,0.013049430045294816,1.6089281039948722,-0.5163415944987846,2621.235957555214,1006.4039523461479,867.4014753905738,0.0,0.0,256.193585759176,58.61914868793555,78.53040438886327,91.17654662645013,93.4100178932508,69.74826103749893,83.28165398307262,67.68763641611734,84.83307725403583,70.57908229721203,85.18618708498764,79.59853180444617,63.37007660463897
657,195.138951157408,1009.5377214041191,0.68831950627942,0.12534944316676988,-0.21367843721179988,49,0.0,0.023582580261204817,1.7978472539303414,-0.636881977679469,195.138951157408,1009.5377214041191,2264.5377776121004,0.0,1872.2704008245375,258.1348376716193,58.61813665654446,284.83500885651324,259.9800791194833,233.11666534800924,198.41245929384672,212.96462794625714,187.33058118049837,195.71187462311846,194.79456462991948,208.41276727820187,173.28128810261103,115.69786123364108
658,2440.1707628653903,1010.8443026690118,0.4473879010691438,0.21174740623951188,-0.056982600641098106,49,0.0,0.08891334518402469,15.254472164155587,-2.958492961909265,2440.1707628653903,1010.8443026690118,2318.794009403845,0.0,0.0,256.33841741787137,58.62183534691662,176.4722625553198,235.49261070541553,219.37684334978417,196.29169501261782,215.2281161483371,216.29428362994008,238.91242781314978,194.83736407281623,234.49346099341352,222.7855727418159,168.6093723812352
659,887.0880239590318,1012.7908095433017,0.5913520931892311,0.2547499051665955,-0.09235783698996632,49,0.0,0.10608543709622707,15.427909905344865,-2.9707677351094244,887.0880239590318,1012.7908095433017,2296.793745553832,0.0,0.0,257.58125367483296,58.623133437356046,182.18015446900557,197.04224671097234,241.48075639692075,202.18949739580404,225.7207760571131,199.45212214016442,212.03403834719748,203.23510602851667,231.80881061134383,238.71228069054595,162.93795670624775
660,1804.1688385756968,1012.9492037840264,0.9771697934461376,-0.1465851106197274,-0.17663809771802091,49,0.0,0.015966392789469437,1.3980190942355524,-0.3637827576809991,1804.1688385756968,1012.9492037840264,895.9094707816323,0.0,0.0,256.84735094733594,58.62436076853358,83.72748651845261,88.00123504666968,95.52346649326175,81.63492803817309,65.97301000906347,75.99284444540694,91.63990400166081,78.79452552975823,85.98776479849903,73.17530985649142,75.45899604419522
661,407.8008747666755,1013.7173277220475,0.2523522268350716,0.27427055576643383,-0.15343674701847154,49,0.0,0.010544109802764552,1.6525114523799602,-0.5453611948846435,407.8008747666755,1013.7173277220475,1038.8915800661825,0.0,0.0,257.96475894389,58.6212500969929,95.80156652423742,93.49130553418416,102.72859329015333,83.55982458598437,82.96221197535272,84.61188829217683,111.83442554685656,101.40437318979077,97.35371587772434,112.57925245607132,72.5644227936506
662,2025.9551268039095,1013.6206791169683,0.5921156885247155,0.30520337907362644,0.09485334385311933,49,0.0,0.06499503106321192,8.964023952921286,-2.381257520875665,2025.9551268039095,1013.6206791169683,1675.3498898387445,0.0,0.0,256.66986023798114,58.62429389776606,151.11204500064343,119.76369196587221,172.72390745221833,169.7623543187985,153.31378030946465,139.4492589927841,184.02517467974707,165.0245304962089,159.19688932829922,147.3860888161044,113.5921684786037
663,2384.1106204826638,1018.072391100766,0.7373857862643147,0.12303280198885248,-0.32586603996348606,49,0.0,0.011527625931327272,1.2008497150546054,-0.1987216483856374,2384.1106204826638,1018.072391100766,863.1407401436221,0.0,0.0,256.3832202470538,58.62507286624727,67.17771050436211,111.87258938233605,72.30260820941197,79.9950122215215,60.36464502302507,87.54053804570158,98.92611782667683,78.67876165038047,82.79740053411693,58.836422586193095,64.64893415989646
664,2592.251738966327,1018.4237337641415,0.8650262598883289,0.03982289805262886,-0.2520635061789145,49,0.0,0.01492675526423408,1.4929813209552258,-0.43513593549337515,2592.251738966327,1018.4237337641415,799.1935578863465,0.0,0.0,256.21666087213754,58.624301233406015,69.34672728600161,76.81799627550868,73.47299468558631,82.04600298393618,61.25959605770153,65.91453969680092,80.68877324972995,93.4119412976504,79.10378564787288,74.23312420362548,42.898076501932586
665,271.40428875148405,1019.9736588774382,0.6721222820780297,0.435331450202724,-0.12207947205347021,49,0.0,0.04637940364934922,5.451468084513404,-1.8412836846571592,271.40428875148405,1019.9736588774382,1762.5877774145429,0.0,1017.0983360078733,258.0739613226254,58.62300206097093,167.12396902206814,150.9694348200244,159.61063354941473,159.64665824496183,144.79861290486042,164.54787106377992,164.5065969865326,180.5283120448825,155.53249606204423,184.79443518746947,130.5287575285047
666,861.3595587242112,1021.293289751373,0.43971122399922075,-0.11319313218899503,0.4262702472945357,49,0.0,0.025787831859433268,3.214349166916088,-1.2677326283523929,861.3595587242112,1021.293289751373,1478.7798603274791,0.0,0.0,257.6019016724389,58.62658304573157,135.20352902807485,129.5560614285434,139.60288919183105,124.90947301089561,135.25542864266959,145.74195972121808,143.94168700466463,125.52538190296809,145.4618241803973,142.7493696680478,110.83225654816896
667,719.8123419345407,1023.2660088188422,0.25937504836884256,0.30423418052728424,0.15168991259383852,49,0.0,0.0084452568242741,1.305210789058663,-0.28920163767711277,719.8123419345407,1023.2660088188422,964.5649298588894,0.0,0.0,257.7151927336486,58.626835290122635,92.35647489132396,91.57942241191046,80.27890672101957,87.33800257693358,85.84171467002736,90.54368231764451,93.77805295373061,106.84450853411384,85.2170544241311,93.1720904017416,57.61501995631291
668,2542.0990047356872,1023.4605544376906,0.5812121491642974,0.44085450115120933,0.17111229877020465,49,0.0,0.019847512700275013,2.590285312559602,-1.0333690075446869,2542.0990047356872,1023.4605544376906,938.8558060154862,0.0,0.0,256.25674712439513,58.62664056928246,75.11772844986633,94.57438956001587,99.2008038106847,87.51688469479949,108.1100249805447,87.373586686766,80.34721085254557,87.96256432494334,67.39461741992129,104.67527211403147,46.5827231213674
669,514.8636054715471,1024.3936195215247,0.5786426941752314,0.4106916239430497,-0.04769383009156163,49,0.0,0.2488316648467278,35.55568999116748,-3.877272777364004,514.8636054715471,1024.3936195215247,4964.756905532327,0.0,0.0,257.87921039030164,58.626303849567684,420.6382535142031,458.51901874353223,461.8207190705716,442.4677851321602,489.83577277317545,409.2289814050441,496.4940944773019,474.9101557125588,472.5103345994515,462.4316411895004,375.9001489148285
670,1333.947785186721,1023.5176472438508,0.7484826408359623,-0.49696838881127764,0.05745260324588429,49,0.0,0.013199898031206627,1.297902132490061,-0.28310486497837967,1333.947785186721,1023.5176472438508,966.8572840646427,0.0,0.0,257.2236858603029,58.62869071688571,103.62071312941448,83.29774188263411,89.75449868497469,99.95818445383159,92.71673409052784,84.44920180793358,80.0610775352481,100.10105097293938,85.858710549526,81.27775943964639,65.76161151796651
671,2146.1899449004495,1026.9613664662415,0.6645005482600496,0.3510983694801334,0.009284595876427697,49,0.0,0.05535134878009617,7.079886169167879,-2.1250656878332936,2146.1899449004495,1026.9613664662415,1478.5523224822496,0.0,0.0,256.5735725059635,58.62956217419293,143.17824786411765,143.22978236504918,136.73425915844308,126.96254052714094,152.20117959790315,127.52397031984474,129.49402013738583,147.92894798933168,124.90557662139362,121.95568399217862,124.43811390946125
672,2980.3864402970726,1026.954106136448,0.29330537947481383,0.6248584095541081,0.08449558815943795,49,0.0,0.010256148349150724,1.5487721592518495,-0.4749688328783066,2980.3864402970726,1026.954106136448,1197.4435381955898,0.0,997.8573062966827,255.90599673127826,58.62556821369638,93.848431734982,120.92530652870954,103.9843277746515,115.96485212870027,103.42128812202158,101.35375954873514,107.56586719344263,104.6032060222305,128.05288839468207,112.24523997721474,105.47837077021995
673,3017.0503004273937,1027.800298467488,0.2824490700855545,-0.4690395825616721,-0.4776005431040187,49,0.0,0.007915888694473839,1.7122574709584621,-0.5839226745226309,3017.0503004273937,1027.800298467488,960.5443873830895,0.0,516.830458319826,255.87665011949377,58.62566601608266,84.03980369084573,87.38174365022796,86.00265773958964,146.16654700761273,87.96355882581162,49.954997212766074,74.17182181284997,112.4067358016721,117.62417640924549,68.57108619947692,46.26125903299135
674,2662.7107387928686,1029.2195012994116,0.5095157305076611,-0.1532683092815357,-0.41275509968766383,49,0.0,0.02339020859456797,3.2521873800315406,-1.280438900553313,2662.7107387928686,1029.2195012994116,1091.945769196105,0.0,0.0,256.1601720011881,58.628439379076454,75.37028281099398,118.21228934109374,98.41613596156816,98.46415816386815,106.80159695842312,94.21351642678633,103.81136084932986,99.39233271140182,92.84412959507287,106.31799688005923,98.1019694975078
675,1802.1477412818756,1029.7850870151824,0.7118270035825104,0.08263747242388389,0.03635678900694289,49,0.0,0.01173797631706906,1.0790633076340803,-0.08261731270264151,1802.1477412818756,1029.7850870151824,975.863531466814,0.0,0.0,256.84893589221997,58.63137760266403,85.52639135164407,90.65893288860309,88.39343099485208,73.69422925821158,86.0733201186762,96.1526381547742,98.83116322238902,99.34612941012955,99.50374057837237,92.45058532157472,65.23297016758728
676,1447.3582212945205,1031.7932806715485,0.5778288706057013,0.6277592258693525,0.010189378545227487,49,0.0,0.018718975552517482,2.447996053065049,-0.972026783139026,1447.3582212945205,1031.7932806715485,1043.9171966374042,0.0,0.0,257.13292700490007,58.6322571000223,115.43250025231154,77.82860258211362,81.75125801832843,92.91555064684171,110.19015794220998,84.1533738113149,90.64123338147243,109.89705363047868,94.22305617272073,110.63708384817863,76.24732635143368
677,2901.3404392787156,1031.5151681284322,0.46760093412991144,0.44107774763321267,-0.05115219802604776,49,0.0,0.039599136693032964,5.42711867431221,-1.836423295903466,2901.3404392787156,1031.5151681284322,1747.0257008545873,0.0,0.0,255.96918745068186,58.627994728663545,143.9426524103383,185.65982778517036,145.33994350212177,154.25954656530445,176.59611843251167,134.810974101171,150.0455987837641,159.77892503085369,174.17239364533827,190.21336867925683,132.2063519187567
678,381.97043001368917,1032.6770221658205,0.21261331607179343,0.9236682577750132,0.021712545609619657,49,0.0,0.008467303765530619,1.1267582769447728,-0.12957689249152737,381.97043001368917,1032.6770221658205,1126.9474496699129,0.0,0.0,257.98564595432356,58.628993979045696,94.81804235336213,127.18556153344005,91.89934289808137,103.36029055411319,105.68755942176463,112.07376004640174,93.79834247494935,97.20988957341606,111.03872188965481,105.68799453878319,84.18794438594628
679,1572.035339052773,1032.63068601071,0.40552549594909576,0.39164134713682236,0.07919017986050055,49,0.0,0.04191977067432621,7.094415705839225,-2.1272915822253906,1572.035339052773,1032.63068601071,1534.9270229633394,0.0,0.0,257.0331280977946,58.63266228193336,133.19902912993138,141.49717397118042,167.34097323086257,158.84006268178126,123.99678896783092,154.46198204345734,139.01172999260947,131.02622814647975,149.50996009229462,124.39678225603257,111.64631245087926
680,2040.3230269697876,1033.3916740195925,0.6135304208984734,0.19589478063648758,-0.10660302248398629,49,0.0,0.05541821682367154,7.397321435604851,-2.17268622624526,2040.3230269697876,1033.3916740195925,1535.1701992185967,0.0,0.0,256.65827897488845,58.63250062536845,135.22652664497437,152.58692683543075,146.1520878851551,146.52665089135274,159.86367864514136,152.76350707281205,142.289389211907,143.49260756489753,128.36738947942888,127.91662927986019,99.9848057076369
681,2184.4242675128744,1033.3909091840012,0.22037737940511318,-0.01326874857484379,0.36634891589951557,49,0.0,0.008024167189658626,1.0802073919660538,-0.083767862188625,2184.4242675128744,1033.3909091840012,922.4825113711361,0.0,0.0,256.542935114789,58.63213369487957,98.07870598928993,67.31492785036156,91.09758488500816,71.61417273454008,99.24965291989054,68.24820822167716,96.05851715051682,71.9147171679476,90.81966054341137,86.63819186879448,81.44817203969833
682,780.7720354089558,1033.6579353375987,0.5467689140318055,0.35186361695908097,-0.02096551681422287,49,0.0,0.12620811345448482,19.678536308327352,-3.2349819810644282,780.7720354089558,1033.6579353375987,3041.5030829902307,0.0,0.0,257.66649018966166,58.6314224379191,247.18369610604924,294.95003474818947,266.29449506172483,295.72547031570275,263.97154859924444,293.84536670991866,284.1500755329401,301.169087340092,296.14233776009644,282.3282425388063,215.7427282774664
683,1325.4239311654842,1034.231010130312,0.5292252441423022,0.38524940916283984,0.08853443506562704,49,0.0,0.011039446448531434,1.2859778525318823,-0.27308372278073834,1325.4239311654842,1034.231010130312,964.0519733819058,0.0,0.0,257.230536318319,58.6331430362261,78.81394226953228,100.84959431372484,87.548455798774,80.14257116809023,111.30160439472505,75.95910592119722,80.36929138104901,107.32786664511187,93.00446626859186,88.36808831995373,60.36698690115571
684,1846.893307465423,1034.494693035416,0.49417204345451365,0.2917143677248687,0.04266930061124896,49,0.0,0.013868080993060637,1.7515462978877119,-0.6085540533227105,1846.893307465423,1034.494693035416,931.2813460273776,0.0,0.0,256.813108861482,58.633290073486044,84.60865177167277,83.63521279705533,88.26790950433102,100.96916686937973,99.60562552257622,66.148897687187,70.62983079735662,82.82108230118834,86.2690536835052,99.98676628010757,68.3391488130178
685,2785.8652569954793,1033.8416603146948,0.7058434984039588,0.0988267073874214,-0.428165999437974,49,0.0,0.013336732875866963,1.2948650434140905,-0.2805612666902903,2785.8652569954793,1033.8416603146948,918.2171718200825,0.0,0.0,256.06156638031695,58.62967725436584,76.89750705273697,79.45884763261162,83.71057947199628,84.33518295857378,89.82231526697419,107.24302244807036,80.60936819328258,74.94570179997751,81.52226264124766,93.12431275678372,66.54807159782784
686,1972.7841117118576,1035.1288741368044,0.8725962681652459,0.12017912799156416,0.0040245830211421574,49,0.0,0.02799668064537217,2.8130953253903908,-1.1229611226184677,1972.7841117118576,1035.1288741368044,996.6493544558662,0.0,0.0,256.71233442269624,58.633360744229286,80.87641860599896,86.5872702837459,100.92383616019964,97.44651088898243,103.12178615822953,99.88802964114504,71.55776435749836,103.09232236933516,92.38852031941157,91.11071300237126,69.65618266894838
687,616.2085905767001,1035.9005254668684,0.5545523021852525,0.2071789272947832,-0.06777189486242204,49,0.0,0.20552777098736566,30.288603565363594,-3.7031981273865293,616.2085905767001,1035.9005254668684,4400.4570570804635,0.0,0.0,257.7982200986484,58.63161903493027,376.4499201633929,385.9888180751317,390.4569479698053,425.1809052232219,391.21436879196585,393.7474609538011,452.0220474662411,423.25463236311884,447.4937385886316,403.54725107767536,311.1009664074779
688,656.9579002201475,1036.231258937509,0.5277979428568846,0.493485781353055,0.03874045296275952,49,0.0,0.0850078636129139,12.779790508046132,-2.766309336835831,656.9579002201475,1036.231258937509,2239.0195229961473,0.0,0.0,257.76560911699613,58.631952039939975,205.18544968132562,191.9892080386833,198.96139841945077,219.0461142084404,235.94905745383244,221.5262075447645,189.0039838520235,219.3993452356194,203.04146636472274,200.71030191334472,154.2069902839397
689,398.06061771437965,1037.4886091245892,0.6738743839007818,0.21743365520239008,-0.08155344504842751,49,0.0,0.021304759723334628,1.5382518809034602,-0.46756863698913764,398.06061771437965,1037.4886091245892,2059.569758917729,0.0,0.0,257.97282528567814,58.63109527525867,170.9766483652122,177.8853009021022,170.98680700622162,184.9099787999256,196.7518236124894,174.08426346551735,233.5912147568193,204.85164926834324,204.10895623018078,202.04432446918474,139.3787920417323
690,563.1082998524356,1037.9574821688127,0.33375891972521843,0.1371250187353879,0.0825604288276734,49,0.0,0.017956362618418212,1.8377645051782276,-0.6607246481283097,563.1082998524356,1037.9574821688127,1566.7665615870862,0.0,0.0,257.8407389088377,58.63220923316352,138.1169231924738,131.31561868304033,138.9958163777022,154.19725754715714,158.14492903230567,136.7770491661725,156.5555260604903,151.73922401096672,129.94025893284356,158.18789404323746,112.79606454069656
691,640.3773516433073,1038.155398350297,0.5028087982537944,0.1828020450900934,-0.5200747322403061,49,0.0,0.011753298380877302,1.1958526302809065,-0.19419415774460314,640.3773516433073,1038.155398350297,1086.8123600202657,0.0,0.0,257.77889726056196,58.63267524314312,87.1451399043701,116.81042153160193,73.64749453580664,94.47717166417914,107.81077516367793,86.78326074844188,105.95718474071876,107.43038888781126,97.35894450545456,131.95571347060846,77.43586486759497
692,2596.2400096496904,1039.3523266039144,0.5025328730005629,-0.021913819230753848,-0.025594983928144598,49,0.0,0.019596780539962888,2.652971456799185,-1.0593314436315726,2596.2400096496904,1039.3523266039144,971.2124367590347,0.0,0.0,256.21327010330305,58.633000791377,81.47610970482484,89.05925221110984,99.32238230210166,76.80225851191143,95.319298593681,86.94147628735863,94.59199505873686,79.81407620343194,101.08333804808697,88.3287531108596,78.47349672693184
693,2492.9009787102386,1040.004915713013,0.9009195207353283,0.01949758864129355,-0.006775668406402367,49,0.0,0.013302342921033545,1.121880285308306,-0.12486629068742698,2492.9009787102386,1040.004915713013,904.1681174254038,0.0,0.0,256.2959765901553,58.63375757124416,94.4930578335223,77.72526909610912,87.12973088038463,60.17954480716328,86.85774381194283,75.43346065554735,77.04373219494789,100.13473291202823,91.36836650999892,96.97554730907862,56.82693141468064
694,783.4221882911127,1040.3953039823627,0.3594462539065974,-0.6958734493111723,-0.07050076622994565,49,0.0,0.013823631327897316,1.6160170920027905,-0.5211148745791558,783.4221882911127,1040.3953039823627,2566.221784667471,0.0,0.0,257.66442176861796,58.63424022342794,209.8048606700605,245.91801919110333,220.77578227985805,254.50462274331662,207.3227851870106,243.12993404965283,234.34489825586314,262.254287793652,253.87058061337314,232.24085220781552,202.0551616757654
695,812.8819779247823,1040.9540375888937,0.3528080226382358,0.7916222439890983,-0.05756116570029578,49,0.0,0.007586901783758336,1.0203875521942176,-0.02191287992489556,812.8819779247823,1040.9540375888937,849.5289946197695,0.0,0.0,257.640845071102,58.634590499135854,68.48763476631524,83.40555981224276,71.5353341672151,68.06203888434618,90.26925518365087,79.32045537064805,90.55009672429473,59.34590311864087,88.60300209761121,87.83693472316165,62.112779771642955
696,2011.6029320994533,1041.6598376020615,0.48461967645882975,0.43086119491664904,-0.19086382891026893,49,0.0,0.010324792475493531,1.1299544084139213,-0.13265230212956658,2011.6029320994533,1041.6598376020615,939.3311394292298,0.0,0.0,256.6812354112284,58.636006312381355,79.81088756215853,89.04442439520881,88.64760556594875,106.75942842237507,93.58290747788774,84.19838732748106,86.1675315737453,80.65692771825641,85.21964107913888,86.61017885369297,58.63321945333623
697,165.36901592519663,1042.5251136843635,0.6495771253058077,-0.1245377873764611,-0.4810439041558926,49,0.0,0.10107231279214018,11.668422556809189,-2.6675303703665283,165.36901592519663,1042.5251136843635,2813.7286964783325,0.0,2254.5824424215425,258.1591046001565,58.63166838510164,238.94945910427836,229.4769563637161,256.87897584594475,290.41479636523644,257.0154094392508,271.60827377531325,253.89918975588444,245.4666441303244,260.553832453861,257.56531721672883,251.89984202779414
698,1783.3798705659367,1043.2979505985465,0.5191694750153959,0.30747899934802525,-0.011161721086783469,49,0.0,0.4433063274924194,70.42264746277412,-4.61928086967343,1783.3798705659367,1043.2979505985465,7969.373567158897,0.0,0.0,256.8639347357169,58.63702578336657,705.7951806710438,682.0868106488479,693.524136332777,731.4434618912796,766.5649658526322,716.4315113424984,801.7007094462576,720.0788051571056,756.521755227784,827.6374349741916,567.5887956144771
699,2683.826513689433,1044.0234360816678,0.9305393922402263,0.34380154782523725,-0.011843553139501023,49,0.0,0.034735407754337144,3.367231577550274,-1.3181824638197503,2683.826513689433,1044.0234360816678,1101.2011282481044,0.0,0.0,256.143120434812,58.6344943079905,89.72118493719057,82.05594389079037,102.7232216337775,118.0320533965254,103.17881483926114,96.80269804531807,124.49648401014666,93.3654319179476,108.70805669568688,105.41682142521263,76.70041745624741
700,968.2956969390535,1047.211207073119,0.7155053143016792,0.6658031432717461,0.014306657509843595,49,0.0,0.0182497685773157,1.8666818326596013,-0.6776757518953018,968.2956969390535,1047.211207073119,959.8402786102392,0.0,0.0,257.5164787962633,58.63774592088789,73.10880003556068,101.97298068581546,83.82965557468629,76.89267396973334,83.1458164680772,101.66314874769185,75.82483969458367,90.06728261244504,104.00272353397384,106.05703199478951,63.27532529288238
701,1122.7432680076,1047.5463390777268,0.7524521003902351,0.3939338612172268,-0.058810182568437494,49,0.0,0.018308222670498548,1.8173631642222705,-0.6486043029399646,1122.7432680076,1047.5463390777268,1034.195089648741,0.0,0.0,257.3928355703226,58.63831167225203,84.71304995433788,95.780524797225,100.55657654589967,102.19516530769488,98.73054599600312,89.29182263084772,106.03008556518469,94.136847778211,87.26767872066276,88.49217637251317,87.00061598016097
702,2618.6624627418055,1048.1846491830827,0.5244247224138345,0.3078000256248968,-0.2678803385275425,49,0.0,0.009354887348477444,1.043927905401714,-0.04667626733767748,2618.6624627418055,1048.1846491830827,847.6791656112862,0.0,0.0,256.19523761608815,58.63656827409918,56.129648133274216,69.10296161385622,78.92663456020699,68.05244658945247,91.00540122245513,85.83692282143811,71.64945978971457,92.31189096232822,77.21715330852808,91.88963782988792,65.55700878014426
703,2863.7076875411044,1047.944223802876,0.5486118062751787,0.32928235327023625,-0.2161937384077973,49,0.0,0.04992093458523511,6.851993953154937,-2.0895424275781793,2863.7076875411044,1047.944223802876,1656.960430994768,0.0,0.0,255.9991026471057,58.63507872172655,137.782344341721,154.4833793319169,149.9065280307444,181.7945410607703,165.74419620223279,148.59310802188048,167.49186741041734,158.69533655364768,147.8547055864005,148.7588427106976,95.85558174433926
704,918.9145005597901,1049.060809475891,0.7101146237843639,0.37119910110320453,-0.08037402762863069,49,0.0,0.09628847139062202,12.541518631303568,-2.7458753191599286,918.9145005597901,1049.060809475891,1982.6875706479432,0.0,0.0,257.55602260639097,58.638355283051624,174.36573431996956,188.08190807495433,190.42590435643123,181.5094096043446,184.1196420192672,171.10980169967212,167.11078553754572,181.85913849635148,187.7616457853835,193.65061303820949,162.6929877158138
705,1054.1120719835653,1051.5082083810548,0.5501200165437865,0.2219703259287232,0.033221664711570106,49,0.0,0.9225868190795171,141.6046832513723,-5.377694042222556,1054.1120719835653,1051.5082083810548,15805.858904156237,0.0,0.0,257.44780051258834,58.63978766140012,1437.4186600549554,1415.115319463693,1469.7784101444613,1464.944482271952,1511.5991781034127,1464.742249126246,1548.4536307014407,1464.4548105986594,1463.8903297716715,1482.5955335032875,1082.8663004164578
706,1906.333941013987,1052.5106106399924,0.3835933362075266,-0.23905837570053212,-0.14477927798892568,49,0.0,0.020107647585502653,3.081008014638427,-1.2217320701259413,1906.333941013987,1052.5106106399924,1064.8276084663391,0.0,0.0,256.76547529686826,58.640714936901226,106.37662168799518,98.73948734239006,98.93909505233415,101.19499761851245,93.55347988487226,97.30897691117295,94.43939869377112,94.4455715478125,89.91934959030807,113.59551973223827,76.31511040493217
707,1580.1543548557108,1055.7860609021536,0.4585641423814816,0.34593087040305454,-0.5309127842628178,49,0.0,0.007688368705367051,1.0172190568534487,-0.01853621942170683,1580.1543548557108,1055.7860609021536,818.837370600969,0.0,0.0,257.02663357922086,58.64231118135121,66.85832900686786,76.66427755486629,78.85735800326441,69.58859383029946,74.06472104355964,76.61034648634288,73.28261466474216,77.08545113541965,88.89626324530934,83.95017152747872,52.979244102818726
708,2017.7952559044497,1056.6638728070552,0.5218029639715136,0.2709227988625131,0.049133479379512804,49,0.0,0.21605536463302952,33.63236121229036,-3.8168933967634255,2017.7952559044497,1056.6638728070552,4286.0028361997665,0.0,0.0,256.6762183134555,58.64224503673508,373.9782000350134,413.5417899533129,379.2770383373925,397.29196970335033,412.37726475925894,399.17672368630224,394.0152536430644,386.3992882632515,395.77151055033613,417.59505606102095,316.57874120746294
709,2570.9452766042054,1057.6907514814545,0.351659315134047,-0.09861692341125813,-0.7195188216224102,49,0.0,0.008471749966857326,1.0438729982695814,-0.04661915972634837,2570.9452766042054,1057.6907514814545,877.0626559628108,0.0,0.0,256.2333451975737,58.6407645676543,79.35012011484298,74.78983238947532,77.85096590623922,93.9405756724914,80.46090936270845,85.21166543149081,76.06874637142701,103.37031004353312,81.48700091744435,70.34920603564277,54.183323717515435
710,2596.1184885497805,1058.4203386547874,0.8501056793697891,-0.06698513903067507,0.06633916100678389,49,0.0,0.013066237629339278,1.1711498767990116,-0.1715311926374409,2596.1184885497805,1058.4203386547874,793.922299671354,0.0,0.0,256.2131855974112,58.64094549840288,76.87166735435275,75.52591749604946,85.32397706963084,76.14954599124077,83.77077440022866,64.22055175645195,68.86921318853175,70.69831399963007,76.97537406120739,75.91452560590403,39.60243874812643
711,2345.975031930537,1058.2478289185356,0.5482564746151402,0.6613629223723186,0.270051289274417,49,0.0,0.008840698763413006,1.0891446601116386,-0.09271391636794901,2345.975031930537,1058.2478289185356,820.2449056110986,0.0,0.0,256.41345114674675,58.64195631065135,76.22628921001912,78.4449288076082,85.83268349866849,69.88161332267711,78.64924228802448,67.32430308709667,75.86501337649241,67.95677844478618,78.43655034297365,81.52029774774208,60.10720548501016
712,1007.694767289602,1062.3528481799906,0.5863427641831113,0.19119338959780768,-0.08921264219206952,49,0.0,0.014985871351876366,1.9253554520886609,-0.7112772977672928,1007.694767289602,1062.3528481799906,956.4663940323649,0.0,0.0,257.48502378965367,58.64417458871565,72.83760510318459,82.79650992462885,96.23510281653562,88.57096777180328,75.39548254134431,87.05430879402014,100.38666198240679,76.71617489997885,93.03000018641042,104.46702723357535,78.97655277847666
713,2771.406588446616,1062.9271450178076,0.6006971059930737,0.23158316111637184,-0.03560056457621062,49,0.0,0.29256955075491575,40.41458778644367,-4.016345383793008,2771.406588446616,1062.9271450178076,5737.367789171387,0.0,0.0,256.07281109812266,58.64187903386076,486.61034471496725,520.7992325891846,523.2416152602588,530.0897798874989,548.3969720505011,511.45279692012366,563.2276119559679,550.0682112783508,559.8629869701847,543.6931587173788,399.92507882697146
714,1976.0861157474135,1064.3385120159367,0.5576411344933904,0.1554763563864695,0.05266039206799682,49,0.0,0.05739977201917681,8.284338157633215,-2.2956445450238254,1976.0861157474135,1064.3385120159367,1558.5742697664887,0.0,0.0,256.7095861998496,58.64552492597581,127.39125871999173,154.42381935257941,137.955194663467,127.47359370338101,175.3572143966027,141.58496542160006,140.89581823077924,151.3571852410792,147.48869722005767,152.42212725554612,102.22439556140442
715,2369.8837588681067,1063.4664417743777,0.5358378395851467,0.322051946403232,0.07773145694494235,49,0.0,0.06694139341126153,10.05653240411935,-2.506120643310341,2369.8837588681067,1063.4664417743777,1747.25260400889,0.0,0.0,256.394270745622,58.644040533822896,170.69175040064073,167.4228383482719,146.4480695141602,176.09377098952808,168.96202520918933,146.05691580971353,166.35189716024468,144.92159241162403,153.25920725198637,169.6350920762885,137.40944483724252
716,2526.3294873311015,1064.0547081686796,0.5832466726384611,0.27175085501502905,-0.05702262277173625,49,0.0,3.8930576010556415,570.7041875047508,-6.891027647920206,2526.3294873311015,1064.0547081686796,63262.113882886915,0.0,0.0,256.2690068118931,58.643626266540984,5415.282676361389,5884.6521653982945,5703.96389797743,5868.661222187267,6028.020618888755,5766.1076080178955,6046.133971169319,6050.521068998683,6044.205461744239,6010.471969114611,4444.093223029035
717,1962.9948381987103,1065.1694056363804,0.9901999930881298,0.2097068676381189,-0.04925999047595806,49,0.0,0.01253211137753821,1.1077300695221974,-0.11108486217460951,1962.9948381987103,1065.1694056363804,790.5906861671892,0.0,0.0,256.720066188553,58.64589514682066,75.71333644850213,75.81891624580551,77.08097368088606,66.53621955376127,64.06211555226815,67.00855015181116,70.9638972384014,80.64379505856098,74.26012785274624,70.81772667534153,67.68502770910479
718,718.1152256435302,1065.8260555977613,0.5918029274717528,0.26926593804567367,-0.013631025472823256,49,0.0,0.3187359834281314,46.870970186639575,-4.177259857789388,718.1152256435302,1065.8260555977613,5559.5376025411015,0.0,0.0,257.7169104125012,58.64455956641775,503.57524496508705,503.6665563204421,530.0121564288386,504.81197218732115,516.4236344559154,505.46113888025275,528.3601964289023,562.7546264111252,494.82570406193895,554.8403318126592,354.8060405886184
719,2804.578679670297,1065.7835620327235,0.5293643274579841,0.4389215744324699,-0.007682953184818763,49,0.0,0.0534266433810321,6.982086101611302,-2.109963000347544,2804.578679670297,1065.7835620327235,1888.0517152487796,0.0,0.0,256.0462225778832,58.64287317402368,158.6058995814429,179.40033361424094,148.8896945741905,169.73525945976397,162.32921719692166,160.88869457953132,182.5435837831782,189.85217142579523,193.0174990637862,187.1954126998687,155.5939492700601
720,1878.4726025336893,1068.1742349326362,0.5383743674160846,0.36991034286477553,-0.2325676434732255,49,0.0,0.014798426709398745,2.0547101953792115,-0.7818764397112893,1878.4726025336893,1068.1742349326362,945.2795893035187,0.0,0.0,256.78774069344155,58.64728173261084,88.9839351012545,82.17908740991484,83.90160893778653,78.16918623097965,96.17109393372567,91.68292201555363,95.46440972962884,90.43289719177974,76.90402004136928,99.09191117181932,62.29851753970674
721,650.6925515245235,1069.3949550705668,0.592807041813263,0.17293165603390775,-0.10165045305095911,49,0.0,0.12844718675877947,18.185643894503244,-3.1493217065451606,650.6925515245235,1069.3949550705668,2804.4328718069464,0.0,0.0,257.7709253063215,58.64573932789242,247.08315926857213,275.97317356390784,256.9011851202412,262.6942698231784,285.1619895702856,233.81570223245953,269.62476551737194,277.2589104620997,251.38255269248978,268.2173322452521,176.31983131108788
722,510.13529212671637,1070.4630032712469,0.5710513686175075,-0.10191751724555294,-0.34421913939674803,49,0.0,0.025459235616172676,3.2874898302689957,-1.2921610450640117,510.13529212671637,1070.4630032712469,1896.9742239651314,0.0,0.0,257.8834749383095,58.645471318343915,159.16407255250937,164.06889490257237,172.03798064351616,178.12877382964393,166.4865244595502,185.39871070075992,184.8561505868666,202.08279900860717,179.02809573065443,163.74063384499277,141.98158770545822
723,1822.415177463397,1069.780599406199,0.7066000034778792,0.11532276727624768,0.1272862091084743,49,0.0,0.026726884723402768,3.1579618632099655,-1.2485172024822424,1822.415177463397,1069.780599406199,1171.9026828663946,0.0,0.0,256.83262810919746,58.64802071869791,105.74274200677343,93.63200092212955,112.28600379210691,110.89109598228535,107.04225021150336,95.86143121926233,89.98703424375236,125.07071579280492,130.3720552776968,114.43624784035501,86.58110557772466
724,2164.9213303161678,1069.4722258812537,0.9264115625395215,0.275537894956848,0.21728868622196426,49,0.0,0.01617203044230583,1.416733019970073,-0.3782200404419572,2164.9213303161678,1069.4722258812537,917.9374272575762,0.0,0.0,256.5583507475314,58.64722252413973,58.57110014008214,110.44875249477471,83.3064841900457,93.29147277582331,87.0059450247272,85.95912047618056,67.31034613492976,82.26445408592785,84.5911571418851,97.77874922535216,67.40984556784767
725,504.39478659848385,1071.07286321321,0.6382166811021209,0.49237145242806923,-0.27631456773572977,49,0.0,0.04748592428177715,5.957075530836362,-1.9375827665797831,504.39478659848385,1071.07286321321,1835.9942210719769,0.0,0.0,257.8880774522762,58.64569418658729,149.7504369405375,163.2315301250407,172.58625624522207,159.83603919647663,160.57615609954274,179.21660733836868,196.0706313415995,200.26107195207265,167.08184730047566,157.44626675886116,129.93737777377956
726,2428.997523744972,1072.139124155511,0.5072986372641484,0.2903375029162006,0.08969505212648327,49,0.0,0.021159548577864506,3.269394088201534,-1.2861681824663584,2428.997523744972,1072.139124155511,980.9043135626409,0.0,0.0,256.3468715532696,58.64741901568184,66.99241834374868,101.67517943338834,93.89100426631494,85.7483975566116,80.8500964444735,85.31517916823124,101.8541218621753,84.57548928249805,94.66160679704194,100.31406062937322,85.02675977878408
727,2832.739327988612,1071.9618841513984,0.5838956125258461,0.16412005702664553,-0.21346793573290498,49,0.0,0.026701092760802396,3.2383517274349405,-1.275810042627949,2832.739327988612,1071.9618841513984,1281.2048635825265,0.0,0.0,256.02360549121676,58.64527649463054,108.63294914175839,122.02313401996393,116.20887306001305,125.3642839640051,127.98784702837656,141.40452218850254,112.63468821456149,114.30445761965899,98.98342937689816,127.86196113689593,85.79871783189242
728,997.3061850894491,1072.895978398717,0.4186566998831244,0.24578298665266582,-0.12534942344044456,49,0.0,0.02452413303491221,4.017247620076621,-1.5098215053426676,997.3061850894491,1072.895978398717,1240.41443880128,0.0,0.0,257.4934028412092,58.64853644590003,109.77755067897343,100.11759910883441,105.13152917556826,111.85190986885839,117.13778985772015,83.37417664411475,136.4170746113307,120.33510355977333,117.47231431299699,131.8070372285319,106.99235375457766
729,1830.5949193997208,1073.0221287996808,0.4176997381175236,-0.04322763285544651,-0.1012957892251153,49,0.0,0.021161380221843926,3.381291327047681,-1.3227064763662253,1830.5949193997208,1073.0221287996808,1228.438147280949,0.0,0.0,256.8260704779981,58.649362134879745,105.2117449376507,122.0230235320589,121.19931879627273,112.56863533758234,113.50162007735908,116.64727343885755,99.67258868823896,99.52699076145451,112.63178153996475,132.7728147360515,92.68235543545791
730,3020.846804364142,1074.0510416271457,0.5015807666199211,0.40674131098951855,0.3821717191561853,49,0.0,0.011309825454044646,1.3017517297389438,-0.28632040857256924,3020.846804364142,1074.0510416271457,1117.6935607390214,0.0,845.2355443047272,255.87298361830997,58.64490628709263,86.1482493146847,93.0602807838893,102.45386519033603,97.36016131546657,106.50537791381129,99.68639433379934,98.65785326396583,105.73175228328543,93.9370717559689,134.47925001337467,99.67330457043941
731,1376.7203043875497,1073.9544935476563,0.5845027657879321,0.273048141167072,-0.050459453318527504,49,0.0,2.6105656713243257,381.94529373142313,-6.4550029077244995,1376.7203043875497,1073.9544935476563,42369.57596835587,0.0,0.0,257.18955995137264,58.64975774057306,3548.836207904371,3816.6055192664426,3920.4739533991415,3984.4792042462677,4037.541456922033,3957.097308810625,3976.3011954631315,4087.707098085393,3994.48573735677,4046.5691109607205,2999.479175940984
732,2557.6182187351365,1074.1987607660578,0.5865403508326948,-0.04131466417452488,-0.034850948713855905,49,0.0,0.03671711540504611,5.064520241825259,-1.761345778141861,2557.6182187351365,1074.1987607660578,1270.8369594098692,0.0,0.0,256.24386302912666,58.64770604198723,104.50144218734063,127.23528986983561,106.4401691039397,107.57759942501153,120.08235943488202,122.59691622941727,109.74151495848992,120.81088288619233,129.49182122178917,128.6549877385079,93.70397635446301
733,1295.205901428623,1078.285449757915,0.584151261780384,0.42978077591820474,0.05579379171318066,49,0.0,0.24562169173282103,35.84833145248954,-3.886172365989994,1295.205901428623,1078.285449757915,4538.221242354697,0.0,0.0,257.25485383603086,58.65145501259583,375.0363645832354,399.7806500215957,407.9074629443785,421.2660545194681,440.6490476874365,441.66634876294404,429.38519632250956,410.89264571868716,446.8981416100466,456.75548897004626,307.9838412143496
734,1085.4024210529979,1082.043196741511,0.488370809798732,0.5888947269919372,-0.0007111249350763318,49,0.0,0.015266733087471243,2.0964716375989845,-0.803722478418757,1085.4024210529979,1082.043196741511,1031.0879119469896,0.0,0.0,257.4228999225472,58.65259261618227,79.76116954705574,99.42702444466073,90.23953541456254,107.80856541078582,109.2806910921848,89.02897405970867,104.3937619471623,101.24717573283357,73.03654468693038,109.40722290008148,67.45724671102346
735,1367.7727469012575,1082.6014018039612,0.6822694916550871,0.3639248952191564,0.086563064436399,49,0.0,0.07708022015655394,9.554239713434793,-2.4504903335542174,1367.7727469012575,1082.6014018039612,2591.5251715972263,0.0,0.0,257.19674495778327,58.653350390084526,229.4353544503282,242.066051963849,242.9068765944241,242.99480455122614,270.25981944152966,234.3035174208527,240.66704098074405,238.2827506877031,228.9230336232239,224.96431419646115,196.72160768688417
736,1415.808844475822,1082.645651078635,0.20043506976647185,0.7516948213099014,0.26794910412055317,49,0.0,0.007737535688582696,1.3276326083580188,-0.3076947767413032,1415.808844475822,1082.645651078635,980.8267714323038,0.0,0.0,257.158270907069,58.65341869827739,85.75942465369202,96.14642578335365,87.34622648853717,83.59195549627023,100.90894368066337,91.4412590493098,93.01823892350421,83.42528861714818,80.43257404868575,94.15287523286635,84.60355945827303
737,1697.8152688512748,1083.1446176521213,0.4796201978493358,-0.1004759095498634,-0.49334443864789,49,0.0,0.009753303399465518,1.2103844435772293,-0.20730833324175965,1697.8152688512748,1083.1446176521213,860.9061786261468,0.0,0.0,256.9323979724057,58.65368788424877,73.21237247176656,70.88837481653103,80.6060098275276,84.03399830876214,63.68583164552766,82.73833551687422,74.97515351689486,81.12041667618014,81.10882871796571,105.60695261442993,62.92990451368693
738,2696.846333270259,1085.3129419797363,0.3225526330635945,0.0746903214092907,0.04444871789299297,49,0.0,0.012131828837169203,1.9817426334940622,-0.7426181312876928,2696.846333270259,1085.3129419797363,889.0261698050182,0.0,0.0,256.1322658877696,58.651625453785094,92.64481565725725,79.77204527617985,80.7826972480164,67.29040486337482,84.13095714320411,77.18905649703362,89.77039604350286,84.42051815913324,79.41232545488104,89.85987918292153,63.75307427951361
739,1627.687066348716,1085.9155228643544,0.4983744464711445,0.25223624190199145,-0.06801366054178636,49,0.0,0.19032210992972026,30.840230509190626,-3.722794038597703,1627.687066348716,1085.9155228643544,4049.3174791967067,0.0,0.0,256.9885666728728,58.6548641281651,369.11458655261174,382.852252614422,334.6597511922133,367.8755958556259,387.4102261884273,351.19619923854543,389.3945841274689,409.408708768459,386.4982565955836,389.8311403477719,281.0761777155779
740,2313.7290465729557,1085.9897116094653,0.6566594556283926,0.43577244748164445,0.5610717830301186,49,0.0,0.011712620686866784,1.213491228019271,-0.21009160322201548,2313.7290465729557,1085.9897116094653,894.5416379173489,0.0,0.0,256.4390787557361,58.65363161757938,78.00504907954874,81.56429203278182,85.62947655491473,79.04148862307954,86.62509239309114,86.20658093639324,65.84625825746976,95.06708568587695,94.34705852813369,70.79616685375487,71.41308897230444
741,2834.97697222809,1088.1060957751383,0.6765360034538861,0.2025863790245973,-0.3230572126898479,49,0.0,0.017333235368867373,1.8745477850101921,-0.6822412892768691,2834.97697222809,1088.1060957751383,939.8182900798629,0.0,0.0,256.0216230720245,58.65198842539883,81.34571394081844,88.78318248545447,78.6632585639293,82.17725732462456,79.65235177391884,92.01798727706861,88.79296484918781,111.73749078133685,87.09203247896585,84.3729878590286,65.18306274552955
742,217.6142349609363,1089.1158408101626,0.49978818232705496,0.5721449506505724,-0.27183844521350914,49,0.0,5.41453256885228,736.7444698916538,-7.168292211645753,217.6142349609363,1089.1158408101626,155699.09088879236,0.0,130120.6089521209,258.1179121436695,58.65144309508221,13530.612454032518,14524.721240555027,14373.647684183165,14710.879034472939,14985.227418714245,14305.91664603892,14819.145667549088,14571.466780275729,14686.080873845754,14517.436682643674,10673.956406481306
743,2649.6497725058175,1089.072946102147,0.3628762922695399,0.25946235549421237,-0.3419720899260789,49,0.0,0.011257444694280222,1.6612716533742868,-0.5511016366898838,2649.6497725058175,1089.072946102147,1042.18665376975,0.0,0.0,256.17002284107497,58.65344375496393,76.02477545765319,96.07258599241774,93.13052620172049,103.6071941232154,101.17803420647981,94.03076219087069,117.7008094861907,94.70432486950826,83.44987969464324,97.95850375815097,84.32925778889937
744,2510.537482105109,1090.4223159722658,0.5985618306967249,0.43604656902919825,-0.027748982383414764,49,0.0,1.4058501098054301,200.71031650881497,-5.75642423948606,2510.537482105109,1090.4223159722658,23279.11042682236,0.0,0.0,256.2814206021453,58.6546837973492,1950.3164243982396,2200.3189678688173,2157.902084198525,2141.3364107509105,2220.7634951253804,2286.090117935203,2278.663831362973,2121.8015621027052,2130.1740018319724,2140.334243651279,1651.409287596353
745,186.152021422891,1089.845945549225,0.4402976831969661,0.10033949471750611,-0.2046266393626917,49,0.0,0.012545569918420284,1.0456931527703306,-0.04851066063772739,186.152021422891,1089.845945549225,1686.955407172949,0.0,1436.4615308256734,258.14311399527594,58.65152838931488,120.8462276428159,169.13277558417803,168.34332557924938,172.9631262113259,200.55785878773412,165.5910039192261,175.8899751702858,141.60650056515917,130.06049718744185,138.56205760654134,103.4020589189913
746,668.8753394497174,1091.1952079321677,0.6920542421255927,-0.16275100401392048,-0.9948430853254707,49,0.0,0.011593614460315805,1.0119872966101224,-0.012937652191386451,668.8753394497174,1091.1952079321677,1017.9102280150772,0.0,0.0,257.75656124890185,58.654906921080816,89.94235342290573,87.64473527511575,65.73860183453633,107.021252770362,102.0333040887625,99.54536326270005,107.12774794642219,95.5443804988438,88.52364965024323,112.20795260289003,62.58088666229561
747,1163.5560351250822,1091.0536925986514,0.4474559260817302,-0.04365909678042979,-0.40211810607789367,49,0.0,0.03252228991357553,3.8396062595767217,-1.460716727546059,1163.5560351250822,1091.0536925986514,1784.6539174352297,0.0,0.0,257.36034380573096,58.65653192159167,159.5826574909429,177.6279792504535,159.13087320042428,164.76358744503088,163.6240447480131,163.35253690867265,154.78492955104846,154.77443128459566,159.37224983046946,174.10964181527692,153.53098591030175
748,2204.053522710728,1090.8829394164543,0.6227211587933812,0.21825293230715312,-0.5855571275817563,49,0.0,0.014889680773277519,1.7602684584410075,-0.6139472677293083,2204.053522710728,1090.8829394164543,928.1260498382566,0.0,0.0,256.52689103830227,58.65602955934144,77.1083960990883,103.09425987144101,84.13956460337107,82.3475696525085,104.53597453710857,68.09292398854907,78.43702202022746,84.27632783097386,85.79961667253008,118.02099217572783,42.273402386730865
749,1761.5259643540926,1092.3139030682964,0.46219621952818046,0.32632782677466304,-0.04633847307101698,49,0.0,0.1713909332425866,28.91262175784768,-3.652718686746735,1761.5259643540926,1092.3139030682964,3749.03012207054,0.0,0.0,256.8813546483432,58.657467419321755,307.1758110492817,316.43515550225067,388.1906605772266,354.7935833628042,358.2593288447355,318.6103094556795,343.6906406792303,339.87243184489216,373.9850204578489,379.34559902671754,268.6715812698733
750,2543.529005683866,1092.2058906687867,0.5935365568783073,-0.17144870672146673,0.27383018334912834,49,0.0,0.012220016307566212,1.0198182376755165,-0.02130693575596768,2543.529005683866,1092.2058906687867,1090.382239086246,0.0,0.0,256.2549819185975,58.6552748211446,94.35091563650434,95.58057539097948,100.74538956547121,106.85065912892726,100.58310720217072,87.97285354514781,107.5497419964255,119.23045689194201,99.29466434284325,112.8926178155658,65.33125757026886
751,2721.71981093738,1095.6552443672501,0.8562018269340631,0.36475779162808636,0.07256417067700811,49,0.0,0.04239451622218011,4.386778864713905,-1.6053643559832578,2721.71981093738,1095.6552443672501,1183.2054535326295,0.0,0.0,256.11223651142416,58.65579698379603,99.7650874308385,108.04096795984992,104.00579925742119,109.10417391499222,105.46420445877497,105.32074178804487,110.9294928213366,111.96556289400768,125.7610311192397,112.58920344937445,90.2591884387492
752,3042.24673451868,1095.5547658312144,0.21571447504601643,0.3100860654642889,-0.6036138849873935,49,0.0,0.004955534160760895,1.0566664942285684,-0.0598448415632337,3042.24673451868,1095.5547658312144,701.9581529240254,0.0,419.915352457365,255.85555494364667,58.653711950328194,82.69403966850892,73.8994872926125,57.85794514428456,65.16381844074208,69.04821597289603,50.583853542585004,66.83418386582622,76.31776388873396,63.56154582624919,51.1899355511677,44.80736373041922
753,849.740299623658,1098.7851249889525,0.9027848385721785,0.2757024136933053,-0.06633397964851523,49,0.0,0.03757178159519853,3.773796231029345,-1.4419461160106146,849.740299623658,1098.7851249889525,1124.6408565869497,0.0,0.0,257.61175750025166,58.6588260168183,92.87031476666007,100.76119985491972,105.68524066556738,119.15813347150912,111.78915556760414,92.86322798319684,97.33519163815947,120.9344333305679,88.54600650098465,109.18674954804817,85.51120325973218
754,2251.806134450178,1099.6581684847797,0.6222147530772729,0.5420879785521169,0.041062250531865054,49,0.0,0.04682421552971665,6.33740450613261,-2.004778570785583,2251.806134450178,1099.6581684847797,1357.7964141516763,0.0,0.0,256.4885880026182,58.659536650602554,99.50231772167689,111.87357227325302,147.51793225213913,121.78477942791821,126.3586880290684,115.43623022521484,130.2583744005832,128.7566219457368,129.4927513864253,150.24604990788447,96.56909658177595
755,2652.1815828487956,1100.466794611656,0.6494782870163089,0.3585588750864639,-0.029013591133271146,49,0.0,0.33077864703405396,45.233150816036606,-4.138642101376638,2652.1815828487956,1100.466794611656,5415.254240408374,0.0,0.0,256.1678804174927,58.658177384333186,466.3553182375655,482.69872379591686,498.5938053779049,485.02651483068064,520.3890639886138,487.345253046444,506.55259708620315,531.5416861646429,523.2332964026336,528.9357191315041,384.5822623462648
756,876.5086854227073,1101.414267612612,0.8169663760253492,-0.07955069717571002,0.1404028784566541,49,0.0,0.010835096251666261,1.0014808452317054,-0.00160661799878392,876.5086854227073,1101.414267612612,862.7127800667433,0.0,0.0,257.5903337676174,58.66001962745146,88.42989683412708,72.49664381487646,69.18086850088001,74.12001736923656,89.71169915538557,81.91209383402862,78.6233638112968,70.73773432098861,95.32266242410358,80.03372141892811,62.14407858289194
757,394.08595350984615,1102.886031004988,0.6509336009722593,0.17010287976805585,-0.4687833872494299,49,0.0,0.01167047738608821,1.026705300560987,-0.028614510388890263,394.08595350984615,1102.886031004988,1044.9430947426831,0.0,0.0,257.97676188892103,58.6583161182019,82.19187334514005,104.00518899086606,104.07740677927993,90.99807225713931,115.9391023358238,81.95394425568031,90.25451516438596,116.92210313257388,85.16115239073197,105.83277362785124,67.60696246321069
758,3073.4658389509427,1104.3968174200402,0.33239884004099307,0.19243474210485956,-0.4290000695062918,49,0.0,0.009373775977446668,2.4239503990669347,-0.9613093217059955,3073.4658389509427,1104.3968174200402,542.8296619935018,0.0,91.7648865739239,255.83043171608765,58.65716900632748,111.0204075606423,19.974020711597607,5.774178611781238,24.605507207470044,32.40216168825339,60.934176107658764,132.19826141319876,17.182384303603648,71.99187828282345,23.7517528605108,42.99493324596173
759,1260.1803157003817,1105.008678310304,0.5477529030263887,0.3094574155390696,-0.06649183783667298,49,0.0,0.19067406991169403,29.575601581828096,-3.677333967866253,1260.1803157003817,1105.008678310304,3678.7276444885883,0.0,0.0,257.2829926985883,58.66253317354582,314.4100258026783,329.5552782829719,318.8714038967289,330.1920703031701,342.3455321585918,350.3457860729444,362.2543143152343,343.38720062735774,356.813870481806,344.8285285193699,285.72363402773533
760,269.0289055169253,1105.600722040177,0.7309047824800824,0.521496242849682,-0.45548373662656966,49,0.0,0.026663537715209133,2.764007387497829,-1.103847998659576,269.0289055169253,1105.600722040177,1315.0255177562212,0.0,366.97110656670793,258.07695360007835,58.65865756173325,114.47721666738477,124.77894495165071,111.46530900180875,118.11663164287268,116.16576503401653,112.44151527673372,143.01502874201026,120.33778231789991,139.4232977382723,122.02879184950149,92.77523453407025
761,963.7283510064852,1105.2551911932849,0.620756050802861,-0.3653372186525033,-0.4386660706832716,49,0.0,0.011780172107730755,1.2245264027576312,-0.21992038412207837,963.7283510064852,1105.2551911932849,997.9098201720046,0.0,0.0,257.5204893280433,58.6619151948429,78.86997225418583,84.05420555040939,88.1635488286877,94.18741812077832,97.14220092340616,93.12385568787181,81.79701414870814,109.90480149672325,81.90864530800505,108.76292188698835,79.99523596624056
762,1886.542200138665,1108.1827511863826,0.37289792628530755,0.4266376945864884,0.1237910255118872,49,0.0,0.010564448262411711,1.5704757729497487,-0.4900781027828337,1886.542200138665,1108.1827511863826,923.1180472333871,0.0,0.0,256.7811688787809,58.66394026502513,76.4301259001368,97.28208621883647,75.77182470375192,82.7470829823377,79.74427982713505,72.89966779269913,84.22280302886173,99.60632774438801,91.4856929952059,107.19548768205553,55.73266835797879
763,983.8659775234622,1108.705716356874,0.45600196255234277,0.30596219498813815,0.07552606827633286,49,0.0,0.017015845481454107,2.162332796899555,-0.8373063386758726,983.8659775234622,1108.705716356874,1156.3134430818313,0.0,0.0,257.50437738718756,58.663415640168544,104.47798380669504,121.3060137173121,99.23151478065267,117.14216279217102,112.64271885753504,103.1777231781609,105.17815306555941,108.25203144330868,102.61284999434002,102.23696806150505,80.05532338459133
764,1352.6732818572277,1109.1928578592517,0.708693704217207,-0.000704985678972318,0.005966103835704591,49,0.0,0.011010397845164404,1.003692209630835,-0.00400138323622985,1352.6732818572277,1109.1928578592517,938.3115211773227,0.0,0.0,257.2089019006253,58.66441190009464,56.65061969377725,76.9517077117054,92.81562948853673,101.13773269045933,82.8228437050514,104.06310745370837,94.63098883671441,78.01603625326175,89.76662284473272,101.6254148776269,59.83081762174842
765,2743.409312919173,1110.1331049456498,0.6023588068231275,0.5346622810321104,-0.3780549475477426,49,0.0,0.02348103769865955,2.3927128378775557,-0.9472264494079994,2743.409312919173,1110.1331049456498,1231.0898825732515,0.0,0.0,256.09470734207713,58.66170642942921,104.77544561927458,116.43954456105571,129.96890843992213,115.94091769889803,129.33336288545036,90.0445569097169,120.55201840374902,105.43727525833586,136.54856329104322,102.53470243230457,79.51458707350095
766,663.3857532524768,1111.5036936941026,0.30730663122975227,0.9361704059221114,0.02684528930468322,49,0.0,0.006322047675744888,1.0256332721345995,-0.027480252916559027,663.3857532524768,1111.5036936941026,910.1176048838028,0.0,0.0,257.76114027960983,58.663342434328264,93.21298182851723,84.24712498662632,80.22092318297578,71.05425306961412,85.2673114102548,84.74769443719637,79.84449385929813,82.69290676357221,89.82561250759996,101.4677343897222,57.53656844842561
767,2113.1794326447107,1111.4271851738004,0.3235118809673094,0.217359971424342,0.05500057990951365,49,0.0,0.016403717005688462,3.007736749192551,-1.1955995553839887,2113.1794326447107,1111.4271851738004,1043.2482163368043,0.0,0.0,256.59957832380434,58.66484164601374,90.5380144010214,104.51465037268255,92.97012167998784,103.60408880522351,93.97904347070686,80.99558900150386,97.13996274850044,91.31502703341806,112.17433275178716,101.12544133083122,74.89194474114146
768,256.1572755527841,1112.6222097103696,0.9047477298051786,0.6099989604278657,-0.3113671390474124,49,0.0,0.02450725153727364,2.2105151227356106,-0.8612337259470314,256.1572755527841,1112.6222097103696,1169.070503928662,0.0,604.0755231970281,258.08735284102045,58.66149695144331,107.8214734263644,84.2097915971658,126.62299538065648,108.82326761253063,105.42082464410939,95.14481199347519,91.06850776168712,130.77570316955882,103.95230024416914,119.49838024970678,95.73244784923838
769,647.1687575284764,1117.9759474059856,0.5361593698268418,0.18641696520299128,0.05201762745511649,49,0.0,0.013626496833833457,1.8356488671607798,-0.6594740265331601,647.1687575284764,1117.9759474059856,1038.360133106214,0.0,0.0,257.7741906593061,58.665962655137754,100.06130795338646,93.6049189180554,81.65733005274484,99.46923812768979,108.93642551379645,92.50469009556454,80.05368000922945,88.32632821290682,107.01648746728728,109.26036275040794,77.46936400514493
770,916.2101401633525,1118.557280862076,0.5412496664670007,0.5500644720067928,0.12273937379288058,49,0.0,0.022393719037742094,2.829082750856141,-1.129114126962194,916.2101401633525,1118.557280862076,1244.2369205175737,0.0,0.0,257.5586433495583,58.66730122584441,88.64349910606924,119.34372528847828,113.32206497984444,119.08048460771985,125.8423058738085,111.13442013527407,124.7209489027228,111.79224649929408,116.23037862160677,116.60399108015561,97.52285542259987
771,2541.1994469741935,1117.6647353895632,0.9416651216003339,0.19837003004981496,-0.06029705637023131,49,0.0,0.015095746422484792,1.2770120550544775,-0.26548749260827803,2541.1994469741935,1117.6647353895632,855.706535160278,0.0,0.0,256.25661805090726,58.66589252964208,77.92525783119203,73.95675393088057,87.52290303085528,51.900438136607846,67.7627984494273,86.1049056464534,69.32772965048254,88.56444438799147,87.36731378815739,90.15132280428566,75.1226675039445
772,614.9687583484451,1118.8091706458845,0.44629122338073673,0.33727242535472907,-0.4282930630632993,49,0.0,0.014777079077176678,2.2267910171123857,-0.8691986517300677,614.9687583484451,1118.8091706458845,1204.71354069542,0.0,0.0,257.7999952671869,58.66615444528099,106.99787429729913,118.72646242715183,115.41370876551544,106.85404176917142,111.77101280132477,101.99895229259911,116.62753465918027,104.75551706894785,111.70219637716187,128.51963458281588,81.3466056542525
773,1250.0479623955987,1118.2067958492535,0.3188414220897134,-0.17824740067391198,0.7412457384369591,49,0.0,0.007653802577533549,1.1969235392240531,-0.1951660202230304,1250.0479623955987,1118.2067958492535,1035.307238041872,0.0,0.0,257.29115454228645,58.668014838915326,88.45206199144943,102.37224649721003,81.75911869855898,86.88744903429479,98.33004008710873,93.97010709323673,104.01766910149644,73.88020940618685,106.89378388613576,114.1933142396801,84.5512380065143
774,1460.0615589177341,1120.5580389317001,0.7204878570894934,0.6257231516548195,0.03134950897625405,49,0.0,0.015552725697902527,1.6461205691095233,-0.5411541041974278,1460.0615589177341,1120.5580389317001,963.3861500575647,0.0,0.0,257.1228779636156,58.66925107365408,73.94235794088345,85.32181767322342,105.16577356329319,82.9333688214692,80.1682598447305,90.21058333683929,94.23399742965002,86.89292663393937,91.62505589641414,96.90132899707024,75.990679920052
775,611.0601741969729,1122.5287522362373,0.8640508752056422,0.16286835056327664,0.08403896579387037,49,0.0,0.01579288328086394,1.3792692598340188,-0.34912264267873383,611.0601741969729,1122.5287522362373,1197.1502445009207,0.0,0.0,257.8031619011062,58.66768489494433,99.59308088305303,110.59895879956147,124.706567031256,119.45702557002227,89.50914945827932,104.39778064473042,106.21060548152697,112.03033498805546,111.54937637396094,136.5194590524966,82.57790621797837
776,921.9530990054183,1123.0785753180164,0.43192574273818557,0.3010972889165343,-0.8348226528216277,49,0.0,0.00956421957230548,1.2282321581331748,-0.2232011602268191,921.9530990054183,1123.0785753180164,1146.7861956188244,0.0,0.0,257.55407139884613,58.66920446743468,96.40682568341987,104.50762505009251,102.5378144446689,109.51281731899006,110.37147328305856,103.63322854505604,114.24475475782107,95.33236093722228,101.98810323900011,113.08052079574998,95.17067156374516
777,1731.3734777888624,1122.9472827915079,0.8451427026520618,-0.055859961622365825,-0.12774860008143715,49,0.0,0.010900073261575289,1.0098269176881158,-0.010617357391061684,1731.3734777888624,1122.9472827915079,821.1428661254529,0.0,0.0,256.905469507662,58.67025303675584,67.71226159956962,80.30881597955819,65.38551210257332,87.53080016846764,79.8320679377274,81.67063242961704,71.4753528437829,70.63287813890287,85.90276259273418,74.5971680016475,56.094614330872325
778,1090.1171065574654,1123.7616044485758,0.8671436643930251,0.6006944208190008,-0.34459535674172725,49,0.0,0.015246994458849786,1.486314418741841,-0.43027672726338984,1090.1171065574654,1123.7616044485758,947.575877068874,0.0,0.0,257.4193280786828,58.66998663894434,70.10604626358582,86.15749239825587,89.35365976959324,96.08913199444214,81.39816562541961,85.97614418740574,85.01601723587417,95.45295749882514,103.15029672955423,88.66118729627424,66.21477806964371
779,2154.52368920126,1124.3572391559494,0.5503324566184823,0.11684829429993779,-0.008710609744701319,49,0.0,0.5808843286102799,87.57379637072847,-4.85593544253233,2154.52368920126,1124.3572391559494,10479.719318611633,0.0,0.0,256.5663853948368,58.670119201152836,902.1423560339133,945.8715490287829,961.9772286146637,910.6045682126878,1033.3139554935274,944.5825561114652,924.6594757401535,1008.3416578528268,1043.248362456466,1080.883250169181,724.0943588979669
780,1403.6790418742517,1124.7736867566534,0.5958144933839564,0.15428021806375627,0.01179312687214576,49,0.0,0.011064069373874897,1.3465631756009957,-0.323066834159536,1403.6790418742517,1124.7736867566534,905.7490419739066,0.0,0.0,257.16806570341424,58.67096024057242,84.38517260661891,84.87624977570488,79.9961146837628,91.30449397753677,84.81789467254538,71.2953099859198,79.71290133912288,96.86773692315265,74.0547937723239,85.52668724359992,72.91168699361879
781,460.19079489609476,1128.5751683828653,0.9158673749047753,-0.29360225285675867,-0.06052671905770547,49,0.0,0.012614312372174958,1.0191306649746525,-0.020574673557480615,460.19079489609476,1128.5751683828653,903.2041310601539,0.0,0.0,257.92409759824886,58.66940431790648,60.53004399746898,93.95881853544569,99.92508059316864,72.30758600994415,75.76010534798334,75.6047638906561,89.0097551807535,89.6749648443724,87.53043215417495,92.96196504830974,65.94061545787642
782,675.9566386867992,1128.7493067250946,0.5732704357842866,0.28768284905814123,0.16637144822611377,49,0.0,0.014838393633972465,1.8202870070036854,-0.6503496728898004,675.9566386867992,1128.7493067250946,1061.792607991443,0.0,0.0,257.7512227912543,58.670585643947774,90.30501260577174,98.31827858178735,93.916296937516,118.73770398452712,100.14687440093138,88.35669342783225,81.90334352874655,104.99272866822707,98.64695662459805,112.04629560633734,74.42242362516808
783,2081.0596942856537,1131.3422661506077,0.8174581699767801,0.30142457056006805,0.3390876676373177,49,0.0,0.021787370014887432,2.1652669319585898,-0.8387786084563452,2081.0596942856537,1131.3422661506077,949.256204862934,0.0,0.0,256.6252204216894,58.673218691083825,79.31238977534223,94.43558516475916,78.53763693140974,89.7483698736037,93.09520450986588,91.32556934311073,96.437555684823,81.08144299515627,90.45082160373575,90.41030607517766,64.42132290594986
784,642.6505129451606,1131.5531628324156,0.4968067489111799,-0.31198391612114135,-0.2493814482165365,49,0.0,0.010424752489180737,1.3269055907822898,-0.3071000598723155,642.6505129451606,1131.5531628324156,959.0161005499497,0.0,0.0,257.7779351734552,58.67159776424559,88.4113636323128,88.12524638776148,91.56102850526062,77.18359777861048,100.77387526826044,90.13749948546332,69.80179563148778,107.11937135573378,86.61939010440994,87.45199719017239,71.83093521047655
785,2467.8634515260947,1136.2209576456744,0.4732320196258479,-0.3002895959794619,0.16421981204133448,49,0.0,0.008663235955806972,1.15037885168891,-0.15210222284555974,2467.8634515260947,1136.2209576456744,776.9228393822069,0.0,0.0,256.31521729348503,58.67395357167549,75.21572233531163,67.13159190450793,68.61867109751671,70.39521898909767,66.24417183071967,85.95065866371868,72.42091837273571,74.84182884922969,75.52970898382469,65.66076342783283,54.91358492771172
786,1452.2915846260066,1139.8740259754,0.2907815721030955,-0.0939623940754584,-0.5803992945853848,49,0.0,0.011095705136949303,1.552895047296215,-0.4778552621154092,1452.2915846260066,1139.8740259754,1060.6812525567884,0.0,0.0,257.12913158696324,58.67729370834696,108.367967350883,113.63131059472155,87.98360440233144,78.79818504314426,107.52796068155564,99.93174496843004,85.56434979299631,105.90278310077267,91.64860488585671,113.32003405731275,68.00470767878406
787,2314.0282199355734,1139.8451139243455,0.40617253332534153,0.14955263968248927,0.35372513852184223,49,0.0,0.008844859240886132,1.1723029414380761,-0.17259963670112877,2314.0282199355734,1139.8451139243455,838.436480643928,0.0,0.0,256.43847062138724,58.67606890397445,63.001315505687636,81.18790607787784,73.9494501753027,76.99247244478045,85.61017330151827,74.0586045220536,73.53405616304723,70.92797426393315,81.4788869422822,89.64669913113903,68.04894211630594
788,1526.9075477492286,1145.2333633287246,0.2624594457460677,-0.3316817425881715,0.29537531831000646,49,0.0,0.011003483990003667,1.6537813519864966,-0.5461952263081179,1526.9075477492286,1145.2333633287246,1078.7044728028377,0.0,0.0,257.06933096491736,58.67956794150292,96.49878479348774,138.91540060217915,80.46195060651213,70.98014527210613,90.65800362078917,92.68229628932004,92.6144749674563,97.6816823253032,116.15104415118682,119.74812099814343,82.31256917635359
789,459.52386287424696,1147.0608967302962,0.4332952120247247,0.35251097424217764,-0.29595120724816504,49,0.0,0.008483346318430264,1.2601567850387618,-0.2510614553359096,459.52386287424696,1147.0608967302962,965.2581653932145,0.0,0.0,257.9248342982416,58.6771018474038,73.3504642780873,94.59799128343563,103.1585067298669,89.13797403480339,88.12360416405781,97.20500068813911,73.98091101458274,81.25590858783855,102.87870203661758,87.8064348635376,73.7626677122478
790,417.1535543442136,1149.2791628559519,0.37445329345245737,0.6808725494793678,0.020709820298186455,49,0.0,0.011491057673655219,1.768394975789884,-0.6189481808896281,417.1535543442136,1149.2791628559519,1031.7734389094458,0.0,0.0,257.958813159682,58.67778083124793,91.04513010146943,104.9790638480103,104.48519719709981,78.93192473669552,91.17059138114682,92.11169816159767,100.41899981820774,87.76546626521866,84.09677837937824,99.62372024093213,97.14486877968935
791,2425.902801411693,1149.7479668602546,0.6426334823112377,0.02823621898883862,0.29561697347753846,49,0.0,0.016411327024849293,1.9338749496716237,-0.7160709695802037,2425.902801411693,1149.7479668602546,933.3122080182171,0.0,0.0,256.34873534165183,58.67976618911735,85.97465953162376,80.44676351818208,96.77982799717005,100.91852765226957,74.22275696804112,80.11494121767974,93.99401431474779,85.83623350010599,85.10483488062692,81.98196173290239,67.93768670486767
792,929.6623055889798,1151.251535003944,0.22230008917232616,-0.6069935280057616,-0.4542812010589193,49,0.0,0.008499313913116275,1.3768132565591362,-0.3471875972912878,929.6623055889798,1151.251535003944,953.8491483771704,0.0,0.0,257.54807563354876,58.68096843818367,81.57505473324025,96.99066591905259,70.86300914833208,92.567057756709,94.95709115062692,70.58468291534908,82.02082850364155,92.06846759704956,93.79346702144264,98.54014460682367,79.88867902490313
793,2635.3850250530018,1151.4404715670607,0.4871255957444263,-0.06033732615254563,0.07227685455288105,49,0.0,0.019729056221893186,2.314964753704321,-0.9113609577280724,2635.3850250530018,1151.4404715670607,1176.7785771324159,0.0,0.0,256.18082761184775,58.67950111317201,103.92813817020493,106.6440810555014,97.18456505243523,135.17199711852746,119.97284856164111,102.43511000145158,92.76608555531824,102.9038014062131,116.61059528382518,112.67102277435474,86.49033215294287
794,215.76576386055666,1153.1337477685329,0.7109940566173161,0.04055569983569019,-0.5651122061498498,49,0.0,0.018113858574275766,1.7289344040891261,-0.5944462910469542,215.76576386055666,1153.1337477685329,1129.354295322108,0.0,956.647362531879,258.1202423187648,58.67809916016881,91.27682508151852,113.56839425867241,110.38118465576946,97.04443597021775,93.8157461409165,104.36785756764968,114.92909036154362,104.09210304203206,101.84171098967192,127.61459028101427,70.4223569731019
795,700.7671277360192,1154.0525319464818,0.5822976552474656,-0.8241527429348564,-0.054344213107346204,49,0.0,0.01258409228495568,1.1455202823108124,-0.1475069577718233,700.7671277360192,1154.0525319464818,1345.608616970021,0.0,0.0,257.73156158248435,58.6812403452523,132.73559118661214,136.00674757296767,127.04128457834189,115.41315230262936,135.79664991823336,113.71172561630698,133.26476927036634,115.43020951418116,123.70116995783167,121.5129467746258,90.99437027792465
796,1004.6097927247029,1154.0077061976563,0.5885133706737709,0.11938514523476713,-0.17534750339132607,49,0.0,0.03657149274291497,4.891404122098496,-1.7235838630167408,1004.6097927247029,1154.0077061976563,1288.769476254719,0.0,0.0,257.4880176645419,58.68235317467429,91.83483216023575,115.19434624497444,121.73413178691534,110.95305508904265,147.4436276029056,122.40359259695009,130.37148298976237,116.85653310850577,117.91332174580343,128.29129697271048,85.77325595691286
797,385.48997132897944,1156.9893743089917,0.49956351160273493,0.3072436402075876,-0.15300331962410235,49,0.0,0.01695717054520058,1.9909705643968008,-0.7476620980663374,385.48997132897944,1156.9893743089917,1209.45821540949,0.0,0.0,257.9842770895458,58.680803873000784,109.8814490499398,126.55610341122912,133.438286746776,107.269331365142,94.25422599551106,80.92384047406955,129.91807511604088,98.22754552929592,120.5529727469546,121.90747869664975,86.52890627788156
798,698.6883344224176,1156.751957089808,0.6784300526038304,-0.6921628240607263,-0.24417158344462925,49,0.0,0.02222199633057984,2.3728803101955678,-0.9381895816026047,698.6883344224176,1156.751957089808,1346.9554559765952,0.0,0.0,257.73325111826335,58.68235567962936,124.40056898706617,130.52635891539765,116.06997716231307,110.6694044522016,143.99550128332208,118.96605204952255,136.72198123250027,128.0345658553003,130.32300507766485,126.35067795238682,80.8973630089198
799,503.4467065093354,1157.2759101411182,0.453047576097181,0.06251065849900617,-0.3096961871059558,49,0.0,0.03870325683660399,4.676630042586436,-1.6748325380820273,503.4467065093354,1157.2759101411182,1963.7035926659664,0.0,0.0,257.88974337586825,58.681602263186036,161.2993702150223,210.36064706088473,186.70290703839558,208.7827729812277,159.57705171018353,159.77084562334045,179.78232106105858,169.61285066005203,192.7136844299979,189.07700842053472,146.02413346526873
800,1418.0966278391504,1156.3413579390756,0.4088092625818107,0.42652870635688483,0.4072789838976302,49,0.0,0.008836182893154153,1.0030814521422977,-0.0033404999978873936,1418.0966278391504,1156.3413579390756,920.299060906769,0.0,0.0,257.1565674677325,58.68412685497234,78.40839487661816,80.44951133055142,75.32832119360276,88.52095002593035,81.67246388319579,77.43116136074073,99.93135556523332,88.05242908643635,89.27895873604217,85.77180394033965,75.45371090807835
801,1673.0149754705094,1161.3677603346935,0.4571519811956556,0.4466261103340652,0.1262971180673715,49,0.0,0.031621317069173885,4.98174130656488,-1.743452929012672,1673.0149754705094,1161.3677603346935,1313.3527081972206,0.0,0.0,256.9522074237655,58.686290924303485,125.09283411933703,122.25316389944825,130.5955601170018,112.12419363416174,108.83964776735257,121.69526492567468,120.46190865988495,123.85476908557426,118.1491790035814,122.83095056130826,107.45523642389573
802,419.13631871863487,1162.321633768833,0.886312915473094,0.33395674901073585,-0.11316826797106706,49,0.0,0.03767330522389983,3.7481735301007717,-1.4345492232959078,419.13631871863487,1162.321633768833,1373.5649340554319,0.0,0.0,257.9573721244224,58.68322606502387,116.78735661580073,125.00337247555782,127.43328385946569,126.02974617836239,106.67649731385436,115.18789554680738,134.04395584028546,149.20808486184262,127.75347440474702,152.17770162638658,93.26356533232203
803,2195.7674301720613,1162.4446725381333,0.40945070356766566,-0.6034030356162611,-0.22521897637422447,49,0.0,0.008018406122476727,1.0957474950800623,-0.09927621628407712,2195.7674301720613,1162.4446725381333,958.6527883782093,0.0,0.0,256.53311929272405,58.68587026582759,74.77743353884202,81.13699247118811,82.21297290348943,73.3058950896558,84.8625116874226,103.39305223622962,103.89224672839384,83.50572697599134,104.25612654763432,94.47436798652632,72.83546221283584
804,3074.9109627842313,1162.1250163290995,0.6199224397443739,-0.4844179613107612,-0.5385409163605559,49,0.0,0.011893923240631297,1.874521267802407,-0.682225930427973,3074.9109627842313,1162.1250163290995,1532.3567238390988,0.0,234.62675380911497,255.82845803288086,58.68120642118541,49.239973632970695,98.82041405681886,932.027437014347,46.35632319765775,35.40046058625609,68.34699447564029,23.632626248744515,64.88816721476103,116.60864585051881,42.25182665485557,54.783854906528404
805,206.21234385436023,1163.4629866994314,0.5359802233123618,0.1757821769856246,0.15434646091345608,49,0.0,0.00964710650665777,1.0785545426938674,-0.08210528085654367,206.21234385436023,1163.4629866994314,978.2524856128564,0.0,830.2959647811399,258.128035918651,58.68233605317679,97.95455219755179,82.15690064324133,73.48355681879202,84.63429809625632,85.38842393414703,100.86143302874726,105.60227006830485,86.57456937609393,95.21529869098454,95.55368265630462,70.82750010243268
806,1925.4394440069366,1162.7073832667852,0.536397173744423,0.15219965506349406,-0.04963058619922367,49,0.0,0.2975120687831184,45.84640773453513,-4.153263281193525,1925.4394440069366,1162.7073832667852,5632.880079631677,0.0,0.0,256.74983518858255,58.68659923213977,507.4932503344199,526.8269620673383,497.29772280934367,534.0353562370835,534.8662157759256,508.8195576122797,550.9409393194774,523.4209439583282,551.3955269635579,519.4256076479057,378.35799690601857
807,2036.6750619385584,1162.8824519443406,0.6608262764405846,0.3013610026154277,0.005274559174881393,49,0.0,0.14144282066757144,18.986649388753413,-3.196120826749784,2036.6750619385584,1162.8824519443406,2772.7237723292305,0.0,0.0,256.66065747647843,58.68646132708121,230.4772646444384,261.4444550838217,269.1675377883835,244.34338389969307,284.19269985955606,266.0374729804756,259.5952681194992,227.5878430456793,264.065970457414,254.07409425262367,211.73778219764552
808,1837.324230987128,1164.4707105658838,0.593863369658969,0.12058600961396954,0.14014035914833758,49,0.0,0.009712803444552134,1.0417026925003379,-0.04435946672161132,1837.324230987128,1164.4707105658838,866.4330737417486,0.0,0.0,256.8204735739764,58.68745721823455,70.74967470860612,84.14996888240451,82.27000657897185,93.86089333197106,83.46713926327911,66.07789519859908,74.73133376805319,91.87823031294573,79.81145840391854,77.9250371315002,61.511436161499205
809,2178.575460857806,1164.39331507656,0.37420015496601133,0.4875050438714218,-0.03166795586516749,49,0.0,0.01809416332049737,2.9054735212447804,-1.1580423047289439,2178.575460857806,1164.39331507656,1081.7451381053934,0.0,0.0,256.5468906042815,58.686732401021324,88.73245247943777,104.25928645724227,89.6753821637435,98.81282605765614,101.58323186382631,91.87646629169024,89.82490002710766,101.23616476229688,123.62280378763315,106.73098617413663,85.39063804062279
810,2609.497035566169,1163.8574968819407,0.586738482755799,0.15137826579124047,-0.1260408403519801,49,0.0,0.031098739090849974,4.307063791966088,-1.5854532603756752,2609.497035566169,1163.8574968819407,1132.4324720300747,0.0,0.0,256.20145515039104,58.68480603505312,91.01641929495233,109.22059483942718,111.14724804120227,106.19429613025446,101.39668574719742,106.05940224647199,111.02362750042167,93.52161435817416,109.26284439620966,109.4098266417719,84.17991283399168
811,459.8115259152869,1164.7648259053894,0.5204791513401811,0.5776510367284033,-0.04566155626327307,49,0.0,0.034713746851055306,4.925285965296446,-1.7310786274621601,459.8115259152869,1164.7648259053894,1425.9170465396624,0.0,0.0,257.92479761600885,58.68447909934833,159.6698783327663,121.5589569604101,137.36288368717567,140.0675466632033,127.93809350006084,137.2473723129832,136.65407997089767,113.83349057805474,128.85757686628244,134.30126156724714,88.42590610058114
812,2687.200246822504,1165.2300957531836,0.217509430087578,0.21511272551522878,0.5439140321267755,49,0.0,0.009421771315141382,1.2378394409366038,-0.23166079095629005,2687.200246822504,1165.2300957531836,1016.3056344969607,0.0,0.0,256.1391573546234,58.6849723804548,102.25748078273622,90.73525726339687,83.5647791692962,90.28337628358622,107.72390603098223,93.14601039754683,96.73411782294853,101.38591311630708,90.89155137304945,89.7640375040071,69.81920475310395
813,1122.118629194951,1166.9513688129452,0.7991994597540244,0.24608700128388297,0.004890796533789969,49,0.0,0.02671008368426994,2.929246204669849,-1.166889689733054,1122.118629194951,1166.9513688129452,1089.3664246846051,0.0,0.0,257.39388340096656,58.688060523508355,107.97512057173847,100.91433226845629,92.81586493923068,90.25813663201527,109.90972204919481,110.66355055308922,96.27236771880959,99.29685027809467,110.87200814101332,94.43467448936603,75.95379704359677
814,1156.3898567394106,1167.483480704517,0.6117858336310226,0.43694977422698056,-0.013626389278004787,49,0.0,0.16530007233773863,23.089061256345474,-3.4085156898636617,1156.3898567394106,1167.483480704517,3408.278245567903,0.0,0.0,257.3664095808415,58.688360970074584,280.42409433050346,328.4867041854349,310.1773661890772,346.3540241615888,312.65950033118725,286.7192508957731,298.226707766645,318.29585723937555,348.40600412162433,322.54109175021176,255.98764459648152
815,2201.155166259611,1167.9594605102945,0.7050646501350898,0.05311476566993562,-0.35068463532396377,49,0.0,0.019167680749192853,2.2184629422756506,-0.8651304463911652,2201.155166259611,1167.9594605102945,986.5535625407575,0.0,0.0,256.5287683590393,58.68815194362167,86.8843750678894,83.38262138526608,84.20177069469267,86.53322670599582,106.89095140805486,104.99574801713132,108.84002086752125,80.58817468330695,85.12969031592274,91.81356437345794,67.2934190215185
816,701.9486144430844,1170.7539643449145,0.6249743728539863,0.03724913999521409,-0.2968476032492794,49,0.0,0.010702938552290884,1.0174199869933818,-0.018750662498400336,701.9486144430844,1170.7539643449145,1025.4646816553877,0.0,0.0,257.73075869536535,58.68820394328561,91.19762693929529,108.05334391322961,100.54675917218987,85.22481851350378,92.7691610609606,85.55833784513462,98.0186400491275,94.22280260459016,113.18496770826997,96.65798969305813,60.03023415602812
817,2102.9162285389957,1170.5967964525573,0.6554509047389928,0.2936210097329783,-0.08696220972236356,49,0.0,0.09049428156165899,12.022458875790164,-2.699983250484814,2102.9162285389957,1170.5967964525573,1986.7413869575444,0.0,0.0,256.60751574628813,58.689520687835675,204.78322541585212,191.7427028364314,192.2354211053454,150.8743692718017,192.77061488492637,176.06799954194042,188.5724432797627,199.1301218047803,162.96520009356803,181.81529693711073,145.78399178602507
818,2358.6073394545706,1171.39848202381,0.4450729242584618,-0.1138716456899741,0.1453985424998879,49,0.0,0.034380621901110124,4.798459119119557,-1.702754497866965,2358.6073394545706,1171.39848202381,1577.2214815741213,0.0,0.0,256.40251470065556,58.68905194903347,135.041378784414,143.34318583672683,143.6241572068913,156.48885342600767,143.26611812088373,146.3861651369016,137.93503237072304,149.4604045753339,163.58422635480406,155.456390346999,102.63556941443612
819,2473.8954577439154,1170.9573738589654,0.6305417896513156,-0.25969830305415326,0.2800418279973197,49,0.0,0.028654883061109585,3.0165946933504277,-1.1987924068047582,2473.8954577439154,1170.9573738589654,1369.027308890206,0.0,0.0,256.31009235713725,58.6883997053671,126.78084473464659,139.55211536366113,119.66035274714504,113.86806988804673,126.84249728883931,108.29309324008986,127.57623345626169,114.24863263923268,156.86044053551,139.8069555475696,95.53807344920341
820,2573.4702082715235,1170.220252957117,0.6892627826978571,0.36785694901855237,0.12765211482754335,49,0.0,0.011337928207725246,1.1959765966050449,-0.1943067031762714,2573.4702082715235,1170.220252957117,818.9537747680474,0.0,0.0,256.230273884974,58.68763471905492,75.1172699663343,74.6679749067012,72.63126479069935,80.60094471651519,88.07397128903287,79.02915589756864,67.50767755332838,72.52870164343088,70.7096584976837,82.2273121431621,55.859843363590784
821,511.7283892019012,1171.2094544145461,0.4768084020999124,0.0914658125494924,0.15208513271207386,49,0.0,0.009353194151177913,1.1381470918416152,-0.14049598257959778,511.7283892019012,1171.2094544145461,983.4559142596439,0.0,0.0,257.8832514383592,58.68745224423983,87.04466721047015,108.26373530661616,100.30167559484082,76.75122658391363,83.11720243439059,84.67599023927757,76.95762366561998,92.32023566424542,98.50636373687047,105.56526688779778,69.95192693560134
822,961.8750772177874,1171.5324709956858,0.5522504249303857,0.3579838055950543,0.061170624182217206,49,0.0,0.09398830488674724,13.979593664840321,-2.8637363706410595,961.8750772177874,1171.5324709956858,2234.5053151085426,0.0,0.0,257.522380163592,58.689523429771,183.00492890726562,218.26669364099322,197.03453210307134,207.1967615656137,218.5286459125285,209.15190138491062,213.40812199291668,200.4247156797773,224.30588937261643,219.4233142740967,143.75981027475268
823,1689.0781741525423,1172.0496455580305,0.5969519817900193,0.5249131941221336,0.27651919182947715,49,0.0,0.014132570315657173,1.6960975880233868,-0.5736270913830653,1689.0781741525423,1172.0496455580305,953.7909082653649,0.0,0.0,256.9393204149699,58.690735217654364,83.17441411907572,76.26132151755819,92.72385862883235,80.23882293692091,104.50229665097173,89.91371406854988,112.63879024629527,83.55430924669083,71.12859779996138,88.13514592709069,71.51963712341787
824,2340.430891451935,1172.882188552437,0.6731920569552549,0.29003079509473356,-0.1841750504522492,49,0.0,0.018731883626148173,1.8599370372203956,-0.673745606713373,2340.430891451935,1172.882188552437,1112.823846700109,0.0,0.0,256.4170764471226,58.689737938541285,94.1177707795542,92.2635758257606,109.35581960317832,115.91191964216696,99.08370736920654,92.28996028915728,103.1633146544419,110.17916421901087,83.53019100571947,117.37433186072144,95.5540914511914
825,2619.8220889796125,1173.853064691356,0.43520085794590596,0.28740637843709593,0.09093508559517993,49,0.0,0.008516780911952586,1.1192943813036524,-0.12236080917576676,2619.8220889796125,1173.853064691356,796.1415747284191,0.0,0.0,256.1930810960387,58.6889182390191,64.78750475174581,84.21356350248992,71.93549470136627,61.28588323120255,77.12765221241904,78.76774589801337,75.71711279401367,67.93134335179158,66.55695659142918,89.75244857191572,58.06586912203196
826,2754.0251962189827,1174.6040150587592,0.26878961855501576,0.37485675591501766,0.4479620718620373,49,0.0,0.009336672782173554,1.5886169025966228,-0.502547947631805,2754.0251962189827,1174.6040150587592,862.3120034924841,0.0,0.0,256.0854903523732,58.688504852271066,84.24538186981422,88.22160378297264,78.54138371530308,80.07478747366275,75.91393814928271,73.29449904059598,80.25349121586396,75.13238714843936,95.10245746038868,75.54703720845907,55.98503642770168
827,585.1325513509416,1175.3053295332118,0.4653336171402962,0.44857378595190817,-0.021749975163489595,49,0.0,0.06799768890854327,10.570748063087763,-2.560264305585367,585.1325513509416,1175.3053295332118,2133.642400795654,0.0,0.0,257.82444875131773,58.68954332254425,154.7855958145173,206.89639877253376,200.50090074144046,217.71680693780837,198.64042353925532,207.72073120384704,202.76701764500422,182.97020832604662,189.98748096993694,213.53627089059285,158.12056595467095
828,1099.8850059440897,1175.4633400942002,0.576779615498434,0.2905427270000876,0.11253166578386964,49,0.0,0.021407599946527182,3.008384912691612,-1.1958335049680588,1099.8850059440897,1175.4633400942002,1036.7825445215167,0.0,0.0,257.4117494773851,58.69155284483842,79.2036992979773,87.09125565857136,81.83439284834189,97.06485754900977,113.19341153951234,104.24677166973531,97.82527109355323,104.16239130438039,98.23427220327164,95.37513716893565,78.55108418822786
829,2446.409702176568,1175.98872010217,0.7300596061024502,0.22835160962515355,0.02644508925238152,49,0.0,0.03660303303367779,4.272037953925405,-1.576587756064329,2446.409702176568,1175.98872010217,1183.0145113933313,0.0,0.0,256.3320862788685,58.69061362683023,109.92280490674081,117.5977003714575,111.40823265775217,119.63797283957047,126.1632266469273,119.83372279174112,94.20973869266463,103.28719805665767,96.98162853090177,109.88218854959246,74.09009734932548
830,1591.8484751332662,1177.0772887813564,0.4180401498901405,0.3537111855993627,0.13096636342049817,49,0.0,0.008828526176699285,1.2760056206463406,-0.2646314685065779,1591.8484751332662,1177.0772887813564,884.61091812125,0.0,0.0,257.01728025705575,58.69284940609119,84.41906201817949,65.23530009959853,87.51654500771352,83.82675366360435,86.74307893501168,85.80262949772552,81.98008746469147,88.29397224428322,65.01952809426541,87.62017591165439,68.1537851845224
831,1769.033423155312,1177.1511237799177,0.3198469539463297,-0.056631899756070594,-0.2896367957499185,49,0.0,0.0076765736436009225,1.1725340779735571,-0.17281368424775942,1769.033423155312,1177.1511237799177,837.6668895188559,0.0,0.0,256.8752036863863,58.692809601374115,83.38907848820446,69.75583618175811,75.71679534389037,84.50594294524727,84.98993640243191,51.23183233079786,83.080039781947,75.66802931352571,88.71634877183905,82.59453848807371,58.01851147114044
832,685.7220915030844,1178.7668187301283,0.6780620097719923,0.30144625493180777,-0.15197688053449618,49,0.0,0.02109761503228803,2.2245367624669377,-0.8680989681238549,685.7220915030844,1178.7668187301283,1189.458172761594,0.0,0.0,257.74383733585665,58.69146904528414,95.46817367722124,114.97578404687067,121.05024941816137,98.68966832750657,121.96091107478884,116.97078925842624,121.75107243270668,79.91680443466602,106.90457642667369,111.87703484466853,99.89310881990409
833,1947.0164621460247,1181.3817824318,0.33825575756474263,0.1494576403973259,-0.3256098696380172,49,0.0,0.009565338393782465,1.2619361590495548,-0.2525934616090269,1947.0164621460247,1181.3817824318,1026.5357772450066,0.0,0.0,256.73247474981696,58.69434398277698,84.4147243330024,81.25640457720912,97.75862693232624,88.00795388350114,130.9252995028712,105.43121596851385,100.41840379599569,84.32834578714798,88.89171509966008,93.21720409219043,71.88588327258833
834,3086.7733139971474,1181.577807455676,0.47205795882648327,-0.6158441563844482,-0.22032437493261417,49,0.0,0.01693605535835124,3.16257638112637,-1.250102557990219,3086.7733139971474,1181.577807455676,959.2295246417152,0.0,109.77854247692699,255.81867435249677,58.68922247642185,51.47669157785478,5.1204037372563524,58.284347657778234,213.149482098609,89.25532657447249,42.81291393317887,108.36755089010568,114.64365121983448,138.18897987162552,42.65136015612199,95.27881692487784
835,670.1352098868906,1182.2044995818076,0.6747622807405077,-0.057252142165176004,-0.06669225878196235,49,0.0,0.014728490265309358,1.5722864935653649,-0.4913292092808088,670.1352098868906,1182.2044995818076,1034.8290347219106,0.0,0.0,257.75636464998774,58.69282964079643,94.11284743555217,84.41271774194206,107.23834413533092,82.0293257995744,75.22827732359644,99.15876406248996,95.17011898622407,101.99632184609891,89.68783820618307,122.56414435184237,83.23033483307609
836,917.6973247052357,1182.9243928112337,0.46965511530743453,0.30553971490680776,-0.005563173197962271,49,0.0,0.01174826335752054,1.4340132327963442,-0.3913828973390707,917.6973247052357,1182.9243928112337,899.136672892,0.0,0.0,257.55787366196745,58.694124400685496,72.13984714765382,88.93183843354447,87.1861964245746,65.20592051876658,76.8851693039114,85.86365444520104,79.09306400975646,85.2720818136255,102.68536258615944,88.64960682945457,67.22393137935195
837,2284.3265117082265,1183.0832625875878,0.6783358962513851,0.08789211891384595,-0.3646127557432432,49,0.0,0.013883412704701644,1.5305098046885355,-0.4620902902539792,2284.3265117082265,1183.0832625875878,936.3964086675528,0.0,0.0,256.46199031411516,58.69418710715052,91.02773132004779,82.87966765169321,73.60677237763869,99.21720519666556,94.93128033763494,71.59578913794098,78.73670757298768,85.01715044095891,93.35802242497016,72.78778576007127,93.23829644694354
838,2521.723567721466,1183.4052318910362,0.29836448886983863,0.33232080286648297,-0.19518067634835817,49,0.0,0.008518459715046013,1.218709687726907,-0.21475065856174985,2521.723567721466,1183.4052318910362,905.1233043048336,0.0,0.0,256.2716398536621,58.69337206125223,69.51588142143994,94.4818720601057,85.88299225699639,74.94286431211324,80.61964859552963,68.99419609989178,102.22046130424518,80.3098674390864,90.47619047167433,84.64245891396737,73.03687142978364
839,2964.94318313992,1184.3571566597557,0.6413740416826736,0.26229803675923363,-0.07898177973958795,49,0.0,0.03490035283675241,3.917177728053406,-1.4824331914186941,2964.94318313992,1184.3571566597557,1395.7422519351123,0.0,37.32139036808881,255.91629445695153,58.69124527586889,122.91454406031204,132.24642316076805,130.4088011704217,133.64861196851982,121.60805862618955,144.47853738910973,109.17920864454729,120.02701378045401,142.804780392441,130.2705480131109,108.15572472923844
840,1742.6096344595608,1184.8046669940525,0.46920215961002953,-0.20662301227344743,-0.17355052144774483,49,0.0,0.009730458040510462,1.22868068524489,-0.22359757813861209,1742.6096344595608,1184.8046669940525,872.6914517439773,0.0,0.0,256.8963812128705,58.69601898938309,78.36685215238697,76.79069554142328,77.43232638530456,69.1664607301729,89.81574710820337,78.00523048430296,63.49934517931661,85.04583485938852,82.90074089866923,104.81969233699905,66.84852606780977
841,2769.44959058639,1186.5746668351082,0.5345143293360062,0.1746682207769896,-0.11177924813258366,49,0.0,0.1333043611792999,19.111078830659952,-3.203213009759181,2769.44959058639,1186.5746668351082,3285.334964433461,0.0,0.0,256.07299145929045,58.693402692424314,266.9259376313581,307.6485412489785,306.52312910926315,299.1227883837141,284.61879986327557,296.8070161834469,329.8361320259165,305.3266389155888,320.76383910552227,336.546499905819,231.2156420605785
842,3096.886823497203,1190.2452655927661,0.27927062875217196,0.7646838951290948,0.7791816337873649,49,0.0,0.0063191609097301895,1.9856867495728279,-0.7447768444592285,3096.886823497203,1190.2452655927661,822.6116779448621,0.0,30.284052139024507,255.8104433159632,58.69275796624401,108.58121221538183,0.9143050290104541,304.95425379565285,0.0,72.80792745037107,6.16505039863321,37.97704882051193,45.09329280012539,90.49369316751668,34.58935290456132,121.03554136309731
843,368.774579551597,1191.8741764277179,0.5353306527196348,0.6722523788219621,-0.202292083143318,49,0.0,0.04180058592317431,6.025546352695428,-1.9499910792389052,368.774579551597,1191.8741764277179,1515.105021154478,0.0,0.0,257.9980858689236,58.69523507860915,130.19521880648801,151.18433283522535,138.1860719142461,144.33388861633992,151.04676158246238,124.23654788971712,137.9865808497955,141.98701927845994,136.36357364348817,149.2943576364361,110.29066810181948
844,1753.246389973058,1194.9512581072345,0.6955768169516018,0.5090550995505925,0.032526925723690245,49,0.0,0.036813875840686204,4.406074044954007,-1.610129478203878,1753.246389973058,1194.9512581072345,1200.0086597699274,0.0,0.0,256.88783642781647,58.700238874511854,94.19715274255688,110.38183730993669,118.92526583728736,104.31504004858346,111.5972793030659,120.54491907443429,99.25838381276154,109.33797595055208,100.29409717522958,130.13532409069592,101.02138442482354
845,1829.4744337929874,1194.929659951965,0.8956687649171999,-0.5821508092525061,-0.7834296460526455,49,0.0,0.014104738087470817,1.1098107986098467,-0.11312236560754203,1829.4744337929874,1194.929659951965,975.6616582860177,0.0,0.0,256.8266999605417,58.70015736940599,72.77003768831173,89.15729563806578,75.69250660344028,89.52817462015574,98.73051319966741,82.27758269644399,87.71208577221856,108.51111481664307,104.34345615699243,91.93470418911059,75.00418690496815
846,903.5766581269972,1195.3314181564733,0.5468846712552358,0.7252212300663253,0.1668856191773614,49,0.0,0.016023438173142196,2.1002807150573872,-0.8056933616596162,903.5766581269972,1195.3314181564733,1118.426594520337,0.0,0.0,257.5692792077262,58.69924516762591,89.03055965955987,96.78482548361166,102.62943600748707,118.5126247669072,89.00496903786265,111.54974794076992,105.62296023007609,98.62542327021333,123.69216683256435,119.21236163318915,63.761519658095864
847,2861.3186368999027,1195.713265657288,0.2039805579065945,0.4190936914264723,-0.12072708351804237,49,0.0,0.017179062035449492,3.473389463630323,-1.3518837063494937,2861.3186368999027,1195.713265657288,1239.4350217579276,0.0,0.0,255.9992280123694,58.69665379011056,119.47522954897148,119.82464720818287,107.68608966459,102.3088919872275,125.12597926576683,101.0819981686394,132.27151013931882,106.35197369159775,132.30736269287874,100.24073491528833,92.76060447546574
848,159.12731182160815,1197.5988256296846,0.6072928042574274,-0.4134441219585797,-0.08959684097491394,49,0.0,0.05153477586933164,5.406516727425783,-1.832293877521292,159.12731182160815,1197.5988256296846,2407.1947173719736,0.0,2040.0317869552416,258.1662427750252,58.69622385843827,210.3337829791215,222.51793942278454,220.3198086609408,205.7138461059611,237.4119481259757,210.92611498629546,249.52048687549245,220.4636997223499,237.4244272995828,223.17648093549064,169.3861822579784
849,682.2827696200883,1197.8988535855622,0.7166085991184145,-0.2504359986004872,0.6793810879217043,49,0.0,0.015844926358187305,1.2756940373409886,-0.2643663140429315,682.2827696200883,1197.8988535855622,1227.9434626210827,0.0,0.0,257.74676354473786,58.69942429191532,102.06949555037153,110.53797563455842,112.31763409397121,111.52198922167975,115.36456833823154,133.98396975947304,115.96000050895351,117.88974418682098,117.95036576445153,108.63845874458028,81.70926081799095
850,777.4255291848076,1197.5670818956005,0.9028974650984731,0.5561572878028203,0.04372585638860804,49,0.0,0.0180007767509542,1.613242733523211,-0.5192492940126366,777.4255291848076,1197.5670818956005,1056.479891644878,0.0,0.0,257.6704624986366,58.69969885895998,101.31892194864767,101.5858314180106,89.86246334743336,95.89138648792141,108.55175190165939,96.12751813152593,100.19244828972043,79.67544233664694,106.28382414678197,109.11330403643605,67.87699960009452
851,1674.4513080037777,1197.0737129290264,0.6838124923624715,0.566969168539992,0.044273792079212546,49,0.0,0.031556817677370515,3.827033523785034,-1.4571556663602325,1674.4513080037777,1197.0737129290264,1088.2406597491695,36.70288276637989,0.0,256.9510305450523,58.70116773291732,102.95066454938888,99.25149661599913,107.18917231632506,96.46025237940596,127.29693010703126,83.22046708450719,98.958373997211,93.16120983027366,122.93929821099158,91.39444467412766,65.41834998390814
852,2418.2234170534853,1197.320823257533,0.452149043241366,0.45813247134393537,0.1773239089688677,49,0.0,0.015498860748709162,2.3908908950441803,-0.9463993953695413,2418.2234170534853,1197.320823257533,956.599898210812,0.0,0.0,256.3545166659496,58.69961813566342,84.12020139629811,91.0289175287578,97.96261393219227,89.9442139297741,84.84642758821057,73.91059211506419,79.098424849641,89.0587788333222,98.53725982553715,92.46283778448122,75.62963042753324
853,1348.6474332797711,1197.5547079807368,0.6693722642178346,0.6440249940110448,-0.05756656941229752,49,0.0,0.05997143883184145,7.676576700424262,-2.2129189838154213,1348.6474332797711,1197.5547079807368,1536.609307867576,0.0,0.0,257.2123410337722,58.70122371237764,137.790276234967,132.2866949501868,140.00812547651486,161.23818584633267,161.52514722368704,144.52705237400403,139.55810160571173,132.92315117913415,132.63329172065343,155.72314832426912,98.39613293211545
854,479.88350194522445,1200.8294070124439,0.2624160347480381,0.17531524962758413,-0.010702362769931457,49,0.0,0.010569980931720917,1.5703841354200287,-0.49001474804135364,479.88350194522445,1200.8294070124439,1062.8073174590447,0.0,0.0,257.9090973711327,58.69961703931964,95.30917759160742,117.59819836773292,109.46295710573175,96.6984204648565,83.69420209459784,104.10482692811999,92.89076233823099,99.40378471551884,89.21172579494356,106.14448808602572,68.28877397167918
855,1948.5383267670152,1201.8570674789896,0.6803757415275637,0.49693933551854075,-0.010801232228824842,49,0.0,0.032066706248010675,3.6092567417556034,-1.3935444409217315,1948.5383267670152,1201.8570674789896,1280.3582494234652,0.0,0.0,256.73118592474634,58.70287254134027,100.74224066981319,104.94240689685087,136.35804031448893,122.14626926576935,139.25269709293968,103.57443812809596,118.42298370137826,111.44962149969201,116.40413336509164,136.26021358577788,90.80520490356734
856,2498.364804759048,1201.7929628935456,0.5150085245642793,-0.2164700637680437,-0.33319780604026966,49,0.0,0.01244347214026913,1.4755266403193903,-0.4223676375029618,2498.364804759048,1201.7929628935456,953.3666323716545,0.0,0.0,256.29020996343127,58.701138789861794,89.83337384694725,103.52903683955842,82.40055773357516,87.43859467909519,76.29691293444421,76.20675515045156,83.49736292740982,101.24955215853171,83.02543808024663,92.8676223276705,77.0214256937241
857,929.0615504297967,1203.24201584785,0.5873237119596111,0.32885926296404516,-0.19669903328864974,49,0.0,0.01927912236741935,2.40324499440853,-0.9519951160403112,929.0615504297967,1203.24201584785,1037.5661402621283,0.0,0.0,257.5488924593672,58.70262796632679,98.45804713337027,82.27212853531046,82.37708384899791,91.05204366021633,98.27942967293654,77.5788814515459,92.18307222323762,122.39473517694245,113.69796422100029,100.88480418340036,78.38795015517017
858,2199.0847095442414,1204.1138743272031,0.7601990024023471,-0.1737480782412696,-0.0573784617750434,49,0.0,0.012134340113138135,1.1949876532015948,-0.19340854527290646,2199.0847095442414,1204.1138743272031,909.1095845111851,0.0,0.0,256.5302203517199,58.70322179972363,68.94789742355022,93.35549757759567,93.07444098536962,69.16273333215356,86.43801521444395,85.59590604689473,86.59330052667383,85.97871984695036,79.64782182488923,90.50338842687843,69.81186330578548
859,1654.5016598157679,1205.9505255134338,0.38724647703743525,0.07763971730846443,-0.3251956126512211,49,0.0,0.017441648237027818,2.300813523838459,-0.9047035535710748,1654.5016598157679,1205.9505255134338,1127.209923496557,721.9323233956227,0.0,256.9670264901279,58.704872733494675,89.49484783193034,82.7400773868109,80.13841837113311,87.5786318923544,111.5675464942938,114.05534796303549,101.66375490889052,112.71294470093743,141.33839745954498,103.44897758457284,102.47097890305307
860,1117.0660530968798,1206.5327166444301,0.5675980975127931,0.28733241881179067,0.01989686232397534,49,0.0,0.30073735691553083,44.04028325066775,-4.109625258821856,1117.0660530968798,1206.5327166444301,5753.344822276574,0.0,0.0,257.398118004165,58.70454012045776,477.158596429551,526.2703427557817,531.1107192487074,578.1850311819073,541.7064507886283,552.4553162014716,502.6374029219603,557.2286610702636,555.484947631161,578.4414667695019,352.6658872776395
861,3092.644586615388,1206.8584038446147,0.8929050256511538,0.1889690274235186,-0.2657285930297456,49,0.0,0.013168026275978992,1.6350621104068002,-0.5338356366721181,3092.644586615388,1206.8584038446147,1237.3499925192493,0.0,82.48186924610968,255.81360588407063,58.69971011282819,0.0,301.88519807326213,2.6614685960076185,21.977576130391565,249.23818435043583,138.32862894086261,211.24602856841665,101.88379281112326,61.06733688954396,96.2591564348475,52.80262172435815
862,993.6275076097243,1209.323350956344,0.6462109470740688,-0.032275115094371316,0.6017284261003429,49,0.0,0.034147249945758865,3.723774615598159,-1.4274584677199622,993.6275076097243,1209.323350956344,2649.1137103906235,0.0,0.0,257.49714329047526,58.705367421619485,224.60348284804704,222.7806094619081,266.4630799617683,228.31789715933152,243.92862080904342,228.06465714586147,271.867661349991,272.9116109202917,274.2268792819221,243.86047257031947,172.08873888213884
863,1091.0887446953786,1208.8059003884996,0.6340818964460438,0.4689375360862315,0.11767502425289444,49,0.0,0.015188457676950795,1.8829761564169412,-0.6871120517648259,1091.0887446953786,1208.8059003884996,933.2736049038799,0.0,0.0,257.4189655255675,58.70542297112669,77.34822105098175,92.81165486894952,77.7272987932694,80.92390522227909,80.91267155940105,78.10495287222813,86.62265153714314,85.49209564115516,88.24177382466121,97.5477149801996,87.54066455361183
864,2206.8558021557415,1209.5291003297575,0.3610270403106374,-0.22853985687653128,-0.18288230218602053,49,0.0,0.013103088994254787,1.989252179093179,-0.7467246061850925,2206.8558021557415,1209.5291003297575,980.8211840407486,0.0,0.0,256.5239559221895,58.70545470904414,94.12128795078564,82.78919075430612,87.33197145246338,90.51071908834986,86.73548885756793,90.8225982475467,99.6872121830107,91.46412141586879,88.72423124450502,104.9421409808152,63.69222186552919
865,995.0182384968131,1213.1790794085678,0.6206491845733598,0.44171730565627837,0.009937021672827706,49,0.0,0.10574567511523515,14.68146999766867,-2.9169238548755407,995.0182384968131,1213.1790794085678,2672.585917092564,0.0,0.0,257.4960502172841,58.70697810650573,231.55614845050863,233.63949280676204,266.8767054635333,237.59263633054505,244.41872339964488,233.45197056694914,274.38525330211104,261.0528715299321,276.26494122323584,250.09431199311845,163.25286202622357
866,333.1662353199504,1214.0555175742202,0.6482778559332252,0.45613361762200116,-0.10817890418150199,49,0.0,0.07593500602779689,9.440100835231807,-2.437441583189788,333.1662353199504,1214.0555175742202,2137.7619622834363,0.0,0.0,258.02690505464204,58.704254092233505,203.84343403155725,198.49109692293956,194.17712138842987,202.29675430438255,185.24244511932676,194.34660390369163,200.57445393592872,203.80588457734473,208.85820030558853,213.94095935612955,132.18500843811734
867,1133.8646150418529,1213.912621186478,0.9399066959529278,-0.1573509511672312,-0.34930880051327323,49,0.0,0.020575800317836006,1.6249046370612326,-0.527069695112822,1133.8646150418529,1213.912621186478,1051.6378979507574,4.3429890191626725,0.0,257.38467693328454,58.70765476520425,85.88158874055617,115.43007630820233,97.83686289170797,106.83906001329574,75.18496036204485,107.31387482097561,90.77686256605264,90.48722206515403,106.32379169761205,108.43084827722333,67.13275020793259
868,1338.7735561095665,1215.6150263059774,0.38676071858212296,0.516890061867126,0.3297591823236469,49,0.0,0.007688386317484406,1.1276829464657805,-0.13046753201875583,1338.7735561095665,1215.6150263059774,841.9122126812006,0.0,0.0,257.22030573284206,58.70873609615821,77.64193302751893,69.72771304986117,72.8093972937781,74.9487606732155,80.35852211589406,60.58443700379294,85.79793837255352,88.2046288278078,80.71562983753611,75.57021539136996,75.5530370878725
869,2245.481318112025,1218.237902309178,0.3640020488172303,0.2859679211713604,-0.1803689520615972,49,0.0,0.03792141107133346,6.509579942277931,-2.033882412036211,2245.481318112025,1218.237902309178,1538.0488238343667,0.0,0.0,256.4929201778208,58.708962739568186,119.78259116511403,135.83621722884166,142.50278508868433,135.6208792634943,140.4361803577333,141.08433996623356,138.19940961474913,160.22198032951428,151.87371961629532,158.9394102374382,113.55131096626846
870,767.6598740191836,1219.467046939439,0.6077052316808438,0.19591065319637838,-0.7989767165090859,49,0.0,0.020286130296764772,1.6386239994122473,-0.5361982782002721,767.6598740191836,1219.467046939439,2538.3316619335637,0.0,0.0,257.67846932409213,58.708782855499265,207.53993258086825,218.12336016216761,227.47341657669563,239.64786169841807,254.32996104493094,242.09697603732673,222.5854646765596,249.1417956963038,245.13750213047953,246.70007568389678,185.55531564591678
871,250.81044769158595,1219.8387156353415,0.5907842208711542,-0.3038234394248518,-0.42276004326639166,49,0.0,0.015873127981022795,1.7532354973782933,-0.60960063784245,250.81044769158595,1219.8387156353415,1157.3791790957632,0.0,217.9121126302241,258.0930246003637,58.70612622501683,99.66339010393153,130.6997027154116,113.8216876676795,105.27637101296969,105.06883157509517,81.26086115911377,108.92066759708177,126.36713104008635,103.94689352266779,95.14565531400221,87.20798738772407
872,2912.5401149453264,1220.0806654490705,0.2884221607547707,0.5234049897180816,0.11590294867777533,49,0.0,0.011670902887164188,1.7510628570286222,-0.608254340038304,2912.5401149453264,1220.0806654490705,1023.7178578190485,0.0,0.0,255.95785270924836,58.70647676626565,93.13726937426924,98.63606521990566,100.00283691400192,88.09062467094971,84.34061172212294,96.11576735459715,88.64980509588713,94.23715315225948,94.47644701037218,116.95020428370651,69.08107302097653
873,3083.0925641215945,1219.5336347634889,0.5027058446520142,-0.14129946360051626,0.2111268588172159,49,0.0,0.006659518271035375,1.09177738248856,-0.09533523279681905,3083.0925641215945,1219.5336347634889,862.9675737446909,0.0,251.1144674884578,255.82108404271747,58.70506107137078,61.25690861417287,33.5322100306241,164.06635608749508,34.18790576203243,48.70404216264623,25.42975374036065,77.45183103200034,55.028030589413106,69.242173474983,211.42458015249503,82.64378209846797
874,2007.9566836429542,1223.728536842813,0.551338409732573,0.3187512151859736,-0.0031899163843038683,49,0.0,1.5736346879668384,239.21739782260673,-5.946981904674607,2007.9566836429542,1223.728536842813,27186.732972920625,0.0,0.0,256.6834425089044,58.71187356393443,2295.1355451038703,2509.6388641353124,2478.7696092038354,2658.323969721083,2553.9227739460316,2540.4732312663864,2706.3528367540953,2503.8562544473066,2537.000444118422,2557.8460609541453,1845.413383270135
875,2417.2188907067775,1225.2526629628705,0.6422743805710318,0.409460824822692,-0.001402965384943606,49,0.0,0.29175326623102105,40.685348042785165,-4.023595088798514,2417.2188907067775,1225.2526629628705,4709.9645482180085,0.0,0.0,256.3551029554465,58.71125963714528,385.40827698498634,405.27239919055273,448.1384814273319,450.29513422096875,457.94610166950383,444.52158137312455,428.50639425908435,442.2949490360785,469.49624302959575,436.5639719992148,341.5210150275668
876,938.1518909595053,1226.0550258317394,0.573193234757285,0.1722337732028372,-0.3331211627283153,49,0.0,0.01818318982797555,2.298411070987638,-0.903569262247037,938.1518909595053,1226.0550258317394,1137.4545664293182,0.0,0.0,257.5417469359706,58.71216311683995,85.59923663206007,123.11963659301954,104.56239947464843,108.30205568034043,116.2473744114676,103.1602363752997,82.69608735002801,113.47521607104956,89.50974376478095,128.94794118013056,81.83463889649326
877,747.7870541786807,1227.1976715839994,0.5510000978814631,0.1915632228243761,-0.10333946067681164,49,0.0,10.207923097500025,1496.6632990701137,-7.9378102727299,747.7870541786807,1227.1976715839994,191212.33156450654,0.0,0.0,257.6944737108853,58.7119202024887,16012.548198125283,17604.324474182176,17643.610476656584,17895.366118467093,18406.148799087554,17589.855740411214,18507.231060660084,18279.758894424813,18133.692640229456,18015.5980939369,13124.197068325455
878,389.1660014798877,1228.0763392568067,0.7599593897725583,0.46486129022552586,-0.10203813913188273,49,0.0,0.12042904279297884,14.538660512439478,-2.9063109889943437,389.1660014798877,1228.0763392568067,2310.5446459609375,0.0,0.0,257.98215823647854,58.710441118811055,206.9644227489722,224.89175626900402,176.35056564345663,210.42881165841476,216.48009852565337,213.83745370795373,257.62511256430236,200.1408146117638,248.97927100281674,218.34531796342557,136.50102126517402
879,576.7075777987918,1228.2176539203017,0.39872104611455816,0.42117670219733094,-0.052303176066421944,49,0.0,0.013527691260163106,1.8637516386392807,-0.675970095749119,576.7075777987918,1228.2176539203017,1093.1099345960101,0.0,0.0,257.83172340763826,58.71154488038435,97.28484455260768,93.19563900686256,90.85134118337751,87.58425770481858,108.13482650295109,105.32898706302146,104.5564954486529,88.83628035261361,108.31631343438276,114.06488219082004,94.95606715590193
880,1132.7334487081544,1228.8874281299463,0.2213953317129986,0.322278578603032,-0.16672821464821982,49,0.0,0.02716067069845894,6.180395494204498,-1.9775406680840462,1132.7334487081544,1228.8874281299463,1422.4958959248715,37.87378727353207,0.0,257.38565168189183,58.713891452013726,114.89683683202735,127.8220796502209,115.00400526113268,133.6165642550776,121.77872274476798,103.78670226078214,138.46216937949367,140.11986805450087,155.2533006868823,152.07425703280416,119.68138976718208
881,2466.308828477224,1228.753928644321,0.3163181118568767,0.3364221353945414,-0.09480409759320464,49,0.0,0.0067838995233119,1.0100160266056355,-0.01082066270207481,2466.308828477224,1228.753928644321,859.1083787560931,0.0,0.0,256.31569351134937,58.71251248725246,73.64085853639139,80.90826500117396,70.45926802901066,87.2559569147005,84.9218246674368,76.90621266489035,74.43815196296967,72.88165981297823,76.32896704145227,85.18008058440691,76.18713354068231
882,794.9436710307199,1229.991815289453,0.4990070760667367,0.27629221857605907,0.11497323430460778,49,0.0,0.029741944329108094,4.345041706607606,-1.5949848736318006,794.9436710307199,1229.991815289453,1306.6655841723882,0.0,0.0,257.65666495380134,58.71327928512941,107.63477693172239,137.45397769477447,118.01785607682379,102.59441427811777,111.61776537708838,130.52491479607136,150.98890086546055,126.54534388399904,115.09643747307996,129.97137552533823,76.21982126991233
883,1996.6741057787904,1230.2352420071284,0.6361915042016598,0.07844737040711063,-0.14655327442243696,49,0.0,0.07064442808028526,9.206087963677524,-2.4101878005957484,1996.6741057787904,1230.2352420071284,2184.272514812908,0.0,0.0,256.6924694859621,58.714607232746474,201.0601758524238,201.5925227948834,179.22555147522377,209.73746863442616,225.61108265805473,203.9305792481203,200.00775063393957,216.6104232794745,188.62151641458888,224.50933525287653,133.36610856889638
884,118.8551799953762,1233.2115617016782,0.22768468755016827,-0.6605432667701966,0.6225095352474045,49,0.0,0.004260608661799578,1.126991044094966,-0.12980116208600478,118.8551799953762,1233.2115617016782,580.9640839373172,0.0,337.79348703231267,258.1990367328657,58.71076593703697,66.21297106391552,62.6218027952805,40.740977047585275,39.407685090381584,38.0420778679986,34.821710990235886,50.705848399531774,40.12053558078259,42.04600609984816,100.98146831108454,65.26300069067287
885,470.5249355303443,1231.7072423167033,0.530770259726717,0.34851195271834906,-0.132901468959443,49,0.0,0.11481079457153684,17.384485959140328,-3.1004046339517943,470.5249355303443,1231.7072423167033,2738.6561032149452,0.0,0.0,257.91693725367367,58.7124286111565,230.92492122667454,251.8464325377405,266.9156261965469,272.44256762960026,270.04475156819296,254.46843099122395,248.61379545161014,272.40808326844706,246.93842768612353,231.4975090200948,192.55555763869057
886,1027.386483986404,1232.4556093062288,0.24203755266128363,0.8111881023360781,0.18050206648643063,49,0.0,0.006443058644567514,1.01309833570725,-0.014129004768715241,1027.386483986404,1232.4556093062288,817.6572047317997,0.0,0.0,257.470192336087,58.71510475798795,67.2890652414205,74.15649136555254,66.84601661075018,74.00442053614208,73.85826866546338,85.77227959151563,76.8570386724239,66.45212968317901,89.46038083445977,86.82042257117772,56.14069095971493
887,758.8134451994603,1232.8956862597604,0.5808593601711821,0.23775532892360113,-0.05672086100934865,49,0.0,0.055108079794334915,6.000462737702543,-1.945461857909816,758.8134451994603,1232.8956862597604,8182.2998084014625,0.0,0.0,257.68567419467155,58.71434076721645,705.0082218081114,750.2733585399714,771.2227355230443,768.2373969592604,793.9173479185026,719.4991411274972,767.3194847703965,743.6262594150071,787.5287973702203,818.3611234668397,557.3059415026124
888,784.2055417094114,1235.949520947156,0.4753715484212555,0.1732834690209659,-0.33625500264107155,49,0.0,0.01271729945242869,1.6799227498440412,-0.563223278588736,784.2055417094114,1235.949520947156,1072.9436073621532,0.0,0.0,257.6653265033543,58.715718064945946,105.29802375730114,94.97462179188949,99.75784886562175,93.59143204787871,119.52765881364112,94.0346081282603,104.73968519309531,87.64562814219832,96.04219939657497,95.90149179549884,81.43040943019332
889,1266.248012986579,1235.6837612721758,0.715885175123224,-0.14872764412271228,-0.394164408376282,49,0.0,0.01750489209443825,1.9109154500459726,-0.7031036794496586,1266.248012986579,1235.6837612721758,1009.8590707054806,0.0,0.0,257.27855108190704,58.716990174632386,94.28086245453382,93.48421954380368,94.2994600889445,76.08536502774561,100.3976451101342,72.039828527922,101.22943603614065,100.04586279074863,113.9800229168712,84.32599168411362,79.69037652452275
890,129.14989270445668,1236.8806136292303,0.21159279540770787,0.6768996112582905,-0.4836637954993223,49,0.0,0.01664196636674074,2.912269018558289,-1.1605787252623867,129.14989270445668,1236.8806136292303,1314.0645359198636,0.0,891.8618241608015,258.19083174482125,58.712370147101026,111.89074365346721,111.63501693281344,123.05459929707634,93.54172866371044,124.8436729326497,118.13911741333666,116.23763160076874,199.88944184007534,95.4215066484309,140.34369702880946,79.06737990872548
891,166.12299810245133,1236.9211366820168,0.8189516544246283,0.38520851940245204,-0.4129572538847886,49,0.0,0.019888362683641546,1.6716016398944684,-0.5578319713213032,166.12299810245133,1236.9211366820168,1331.641424483644,0.0,1135.1565683265976,258.16117624451374,58.71265483230356,129.43293941549072,128.09181620695693,122.06499806545119,121.30493453109662,123.25239929557384,116.53170543964666,131.68230904211313,136.54580047417232,133.41947174338264,95.51448789476979,93.80056237498997
892,1006.3645697681173,1236.7153485417668,0.4892600588277206,0.15778790832816847,-0.021493910787002135,49,0.0,0.03994234751618438,6.343108672941447,-2.005755379965561,1006.3645697681173,1236.7153485417668,1417.643766231867,0.0,0.0,257.48708327728167,58.71681839697836,135.41116107139925,130.24979892116605,134.0074258797878,140.56421998903133,138.36232846703126,118.60875492663936,129.48678500534106,154.6865539070792,107.25850954381316,124.42100448292955,104.5872240376491
893,181.013851775444,1238.0143976850209,0.4370631790130573,0.7002851165133103,-0.15554218745481596,49,0.0,0.04764564954683673,7.141260521280176,-2.1344371922971246,181.013851775444,1238.0143976850209,1908.4846633109414,0.0,1618.2517640048486,258.1492470603084,58.71321619812378,179.10252873376476,174.2419593234667,192.27006835135433,181.8454212318847,149.3321299495643,166.2676815815101,166.54752734354537,204.68683431010408,191.41427027902952,162.09743515311015,140.6788070536073
894,3062.9759451010086,1238.2200962873121,0.773209763905794,0.20294418755972304,0.8646823865404482,49,0.0,0.014198488044196144,1.6214977681761094,-0.52479088811997,3062.9759451010086,1238.2200962873121,949.537726977241,0.0,529.2534972042438,255.83695328099162,58.7129930423156,69.28298165076227,83.54089163120173,93.7392607470688,108.29578058553415,115.93039240357301,72.85319380757417,69.82832525662218,74.28264493493587,55.84926347015215,134.35444748715065,71.58054500266603
895,1553.7250432957774,1241.4514853053015,0.659218095085881,-0.06249034993877596,0.007741697846884314,49,0.0,0.014276217806692035,1.624428844466774,-0.526751731288925,1553.7250432957774,1241.4514853053015,886.3615048585202,0.0,0.0,257.0478786768554,58.71966650081976,55.29129937867958,92.01050623743464,87.28846975443807,94.7550770772944,85.29751888124835,80.53493328520355,86.94651596443171,70.13869054168697,68.90936645076332,96.04053976372556,69.14858752361405
896,1923.237719761558,1242.3817680570753,0.39144221663203754,0.49000708424093714,-0.10961836741852342,49,0.0,0.010681214848219817,1.493720861448374,-0.43567361608934213,1923.237719761558,1242.3817680570753,859.1168423647712,0.0,0.0,256.75135316161317,58.719799825210835,75.8066042319955,86.09870167947535,69.39566223412004,82.87230219564921,69.33804583157251,77.33010300306242,87.05620877340783,84.21051325225385,99.43396026773476,76.91012604915906,50.664614846340584
897,2374.7781959347135,1242.6037955031718,0.5648684036831431,0.3052049808939593,-0.01319792255428448,49,0.0,0.17957532392640912,27.286113609987463,-3.5898542076309963,2374.7781959347135,1242.6037955031718,3427.27120501028,0.0,0.0,256.3890204679077,58.71865712087685,308.2144981769918,330.0962659756416,297.1493414120064,310.39125614648117,301.32942340306823,310.7733610027989,330.0208079652467,322.6347924907372,319.3772317532246,357.079722739109,240.2045039449738
898,2317.823532208117,1244.7249569068317,0.39390067658414235,0.3801617502925276,-0.33784891497055697,49,0.0,0.010925232017646287,1.519856830939219,-0.45450669936601595,2317.823532208117,1244.7249569068317,958.0730206168193,0.0,0.0,256.43470612183376,58.71975272425547,70.16616766036182,86.09708414606827,86.8899573470188,91.41928071715054,83.22834800434961,83.91736942165721,82.0079585003725,95.22735444652554,99.2749190887933,98.76320179205142,81.0813794924704
899,1495.572072823502,1247.591971367253,0.966909776750717,0.44689711680284266,-0.08639953239673438,49,0.0,0.023093884032487386,2.123509897972103,-0.8176357240945278,1495.572072823502,1247.591971367253,968.9089084466393,0.0,0.0,257.0945510802649,58.72220301726272,72.45482900064403,105.35080100914922,94.0509230805242,97.57181107092768,91.04943660377921,73.52302989357096,88.69859461504512,93.43521022832209,87.95240838091871,85.75159867278687,79.07026589097126
900,2419.011196455638,1249.2907301451078,0.6688683205670292,0.3045167753396475,-0.1651920255764043,49,0.0,0.06610909560816267,8.380330483385388,-2.3081528640818245,2419.011196455638,1249.2907301451078,1713.0755844815915,0.0,0.0,256.3534758958102,58.7212674630148,148.73601630648656,157.7188904383933,153.77224538835,151.79776864035392,156.34446108592124,147.39367592116906,155.11490863748998,164.59245604992756,173.21995245080404,182.29612974224017,122.08907982045562
901,2521.980272457503,1248.6414599905142,0.5910654033535258,0.4505579076062232,-0.03607673887793501,49,0.0,0.04787976557571486,6.464967945625324,-2.0264159397956516,2521.980272457503,1248.6414599905142,1495.5969577671453,0.0,0.0,256.27085614094756,58.720550163898544,113.00616595536124,137.02031221932825,132.34256875895753,126.05703564114489,143.6409793998808,124.53093105641105,148.6097697805502,150.05676898823373,168.12664245807184,140.4817306963413,111.7240528128649
902,437.8525650022104,1249.571501391255,0.7878248395074592,0.5919528935568835,0.42482188579804064,49,0.0,0.014553759339257866,1.445296125095855,-0.3998920957924295,437.8525650022104,1249.571501391255,875.8472059519306,0.0,0.0,257.9433459357016,58.71968428641217,80.67322606018624,86.54996158893869,79.35677976592642,74.0461675625431,91.77691501157202,72.33548883491773,77.93050282204635,88.24794221884449,85.72779289284844,78.81908152013148,60.383347673975734
903,3094.9901988622833,1251.3182100090175,0.7635388683869153,0.5580033557573496,0.047583075997515004,49,0.0,0.008478983943141503,1.1369801686071874,-0.13938222429722116,3094.9901988622833,1251.3182100090175,553.5135034666718,0.0,155.35743166058649,255.81108641501575,58.718213377518296,47.716593445731164,23.734647581883593,49.338451980866665,31.575686835452828,24.723306701352467,87.73410760148198,89.56463423020516,54.56982423531186,35.07480275058039,64.75078224575822,44.73066585804747
904,1908.6515028971999,1252.569111826495,0.9483472544819826,0.4731872989149318,0.17270521622389498,49,0.0,0.015003887201280541,1.313805505029955,-0.2963276932263712,1908.6515028971999,1252.569111826495,896.1634207720601,0.0,0.0,256.76302792096755,58.72406743209807,77.42966628473346,92.76097575441341,84.14981597021738,88.9684196301572,89.51840747945243,73.70960058561006,78.59707687599843,89.29858353205486,78.04853804525982,73.00714091026403,70.67519570389922
905,1104.3340488609304,1257.0149241442887,0.6298663967517566,-0.5747962536618283,-0.8372577354170625,49,0.0,0.009667861469560862,1.0214516444201514,-0.023044529823090732,1104.3340488609304,1257.0149241442887,926.2073955813426,0.0,0.0,257.4085712619615,58.725542629773955,74.87079424943329,91.7459238193267,84.03408602303041,78.3126585538788,90.96122520853541,92.03744612548024,87.47656543266012,82.92117461328507,81.31030882646027,79.30910169112249,83.22811103812975
906,134.1237763648781,1258.5160808352186,0.20652586712671264,-0.02300130430128502,0.07588452923822023,49,0.0,0.004146161197304941,1.1868093558497033,-0.1859524032160806,134.1237763648781,1258.5160808352186,482.11662550900746,47.239659083058655,355.4349473596211,258.18714738030775,58.72141938392012,44.90955584789836,36.3113216639051,40.01525930922753,73.46791609951117,30.28397058883401,32.91645237186441,77.63861592327407,39.710453746390144,20.059377576130746,55.27359242653796,31.530109955434018
907,1193.6187116282927,1259.091340656105,0.31696750489499415,0.614510092858381,-0.058508413658534354,49,0.0,0.010829215364978809,1.7700189627051943,-0.6199447977606093,1193.6187116282927,1259.091340656105,1008.1475604308603,0.0,0.0,257.33692025813514,58.72660889326709,88.52381355081974,87.8383069798603,99.93668083301131,82.57556770662622,99.56262586836307,82.86252635116584,93.86159061420756,115.66095815734317,94.23054187484095,95.78155001120564,67.31339848341645
908,1593.9718846362155,1258.6420821339902,0.7333739760547995,0.06257478777501603,-0.06268990437746803,49,0.0,0.06913609460502657,8.555449558121738,-2.3306070877266607,1593.9718846362155,1258.6420821339902,1630.5315266489026,0.0,0.0,257.01558270956883,58.72683455266108,150.45620369737048,149.89399076765363,165.46958347574088,149.86082512666624,145.709354685587,144.60982193136135,139.80005168082997,184.64251426713713,145.2132942311319,146.60040787416625,108.27547891125775
909,2141.6244957519802,1258.8662047348128,0.5273266052886509,0.14428465772852217,-0.13152232243188805,49,0.0,0.019460230436107517,2.623739570054498,-1.0473018129430014,2141.6244957519802,1258.8662047348128,1031.6119744333316,0.0,0.0,256.5760221678175,58.726197649934015,86.41727693254118,105.90533816589775,94.4134639211963,86.40225709306262,109.00113655523268,67.01440180011537,97.67668691152488,107.91497506230019,99.08396292262408,95.71271171642195,82.0697633524146
910,932.4933985948256,1260.9744269878215,0.5655469022369778,0.7547553741700433,0.1450165998518887,49,0.0,0.011748497294201972,1.258713253866772,-0.2498170130236825,932.4933985948256,1260.9744269878215,996.9286644455912,0.0,0.0,257.54651090680136,58.72669336470869,107.67450873786328,115.3828346624561,72.36960749673783,86.3334556287866,83.87159634462961,84.88124912925886,85.05392028042257,104.72320694268203,102.7766781346169,84.82872137176776,69.03288571636956
911,2793.7800941778883,1262.839404979095,0.5980446509166594,0.3681190513918666,-0.06954637195440233,49,0.0,0.4408945430723786,61.76844054350198,-4.476916592307276,2793.7800941778883,1262.839404979095,8106.031896444889,0.0,0.0,256.05261008433564,58.72503181719274,671.7344743965141,748.4304608169746,740.9588234796277,735.0820460615664,756.1827165098903,755.350181179424,793.2510001635192,764.5516473042603,752.4092287818688,783.5825962541019,604.4987214971404
912,2734.4807446855693,1263.6571522099646,0.36343672432936,0.4886769823462722,-0.04729259762097865,49,0.0,0.032064184774106094,5.989636465692003,-1.9435011604244252,2734.4807446855693,1263.6571522099646,1309.6836559022427,0.0,0.0,256.1001869160861,58.72571669639189,123.36035173455876,138.06964098335425,113.04748946584334,121.05396199963114,115.25699547391844,112.95545543695387,125.8726580484176,112.49846698920615,128.1979071246331,131.85312176750466,87.51760687822117
913,1465.0802186338253,1265.2884083390495,0.681287275643474,0.43429414474375194,0.05898907997306462,49,0.0,0.04525066045760003,5.644313296719549,-1.8790277799188468,1465.0802186338253,1265.2884083390495,1428.3266290860595,0.0,0.0,257.11904480265997,58.729558195810625,113.19084933322995,154.9159292763348,135.35275871191712,126.20839521064232,107.36457255426785,137.16910033674105,136.8069344869711,118.61445807156863,133.6166108757188,165.02559418412602,100.06142604454195
914,2192.4966349800475,1264.701593279308,0.7313559360206205,-0.15699724760946743,-0.17707507176650253,49,0.0,0.014095558044865314,1.2987007187500608,-0.2837727022196639,2192.4966349800475,1264.701593279308,1037.8096427667701,0.0,0.0,256.53515938731556,58.72848518046395,83.65528999859731,121.65281133067067,92.90344456032753,96.2740690938086,84.94821252470803,100.4190948888236,92.88224355464291,93.76826416802395,97.05456304897496,101.0724520342882,73.1791975639045
915,679.2940603014746,1266.8126141738471,0.8073845113216739,0.46505055962023617,-0.043346256391649185,49,0.0,0.013737424454021393,1.3805643345919456,-0.3501416241554427,679.2940603014746,1266.8126141738471,1023.6621416365456,0.0,0.0,257.74977078375406,58.728122059922796,69.93034905699766,93.03650210082523,96.02611552605399,93.44368009112662,92.48068210552356,90.36393447795301,98.19285205916958,117.94495552651708,88.17918011540272,96.60530520805895,87.45858536891713
916,1633.9783487540974,1268.339245635855,0.5491996350558389,0.5354851061744942,0.18228021838007566,49,0.0,0.012008192169163736,1.4154115116525174,-0.377206808586471,1633.9783487540974,1268.339245635855,915.3956012292101,0.0,0.0,256.9834688126992,58.73087232329193,68.29577332624004,88.78680907167669,72.66502856501519,78.5579274636359,80.5728049905191,92.63586033415979,61.95514159065976,96.97812083551923,95.72840540709461,100.02626793543526,79.19346170925446
917,1943.6982394497318,1268.795919142351,0.8185660829805939,0.41868577117292377,-0.1609621097341605,49,0.0,0.019255793177471916,1.8862789501957402,-0.6890147957282029,1943.6982394497318,1268.795919142351,914.9505365183036,0.0,0.0,256.7348470538512,58.730771546893706,85.4590064267015,90.87676667472407,81.43829873509681,70.57308165277564,88.08053375305681,86.11236180084241,84.55278050487993,74.00982309582768,94.51097285722044,87.21811120229742,72.11879981488087
918,365.8939484081939,1269.9506147054146,0.4847543892889718,0.7470228054109292,-0.008388394320613165,49,0.0,0.012530837854556354,1.5292139774384637,-0.46117064734186414,365.8939484081939,1269.9506147054146,1051.4920946287286,0.0,0.0,258.00132230631067,58.72774412085948,80.08892739123141,102.49076433225179,81.83531989087638,88.7069621719867,90.31931937846063,115.87689995690505,108.34477335297376,112.62547107841988,88.93812957848723,89.0724411366538,93.19308636048206
919,2154.0010055813955,1269.702806153652,0.4434473980834855,-0.013003626896966278,0.06501287830822125,49,0.0,0.01220680241788674,1.5093616427491654,-0.4469832727875057,2154.0010055813955,1269.702806153652,983.128086635714,0.0,0.0,256.5660311137385,58.73067894533989,82.13713966504237,90.03520804968758,109.24104524796076,84.34768871171373,85.44337867423909,76.91680052383542,86.00116541478498,91.95604763616953,105.88285915795818,99.0448476229772,72.12190593134503
920,2603.813321956425,1269.7453820893495,0.46103107115486686,0.8258776616408996,0.16555156870175491,49,0.0,0.010466897054696087,1.2591796882814617,-0.25021927376200803,2603.813321956425,1269.7453820893495,874.5816680861126,0.0,0.0,256.20498975238644,58.72894975890102,68.89578325115082,85.62020009194083,88.22326162639195,67.94518805504302,95.04311519079772,73.49360158914416,74.86984304511701,85.0446615831803,75.18589874073845,86.99971256348763,73.26040234912062
921,974.8836588517601,1272.0643266701586,0.4682235317962101,0.3927571335039921,-0.19784503876811038,49,0.0,0.011670602836050247,1.3340937067253469,-0.3129658387272767,974.8836588517601,1272.0643266701586,1008.8392633018857,0.0,0.0,257.5125554303577,58.7314507344273,79.56468203803843,84.78911387007159,97.62125173774248,95.92510387291277,102.510684286762,90.55553544027556,92.86652386045611,93.90572697841998,103.8508613250614,95.67843220960965,71.57134768253566
922,3060.7155106849964,1272.7020854483828,0.5766780073611523,-0.6937562841400114,-0.7916094092519917,49,0.0,0.010696559559959809,1.023622532919926,-0.02534959352408466,3060.7155106849964,1272.7020854483828,1369.167178428849,0.0,844.2812713271808,255.83828201657073,58.727373904523546,99.68088169883166,95.4245376576611,107.638388248538,155.44799165092894,133.48407045808682,114.74993946972526,134.67779488672022,160.05713096834938,134.50233350483103,122.9052601066398,110.59884977853696
923,1571.4830603583,1277.5832428910176,0.3740649080854552,0.49824857870121847,0.5224421375126537,49,0.0,0.010957429137736382,1.3506826124279658,-0.32638327287912056,1571.4830603583,1277.5832428910176,1054.0749935241824,0.0,0.0,257.0336384211562,58.73472466224025,74.8441015478773,104.18149179544315,92.26650034915866,104.856939688165,98.50053466132519,96.12526108759099,110.62720448570414,112.2048541279326,112.8398778031713,90.09319242791955,57.535035549894694
924,220.8550211829109,1279.1462296211994,0.2253598586824307,0.35229146352539703,-0.37635632714789863,49,0.0,0.010480673939886774,1.0868726421113941,-0.0904466429463338,220.8550211829109,1279.1462296211994,1221.0536337376661,0.0,640.427255454532,258.1178351171155,58.730629151592304,102.89630507235455,106.58829176782183,107.92961293653265,114.48827119512585,120.09121653274761,99.4232845959804,130.05137684281524,112.65616701038758,101.19910621036641,128.55863181296192,97.17136976057222
925,1787.0624573995785,1279.5494833212078,0.3639877683448716,-0.07233850349313674,-0.07339898892172043,49,0.0,0.027124928053056545,5.039421326997221,-1.7559516739905447,1787.0624573995785,1279.5494833212078,1234.804160033675,0.0,0.0,256.8605633524231,58.73545917614363,104.66608728512846,132.3266530200369,117.43027807953388,110.64979205047538,112.70040902758859,114.04952832962826,123.98022192744429,131.4095246006017,109.98237114256585,108.43159786743429,69.17769670323744
926,3070.641995174754,1282.3047401953122,0.8888306534653045,0.1683970162013796,-0.3164871634406259,49,0.0,0.011723971569802243,1.2054300593897878,-0.20285504279311237,3070.641995174754,1282.3047401953122,924.0426892098719,0.0,495.9220638912882,255.8301807616977,58.73130158680118,85.68024150002603,77.51257471162172,104.95878228345268,89.48106382127438,89.23382849129075,96.6901372492076,72.49669417969935,72.33429880730029,76.65687652762804,61.68313344113418,97.31505819723688
927,606.7504252303141,1283.044453755314,0.8055295312481843,0.30377371400615616,-0.3367783041800929,49,0.0,0.0157879839092992,1.4815448736245074,-0.4267870252512241,606.7504252303141,1283.044453755314,978.7471035215767,0.0,0.0,257.8081476850752,58.73453811327215,81.81835057332566,88.80393949809773,94.6601510044912,83.81198117617251,86.86074195956942,82.46634282307187,92.87153671758878,94.38785418574176,92.08009394927555,95.17868795429715,85.80742367994509
928,1542.63813162814,1283.241175915371,0.4708484111670675,0.6346843598284756,0.23615948520484278,49,0.0,0.02626348300101093,3.062971433153841,-1.2153573659296653,1542.63813162814,1283.241175915371,1730.11410035454,0.0,0.0,257.05679890769466,58.73707586778297,134.21252807088803,177.5581490218833,138.08396169109272,152.33781490107174,167.72353413380137,160.05467612929644,187.77000794456671,157.2919059754347,164.26591757346506,175.3803373576808,115.43526755535892
929,2683.050109175357,1282.8597040647762,0.43454291498696973,0.45705232495625847,-0.23540382600109633,49,0.0,0.016736875423900874,2.4496460471845594,-0.9727583426871911,2683.050109175357,1282.8597040647762,1037.29386106747,0.0,0.0,256.1412596143866,58.73400112108546,98.13510670029609,91.65804136702548,106.28498522232667,95.97047888148268,93.00702049470425,94.49583519842825,91.40016490422201,89.32799881803386,107.18159796572198,93.24658660149639,76.58604491373251
930,970.0102821438014,1284.4355473166759,0.3941855575103339,0.2335730529645813,-0.03883299134579764,49,0.0,0.03193780338273801,5.394035508161003,-1.829784502561197,970.0102821438014,1284.4355473166759,1480.5952259290416,0.0,0.0,257.5165424238548,58.736589907811876,105.88346760204604,131.261483379894,145.9654212268281,147.50518858903015,146.72085948336345,125.87139018820776,130.10235110345042,141.2969657008805,140.96453167765748,152.76836944190956,112.25519753577427
931,2230.8695495502798,1284.2100702167982,0.5709007609904292,0.1395352530179934,-0.11215250718726083,49,0.0,0.10072790794779758,14.821196363131625,-2.9272081529908505,2230.8695495502798,1284.2100702167982,2394.045221863248,0.0,0.0,256.5042413898965,58.736496341270346,217.131224879583,214.2751554399801,197.20979274920438,215.21521219985203,235.68912619311808,214.8784880334525,231.73203534035449,249.07286534834418,205.19570504430715,230.71349947916647,182.93211715588558
932,1008.5489823350284,1284.6663985109985,0.668980908464129,0.45008935130051636,-0.05985925396348522,49,0.0,0.034219039883985905,3.411290578857225,-1.3322967870990277,1008.5489823350284,1284.6663985109985,1643.6749980922482,0.0,0.0,257.48560375160145,58.73680365060912,156.22254807489315,139.96854776512498,137.20971229136984,139.37885770124558,144.9701873278828,167.46841183955792,149.82473441570767,166.05497512544952,143.89781928440777,155.56980707112743,143.10939719548145
933,2785.4764748083326,1285.027503437162,0.6298121207399062,0.35909088862426136,-0.09776820968362337,49,0.0,0.03408533117777342,4.140479942062153,-1.5426267127710644,2785.4764748083326,1285.027503437162,1260.19223188062,0.0,0.0,256.059020305313,58.734324782485785,101.1263900067641,119.18718317738252,102.47458530113335,115.81214008534369,113.20714968898383,125.65509935874442,117.7855921718477,128.42690904128517,126.08772733614443,114.38308058245002,96.04637513054087
934,671.3546979906758,1285.764757578275,0.8763694635377014,0.8382508872792634,0.028347453367249125,49,0.0,0.011511911764001152,1.0560517354638461,-0.059212986489037174,671.3546979906758,1285.764757578275,868.6353451602768,0.0,0.0,257.7563123117177,58.735981427131186,79.69365803926155,81.94771570286856,79.07825930101053,83.91809536093287,67.40042169218246,86.71883843865025,81.05432250349827,83.12019087106475,86.82107291099987,82.56377806551427,56.31899227429339
935,2066.7665713531082,1286.4553590275739,0.21429926129444696,0.562729736656473,-0.049356072627980106,49,0.0,0.007226328829870234,1.1199564161404558,-0.12300280534063768,2066.7665713531082,1286.4553590275739,927.0345119102587,0.0,0.0,256.6359794222013,58.737880920600404,79.77226672192216,79.08223574764202,85.23032771779023,74.52151151726304,86.90779473961246,89.23339140028392,90.28053435680411,101.6020655473258,78.31852202448954,89.09357474958306,72.99228738754243
936,1106.8775415855216,1286.7725124940685,0.424649669963327,0.28284545576605236,-0.6356882449918242,49,0.0,0.013834899785082157,1.3251550051642162,-0.3056667031352745,1106.8775415855216,1286.7725124940685,1245.1494360689906,0.0,0.0,257.4066713073774,58.73794753627056,114.08836443070408,130.805876235256,134.90994113816143,108.63779594103164,120.07474283532875,113.9473199651576,117.49021440220702,83.15377000084735,118.82364807092668,109.78840771824508,93.42935533112477
937,1544.5332068208872,1286.8143507003897,0.2602945100856779,0.5742601720568544,0.5305612471498994,49,0.0,0.01772301762038459,2.850385065573304,-1.1372588347206312,1544.5332068208872,1286.8143507003897,1726.9016685698582,0.0,0.0,257.05527932334405,58.73856522061406,133.08471982803485,173.92946561893007,135.10726259526544,157.75357957829334,162.7805345167905,161.54732822053887,182.5978225360379,158.05189880352688,179.2844172064432,168.64228881526043,114.12235085073665
938,635.2589931840831,1288.752227519689,0.58758684067962,0.337791453750221,-0.019815343499679883,49,0.0,0.1542370646387079,22.288246079695362,-3.370189735144067,635.2589931840831,1288.752227519689,3161.737037736783,0.0,0.0,257.7853162433373,58.73705546616304,264.62150600430226,304.10324417339893,257.8852218220221,283.5489642375929,315.7935203498455,325.5431087184729,271.8797742580662,287.5338309403394,297.12959687570805,312.35511951618315,241.34315084085108
939,2086.7195837692298,1289.195827615436,0.5359074543698163,0.0018115975281922383,-0.2035842740420891,49,0.0,0.010355708095788356,1.2634635168224648,-0.2539067648851011,2086.7195837692298,1289.195827615436,864.9680978612257,0.0,0.0,256.6199468810487,58.73897532357793,76.51279840282393,73.30811161788968,70.41920020379655,77.3578354525955,70.38834173065732,79.16888332896845,94.50528827727447,92.04300384469119,79.12067205543042,78.97229113172372,73.17167181537448
940,2184.164495170521,1290.800923390539,0.6880031086394971,0.09434114843600354,-0.47310773492987773,49,0.0,0.01622811327249988,1.6138399933731502,-0.5196511843296879,2184.164495170521,1290.800923390539,1022.3400245668879,0.0,0.0,256.5417004524856,58.73938391295549,85.80612637349901,94.1491602592007,93.54171487166309,90.13697738598177,100.98181802649803,105.63208266096203,91.01220727500606,103.31058698549901,102.9715764943636,84.04530294584532,70.75247128836932
941,658.3412216607018,1293.7561948055184,0.32849174364831174,0.07005477514017727,-0.042342009720401336,49,0.0,0.038921834714379225,7.426235909367492,-2.176921853374415,658.3412216607018,1293.7561948055184,1680.333933642748,6.646356860706046,0.0,257.7668315537374,58.73925012120476,139.00874339731973,164.3134878529339,147.31611046670258,171.60227159425318,159.43045419084683,141.49335626241657,164.10236025612784,178.3109368147136,156.86776302891548,170.12410212835425,87.76434765016398
942,1758.8537251124499,1295.6198153249686,0.5874724580857157,0.3084399338047379,0.051472939941427535,49,0.0,0.44457803049234595,66.2359047799272,-4.552733682839553,1758.8537251124499,1295.6198153249686,7299.919943209576,0.0,0.0,256.8831858345497,58.74217937469801,594.6569463282885,647.9307869058835,735.379896522772,686.7616848705193,696.1262571252674,653.2908891756631,723.3931162404576,700.6487814917452,672.7532323249145,696.4342936741912,492.54405854987385
943,2119.4011600387175,1300.371583462073,0.6445212912472958,0.5478007459478986,-0.2028563551273093,49,0.0,0.015498930731098329,1.7290940129449224,-0.5945465175879552,2119.4011600387175,1300.371583462073,999.6395958784519,0.0,0.0,256.59365118008424,58.74354976498633,96.13689222138836,106.5589917167797,85.17556319773135,86.75250863413541,101.80568420004792,74.92822415321115,94.81092987750895,89.16929655272023,94.66908713146344,90.90063195286446,78.7317862406008
944,2743.9059849254836,1300.9017794454367,0.843920701174574,0.3126940956831147,-0.06434898247840226,49,0.0,0.023377268139158892,2.1513065291792874,-0.8317557382496494,2743.9059849254836,1300.9017794454367,1223.135143339495,0.0,0.0,256.0922133123943,58.741179675770816,122.70578981873001,108.85232663596327,115.57712463301857,100.73573183786071,131.68091907030518,104.76808444113587,108.40239400771017,109.39277863070788,106.76716318383379,118.46128868978812,95.79154239044148
945,717.4412678394124,1302.135123791193,0.8623431399850718,0.3771063916326501,-0.11978698170139543,49,0.0,0.12190171043418345,13.225040210854917,-2.8034925029638726,717.4412678394124,1302.135123791193,2322.9012621172524,0.0,0.0,257.71945456659273,58.74301025270768,198.9310894694735,218.23759154052277,221.96518384185026,198.35694946998004,238.97812166214527,202.7285412336897,207.83735020444777,232.69762814980507,228.10277116361613,207.7066830791143,167.3593523026073
946,1414.3571401048614,1301.8100813958995,0.7963680510439317,-0.12152538095643937,-0.7309055455638547,49,0.0,0.020673639756809248,1.8001317449114782,-0.638260726639247,1414.3571401048614,1301.8100813958995,1204.8971760290624,0.0,0.0,257.15982566248556,58.74473473684096,117.35488225855623,95.88299932001601,117.1029406508416,105.87888210069252,103.8656221137625,106.45577117170504,114.11592291814532,113.94530854149798,113.99482311981274,133.17103794962642,83.12898588440603
947,2023.718676349081,1301.7143599468286,0.37560911861508395,0.4910077787153604,-0.020673914311994036,49,0.0,0.013731054035822135,2.112277545281159,-0.8118774556590842,2023.718676349081,1301.7143599468286,968.5041211398404,0.0,0.0,256.67047934710087,58.74433424743769,90.66971268357912,99.44308868866278,85.33353610463604,86.08894116184659,91.6334731583523,79.74437322895966,103.42400352918187,77.31860306664042,87.3440488258556,96.27272307896149,71.23161761316474
948,3100.1804064960247,1302.7920968165165,0.41628208239902287,0.21342126635652472,-0.20631347921533072,49,0.0,0.01805642115494192,3.043806112300594,-1.2085424620336453,3100.1804064960247,1302.7920968165165,1069.4263615594418,0.0,337.1345129300323,255.80617977243352,58.73961722156241,66.97894781341773,82.58857314660281,123.86707069128434,136.01188902155167,102.09249799341333,110.73914849174648,116.1980905062845,97.35583723967557,64.04074738750613,119.86177116985839,49.69178809810096
949,1901.9329843104958,1305.482961526472,0.5271070616039141,0.46541067931522334,0.17783589494609786,49,0.0,0.01175460909369886,1.488877019795417,-0.4321470670299168,1901.9329843104958,1305.482961526472,864.5875399138451,0.0,0.0,256.7682663931951,58.74612476639768,64.91951851544806,73.34009980527128,99.62241981894825,94.9440571567285,65.34324753726968,87.01525098890555,76.1578692750021,86.22038727698026,76.41280292197197,92.12567960774021,48.4862070095792
950,1483.0123519296194,1305.5945158978707,0.7444716806516974,0.15342669258727576,-0.14761718030415946,49,0.0,0.04249771497504081,5.10485962187376,-1.769959509894815,1483.0123519296194,1305.5945158978707,1206.0891958199627,0.0,0.0,257.1046962664114,58.74636361004646,92.68418850496565,128.58001707353975,101.86436642850956,95.26830711810041,99.95848961379573,110.72528940746918,111.73487577847916,133.80503216017152,129.00042138033126,103.5229445735452,98.94526378105519
951,457.9428519928168,1308.3068255438504,0.4321653896783459,-0.1075317881956198,-0.12866117733336105,49,0.0,0.0209184760913017,3.1757141930368618,-1.254603525026605,457.9428519928168,1308.3068255438504,1148.3875618739353,0.0,0.0,257.92787267830295,58.74426954363401,92.38064982210936,118.95499239177316,106.41456332710771,92.94326936716955,119.09907170455003,95.1623681084886,115.31543981169017,113.88588880319926,100.95352566821467,104.62075232026146,88.65704054937146
952,2738.778342060279,1309.02042367952,0.8288989471431433,0.2149859626616712,-0.04307348016765726,49,0.0,0.030897888034360537,3.199372068321174,-1.2626618723442053,2738.778342060279,1309.02042367952,1180.9757071385188,0.0,0.0,256.0962409751802,58.74459119572761,112.21891263755433,107.85738203552668,109.58898697405702,107.10912916603546,103.303282180222,110.3695814159642,112.14229743611057,115.84709284999676,114.4583042271627,102.55411719927399,85.52662101661507
953,264.56339008230236,1310.944107432408,0.9458873510598459,0.3107591578232503,-0.39719979752265205,49,0.0,0.013613405616477049,1.025598392102368,-0.027443328258578245,264.56339008230236,1310.944107432408,1059.9139175647585,0.0,0.0,258.0831661888828,58.744171965172306,73.46210063993013,101.88125503655715,85.19213212329383,76.10555808041447,108.21918028588215,83.59787741638911,88.58965284680002,119.57542710357882,113.5703531807591,124.63745862507758,85.08292222607616
954,2992.0766541909225,1313.0882589243336,0.7447385657579514,0.7667451915944417,0.06408259752173179,49,0.0,0.026026766650920234,2.6131732036963147,-1.0429204903694287,2992.0766541909225,1313.0882589243336,1214.9579038933102,0.0,163.73906593711018,255.89282043374587,58.74468641752029,93.0393051403799,134.62989346250546,108.13146541023983,98.55615827196652,123.18251533274287,110.74388632273707,117.75624943655913,127.18474318876918,121.74417584773245,98.68511043969417,81.30440103998382
955,2201.4246042050054,1314.4329830600127,0.7085369158611879,0.118816717494624,-0.17327500177124913,49,0.0,0.02620337885790144,2.9756271875110727,-1.1839462952179738,2201.4246042050054,1314.4329830600127,1072.7472028633192,0.0,0.0,256.5277055995101,58.74917918277452,80.44843718615903,111.56860577277392,94.82810662048087,97.68287297809917,100.16615778777953,92.33767637561616,95.46902721810795,102.10528613013071,111.295324896735,104.2591402087789,82.58656768865802
956,817.538306077904,1314.676774457833,0.4981040384304301,0.20191989185775766,-0.10452299889538304,49,0.0,0.043172015061476096,6.549543716027087,-2.0405276131420256,817.538306077904,1314.676774457833,1565.913579842326,0.0,0.0,257.63917637468313,58.74865183440062,138.60267383369228,151.44884730837128,131.65040699578486,122.93042420407392,141.83309689014482,149.42257520325842,147.4523401241653,135.8416076611675,164.84028227665414,166.69482435061212,115.1965009944015
957,894.1386754084768,1315.187411970028,0.6753150921890546,-0.02438110595798749,-0.5070688756254266,49,0.0,0.019186773118601733,1.915743618034281,-0.7058434686370425,894.1386754084768,1315.187411970028,1184.6276656949697,0.0,0.0,257.57766272750854,58.74914939730904,92.27572493446101,119.91928640288364,118.50184351657745,113.59620690009345,111.09609435089189,110.9088903590833,110.0324136413577,117.96734479684108,103.55496174195157,104.86871458681014,81.90618446401837
958,1911.4973721016488,1315.2988672260306,0.4948193086286105,-0.10593545226252125,-0.17960882154971117,49,0.0,0.025699631113247478,3.8585741393585375,-1.4660671232019862,1911.4973721016488,1315.2988672260306,1153.986388103263,0.0,0.0,256.7605560461531,58.75020004778784,108.94929640701451,99.81162821258113,115.16053457882384,105.67771886901582,108.964067313148,100.0642311047907,88.57875648472833,122.58488798124486,107.3586213530898,111.28657018206019,85.55007561676577
959,2954.7210563214057,1317.673213923448,0.236905370384414,0.5485197047203662,0.5909097613473123,49,0.0,0.012725800957645292,1.3688886007175496,-0.34092026740916526,2954.7210563214057,1317.673213923448,1490.158666275705,0.0,0.0,255.92275217667796,58.74685247370768,104.94379908012795,141.42045748593495,148.14387365236345,135.86618208488272,170.0157600136193,128.25930516744026,128.6280934652611,134.79718243397576,147.52717047491845,142.18242741882804,108.37441499835298
960,2611.3377387096402,1320.31009536363,0.5569260642440989,0.35505171043722145,-0.07814188127910876,49,0.0,0.5223254596485973,80.02293892761274,-4.7580362431575205,2611.3377387096402,1320.31009536363,8881.69861981571,0.0,0.0,256.19845847984016,58.74997836232918,737.9117040199608,842.6212333750494,823.4555863030134,801.3310196427014,796.4020423762911,868.1822320925667,874.2521490275594,844.7710420844967,905.7848333473237,807.9483491843266,579.0384283624235
961,1144.5178461436576,1323.4326010048867,0.523695285867714,0.43816520445225343,-0.14336765951158115,49,0.0,0.02568810547092561,3.6399609254493157,-1.402741803935257,1144.5178461436576,1323.4326010048867,1192.9660946463405,0.0,0.0,257.3766119137717,58.75331138735529,94.03328781017734,113.87976008379019,103.78973931726033,99.34497390293565,113.77341776538965,115.3804210238186,100.98903520953405,109.43849006131026,121.41124702634934,133.74100018897292,87.18472225680202
962,426.8034263914551,1324.0164598375927,0.32801315467203973,0.5160514869077939,0.06040728908166275,49,0.0,0.014368176101886138,2.1408952990830468,-0.8264885713860843,426.8034263914551,1324.0164598375927,1103.0471548205007,0.0,0.0,257.953052380769,58.75063428402563,91.24774223101699,109.70201816417105,106.27408011507032,135.52442204505036,87.82152128067884,82.44718855919893,107.94538994126978,111.87720638684257,105.04894414212744,103.72040366033121,61.43823829474318
963,1168.7230345052408,1325.5259448796878,0.5710240664423524,0.26056955016067274,-0.23308171081426757,49,0.0,0.018140820643576028,2.4055128522650135,-0.9530192040243979,1168.7230345052408,1325.5259448796878,979.4927789712742,0.0,0.0,257.3571782302144,58.754237251031405,90.11661622493523,88.91651717553327,89.04193263210702,72.14422254623923,95.98176680509145,98.28460284194574,91.08238793816622,87.23228050479537,106.0961532048277,97.43783402636743,63.158465071265496
964,2312.019290037603,1326.401643474343,0.322043921668648,0.710031348910642,0.11461798684644758,49,0.0,0.008961737524112872,1.248444871408956,-0.24092342404422373,2312.019290037603,1326.401643474343,944.0205942208408,0.0,0.0,256.43880395212017,58.753803483345905,83.73367608709707,100.01204572256509,74.18684216638707,83.72459539273768,95.14138890823122,80.69056596373215,78.46636713539083,103.1385771440168,84.87952693578598,97.1982670947331,62.848741670163946
965,1833.8127849619902,1327.711484867655,0.6044306482436493,-0.23431157180865603,-0.1448402316528295,49,0.0,0.011781983619506066,1.3203190351181147,-0.30169721144284295,1833.8127849619902,1327.711484867655,930.2200643187082,0.0,0.0,256.8229223361737,58.75547749526362,78.01012282034145,63.53773503695403,73.69137057493197,91.53053198045637,92.31391678317935,96.22194673373036,86.34722814528294,98.04353566042525,87.18151456534576,94.30608620353993,69.03607581452074
966,2368.368455297149,1328.5404679175272,0.6450435803797966,0.1986994098987037,-0.2002593534708199,49,0.0,0.020696815176701633,2.5077732813907065,-0.9982206773946533,2368.368455297149,1328.5404679175272,1062.0843556953098,0.0,0.0,256.39352813837706,58.75448644984372,95.9315451310012,100.19447236678026,80.75944334144451,102.76708105981896,80.37681022817449,95.66532988208502,98.05592100482225,110.21888647666675,105.79413123869858,106.88741103176207,85.43332393405564
967,599.9367372783511,1336.2567632679306,0.5987735162190545,0.35831014288585633,-0.06742680821466904,49,0.0,1.0993166338713032,159.21732112701238,-5.504975781316394,599.9367372783511,1336.2567632679306,17645.249247050542,0.0,0.0,257.8141301216456,58.75667372073984,1556.691142939554,1610.9756360035215,1585.202468430545,1658.9494747549759,1742.2685634294228,1586.7740116895015,1696.0302339522095,1700.3712204044277,1557.5509177351112,1720.783298486347,1229.6522792249275
968,2299.5627537096743,1335.796831801443,0.7761060711968376,-0.008803788880355375,-0.10622195076445684,49,0.0,0.015875528121888888,1.5785772761928676,-0.495664616984407,2299.5627537096743,1335.796831801443,890.350932545538,0.0,0.0,256.4487458966738,58.75776181671082,82.173244264959,84.27904786567889,79.34340749557936,89.22616439615712,81.76052646361953,71.22886459781208,87.86473131735531,86.60005321240351,80.26530555353472,80.77399234436285,66.8355950340756
969,542.8940894865441,1339.289768050356,0.5975286498655996,0.13961281590209834,-0.3463519358012776,49,0.0,0.011390328118933177,1.089132760785588,-0.09270205421579024,542.8940894865441,1339.289768050356,1018.0995340989709,0.0,0.0,257.8599788463859,58.75764414848774,79.5773959187799,109.89824329376756,84.22756898066763,86.56130237920364,111.14290687253815,101.78470330778057,87.85852403537095,101.55767202316198,86.23422588167433,105.97629582399253,63.28069558203369
970,2064.0674452560606,1338.9738333633525,0.3103095558598535,0.2604565483788606,-0.31055988817181623,49,0.0,0.016825778198270885,2.985517120915787,-1.1875489151367604,2064.0674452560606,1338.9738333633525,1087.6380740378409,0.0,0.0,256.6379118627367,58.75976932228171,101.30884766765944,94.88003835609649,85.67379172102964,94.36856628574286,99.98745316868502,108.74472011264182,95.20583382976622,93.75578461293985,100.35973874036432,130.96680883575638,82.38649070715888
971,2032.6605178443772,1341.913726251027,0.548285548982203,0.25928470906248285,-0.1194256004464319,49,0.0,0.02517335767178765,3.4696818050763265,-1.3507241216775787,2032.6605178443772,1341.913726251027,1157.1304628600028,0.0,0.0,256.6631313665334,58.7610645145417,101.71100874216457,135.58719778922745,105.0657277906885,110.80181121233717,93.68901497640374,100.86346908521536,93.0689495790095,108.11373644184403,112.66650710802003,118.38233940456516,77.18070073052724
972,1597.0960900399173,1342.6118711001354,0.582031733868477,0.2754379111314606,0.032965926325861296,49,0.0,0.08028907140666289,11.656422868646954,-2.666413235672145,1597.0960900399173,1342.6118711001354,1870.7527500434908,23.328597679943215,0.0,257.0130778522456,58.76182187461843,168.93918567071105,172.12976981888335,172.5896750456464,157.0979342612809,172.65765536838836,171.04169178831,167.55226641523439,197.72709521611446,169.78992017434007,184.1094180866349,137.11813819794716
973,1404.6255409132298,1344.588092385744,0.4784858343253018,-0.04125436074185232,-0.19693598626590267,49,0.0,0.008715944476507519,1.0579776324089543,-0.0611912150322957,1404.6255409132298,1344.588092385744,886.903284031828,0.0,0.0,257.16772139001006,58.76254948824103,86.21953081497574,83.32494248503335,87.26011410705155,77.94325609371448,89.8272921938171,81.12953696275365,69.26416945924376,80.8665408820195,71.62097169253784,100.73437439430317,58.71255494637782
974,577.6690437472298,1347.8608908878336,0.6476085923530319,0.1982385411387746,0.222368011112481,49,0.0,0.010323262679370553,1.0750830055599638,-0.07860499194297768,577.6690437472298,1347.8608908878336,941.667656917552,0.0,0.0,257.8321305470395,58.76139574324526,68.78109693825984,89.07666989256151,94.53782329970511,86.47791756325394,114.69145031291404,79.78356718308447,94.26303843348674,90.17620486167755,83.71198138123958,82.3737044868648,57.79420256450453
975,349.2207910067572,1349.4895511031025,0.6478991598354304,0.3333806381597015,-0.15837031535028986,49,0.0,0.045411893448601685,5.67129776630758,-1.884206125298999,349.2207910067572,1349.4895511031025,1569.1402862043324,0.0,0.0,258.01566138268083,58.76077670634032,155.46131348989894,159.27177578286603,145.49903342424324,132.80804322111644,137.4104915424053,147.37373156810162,135.9169879072754,130.4752223361425,145.09344841390939,149.0406178595414,130.78962065883206
976,519.3447638238033,1349.963921247888,0.43586055285036684,0.9438998016976645,0.15502417188569206,49,0.0,0.009263256782064199,1.0131946406566013,-0.01423220975585818,519.3447638238033,1349.963921247888,996.6187779922698,0.0,0.0,257.87900578897387,58.76196540512539,59.02318466909507,99.76295699629686,90.4828539716695,104.98316278660131,98.79824870507932,89.76630987619046,89.02649173853169,104.69748641770153,85.69344890128843,102.58564058727379,71.79899334254172
977,2649.168756428353,1356.372901826515,0.6772784742681958,-0.653689153708217,-0.6217131758463563,49,0.0,0.013150943865795003,1.0152056926749873,-0.0163851109022066,2649.168756428353,1356.372901826515,1570.4322234612664,0.0,0.0,256.1677130626955,58.76480833565407,155.5635208117523,158.4696848986638,132.70762853987594,123.14762947164941,149.02539744324997,153.54171369869113,148.1851518250996,134.86584302228135,155.8320410708451,153.76197439531097,105.3316382838468
978,885.8071715908899,1356.4848622902155,0.48832504746065764,0.46701866690374194,-0.06355010885222397,49,0.0,0.04372293928727801,6.639170324419968,-2.0552845259654235,885.8071715908899,1356.4848622902155,1592.3270887948595,0.0,0.0,257.58463836730044,58.7663261810244,119.27539114009132,166.44053518594086,150.6894923917115,136.0542020278081,146.6744483194197,142.44531018541085,163.1395718513465,164.05437804925518,145.92143079369237,156.53855190299103,101.093776947192
979,2993.1806638630824,1356.8448702006663,0.6326700289316775,0.37755781617760137,-0.10469862435745704,49,0.0,0.02816270481702179,3.350085701228977,-1.3126397930359646,2993.1806638630824,1356.8448702006663,1237.0866567553282,0.0,122.93006672025122,255.89134669979072,58.762907117578585,102.02611155028612,131.42198819288637,118.5225366075468,113.78417512800011,116.28429594606293,100.7826317499775,115.69488096070543,113.86793938163386,102.7355176503681,118.79832551120028,103.16825407666076
980,2647.608169303977,1358.618261098523,0.5518510410454562,0.08348813775797582,-0.19189332048972885,49,0.0,0.01598306292698178,1.4576061287094848,-0.40910046421211754,2647.608169303977,1358.618261098523,1584.999927765778,0.0,0.0,256.1689441728102,58.765751968180965,148.5252059521922,156.17415885313864,142.06089183893368,123.15851892752421,138.29691399145062,159.26364593640582,149.04752966770806,138.99895571120015,154.66371611459408,164.224172814337,110.58621795829325
981,163.29004179053504,1360.1292131087191,0.49832305651345965,0.6633025506899816,-0.2833185537036829,49,0.0,0.10692287232178449,14.36245088109428,-2.893071391080508,163.29004179053504,1360.1292131087191,3875.2228707117274,0.0,3351.54003808411,258.1651538193734,58.763960569184235,326.38145273570154,340.6104942592763,379.10951844965257,361.8473300169551,417.17503290290875,334.5246273751439,388.0311587108978,365.7982920043007,400.8536897050658,334.52873532384785,226.36253922797687
982,2311.762534299911,1360.178159206392,0.829388761737541,0.5733898223511921,-0.17574872085123383,49,0.0,0.013985812341082681,1.2482453086721839,-0.24074985626186599,2311.762534299911,1360.178159206392,862.8453873226491,0.0,0.0,256.4387785109091,58.76787719330584,77.06367689687772,83.90004572107298,82.37058545394693,74.84612403279127,69.53055905242414,88.64543239349393,87.23120084968905,80.33918958150744,75.50250378368003,86.80353701818395,56.6125325389817
983,723.5432472871187,1363.060271811657,0.7205075913022443,0.3350594820245255,-0.15760515377501982,49,0.0,0.17306800584708343,22.45420969998028,-3.3782444355178103,723.5432472871187,1363.060271811657,2923.5577569813045,0.0,0.0,257.715070136669,58.76842051723802,243.67104442841952,256.5301053634509,272.5125083739485,310.2385453649832,270.0788953572817,254.16618961573505,276.7842916935135,281.8724755929319,274.42164317042733,275.3839841681103,207.89807385250248
984,1227.0264144115115,1362.631777331058,0.6522254953706645,0.16201351210376624,0.05911049925870748,49,0.0,0.07989165336549856,10.46396062821425,-2.5492402422580436,1227.0264144115115,1362.631777331058,1912.2874225809287,0.0,0.0,257.31047920878154,58.769814984417074,159.9679990761213,173.36624966252546,169.1029999357345,190.14129846538037,170.7198852265548,163.79599645433854,171.16489840892777,215.49261812364247,165.35309795266485,190.72014551878507,142.4622337562535
985,954.3517117795559,1365.0948387335693,0.9474919105277618,0.18980060893956444,-0.9205720898874621,49,0.0,0.019002358765392233,1.4783052732912945,-0.42441031521478234,954.3517117795559,1365.0948387335693,1169.0305187494937,0.0,0.0,257.52961586992564,58.770146546056274,115.45310642363486,102.23962948245729,94.71482569765658,110.37621318096612,97.0444199457634,103.38452124996286,109.5021676248135,104.08900638529165,118.61408618183648,131.47590814027654,82.13663443683456
986,2786.5954348574546,1365.089645042706,0.6927509912001285,0.3397990640863929,-0.2522144658970754,49,0.0,0.028900537863279358,3.2810929737299825,-1.2900463420469603,2786.5954348574546,1365.089645042706,1159.1164341585945,0.0,0.0,256.057206968037,58.76767263438996,98.7267527010751,106.52144995527937,102.33087062653237,107.30303004069762,108.59161467955585,104.70258967409114,99.34566122302508,125.15356196564977,101.06116989022564,125.03312577627011,80.34660762619252
987,173.9286328823337,1365.561444869781,0.5385218629564799,0.5895597550233573,-0.22131392588601995,49,0.0,0.127250627904777,17.303251005268915,-3.0953192695278346,173.9286328823337,1365.561444869781,4210.237062445626,0.0,3650.3111050885736,258.1566826502679,58.76629963844941,345.38609486829625,352.47787251971135,400.96444370089614,392.670582245437,422.67549138935726,382.54858812213934,399.0707597119216,410.0032450606296,393.78308269260526,408.1920300784152,302.4648720562176
988,1442.9485573734598,1365.9583340135134,0.6439313139437792,-0.9556269201579759,-0.6275265128763846,49,0.0,0.009901633852634244,1.0525047352495327,-0.0555601460391374,1442.9485573734598,1365.9583340135134,839.643464593822,0.0,0.0,257.1369627546872,58.77148753838212,76.74251230761185,75.9531008070519,73.71778425979058,82.07700655080251,70.01210402480697,73.53635361442232,86.73064060507534,69.63690636505291,86.26467882630766,70.58151508223003,74.39086215067005
989,143.66513438554114,1366.8335220654499,0.28127080439501134,0.8690135942478974,0.5358178584697305,49,0.0,0.007199712718516862,1.047001812649423,-0.049868583908090916,143.66513438554114,1366.8335220654499,1019.7414464213102,5.306378237990565,893.1280654464524,258.1810124495477,58.76661157591204,88.61820100013948,103.94942494416884,80.72645165495152,101.477117982137,106.40174197586988,84.49976861888908,101.41465135772057,78.2286349738763,98.04169639438064,100.82720308531313,75.55655443386374
990,2839.982503151541,1368.1722048066827,0.30494815831897276,0.4968094513077493,0.5493192027950147,49,0.0,0.008438894594782996,1.2561241979831053,-0.24758145485660882,2839.982503151541,1368.1722048066827,820.3366342046606,0.0,0.0,256.01427718094834,58.76863332881097,57.162603836904815,72.4706737491,75.25490820380074,85.36239141226278,83.76771988532559,79.68483923777346,77.57084632401869,69.0592441569882,76.32994872214095,74.18278475282227,69.49067392352305
991,509.9397213263313,1369.6321890586757,0.5383369430598414,0.5281678452055758,0.25106297729160587,49,0.0,0.015595610652323089,1.833067754495625,-0.6579462945110399,509.9397213263313,1369.6321890586757,1031.1547653430348,0.0,0.0,257.88676807009415,58.77010851541377,86.68460818531506,88.07370218152991,92.10037767524088,85.04368845733575,110.77229525901373,90.52175327483627,113.17105943178723,85.26479608686856,108.88652450649718,98.6887237101032,71.94723657450723
992,2148.7781200953323,1368.9763277452755,0.6322340669970727,-0.09668375384148464,-0.06695485372930272,49,0.0,0.01025758091798173,1.0903733800749609,-0.09393810067514205,2148.7781200953323,1368.9763277452755,906.3290713029269,0.0,0.0,256.56969891470743,58.77205586995169,79.68235849621435,70.79323711317136,77.44196372878014,89.9300127283613,84.56116698463957,89.03099688726066,90.82762418008986,96.50648164469624,79.38520061118174,83.74981018849903,64.42021874003262
993,1706.75356842941,1370.1730364327254,0.9187914706973344,0.1028429663810044,-0.014355870625175656,49,0.0,0.07242738905236264,7.581620631488554,-2.1994051236060432,1706.75356842941,1370.1730364327254,1442.5326977117788,0.0,0.0,256.9249455120968,58.773277473010396,124.75890506481828,121.18791700682395,116.47135145013566,154.47825716695465,148.93234490441992,139.2515547251577,136.71066076208868,123.35802207216577,145.13764137976366,148.4841615905708,83.76188158887985
994,2350.111837776466,1370.6052036584092,0.3861531891702794,0.36915935524972926,0.07955635085557353,49,0.0,0.043857374714630755,7.774090043473949,-2.2266239163611563,2350.111837776466,1370.6052036584092,1618.4591460824822,0.0,0.0,256.4078881386223,58.77208157361649,140.58703236295,109.3039498304622,159.31588101636103,149.25397798849042,156.26648316618696,137.5614218921543,176.54192395744323,166.31506267871612,137.2526392998923,163.2851786455798,122.77559524424595
995,993.8296058254872,1371.9542310236711,0.5087870034400693,0.7401213444902788,-0.05213894398802572,49,0.0,0.015938675995486633,1.8846308209038374,-0.6880657230296208,993.8296058254872,1371.9542310236711,1168.4046823337776,0.0,0.0,257.4979314524964,58.773128093782184,120.35137603420065,113.97293475303317,100.76705404805219,98.6975225027783,106.60448368307249,116.20482993322378,97.33831702608688,112.85798184975933,110.47101543758937,114.56456998917552,76.57459707680599
996,1393.4792944849794,1373.0496086213354,0.4920675659819504,0.214308227537147,-0.13336225773962027,49,0.0,0.13493137477497483,22.014811303683057,-3.3567874183202933,1393.4792944849794,1373.0496086213354,2952.1228316563293,0.0,0.0,257.17673381340074,58.7743971489616,261.14668751252555,264.3508562143328,299.58166822425306,251.5027719002163,276.73205534745136,261.7072979981351,276.8961981215824,277.8965864241596,292.9765725063944,293.5268283815167,195.80530902576214
997,2028.8428197217793,1373.465678774082,0.6071120156508194,0.2352649813170733,-0.027397265069040205,49,0.0,0.19330113356591244,27.15491189044398,-3.5846209949385317,2028.8428197217793,1373.465678774082,3680.034640226934,0.0,0.0,256.66606817035324,58.774219088291396,334.29902873757135,357.59279495683563,324.6868745854672,320.85945176108453,333.3940246813406,329.48060778464844,352.8467388816764,363.4717728954186,351.6506481450433,349.9240748615127,261.8286229363348
998,2181.6776856305596,1372.5784301087338,0.48589742694797816,0.3285539495020498,0.00805152183436518,49,0.0,0.03141183645390745,4.899876318090128,-1.7254627944340966,2181.6776856305596,1372.5784301087338,1223.886636814264,0.0,0.0,256.54323889359057,58.773463838844094,96.87336091860124,117.3620897290648,117.57432784695979,116.87604414178575,114.8339786803839,113.18844630538838,101.46092228581506,109.51806780414593,122.9185980983093,122.97792671121366,90.30287429259623
999,1463.9165400908867,1375.9979934417465,0.6772971353533045,0.21266558260650992,-0.03245108394451405,49,0.0,0.05670943868502575,7.495791487418794,-2.187043742884029,1463.9165400908867,1375.9979934417465,1456.3534530941288,0.0,0.0,257.1201246404649,58.77568612170387,126.34051456880914,126.53707290279917,129.81994356536015,135.37709688131247,121.1045982527975,128.9227570644967,136.8405813709569,142.71482208326043,119.14181156507459,160.26040653305486,129.29384830620663
1000,235.87377568887874,1376.8523493563944,0.39626083844568294,0.08725368430520514,-0.5477949452776157,49,0.0,0.01447302623462301,1.583020320000709,-0.4987162239966051,235.87377568887874,1376.8523493563944,1202.1354761441426,0.0,206.38445371652745,258.1070669116069,58.771435225383186,99.32873331575885,122.95532085231525,101.01319311963513,106.17423355941699,142.60246280293399,111.54982466631213,109.12709419915939,108.97632259671144,110.94881253141841,108.24496149173379,81.21451700874738
1001,598.0254644657487,1376.95456001918,0.674889426911359,0.19409376102373993,-0.1780329695179672,49,0.0,0.016813654763040496,1.8150921625164682,-0.6472467038107115,598.0254644657487,1376.95456001918,987.4103788585267,0.0,0.0,257.81605883113,58.7736198438652,93.27795850213413,89.85255077239201,91.88858824749536,83.08228803903236,84.45409136961825,73.3201588817286,104.7794123034169,97.06469952244458,91.4812568968373,102.42474632597563,75.78462799745161
1002,1633.9665346799925,1377.5353994736731,0.9555740986613885,0.19234688264470057,-0.23897729543910176,49,0.0,0.027955464340101484,2.589464867089764,-1.0330250576138265,1633.9665346799925,1377.5353994736731,1060.2133309195544,45.93393971041044,0.0,256.98344306926873,58.77637052991586,83.65581885939548,109.55210840273726,90.98946808856951,103.2830321270313,107.98560843491373,95.00248360231845,92.28308167494168,91.02008615358599,112.72461346068783,98.80706700250613,74.90996311286708
1003,2419.8889536864167,1378.8879594042858,0.8193001319547125,0.5532606670700446,0.15723241147478942,49,0.0,0.021484035805576673,2.219895743646885,-0.8658314462368742,2419.8889536864167,1378.8879594042858,961.9280269594842,0.0,0.0,256.351748266487,58.77525891668795,86.23625912729698,102.02166692486038,94.40473395212291,84.0899099507628,92.5731120356669,84.04066246137309,90.26547024895866,81.6309164069688,74.44689801691746,95.29842544221097,76.91997239234533
1004,1357.3174075696113,1384.5387765249163,0.6691281184702781,0.20857017348576082,0.06288549949857368,49,0.0,0.020446904113006373,2.2508397583049753,-0.8808614445636503,1357.3174075696113,1384.5387765249163,1104.2344636224047,0.0,0.0,257.2058253291623,58.77914357611876,88.66265454666365,94.8837823491084,125.73403323254074,96.83441690957858,118.22591755845514,91.34495263399631,96.75002080441058,102.95024314509614,119.68946807957877,84.89787738945556,84.26109697352089
1005,1763.3635616294937,1386.7111063791779,0.743820313453232,0.020585255310238717,0.27620925225489346,49,0.0,0.014928993502681976,1.2066972864198775,-0.20399584026816026,1763.3635616294937,1386.7111063791779,1812.1074182497423,0.0,0.0,256.8794214044863,58.78013022808187,160.724566884872,165.56216937771268,170.7565543172394,178.73833506201908,171.60888232187247,166.7148076659774,176.35220589960485,162.9354044913087,162.88313765724675,146.16445080261343,149.66690376927556
1006,248.39802741045605,1386.3175543959478,0.24891908467120163,0.5599546397513109,-0.09948981075421597,49,0.0,0.015570426731908766,2.5827188561792735,-1.0301928332272123,248.39802741045605,1386.3175543959478,1134.667981701751,0.0,12.74335783778027,258.09712733113355,58.7754633544188,92.79666213156136,102.55242776611409,104.58133893928954,108.63874194000739,102.8432830767239,105.64995517221399,104.65792877027252,118.48372857316912,97.13427786557386,110.39284240708561,86.9367950597395
1007,1865.9983765484126,1385.9167748751008,0.5963888083199655,-0.20582221133874545,0.15651530704323766,49,0.0,0.009614248714999262,1.0305702526954708,-0.03269400610086794,1865.9983765484126,1385.9167748751008,818.3383383076739,0.0,0.0,256.7969187241259,58.779689362626975,73.50141113860897,81.50230773012743,72.70596081756949,60.79035490392002,82.74141608622415,61.993221537931475,86.11253575992848,77.93609274063016,84.43577282412622,84.11773522956744,52.50152953904012
1008,1054.6492372141179,1387.4400162206055,0.2893533791203306,-0.009441223391516748,0.1798873578624461,49,0.0,0.009618045390172174,1.1357046111511753,-0.13816347274047508,1054.6492372141179,1387.4400162206055,1065.4154501829075,0.0,0.0,257.44913357154286,58.77975546400309,112.82799318400454,106.83933087490686,93.41390760338939,79.25415868606208,90.44257068040488,89.13320317102182,109.87403901111455,106.88403957494532,107.20971044384478,96.25032706023981,73.28616989297376
1009,298.9169920470579,1389.7002778761694,0.5095656613211653,0.08223034995292326,-0.10441694138720481,49,0.0,0.011538233898307803,1.1082195772999972,-0.11156454484815312,298.9169920470579,1389.7002778761694,1113.1227384371853,0.0,0.0,258.0565731974244,58.77720760263436,96.5070960791472,113.01962588141538,117.79551908627641,105.33241173811984,88.90679828602474,110.69606282257772,95.0169027222961,88.38155867482203,118.60846525992679,99.1469988604612,79.7112990261179
1010,2915.969145216615,1389.3626854098193,0.33333533227214285,-0.03567106959823454,-0.13424133146707737,49,0.0,0.016449084406366,2.335243814951117,-0.9208305762382021,2915.969145216615,1389.3626854098193,1220.9213210625135,0.0,0.0,255.95295771358113,58.7769761423817,94.76143292668192,114.56626097527337,122.76541385412133,123.30831201174396,98.11512373063036,98.11592884155998,101.8857275900706,125.8646228389398,121.38626828909736,123.97914683821776,96.17308316617707
1011,623.1297767147418,1389.6284336323417,0.5357088011588401,0.29566780500183887,-0.05141363115766496,49,0.0,0.1193832559705496,18.37385024083588,-3.16050043065816,623.1297767147418,1389.6284336323417,2647.761867443904,0.0,0.0,257.7960039350762,58.77902431647853,245.8001151588078,242.693256965397,235.55809413018756,238.25978874605846,216.3253359498324,255.06111507150973,275.5102462085681,242.42381256128624,235.67463427563985,265.0186515648943,195.4368168117228
1012,1764.347770611204,1390.1991997351904,0.49122744727862433,-0.18554405093669024,0.3165064106780233,49,0.0,0.02684853261117833,2.6654343005229197,-1.0644199555017284,1764.347770611204,1390.1991997351904,1896.4746745043005,0.0,0.0,256.87862471066416,58.78158278923858,166.23876166466852,167.72943677028528,182.0944415204698,176.6870698937174,187.72918040892435,175.29884376790721,184.49072509572676,169.98602740939666,178.76583804835735,155.58751497679634,151.8668349480506
1013,1367.7097138694876,1391.433695644622,0.4046329751485292,0.015069637521436008,-0.34025262206681794,49,0.0,0.009704029980296531,1.069770243417793,-0.07322628362832138,1367.7097138694876,1391.433695644622,1030.2264695411925,0.0,0.0,257.19748702994497,58.78202880087174,91.49855205524429,80.42921628322433,103.52527418493989,86.19662564956164,99.09756005163943,107.79379343623887,96.04512195078937,100.93871853326837,92.86912641006788,94.72528267522614,77.10719831099223
1014,3076.3958870631877,1392.1511944787267,0.5342311110036015,0.0669415010167879,-0.18639727511399554,49,0.0,0.008482106873076264,1.0512045019479554,-0.054218030384603016,3076.3958870631877,1392.1511944787267,1099.4678926547058,0.0,542.5740962990509,255.82400046500067,58.77701867207316,102.86874792044244,114.08632923712358,133.43887480692254,127.31575972584605,133.3665090522128,74.2567417448609,65.37185364658102,73.80847405196414,117.8578326471855,86.76603482341156,70.3307349981551
1015,2099.6708011359915,1394.8818086721913,0.9149407105358079,0.1380701837498825,0.15348330071946226,49,0.0,0.02573013203549123,2.5065689252505696,-0.9976991281919754,2099.6708011359915,1394.8818086721913,1022.725348707263,0.0,0.0,256.60903965953304,58.78297806207404,98.33280750032293,91.32502708885366,93.99401192019425,76.92446240140094,108.86799864883605,91.83237155545065,106.8528286246542,88.38025938048794,105.64755721477303,83.5661076843713,77.00191668791797
1016,1152.9682628536752,1396.5538804119303,0.5192821979767449,0.40007961833401967,0.3387158001131329,49,0.0,0.010674812478642675,1.389035016060506,-0.3567829849167075,1152.9682628536752,1396.5538804119303,839.6434280760039,0.0,0.0,257.37013998714906,58.78379695685512,72.40918735221365,76.25604674827706,88.59977202963245,68.37353466814857,77.24511123605976,73.85944250518705,71.92024068501533,75.39783039711368,77.13813574326751,100.9717573288664,57.47236938222248
1017,2509.510008756377,1395.922104847176,0.5325883820509312,0.29195372673116776,-0.14267739391880374,49,0.0,0.048818439261734,7.295482783710374,-2.157635092309,2509.510008756377,1395.922104847176,1496.8169076401996,0.0,0.0,256.27957211289026,58.781968773638674,145.4838560571723,140.4771611690025,125.46951834511775,143.04137454313343,142.5351504947037,120.62083826406389,144.912986890407,140.68696899844923,138.99274727813156,152.75944982914686,101.83685577087138
1018,2847.476683558468,1397.4302628552946,0.5540693533193404,0.8459700323440309,0.017012850268413662,49,0.0,0.03583730429436492,4.766523352942797,-1.6955043128275913,2847.476683558468,1397.4302628552946,1364.1656735445672,0.0,0.0,256.00790388623284,58.78077573413775,122.7351263528343,118.72365016395281,124.11399980920329,134.12159722177333,127.41006522705663,119.3745364263512,134.0912868175558,126.9313812881287,140.4255128105786,126.72895155706969,89.50956587006269
1019,1044.4296637911045,1398.7475681955696,0.48042207897302747,-0.4246560731781681,0.2815613711173052,49,0.0,0.009561488454911943,1.2163797885296257,-0.2126729881446805,1044.4296637911045,1398.7475681955696,961.0901936903406,0.0,0.0,257.45740911362236,58.78443864136356,90.06544812226889,101.26056123539125,81.3795874833205,89.05365233316667,101.36093849050462,85.92749148864846,94.19375166114273,83.39364119052088,94.01006913849108,71.92345408854277,68.52159845834268
1020,1992.6502046688831,1397.9087933236256,0.7027029430882686,0.5669650403802151,0.12468215972994004,49,0.0,0.026544758825740686,2.908518741376393,-1.1591796664251255,1992.6502046688831,1397.9087933236256,1152.757398863567,0.0,0.0,256.69506435164897,58.784477751938134,105.92101540913,112.0619756799199,86.28548448228052,101.27873004003803,99.56489959096314,107.97627080421117,122.60333862752216,98.16807418375276,104.59629456106539,109.86017641363863,104.4411390710453
1021,2400.382691265274,1397.2504336817108,0.43249277349164966,-0.1643988690459729,0.03931818302221925,49,0.0,0.01683867292126346,2.227101036538752,-0.869349800124269,2400.382691265274,1397.2504336817108,1118.5476904408006,0.0,0.0,256.36728356317104,58.78298838358376,98.46314219859173,104.51503931047007,103.80774818510523,99.45205647918914,105.89152639757826,106.74069155351435,103.5365952404315,104.36782677566444,102.65572473056164,118.96409728236364,70.15324228733064
1022,900.7166907019375,1399.2918590360782,0.39236421760008106,-0.031304789604235606,-0.28446413089297357,49,0.0,0.012707219086352823,1.7167711282699216,-0.5867810023828421,900.7166907019375,1399.2918590360782,1061.3100389651074,0.0,0.0,257.5729476304736,58.784214208044745,91.36927775763606,97.267440822933,91.27396281720944,96.32290139631691,114.32154220012882,108.42522300992559,96.56672509681593,89.41235265022546,92.6074436427347,93.91439267170352,89.82877689947796
1023,2923.1962149697215,1399.2473993518197,0.31051968391349255,0.34007015773317434,-0.09272437404955772,49,0.0,0.008638602333966365,1.105627505259438,-0.10902208582469816,2923.1962149697215,1399.2473993518197,920.0232282202952,0.0,0.0,255.94702365847493,58.781046404954594,81.71854361064688,86.71172448344436,66.60456446630172,85.74047425061588,88.04518262232816,81.97369119810699,66.29026362991942,104.25204430548604,86.23502177113645,101.42484979182282,71.02686809048649
1024,758.6094543351016,1400.2076174044078,0.8731599237444126,0.15571321427323148,-0.10588709587866951,49,0.0,0.014693001482811427,1.2146616940627715,-0.21113833915593594,758.6094543351016,1400.2076174044078,1164.4413048775912,0.0,0.0,257.68719526901316,58.784048046345866,102.44904115654408,123.46895065799023,93.3013223005988,100.14828522400538,110.16405723608028,94.00497989095902,117.36039198998157,106.75208386981032,116.26311584167948,109.67016067306565,90.85891603687622
1025,209.97417416313766,1402.4328154491168,0.3876267048426867,0.261524098633803,-0.6628293275499002,49,0.0,0.02164602494913402,3.3369019330720726,-1.3083586088219687,209.97417416313766,1402.4328154491168,1273.8668177104855,0.0,710.8147861276246,258.12821999603284,58.78191340690443,92.18323619169264,146.44767301297887,122.72046069465324,99.28102767009078,123.62417862583123,108.57917966595839,98.55457605795084,130.03267548827813,121.41815282708919,125.64837688324906,105.3772805927133
1026,2739.482114769417,1402.8748700465783,0.5400329221363399,0.2532979097496149,0.5639369612028293,49,0.0,0.009373279947062968,1.003771749568801,-0.004087421533478868,2739.482114769417,1402.8748700465783,844.2217182865745,0.0,0.0,256.0946448928965,58.78368809316908,63.91896636491259,80.53347786246997,64.72451376239941,74.20520748158808,78.52113970169995,81.9302835208118,80.54342411045882,78.87220279042992,87.04687907907896,70.01500128281464,83.91062232991037
1027,477.45260945301015,1404.4707965244008,0.5636147704513187,0.4693633975075549,-0.23688272178383757,49,0.0,0.07334636299997793,10.19279419962777,-2.5207331389003724,477.45260945301015,1404.4707965244008,1985.3653848509534,0.0,0.0,257.91324961067613,58.78444308537194,164.46314433990545,192.81398879918345,201.41812652244096,194.21549557040584,163.7757634349408,163.71773002239493,184.67481293443103,186.6460298291703,179.7932370809836,206.85799693189335,146.98905938520372
1028,2457.6292270372032,1406.3119070425132,0.37774118788440203,-0.25780493818506345,0.11270374896885466,49,0.0,0.016360550766547473,2.49444708699841,-0.9924357399520446,2457.6292270372032,1406.3119070425132,1132.704031199147,0.0,0.0,256.32118994877527,58.78652658496447,91.70106251189087,91.58094302751475,107.99364014623796,113.78040901743394,108.50323019612107,98.42682735352939,94.13281297995391,106.7979360289641,122.23916533479965,113.32460872858063,84.22339587412084
1029,115.0711790141916,1408.4175871375805,0.26395807000070115,0.14076436444576124,0.43421866272481247,49,0.0,0.004638260885676792,1.0044484429216312,-0.004819124663684797,115.0711790141916,1408.4175871375805,363.6222859972907,50.50752097672077,266.47082990679206,258.204579227568,58.783724298431395,32.88942466918357,19.74712906042988,34.687169252534645,28.919913583313985,25.428562642457603,53.12914188824192,80.1890655218417,24.77234704016155,26.600313718812288,23.759596445896246,13.499622174417306
1030,759.7331593143884,1409.247193340115,0.2648972501690057,-0.035313108384635576,-0.25471780530213345,49,0.0,0.017711444607428604,3.6454195365508526,-1.4043687918024195,759.7331593143884,1409.247193340115,1190.744930039959,0.0,0.0,257.6863653272393,58.787818993170724,108.64189580741996,117.69382765456281,106.53174919542795,113.63290383701272,105.77690822534451,109.17273262599421,123.26634248816427,107.03964275285539,106.65302053655702,100.39724886698436,91.93865804963568
1031,2250.662457607737,1410.0834994353995,0.5278200718792556,0.3924987821344147,-0.030575676575266518,49,0.0,0.03121347542513303,4.6213213827252515,-1.661915429785611,2250.662457607737,1410.0834994353995,1209.629553565495,0.0,0.0,256.48756194695443,58.788877993410956,88.78133016976837,107.0594529934859,131.76403434034373,109.71485994294402,108.83977384081334,102.84432230262121,107.78038168474929,123.43786619673944,132.06572190164803,111.68504512517814,85.65676506720354
1032,610.8829036771227,1411.7963673512652,0.6275550536533955,0.3438263741157613,-0.1026034104628878,49,0.0,0.4735128403436722,64.62157305257146,-4.525943814091732,610.8829036771227,1411.7963673512652,8355.304175646668,0.0,0.0,257.8060591752776,58.788199834474874,757.0772136241112,771.452833172415,731.3938290095396,744.784675367073,828.8472490318558,787.2958803962838,779.316590408938,796.6948250594077,799.6961311151731,765.7449051992197,593.0000432626506
1033,422.98151425823727,1412.1451665012914,0.8379104341635942,0.7026071285888956,0.14206811139777475,49,0.0,0.024700731247546195,2.359592480008365,-0.932092508520624,422.98151425823727,1412.1451665012914,1437.4714495086255,0.0,0.0,257.957122711489,58.78732702224936,115.69593270839064,139.3392422866611,139.91901819285937,131.0554322052705,148.29892228403065,152.6247449836701,109.43881641589842,120.30473510727474,122.37451789225906,159.205819698344,99.2142677339667
1034,789.6293839231708,1412.8887248901192,0.4387823532270831,0.7150154178277494,0.07948276530469212,49,0.0,0.008411218428114318,1.0454176419644807,-0.048224561920053186,789.6293839231708,1412.8887248901192,893.3143046433707,0.0,0.0,257.6623577677316,58.78945965804605,61.86060276809033,90.14794995879639,76.021671120029,84.34234546246905,85.33318205121876,78.08598955980237,88.91376878348052,80.13461824940579,98.366128466178,89.03945920985521,61.0685890140453
1035,1208.3063452399629,1413.035175229856,0.4308634929414788,-0.18714793524531176,0.0015456398767017322,49,0.0,0.01497170961692368,1.7309193675131986,-0.5956920933457557,1208.3063452399629,1413.035175229856,1153.0155842967242,0.0,0.0,257.32571384937864,58.79078021760154,107.33605344492707,108.31796694649228,96.20347494401938,116.32523953327201,119.75642788644953,92.19622568059008,112.09615916496207,91.59916324296717,114.67930391680021,107.78101456153945,86.72455497470509
1036,1917.7089492215941,1413.5693637812103,0.6165764855040047,0.38226428406317053,-0.045237996610718194,49,0.0,0.8521031955121524,121.72655851675076,-5.2134633592748925,1917.7089492215941,1413.5693637812103,13432.606140451291,0.0,0.0,256.75526631466624,58.79113581716245,1061.8798573968086,1314.1297509035148,1282.743924024033,1192.2532163264927,1278.3123950511035,1216.9474955401706,1290.403868133551,1317.7872109689943,1240.5339515565895,1301.024457212026,936.5900133380067
1037,2149.7402095226857,1413.6349497857348,0.49326992107638057,-0.10498363269931059,-0.24840924733169686,49,0.0,0.016290540531008747,2.0033514299908095,-0.7543928509152453,2149.7402095226857,1413.6349497857348,1129.4399660581416,0.0,0.0,256.56868890986294,58.790660394096065,103.5532098221461,97.39819735534141,115.46397277351932,96.95776633173955,101.31288593943796,114.41723315260799,102.25541604251065,101.3327861605357,103.73520062230861,105.1130382186737,87.90025963932065
1038,807.9666410978947,1416.399316342849,0.7058014520445931,0.05691602644431568,-0.16518578487159657,49,0.0,0.014699797004608465,1.5008530981116257,-0.4408454651157153,807.9666410978947,1416.399316342849,961.3289840388398,0.0,0.0,257.6476410269179,58.79099583125485,92.73653895575629,73.28489258272906,94.42933983407214,83.02647302439357,70.70531733885721,90.22389034516183,77.95173905708332,110.35693423491239,78.97379521148534,105.98054759594349,83.65951585844525
1039,287.14092365220426,1416.8552543761575,0.6796295132393633,0.48076771740587526,-0.16387427582036126,49,0.0,0.046577899573811136,5.565661412908217,-1.8637919562265093,287.14092365220426,1416.8552543761575,1530.8371756993379,0.0,0.0,258.0663811639522,58.788443270988246,123.38610982546598,153.78010959031602,123.6228514447705,144.5796569825248,157.9721055697797,125.61112822186202,152.7812394166893,135.3878127090061,153.48016859092127,161.28710693516862,98.94888641283353
1040,1905.117501101022,1416.7625780906603,0.7640284395660683,-0.1464420471348538,0.27560852674503966,49,0.0,0.020055919798955043,1.871681979238254,-0.6805801473367539,1905.117501101022,1416.7625780906603,1282.198486765721,0.0,0.0,256.76538193052414,58.79248588859189,101.66173837477145,128.3809932525659,123.76470670080289,111.4050004648067,109.46921369692672,112.28536756115994,98.77094321101367,132.14550805629693,122.26070247171796,148.71991547325865,93.33439750240039
1041,1980.1844084851,1419.0392143422,0.5268032135037437,-0.2476619513864253,-0.15241948552563905,49,0.0,0.012599107210601016,1.5523888447444754,-0.47750128324498015,1980.1844084851,1419.0392143422,886.4725905391849,0.0,0.0,256.70500884302277,58.793306006306075,61.53663560997968,84.67867985340825,78.62501412523635,82.1143350990362,74.72614207398894,73.08654934156579,89.08240269784608,94.0325377072763,80.6227660236353,91.35436086183313,76.61316714537895
1042,2368.171626951832,1419.222384162835,0.6329366640247248,-0.20240715292185937,-0.2615937574207337,49,0.0,0.038402136450128625,4.4304038932270915,-1.6161083000972272,2368.171626951832,1419.222384162835,1426.9184257848392,0.0,0.0,256.39301444362906,58.792269038401614,117.82292237510383,130.31673195417292,124.5610537457513,145.40212227420318,144.67361036411728,126.82483714232825,139.60552180445148,117.06748439037843,134.93770775675785,130.01124179163133,115.69519218594345
1043,633.486627540619,1420.1133655701194,0.9902106005538099,-0.48880955972375467,0.106945389581151,49,0.0,0.016533954295609204,1.4029959136783683,-0.36764101529449145,633.486627540619,1420.1133655701194,971.9543628402732,0.0,0.0,257.78796426253496,58.79177550773247,79.15615698933462,103.05812558953303,80.64762289044955,97.14772820021332,85.11377801644181,95.3642619765472,97.70513784048953,86.82098934805293,87.15435795429903,94.73721910231973,65.04898493259249
1044,1744.194905295249,1420.8176363028285,0.2652303428833008,0.3466329561690045,0.09928784648152103,49,0.0,0.008532316220270994,1.3551537136350356,-0.32997139890661387,1744.194905295249,1420.8176363028285,992.3402648160941,0.0,0.0,256.89478318619746,58.794355912958146,76.6268917070848,96.49716007941036,93.52592850504237,97.19735978103043,92.52189048803814,96.41538423579951,107.79895630421964,93.24938480139201,81.58376006708738,82.70792347953247,74.21562536745697
1045,1750.9569182927273,1421.26811575587,0.5587071869874806,-0.08974495139052001,-0.2637631728455801,49,0.0,0.011752765279448603,1.509433069386462,-0.44703465123056424,1750.9569182927273,1421.26811575587,979.3238484750593,0.0,0.0,256.8893445194926,58.79453863721811,93.00680561993798,94.31491197621781,85.40746871195203,93.48169508602072,78.69963145982666,96.13487652965398,98.63364813316275,100.64164217557634,82.061340565873,80.53912624862161,76.40270196821639
1046,2606.2468249782532,1422.5122466944943,0.590177364527872,0.44250901333483145,0.015811176774707884,49,0.0,0.4877468434620711,69.92266103291153,-4.611544869500605,2606.2468249782532,1422.5122466944943,8623.702157721178,0.0,0.0,256.20155505386737,58.792583858627765,754.7048524256355,803.4831824845808,797.5991779690978,785.6751242405674,804.6304736752082,838.3001848882477,808.5901966986222,817.3537899688085,808.3205471581773,803.6587396766383,601.3858885355944
1047,656.6533940607486,1423.4638417363278,0.6934502144272768,0.20727802650287733,-0.13995040131158787,49,0.0,0.06276370881843477,7.8140381616294725,-2.2321888196741253,656.6533940607486,1423.4638417363278,1571.198183626202,0.0,0.0,257.7693675244592,58.79328211672061,159.8094018766796,128.2970224236277,155.28549179029505,140.42592073659574,159.96158689472495,140.06361804834518,143.4764621054754,136.3089171108246,144.90995808662296,140.4949342887918,122.16487026421925
1048,853.2653539702626,1422.9896993473637,0.39637122801717034,-0.38747081137314454,-0.08045455124580417,49,0.0,0.009437602965070098,1.289273203587308,-0.27586239081981306,853.2653539702626,1422.9896993473637,882.1260833439557,0.0,0.0,257.61126540380036,58.79391608884743,71.27022884940226,84.14619996384351,91.48424263305313,87.32811733632323,69.73499632259299,85.62333941565495,80.60706850965096,78.73532862392901,77.55685986312756,92.08376195298598,63.55593987339214
1049,2470.813638130144,1424.3886987651877,0.7326052626034031,-0.4566995402634601,0.23963024122312987,49,0.0,0.013572031019768208,1.2239023551696753,-0.21936692625877413,2470.813638130144,1424.3886987651877,1431.3569310364671,0.0,0.0,256.3104384347799,58.79400106250703,120.01836657580105,131.41984503737763,132.8641207216302,117.10315242020438,144.3949528829017,116.36668816830738,155.99274773823842,135.71945284554593,135.4735224059081,132.1494995017276,109.85458273882475
1050,2477.473199474533,1427.6235959018054,0.633515708581471,0.011559437492875151,-0.015028396912193457,49,0.0,0.04544566242648201,6.069388032727499,-1.9578622600572135,2477.473199474533,1427.6235959018054,1529.0798656486713,0.0,0.0,256.3050559570148,58.795319730620754,124.663603883856,147.66597751559476,139.42917686664993,130.24451276825383,144.75216660296059,129.16173590144152,152.27909447221623,147.59272632987444,161.71600724727168,139.17827266985626,112.39659139069602
1051,2981.7053661259965,1430.6799955354784,0.7323688332699244,0.20892688232515857,0.4282970943725258,49,0.0,0.012796924867627707,1.3734822718931623,-0.34455764543320194,2981.7053661259965,1430.6799955354784,936.3253751201462,0.0,0.0,255.89958023945897,58.79374540472819,80.85456632076281,103.18994023630677,83.29400284066624,92.91382631509018,88.8123816548366,93.20033913169927,80.91363026001329,86.92510622496883,78.95542883210125,79.23467204338911,68.0314812603118
1052,893.9295595619312,1433.0487521092844,0.2514984957634247,0.18230813775350826,-0.09012221111833878,49,0.0,0.006327849130014805,1.094753884529435,-0.09829123719912743,893.9295595619312,1433.0487521092844,771.5440439049348,0.0,0.0,257.57863433489206,58.79825499959199,57.83196947265333,81.58164617224676,88.0558888421786,71.57592640892162,71.62160849781787,67.693590437274,77.25870692052939,60.72242748476229,66.22641467388236,75.44822156301683,53.52764343165178
1053,2842.3170903528444,1435.303314133575,0.3356890116308135,0.49221166278688144,-0.014255737176913539,49,0.0,0.007548736974712905,1.0502602318496683,-0.053242303040439705,2842.3170903528444,1435.303314133575,847.0454657355621,0.0,0.0,256.0115965771307,58.79658584149831,78.90533242432505,80.49621918945408,76.69951891372062,83.37919288189991,63.808569798558445,74.20246557441675,79.36552564295647,86.50868369585169,91.86853100330733,65.23660070109432,66.57482590997729
1054,2809.9689884149902,1437.500367665608,0.5695089805863931,0.4399870777140399,-0.07363879413215282,49,0.0,0.4774891101832499,68.86464017031528,-4.594990706409161,2809.9689884149902,1437.500367665608,9064.118988013393,0.0,0.0,256.0375821860844,58.7976994707652,743.2160835704161,874.4807886669795,824.4549758181695,877.3358044417466,817.4500586180682,852.0108154029701,869.0530638667803,883.6745792355798,837.9479617394254,868.6189132969855,615.875943356273
1055,330.2755896289496,1439.3091378306729,0.5728914919211751,0.5360569355979934,-0.041137198683867046,49,0.0,0.24447409943534937,33.71610524886482,-3.8195935021727956,330.2755896289496,1439.3091378306729,5704.681560082525,0.0,0.0,258.03198070472257,58.79807618909651,473.4464651944006,496.3038868064906,538.8063991733252,521.2611892877798,519.7315171604122,588.3845107671975,498.3267497440853,558.3532519021956,566.473912219623,549.2784663971701,394.31521142984536
1056,2651.985401244571,1438.4704664904698,0.49246729544940104,-0.017979902717169566,-0.13190125526785473,49,0.0,0.012253892658433435,1.3997042645612174,-0.3650907144875769,2651.985401244571,1438.4704664904698,938.9405099566422,0.0,0.0,256.1646167127658,58.798997074270595,86.52695213257512,95.72652465567093,75.19688941736791,80.5839364072495,75.63331589565718,89.54165183916797,92.23057302640996,93.43544116301052,88.44874509971474,97.87809507313003,63.73838524668844
1057,1545.1830152873094,1439.93899345768,0.5751647239098118,0.5401120478747168,0.16691193968631646,49,0.0,0.009626308551526805,1.149554969042973,-0.15132435763277446,1545.1830152873094,1439.93899345768,1100.3687771922587,0.0,0.0,257.0548393155614,58.80236712001235,89.9274844927879,116.82646803306788,88.10636190951638,106.20762829967875,102.764135871609,85.75616047461392,100.59303788578177,112.39859855103445,109.23586361621294,102.26771104029697,86.28532701765867
1058,1535.5974496309577,1440.7721382772725,0.6745463767188913,0.12154682950206831,0.04089471962574419,49,0.0,0.04907260805124303,6.034420638559029,-1.9515889501451056,1535.5974496309577,1440.7721382772725,1522.117420734533,0.0,0.0,257.0625503502906,58.802711379995564,110.85547128296457,164.16168668727994,132.5303673960534,153.21914787971798,129.8572033351108,135.6522109689169,153.20310132409668,142.46762432209056,143.4722869826574,148.04812847162594,108.65019208401881
1059,1568.5020164061577,1442.012506382721,0.3272898617995408,0.7548399936354847,-0.6127351745016629,49,0.0,0.011797948258784855,1.6610600542959397,-0.5509633357610302,1568.5020164061577,1442.012506382721,1073.464627687401,0.0,0.0,257.03608243089684,58.80323617651846,102.91747640735605,100.13221457269924,90.2463554626617,102.19226753063649,99.81807869552239,94.06839268219989,113.54109559107621,91.40317057474735,88.70652709633023,114.8244208345162,75.6146282396552
1060,1777.2157027881217,1443.4729725747404,0.5080449405437415,0.5490800106856775,0.17801827702956677,49,0.0,0.02881834386916571,3.778778383251169,-1.4433785557032328,1777.2157027881217,1443.4729725747404,1309.4026832869572,0.0,0.0,256.8681891840862,58.80376913132397,109.32317201039206,136.70337163292584,110.3030272090544,133.6786066125792,96.99822336723588,118.42858814753448,109.76319191878068,118.18318542093695,147.19171457222566,128.03386078680694,100.79574160848517
1061,1675.2376737762247,1444.5694833161442,0.5655357765306388,0.4441206289924191,-0.0360886905568367,49,0.0,0.02260228316781662,2.898443035908851,-1.1554119236321174,1675.2376737762247,1444.5694833161442,1169.4805588078093,10.638608978693934,0.0,256.9502215464755,58.8042901680878,112.55410173604812,107.3367661740809,105.06872955744171,105.87723106987295,124.92366052465562,99.23694317312216,97.61959563696118,108.34313893321186,104.42546960109325,113.92636871232423,90.16855368899706
1062,2467.7271088218126,1444.9808102759187,0.8705721752213705,0.5605137521116189,-0.15672138096491373,49,0.0,0.011618643421520863,1.0496682420499344,-0.05263014430890726,2467.7271088218126,1444.9808102759187,816.018762223576,0.0,0.0,256.31274778942765,58.80259387247707,85.00867737449434,72.54572916288396,70.98954082415254,78.81023939643629,72.29314906620121,68.03208830924437,75.7473937903631,70.92139853396307,75.26077745769982,73.28423437225811,73.12553393587923
1063,1179.6822636816119,1445.5260613031642,0.7399453488938116,0.4511803754851368,0.07966024996280897,49,0.0,0.012702746418647583,1.3519428741587107,-0.3273958526053975,1179.6822636816119,1445.5260613031642,903.8155497467362,0.0,0.0,257.34886266791386,58.80425963384946,78.67574375750725,90.91512895193239,83.33083609189097,79.5179976903431,83.2902016397766,90.58872806953121,81.179962023932,85.37412607503484,92.49373084644003,75.04441932169998,63.40467527864773
1064,716.0057914527497,1448.0650113030129,0.8188261310132283,0.420802294225821,-0.011226377784900786,49,0.0,0.02408288947721704,2.694803413453223,-1.0763177219826616,716.0057914527497,1448.0650113030129,989.0573895929329,0.0,0.0,257.72185274739667,58.80380318373678,94.97784487036424,104.09269367690698,87.43494810124965,81.9266689696972,87.75763872632598,97.58792033005864,85.79945511257615,90.75030838491948,95.82591342702716,86.63693967673734,76.26705831706983
1065,520.9473116610175,1449.338859779903,0.6984414014633041,0.672453210535259,-0.07414210833951258,49,0.0,0.04211454425986083,5.12836713599766,-1.774947771108453,520.9473116610175,1449.338859779903,1308.4962611639614,0.0,0.0,257.8787542119227,58.80337543173175,117.1780091566711,114.79162473714723,102.18583202965065,130.09884123057603,130.057450311026,122.04293054751223,120.76440409900098,110.34091560290514,127.20727675102253,130.22976050536562,103.59921619308393
1066,682.7212070664784,1448.538649752234,0.6025409243179677,0.39223637895465086,0.19075415781238525,49,0.0,0.014514337171491082,1.6143902984637684,-0.52002134761565,682.7212070664784,1448.538649752234,957.5327821184161,0.0,0.0,257.7486290106395,58.80385043331665,76.55316097137944,114.03596608596798,84.63696872319059,84.83809030280804,86.0781394269579,85.29563255736709,81.25761481669336,88.69058390362358,85.20385566126524,100.71348601341829,70.22928365574452
1067,1850.1695081160472,1450.145850215949,0.4013793195197856,-0.2700765998910435,-0.3179009168221247,49,0.0,0.007618628353913313,1.0145576404712326,-0.015691814543357694,1850.1695081160472,1450.145850215949,839.4333401693916,0.0,0.0,256.8094879229114,58.80647164844001,60.73470401358054,81.32649904963984,74.65187377898373,74.29517947573869,86.07537583368841,74.532701391724,84.34242627250518,70.8374945262328,85.44128679257565,82.72404995806775,64.47174907665494
1068,1984.1031373181659,1449.886885634385,0.8046732247624327,0.3221950354493885,-0.4033257451451759,49,0.0,0.014847323336108036,1.5368678078065336,-0.46659128421919094,1984.1031373181659,1449.886885634385,900.0349259741288,0.0,0.0,256.70174317498663,58.80615151668795,85.5940004984555,84.91874485917582,84.31695851034968,92.44899041616607,98.91962170719347,71.76154189120246,75.88600228169668,73.47487778148113,83.359469326247,84.02928214187155,65.32543656028948
1069,898.380980527787,1450.3755769470172,0.44798725443526943,0.08825864726878666,-0.3785213573225724,49,0.0,0.01583241550741243,2.2188237174828123,-0.8653069987462835,898.380980527787,1450.3755769470172,1159.2198988226264,0.0,0.0,257.57517190370305,58.805489834622804,97.99878382900468,101.17641797786956,112.48298304374514,89.63372802665234,132.70760764585467,99.27506573456994,87.67683368159977,108.19366681299326,120.43800104631943,114.88974440921382,94.74706661480381
1070,1119.7187643798209,1451.4900789774017,0.5668974050536233,0.21222017399786156,-0.11354915091303538,49,0.0,0.04950362680459573,6.8196434689721,-2.084404175825406,1119.7187643798209,1451.4900789774017,1552.9917606810557,0.0,0.0,257.39712563545993,58.8066093149475,148.27199331224017,145.89156830010842,148.0248972579683,115.0663565613182,154.4099981541671,126.05499643269823,144.09526621096302,138.5199803327734,161.0188934095252,167.93402491292434,103.70378579636929
1071,1936.4196712658709,1450.8747091959867,0.677588664799144,0.21036438984719147,-0.25319906168501327,49,0.0,0.01479472326461677,1.6704798441391049,-0.5571030996181431,1936.4196712658709,1450.8747091959867,908.9604170837782,0.0,0.0,256.7400995977272,58.80664895439587,78.5991004783705,90.58885601870008,88.42773287041749,82.56894079765416,95.33383310009525,68.82934238729358,92.37384267460152,92.25225252119299,88.83494032391717,66.64766814204143,64.50390776949413
1072,2268.4506280244264,1450.7674543378466,0.51191399986271,0.04937840939277474,-0.06973150473393593,49,0.0,0.03311137798463983,4.9115482974871725,-1.7280460475471409,2268.4506280244264,1450.7674543378466,1264.5053305229435,0.0,0.0,256.4729970972616,58.80577024116911,92.40935837209324,101.76306140062559,135.26893905347583,131.23633793786132,121.17535002524231,121.53127758227797,118.69893622453907,115.53258387397369,127.23450916201465,127.05009339838364,72.6048834924562
1073,2311.669776489937,1451.1886642266159,0.7044597409966931,0.22832110144618387,-0.016615673262634512,49,0.0,0.14126862230658377,18.209955303820976,-3.1507721995603735,2311.669776489937,1451.1886642266159,2514.28995076273,0.0,0.0,256.4382279564203,58.80579659844415,219.74907699680725,235.44006022520273,212.53484095613132,242.24524506085902,224.33236270833822,229.08168821871823,217.75243254018454,260.64458952300447,238.78045206602494,248.0740836502343,185.6551188172247
1074,1440.8258573173157,1453.379219709586,0.7496162279981357,0.20324646863311815,-0.09738760203095448,49,0.0,0.011801095005717334,1.1473298064790811,-0.14922069066728963,1440.8258573173157,1453.379219709586,885.3761365512012,0.0,0.0,257.1388035418908,58.80791106183699,71.12410557792438,87.08032754587113,90.03392545370478,89.87372513632744,82.13124043202268,83.70120092104507,74.6091679202678,72.12653798852061,90.75294114289045,81.86126808547287,62.08169634715399
1075,1557.2864082471797,1453.371012676911,0.9485361985842464,0.09200564073510979,-0.04095389686773165,49,0.0,0.030035885963876026,2.816921143587353,-1.1244367239747086,1557.2864082471797,1453.371012676911,1156.811026062907,0.0,0.0,257.0451091036184,58.80796677025307,87.68709003252025,103.2832753065565,116.2525853324458,107.20024840023781,115.38814981630735,95.50960248889182,104.35981821761364,111.21110224347828,109.48753948711428,111.96469314504375,94.46692159269776
1076,1615.0721077660305,1452.3080974236216,0.5074215939565183,-0.0008435700759874363,0.29859824121628764,49,0.0,0.010719960184273899,1.363248737972993,-0.3364377607777288,1615.0721077660305,1452.3080974236216,923.5262840194629,0.0,0.0,256.99861960898403,58.80752803108547,75.889862587697,92.01720486800382,83.23691244936563,95.20845908895393,86.03336980410432,62.31859912823473,97.51536548770156,86.21991709510262,79.34887700624688,104.32731968985433,61.410396814198045
1077,938.441532011654,1453.6379333246944,0.6045479657648475,0.37669668664734335,-0.13839159053407551,49,0.0,0.05360445697263637,7.218381565548689,-2.1460995881270977,938.441532011654,1453.6379333246944,1599.433112481988,0.0,0.0,257.5429674596444,58.80698582930848,160.7672388307046,158.53386163870104,154.8698445045751,140.1397753432538,146.30793559286963,126.52357268988816,141.3372820053265,145.39575737312623,164.8037201649919,139.68358731530017,121.07053702325072
1078,2623.896948630335,1454.8737574965094,0.5564550284527777,-0.2681155911650791,0.48437818050807135,49,0.0,0.02083412446878192,2.322019973908089,-0.9146648779990187,2623.896948630335,1454.8737574965094,1303.0018904053813,0.0,0.0,256.1870432784145,58.80597684605639,122.13078117049326,134.18693571009032,124.90301198445712,115.14459744649713,112.05376553213726,111.99005698345417,131.47367607153222,124.88260478396333,127.09291951303621,115.9023620223671,83.24117918735338
1079,599.9535622143474,1456.4882494122428,0.5529669556168584,0.5351728867022081,0.09077303559116591,49,0.0,0.04125645924773991,6.030860134632503,-1.9509481414967034,599.9535622143474,1456.4882494122428,1364.5722063526696,0.0,0.0,257.8152780374389,58.80676520080917,107.71962769042096,124.24019060653288,150.44920505935045,103.89923159473089,138.78499541969057,127.26421975904658,141.64281294568912,119.12612086016321,131.5205682572261,124.62498897631193,95.3002451835068
1080,1387.8425724667125,1456.7917403508636,0.7261907639483993,0.16453682901818867,-0.5181809235339818,49,0.0,0.020365352288631396,2.0384460806313287,-0.7732480708121345,1387.8425724667125,1456.7917403508636,1154.3273339898092,0.0,0.0,257.1814362891205,58.8092835717301,103.91410884147533,85.2125403675571,103.19653411635433,115.84030413390744,112.81985485422828,113.14664128523205,100.80739653598991,107.06000357486471,118.10586380065857,93.71471097330847,100.50937550623294
1081,2057.0768934048847,1457.2214203671947,0.5601051290965146,0.3571506426764844,-0.04316040400443246,49,0.0,0.3044650145587767,46.42859205437186,-4.166963784747584,2057.0768934048847,1457.2214203671947,5508.314172379094,0.0,0.0,256.6430065828588,58.80905409354633,488.5864868877007,532.2009007056946,496.9866417936013,513.0236902958966,527.3351469012576,479.53060911342544,496.5739015535174,517.7222500369838,517.6774932320659,535.3917472985795,403.2853045603707
1082,3032.896010592979,1456.6380272676677,0.8799614685257287,0.8242501322159186,-0.11420431970908479,49,0.0,0.032386774341252485,2.9643141508400155,-1.1798105680612234,3032.896010592979,1456.6380272676677,1316.5966366152752,0.0,923.5067528815637,255.85806439888646,58.804198867675495,110.19035885410608,118.83557264462516,128.4556428852451,123.75044097505179,123.17061298135464,121.22306173454362,146.08807294574444,115.31268098455276,126.99187418704639,117.87254924942854,84.70576917357647
1083,1160.2988950635438,1460.0691165906503,0.733140816651342,0.36239614342139964,0.014986774505254348,49,0.0,0.019077755016288594,1.9536793685063654,-0.7271332255880409,1160.2988950635438,1460.0691165906503,1009.4780886332461,0.0,0.0,257.36451680296886,58.81027735998572,89.71401428674801,100.35984239891815,87.77910640587018,93.90495563569712,96.47130223792534,86.7729853814892,84.05946116519043,84.9018329563676,100.06766621093686,104.5365268250809,80.9103951290223
1084,2441.594822998017,1462.0017286894392,0.8846878068513282,0.13616739975987938,0.29778912877246216,49,0.0,0.013711887977428706,1.1230433985060835,-0.12599134828395958,2441.594822998017,1462.0017286894392,964.3696772568001,0.0,0.0,256.33362813068624,58.8097971046728,70.77387922875849,98.7900194570142,88.12449789911658,76.22593973421391,88.73626681463125,92.89880722209847,104.30957254861548,95.6430267018311,90.3592485485968,101.20314314425514,57.30527595766874
1085,535.8170671230312,1461.870222181003,0.6111928238877272,0.1869390990853535,0.31764856095187516,49,0.0,0.008192084923422464,1.0012340040341765,-0.0013389768750978628,535.8170671230312,1461.870222181003,764.066833757704,0.0,0.0,257.8669235044268,58.80867601147475,66.5173871127985,72.79137191861942,66.04296138311865,66.59757064347113,70.64575832939276,69.91653660625944,52.752443226320885,70.84881349647438,80.74083504626304,80.6180888507964,66.5950671441893
1086,1490.8707888458148,1462.4986509860184,0.9265236809961302,0.03638076140583616,0.21359567079225572,49,0.0,0.02344743912650924,2.1162274085518757,-0.8139058372506858,1490.8707888458148,1462.4986509860184,1072.6805028497633,0.0,0.0,257.0985512921347,58.81174454191263,96.82966770271203,98.65482774353364,99.63760645213152,88.46706804162139,103.50128231371994,105.33933155528136,94.98561959910475,91.65872758856806,112.34385787820662,95.2530670090598,86.00944696582422
1087,708.0738987859932,1462.8999633524825,0.38099826060245634,0.35957273343160934,0.1965485359772149,49,0.0,0.020852809650056304,2.879033953620415,-1.1481169668001325,708.0738987859932,1462.8999633524825,1246.0071441978712,0.0,0.0,257.7283607058386,58.80994865853952,90.15216912374338,110.68368766167603,124.26805924979382,100.14592471897238,105.902297680752,121.79267932939737,119.46726101651544,134.38863076127427,128.1502872843062,128.41178658364703,82.64436078779316
1088,1232.253465542267,1463.0989605109687,0.33043837638820445,0.3419154222427012,-0.3106119844076632,49,0.0,0.011788576059634038,1.7748467663612086,-0.6229021591165684,1232.253465542267,1463.0989605109687,1004.339341614947,0.0,0.0,257.30663603926837,58.81168535844111,89.61332182464568,90.03805219763262,101.01075764680664,73.67074152099352,83.44990120712094,92.55143186513465,79.99297629633841,112.10784727400204,107.88237059758279,91.49331096339036,82.52863022129932
1089,1607.2167443201245,1468.6939381934073,0.7640610113394577,0.058837883158218224,-0.184799891776115,49,0.0,0.03462224274615387,3.904755759470509,-1.4789846853978745,1607.2167443201245,1468.6939381934073,1173.2972086566383,0.0,0.0,257.0049382467767,58.8143558761001,105.81209609426136,106.08201121747425,105.83305833233689,121.4320018020949,95.38242091894196,106.7602839243771,118.25179578234233,105.46851685170321,116.97077750414095,105.6847940777609,85.61945215120446
1090,1467.698227976089,1470.198953195147,0.7289103761623004,0.007555897126468855,0.027744244834838,49,0.0,0.0587282779510123,7.124072644712179,-2.1318208483693626,1467.698227976089,1470.198953195147,1622.4416891407598,0.0,0.0,257.1172059226797,58.81493893251261,128.31338716854285,155.58943007783628,156.03278376831628,137.24686144941816,154.4931040519449,133.36123064792264,153.15657663147653,142.69567711800195,174.21009800662927,166.58011021588754,120.7624300047834
1091,1823.1986101918521,1470.7626689115687,0.44852909391119955,-0.5294975060168705,-0.0402108919875089,49,0.0,0.010670273771968157,1.4645968890814436,-0.41429526831575403,1823.1986101918521,1470.7626689115687,927.8874388081883,0.0,0.0,256.8311410175882,58.81509381789096,102.80940664828223,75.57430127831535,93.69704105019767,69.1654559111744,83.7485496612365,88.11225781040608,76.57523675970643,105.54926164435287,72.73780919113787,91.83700650040242,68.08111235297662
1092,612.2275785830398,1471.8925046599588,0.3296457470873297,0.19815569326806623,-0.2763563888274237,49,0.0,0.01134017470845709,1.2816244810799935,-0.2694019863487041,612.2275785830398,1471.8925046599588,1724.8402849731451,0.0,0.0,257.80555214180157,58.81324409551863,151.86628695960223,141.41738376248153,168.62910215002455,153.610374604293,184.1018256474538,151.13323480690065,148.55633038863675,152.86250554933315,158.32444487663057,155.50787638587755,158.83091984191128
1093,2829.8380120868314,1477.3096404311354,0.6302387388338433,0.647758293324491,-0.15777115350834525,49,0.0,0.013109404701273612,1.3928623629473402,-0.35977050827860685,2829.8380120868314,1477.3096404311354,906.0096034088865,0.0,0.0,256.02113178917097,58.81416297654919,91.45947250800171,90.80545397094696,73.27101461847778,78.08589986446424,89.01537162159248,77.55230190237751,78.3529545972377,85.72576073062142,78.23536773436956,79.90548992217862,83.60051593861854
1094,114.12847539455991,1478.7212756341144,0.864051327297061,0.2496323124003012,0.07541307342357118,49,0.0,0.009657051291949442,1.1801000215223758,-0.1797970457109074,114.12847539455991,1478.7212756341144,308.1422675948039,116.99141887484943,166.2072544584667,258.20634670290167,58.81300407729504,33.861819667245555,43.894733605768955,49.187713887469386,27.76412236224196,12.735903530279973,6.08801630374958,22.958787515819672,22.185396908360516,36.57906811397306,47.803007572008866,5.083698127886386
1095,589.2326326344472,1477.9152295097153,0.26960493832081456,-0.26743759836512226,-0.4284334142669867,49,0.0,0.01027056328619877,1.2862821108797213,-0.2733405741955162,589.2326326344472,1477.9152295097153,1183.9640354667667,0.0,0.0,257.8241113800688,58.81563823188473,102.18713364138662,89.070751232817,105.41516395271881,120.32162954939298,129.6533048530803,109.65165601879238,114.9676142713517,92.8502944254523,108.81397518564975,113.33708957016287,97.69542276596209
1096,2426.2943707692984,1478.1177628804326,0.6476607794419372,0.29459003556317764,-0.28605173011001234,49,0.0,0.038057982142209006,4.907644776568389,-1.7271828006023349,2426.2943707692984,1478.1177628804326,1187.8597437889007,0.0,0.0,256.34580848908564,58.816575485268935,107.9121369063931,94.551749133671,116.84065743530246,118.95591805566394,103.17096560655834,95.6581184745421,108.75713230193266,125.11156537326623,113.01850710237157,104.74635427750266,99.1366391216968
1097,511.93112267577874,1481.2218236500048,0.45693159304260234,-0.19803507476213256,-0.12714865727409086,49,0.0,0.009248891708375923,1.0634256773608335,-0.06676785633031301,511.93112267577874,1481.2218236500048,949.5223745497133,0.0,0.0,257.88634149450723,58.81660952794911,72.49280223760852,73.48051457671079,80.75506909311275,86.17561588024773,86.22927506812425,105.7922933434003,97.18624230981084,108.77816216990963,93.59745064404467,73.91170799595977,71.12324123078389
1098,611.0360769292424,1480.772509601001,0.7199701313574652,-0.18687947340250638,0.14799655706198717,49,0.0,0.023618817905362126,1.7800537802458523,-0.6260828092991654,611.0360769292424,1480.772509601001,2290.471299901542,0.0,0.0,257.8065957488768,58.81693783921745,216.4146554467997,192.70604887030095,235.89774705643566,194.7095130180146,204.5654842944089,181.81256192062273,211.42105785589666,237.13884216617652,193.25001969551894,237.4263853267172,185.1289842506502
1099,1212.9756391433932,1480.4355302770948,0.7670859825561199,0.1865433338837763,-0.1427860556570665,49,0.0,0.011733830828652373,1.1660240249793987,-0.16676874700193242,1212.9756391433932,1480.4355302770948,891.5792862213266,0.0,0.0,257.3222117707202,58.818872351476564,87.33368507661962,84.8269299692397,75.16859813529283,92.38672399551112,78.8501303436779,68.48344687532966,85.18008773872307,103.5150426443025,83.28323905574743,72.5763980086511,59.97500437823162
1100,2615.4581130451147,1481.0731180437413,0.5858580681852945,0.3075534250686609,-0.17054296933545518,49,0.0,0.15827290300162747,22.629304694294152,-3.3866780251795356,2615.4581130451147,1481.0731180437413,3222.4473927550666,0.0,0.0,256.19357403757874,58.816935165555414,281.0942951461739,311.34715123157275,286.4653543770004,311.82999894363445,302.84665469278286,311.19722763285733,301.6201496368443,323.61985526594685,297.86987209754045,306.5738879636058,187.98294576710774
1101,427.28544732914986,1484.2794984579011,0.48750671457654016,0.41447116192977657,-0.2489765108109423,49,0.0,0.04285256811749652,6.269106303585389,-1.9930140852965188,427.28544732914986,1484.2794984579011,1507.5100004744231,0.0,0.0,257.95448079854793,58.8174041708591,112.54596557448971,132.57047627301205,138.8762792565539,129.73138157133175,135.99302666143439,146.86072987087266,158.80599744092237,148.0390492744586,160.1672235614564,146.08268421079362,97.83718677909775
1102,1234.7074186668237,1484.1063511466054,0.6901698199079596,0.21539523402685667,0.07760464570782792,49,0.0,0.03653838898585644,4.179583307942606,-1.5528324651542034,1234.7074186668237,1484.1063511466054,1386.8135270968583,0.0,0.0,257.3047359511771,58.82044282301829,131.5551739811071,111.56969766451942,140.28611441745275,134.6004092180902,138.00835292034935,113.28054975817916,127.163778735542,129.80759592241859,121.93467596792978,141.326176193766,97.28100231750398
1103,2760.449557130927,1484.3104971041182,0.5793956520225237,0.49608302034358776,-0.12866377732667003,49,0.0,0.48035691675327546,70.4155536170677,-4.619171495298269,2760.449557130927,1484.3104971041182,8497.132267199997,0.0,0.0,256.07687785534523,58.81749455689416,743.871995438446,790.3973550884477,751.5549753847529,796.4520670821747,831.9984233282804,790.7719848991245,773.5180953915956,825.0982427611431,790.3647178213829,818.5003916380522,584.6040183665962
1104,2816.5054327499874,1484.1252702146783,0.36666183080080234,0.5294560297720766,0.055099916573903014,49,0.0,0.015019621690050717,1.9748317698344193,-0.7388252631410606,2816.5054327499874,1484.1252702146783,1038.2268007633415,0.0,0.0,256.03177784495546,58.81708400488121,91.26049929189826,97.9797758902378,96.29138599872616,93.00879838259897,89.30641666746251,89.05203808734427,85.18603677927183,118.31377743486351,109.45096257643318,92.0451545819309,76.33195507257402
1105,1652.9560382022692,1484.9871562037254,0.6372513033149163,0.3395306951803642,-0.12671323100487758,49,0.0,0.018368785584758355,2.036889364347129,-0.7724186012701456,1652.9560382022692,1484.9871562037254,1088.821019589163,0.0,0.0,256.96812511087285,58.821137935050274,95.64184328458506,105.27635962396008,88.68636766508732,95.08764054817318,107.48116538885407,98.77407086746783,113.79655106095603,94.60550360714002,96.06522426509349,106.26168994820705,87.14460332963873
1106,2266.464739915739,1485.3279107541898,0.30039905982472886,0.40071967602668157,-0.16456735057669933,49,0.0,0.00811511958494732,1.1659513993055484,-0.16670111993974415,2266.464739915739,1485.3279107541898,855.8329126271673,0.0,0.0,256.4743719705539,58.82017641577081,70.15499382009122,68.70517967798894,79.58530701615398,63.429277865198706,95.8925691732084,84.429831634654,79.892495582285,83.68196943233005,88.26552655224548,76.3480925285405,65.44766934447108
1107,328.1328983792352,1489.9912803196169,0.5963731525932604,0.6318945634581569,-0.12320403242370023,49,0.0,0.012301186243663366,1.381935937744012,-0.3512197774052681,328.1328983792352,1489.9912803196169,946.3214695347732,0.0,0.0,258.0343272388373,58.81917672764211,91.83701578105415,100.1891980219578,77.64479218484297,84.46869934851347,98.1688421767735,85.92856232943122,79.89368150392272,91.70459996865617,76.79490344748686,90.96309856178871,68.72807621034569
1108,1353.0162056843944,1493.2984186834096,0.9456200604239142,-0.07762971716270564,-0.3019841406704815,49,0.0,0.014955355441335543,1.1035055292793887,-0.10693628400134657,1353.0162056843944,1493.2984186834096,1154.7066070381347,0.0,0.0,257.2095430045609,58.82445447972638,92.91187464494678,95.82863829950782,134.01817983649983,97.62059868582915,110.62980405921164,104.84114302755715,105.19288163994109,98.96456552907526,124.60547484655235,119.85354819981086,70.2398982692028
1109,448.4706079115711,1494.1852476988795,0.5242909149631939,0.3225015596551617,-0.10225667526151265,49,0.0,0.08046410215745771,11.935101822255044,-2.6920653211669188,448.4706079115711,1494.1852476988795,2156.973458262115,0.0,0.0,257.9375455780302,58.82165433094098,173.42203757100418,211.08711797002792,210.67067881367115,200.40082744595531,201.71883211546594,177.8365704106988,209.61995057431767,209.13941046793167,219.81545603360615,191.1525502286202,152.11002663081592
1110,1582.6328554951576,1494.3299851579766,0.6891039379266937,0.14309451063708464,0.28093412211393615,49,0.0,0.010776268549858902,1.1080018534640252,-0.11135121720062417,1582.6328554951576,1494.3299851579766,912.5473616915958,0.0,0.0,257.02472450868726,58.8250368678344,75.17532841329422,70.18484208587279,86.71751107484407,85.47016144900805,81.63399205126427,79.6865042192522,71.11855163815139,107.48003080635732,68.55339781993727,101.34756586513858,85.17947626847572
1111,1698.125702497514,1496.9967924806238,0.9670597064934862,-0.42465759186573027,-0.12593251831815616,49,0.0,0.014959509613445785,1.2584449437829246,-0.24958555043741348,1698.125702497514,1496.9967924806238,934.8374887525281,0.0,0.0,256.9317601717986,58.82612496924989,84.99600586617206,92.06042044595033,80.68929101919244,86.61191664928555,99.14562765825026,86.82966170503062,70.0762545110131,93.27849052008497,90.73774600459527,90.72775308066383,59.684321292289724
1112,1088.0280506960928,1498.791348408201,0.37900247780722995,-0.021412581890091893,-0.7307342200181253,49,0.0,0.009516935394900224,1.2122430281978842,-0.20897423774557125,1088.0280506960928,1498.791348408201,934.7684751393392,0.0,0.0,257.4228540882117,58.82623888679343,94.75832479987889,68.68890757951475,90.68804185458804,77.65194431409613,111.25117004667307,67.46189745616317,81.88727655665284,89.33738316554343,99.11927710781762,83.99336418985837,69.93088806855283
1113,300.22097175127624,1501.1764987713043,0.49987333685120305,0.6055260046839467,-0.06084787792002907,49,0.0,0.12389632929339506,18.532549854177834,-3.1698379427136016,300.22097175127624,1501.1764987713043,3188.0314802213356,0.0,0.0,258.05692618027365,58.82365669939632,269.2081382782096,283.39876301356514,285.38702692277997,303.2717090000766,318.76302735109334,267.82683584119945,294.8757454660267,327.9630387508154,315.018051859971,301.73219859446436,220.58694514313416
1114,710.9503953899991,1503.8441380757315,0.5901449630348151,0.3625608881468205,-0.24276627412694277,49,0.0,0.0630000205782974,9.066519196267008,-2.393601463515658,710.9503953899991,1503.8441380757315,1624.7526810247407,0.0,0.0,257.7263990007309,58.82702021367991,144.26115977653214,157.3458435555865,147.8449585539339,173.49895093751292,126.51872468061315,153.9088004471124,149.35477512326537,151.53299149791246,142.8491329158469,164.22304943186427,113.41429410456078
1115,945.1112597979908,1504.1166692799004,0.6740139633760844,-0.08661832093564355,-0.2551357102014462,49,0.0,0.0156828632002535,1.746194711126384,-0.6052316712374463,945.1112597979908,1504.1166692799004,994.8695975512313,0.0,0.0,257.5379220611276,58.828039714874926,84.88986072988536,98.21428903388448,92.57717383417472,99.08326661218676,91.5263828738554,79.30363307783102,101.5395628807716,88.21359685250954,100.3473573419887,88.94403990376179,70.23043441038203
1116,1300.6614607488486,1504.6080544183728,0.284264444763442,0.05719142475564437,0.2490870018268122,49,0.0,0.008576326502930338,1.0712522450966475,-0.07472936278219393,1300.6614607488486,1504.6080544183728,942.355494870136,0.0,0.0,257.25171577638105,58.82909503077977,76.1447000533428,74.1995875980995,98.13344093968215,80.50097801841653,93.08392357787925,81.95783515483686,102.0153757771275,72.17444085054723,102.50264619555217,84.13138917790533,77.51117752674676
1117,1892.9850714616914,1505.345511989021,0.6608519417641816,0.2373040482298782,-0.24246187596221822,49,0.0,0.015957065207290292,1.7495372192468428,-0.6073079649918508,1892.9850714616914,1505.345511989021,982.4436684734852,0.0,0.0,256.7748876481377,58.829413210661194,74.71322234356803,77.57836848212031,104.3007109569673,111.08846886655954,81.07352349115445,74.72068657672013,90.55940655168024,115.57312677490381,89.24066827017916,86.02725491022727,77.56823124940497
1118,485.59258581050653,1506.2200041385797,0.6355529499643804,0.31266127882240213,-0.12376642860868013,49,0.0,0.19790971711862257,26.825836352812342,-3.571383177270566,485.59258581050653,1506.2200041385797,3792.8958415725588,0.0,0.0,257.90780304729407,58.82687888113894,342.15273160595876,336.7581026159053,330.6410003104121,360.16161781127977,375.923381967851,329.89377089237183,365.1727752100148,379.38943955791365,327.54698012938536,362.7671232252677,282.48891824619847
1119,2483.7847264290403,1506.8559495598345,0.8406043833817699,0.41706628665332546,0.06535497705767083,49,0.0,0.013529180290483027,1.3149744406363977,-0.2972932786453318,2483.7847264290403,1506.8559495598345,872.9834916853364,0.0,0.0,256.299303703581,58.828302850896534,87.53855538035273,85.61014552915123,69.85708089794052,65.60749928038896,94.79718424483946,64.5979762113972,87.27510252037386,74.041533919794,88.86756872418627,86.67657694580944,68.11426803110277
1120,1983.9510009572457,1507.3522514156837,0.3459166069472684,0.3168246886938509,-0.31879037306983926,49,0.0,0.010489202117740145,1.4976595169859777,-0.43853272649686903,1983.9510009572457,1507.3522514156837,931.5615079632246,0.0,0.0,256.7016523638865,58.83009534439791,85.63130455420827,99.3422272701038,80.46760582008866,81.76425697139044,103.29667335010977,82.69398654379088,80.33345437354751,86.4315612206405,81.72061618462024,79.87948233108764,70.00033934363692
1121,2396.872749712514,1507.2143376173487,0.5818301496257255,0.2794340329082862,-0.09227237884714459,49,0.0,0.06192384223463913,8.72840536120475,-2.352337268459881,2396.872749712514,1507.2143376173487,1598.5325292318257,0.0,0.0,256.3692584395947,58.82881776033762,130.44922855012967,119.30638137155529,132.66778966419068,148.7711110913294,157.83237449931795,170.72250730133203,156.49548217094406,159.5747671424859,161.34887857551703,137.93148857190408,123.43252029311962
1122,2163.47225011254,1508.3829617715078,0.520575373849991,0.1963304766616725,-0.006011099939802231,49,0.0,0.04354359627261103,6.411407067969052,-2.017383379099198,2163.47225011254,1508.3829617715078,1468.173685201517,0.0,0.0,256.5571313243471,58.83009926295846,121.55824176503037,126.6313395484223,148.0186572331105,139.67118617208806,135.63293112864926,127.00538913201441,134.2814963808849,128.17510737378177,158.77471131867844,136.4130540806055,112.01157106825161
1123,2811.2408389994125,1508.9365192958555,0.5364673191814725,0.5858822385569068,0.03289409019107272,49,0.0,0.06871536455891106,9.981059511638167,-2.4979416126459473,2811.2408389994125,1508.9365192958555,1876.9820868822342,0.0,0.0,256.03572294388954,58.82745250268555,138.86521709243058,159.28596313562838,174.27677569409275,175.68035584534223,163.2144101678137,191.74673136195688,196.0091540702557,195.99876456066548,189.0022322651751,162.61630148319796,130.28618120567535
1124,517.6322891290328,1511.7855210864873,0.31092589500566264,-0.3005910275571033,-0.09602397620093578,49,0.0,0.012392790062072095,1.9138711194361124,-0.7047817223138344,517.6322891290328,1511.7855210864873,1009.4266482745454,0.0,0.0,257.88207462726143,58.82937390802432,102.59510693084408,81.11866870876216,106.67793680377096,104.71512243211836,88.31979547721537,100.36426422267894,92.85547321833245,104.72065993085818,84.41866458949852,97.76296959480325,45.877986365663126
1125,716.862227831133,1512.3683706416803,0.46485935882954077,0.5936028139051385,-0.02446907279133859,49,0.0,0.016564543132359815,2.3577906575872376,-0.931263106339272,716.862227831133,1512.3683706416803,1091.8276147419833,0.0,0.0,257.72171359588384,58.83059795268473,96.76137207730386,100.37768033280696,103.50169951527674,98.50450539675413,91.2848057703533,96.51104773079784,110.58125776485647,105.72475199111331,103.0122983214273,97.945840562701,87.62235527859264
1126,354.59177938381964,1514.352314483221,0.5365793926706852,0.40329385125236805,-0.10737378900971313,49,0.0,0.6279527504648481,92.7472111520076,-4.918252148830822,354.59177938381964,1514.352314483221,12612.59104256115,0.0,0.0,258.01333162292286,58.82949239568482,1049.5746876213602,1204.6916337378727,1188.366214402492,1232.3679457773437,1230.023334317666,1165.8869500932256,1161.2390709002136,1184.2162856748237,1152.9583255708678,1213.0779231263095,830.1886713389763
1127,2262.0204536786523,1516.3476837966346,0.5075255865359858,0.35196905948954177,0.17013048624000032,49,0.0,0.011039466332907163,1.1706354241670267,-0.17105415500556723,2262.0204536786523,1516.3476837966346,936.369632279215,0.0,0.0,256.47774990686753,58.8331155261485,69.71994307441537,93.64538516873071,90.20595176589433,91.31737349644368,89.33029483635758,101.6760677810726,82.75693063075084,75.4496526551651,83.1798658465277,88.75633997855383,70.33182704530323
1128,2343.9692690931993,1515.9399561875907,0.5312594216783583,-0.6756409186451708,-0.5680260976106556,49,0.0,0.009899784289401763,1.1518459827404597,-0.15348602992782487,2343.9692690931993,1515.9399561875907,856.0676592380511,0.0,0.0,256.4117800198952,58.83265725110211,78.41220300320029,83.99420907035685,97.62216625578486,76.1419615619487,85.10586557909112,69.50655465579882,70.35105098427456,63.87399551160285,83.44884826568425,82.30817877112835,65.30262557918036
1129,571.3551537990919,1517.2350116569849,0.733097343866496,0.5053893821768869,-0.0025943032131239075,49,0.0,0.09446466887108383,11.717745772152982,-2.672110178335423,571.3551537990919,1517.2350116569849,1951.9020733116051,0.0,0.0,257.8388870587038,58.83192844776508,175.55512392476766,166.50246850775636,182.10638340291797,190.57200725992016,165.67464571986628,187.04244221918077,177.33279858748932,195.67962068702911,192.7002817128268,178.2539533780688,140.48234791178177
1130,789.2373268209936,1518.0165974125905,0.3863141901303726,0.4712691011645195,-0.08957945605211112,49,0.0,0.017841149244725248,2.9445923874619844,-1.1725629624699956,789.2373268209936,1518.0165974125905,1025.7632923823662,0.0,0.0,257.6634978256896,58.833258458606025,83.64062300616965,92.6768906891682,95.27578014581611,96.08524494160476,84.55910603897823,102.15447333454722,103.95577297425103,91.82514357016925,98.8810301691866,105.0804765818728,71.62875093060228
1131,1691.7130257508454,1521.8313064900242,0.7720110917909667,0.7675788906019679,0.1501397953420023,49,0.0,0.010679856219585563,1.061955524357789,-0.06526582121753002,1691.7130257508454,1521.8313064900242,870.2613533583994,0.0,0.0,256.9369000508464,58.83647570284711,70.52208178526787,81.42373576440403,92.06654570465477,82.88546424548078,82.63962451229804,64.25656990225326,86.5144268012594,89.11465360818062,77.72951320877436,84.38054117709534,58.72819664873093
1132,168.18879301405607,1523.2894931157273,0.7344686413957369,0.5139689538636741,-0.0471624396811953,49,0.0,0.017781790788717042,1.7963619393553494,-0.6359846120479202,168.18879301405607,1523.2894931157273,943.3692950396155,119.49764973005574,915.8975879324021,258.16347694402145,58.831965277276815,117.85587278726632,114.7575401692367,94.60013462205865,90.73679022907086,78.56659516597782,81.22264662359649,82.86762974221665,81.15938176811272,81.96830491012443,69.86430680803196,49.77009221392291
1133,505.45170147187173,1523.0487961088531,0.472113165182056,0.7229208604042671,-0.13181838485213973,49,0.0,0.013428188064206238,1.7840166990697208,-0.6284972880485374,505.45170147187173,1523.0487961088531,934.9247297470498,0.0,0.0,257.89199814309035,58.83399994511132,88.79558252568256,90.42869642308095,86.43752469072248,96.49053475486303,68.86394920867203,81.8100171873337,80.33855627021856,93.20968622865593,91.00415387983026,81.42270341437916,76.12332516361116
1134,2162.605904302624,1523.1301300660703,0.8829445175736762,0.61463515561357,-0.20400901071576258,49,0.0,0.012138201409333705,1.0520688724057836,-0.05511042826750734,2162.605904302624,1523.1301300660703,792.0041748370949,0.0,0.0,256.55774846001816,58.83624616350723,79.3695022148353,75.60832216445016,81.07225416004714,71.23864673951168,78.45818777991897,75.39620493799404,60.27025682856552,61.58287465659512,75.18608140049662,73.42082416181694,60.401019792863316
1135,270.51394113975545,1525.7936358527247,0.5450953092475482,0.30394798562917597,0.20802762039668313,49,0.0,0.016254217652824622,2.0044137114767695,-0.754968412334265,270.51394113975545,1525.7936358527247,1035.8036239493333,0.0,0.0,258.081148548055,58.833716409455654,95.52495250837944,92.88293441220472,95.36582374731105,86.06927958155642,104.2409453619756,101.91344713760583,91.12347930862809,88.4934200174121,95.29525144718471,107.19984366577785,77.69424676129756
1136,2579.0257396802003,1533.3979366249707,0.3850833204297077,-0.23334844496304774,-0.24097264630288087,49,0.0,0.014182537857268288,2.052375359509564,-0.7806419798613278,2579.0257396802003,1533.3979366249707,985.3028958535804,0.0,0.0,256.22239290849353,58.8389169006096,89.3609535062997,93.93422368510454,93.40459568560289,81.18192818175586,80.34267568715077,87.35611269050264,81.19353165740031,111.65564241180745,100.58123901679983,95.60339076103418,70.68860257012219
1137,1927.4000993256566,1535.139423970358,0.5693022702735179,-0.06343524049103291,0.007961077330232437,49,0.0,0.01692179291474448,1.9680397413268267,-0.7350846601172196,1927.4000993256566,1535.139423970358,1027.9690322422825,0.0,0.0,256.74708901863244,58.84177381863775,86.53985260627931,106.36290007184672,103.65451927000566,94.62774389473303,82.54437151124361,85.85738911607788,99.50649478919658,98.1183709156015,92.76569004552725,104.627527153613,73.36417286815802
1138,278.6598395579937,1535.841907614974,0.5450583454947177,0.5330291236605692,-0.09873771811090912,49,0.0,0.037441702424006316,4.732130299307602,-1.6876417360706284,278.6598395579937,1535.841907614974,1620.5393837911597,0.0,0.0,258.0747202228249,58.83795657152223,125.26767258385297,164.98319041938612,143.7334745874731,155.67733082401776,158.02459840976985,139.6062366388698,156.46661978665975,148.11185095935804,154.17342445201177,162.2946300548411,112.20035507491963
1139,1783.2361015107597,1536.110515100691,0.4404128065060408,0.4507508854017826,-0.06943484555235957,49,0.0,0.04753182093131852,7.9161744152929385,-2.246288385881378,1783.2361015107597,1536.110515100691,1683.8013721151344,0.0,0.0,256.8631824355024,58.84236253920425,156.72584573805892,156.90843797892296,142.04096473764207,133.64242756417784,160.24665889389988,156.20280689912857,149.3005667998686,171.36104004144,166.25040951230434,166.7538539526832,124.36835999700803
1140,2608.2585902176697,1535.6920420892664,0.49897189984492396,0.2250615804436683,-0.06947731756744344,49,0.0,0.17182948746571783,27.870834477501393,-3.612874930174779,2608.2585902176697,1535.6920420892664,3598.952306998439,0.0,0.0,256.19883409515245,58.83972721018368,301.58349410960716,335.5014268473168,336.25971795408714,349.24158433021364,355.9189311860834,317.2736649037936,333.51998528349293,335.6455861986177,339.03922642193805,348.43435176520245,246.53433799808585
1141,1740.0106363197367,1538.4057379835483,0.5452124313891322,0.7439600023664741,-0.14928133548905015,49,0.0,0.010876106585312585,1.2976463266427503,-0.28289085420178556,1740.0106363197367,1538.4057379835483,1207.6692104629142,0.0,0.0,256.89798944620514,58.84335378412178,93.97837369279976,97.57956012071246,116.04464183091089,116.01570386501098,104.01060656560713,105.6236100179932,120.65125122516747,130.48598968230849,112.04604710108134,119.3408716247178,91.89255473660464
1142,2650.0768175828043,1538.109601070753,0.6557111518393144,0.2737543969865444,-0.08771146898116927,49,0.0,0.05500696583269984,7.125508171544673,-2.132039606167267,2650.0768175828043,1538.109601070753,1474.3438627583032,0.0,0.0,256.1651397064435,58.84051886664021,111.20320786070577,125.70254269197913,140.86378965945477,136.21898908560922,149.43754622427355,153.41681796592576,123.36760711150842,152.19605367703517,121.14811446409236,152.05451074763755,108.73468327008156
1143,1377.6854876666016,1540.1925329317964,0.5690627046129493,0.0011396136098076888,-0.3433145553556235,49,0.0,0.012683595884978527,1.5014185390473367,-0.44125443524034635,1377.6854876666016,1540.1925329317964,905.4585180446005,0.0,0.0,257.1897879950914,58.8440226423717,73.6208919379646,100.7236154333684,78.46693176538267,73.25145492479405,86.52364921962864,66.51696123106402,94.1814173725686,84.61931053393818,103.23569709538562,83.02901951195192,61.289569018553834
1144,1733.3294919601506,1539.4177633422573,0.647878061313279,0.30048541618553054,0.10805310381995688,49,0.0,0.019357734483130717,2.2649095504376526,-0.8876271576710568,1733.3294919601506,1539.4177633422573,1192.7293183239142,0.0,0.0,256.90336872570856,58.84378002014291,82.86433696686152,118.21545770370012,131.61691722384836,115.2853090304553,99.0861628580904,107.97476846185289,120.91910280745289,108.1785913311975,121.19570265870726,103.97780983237199,83.41515944937586
1145,258.5087890593604,1540.8850293370776,0.4563138019779207,0.20352523240161507,-0.3323746110008748,49,0.0,0.04577796942412224,7.020548172066853,-2.1159275591027242,258.5087890593604,1540.8850293370776,1666.6011547480375,0.0,0.0,258.0910080650562,58.83992302479522,156.14027282327908,163.9577355235943,157.68244367885865,141.97705922929597,127.70758687695478,142.66262832994647,164.1250143902189,182.3585999392506,154.18832647824354,168.15539949978506,107.64608797861013
1146,846.3555064211018,1543.7764241311413,0.6175652655123296,0.3175304330479248,-0.1639541372159933,49,0.0,0.054244541453140685,7.365269235443244,-2.1679715674680713,846.3555064211018,1543.7764241311413,1511.40472898061,0.0,0.0,257.61770322233326,58.844215079806084,136.27800796800872,134.2199627237352,142.57761643211455,134.43566742110605,137.62472986325554,126.65078114752997,145.0062803938148,144.89100586012796,162.38588059931396,137.69872580409435,109.63607076750874
1147,1722.3589258400023,1543.9905534466825,0.5372340812997614,0.21475805062457623,-0.013029210276210009,49,0.0,0.013878186368573579,1.8369937910036496,-0.6602692210075661,1722.3589258400023,1543.9905534466825,985.5683929161887,0.0,0.0,256.9121984556161,58.84569234802349,83.75513804143144,92.0794036558963,109.74596387461582,80.48684240632232,81.21363130693393,88.04537964486606,83.94330408243448,98.98711777505457,94.68676038659311,94.99797446308628,77.62687727895448
1148,443.9791061945307,1544.4300113525587,0.5779296438587845,0.41519098930071074,-0.2130068828290243,49,0.0,0.040846952556195276,5.333743365307113,-1.817580289111917,443.9791061945307,1544.4300113525587,1408.9950267677657,0.0,0.0,257.9417225433076,58.842560916494676,129.8875234501627,161.52190115496376,118.41657499798195,131.49430760718423,135.76863132242488,121.80805364202729,119.36400739943706,127.34387027267105,140.07585909680614,138.99736989960837,84.31692792449832
1149,1351.9366610534898,1550.1747603230303,0.2748412601381006,0.7891479658329896,0.4177676564519021,49,0.0,0.008587192136059608,1.335370180719831,-0.3140041851476143,1351.9366610534898,1550.1747603230303,920.2592742684064,0.0,0.0,257.2105488533181,58.84815146172267,84.66369750148525,74.86876332664878,97.35727589497935,71.37585840743442,83.08855521500618,103.74455441242067,77.6201207940158,88.89364333544984,90.89884996938174,86.87190907653682,60.87604633504769
1150,2293.668912707695,1550.6862883521014,0.6014535690799045,0.0074681345462188145,-0.33459689833767764,49,0.0,0.022919426630738177,2.95512906492527,-1.1764411334837925,2293.668912707695,1550.6862883521014,1059.318176480312,0.0,0.0,256.4520405782375,58.84731520356456,101.43844718151674,81.8096012337343,113.12490779444315,109.04618014091179,94.94507464154427,96.52022244841555,104.16007011405708,94.15252540369568,93.97781435599941,101.89170049169456,68.25163267429976
1151,1746.9924880615226,1553.079444192618,0.6132462921045005,0.2453958721696448,-0.06823290082815078,49,0.0,0.1752479731551567,24.678639213996135,-3.480803022302355,1746.9924880615226,1553.079444192618,3581.7976200033204,0.0,0.0,256.89234586282333,58.84946281055901,285.23404181179137,332.246456945222,333.1850340915331,351.3885526344385,323.13645208800546,314.8456164639874,376.7321358933274,321.29562802049065,326.2474103672244,349.031137172566,268.4551545147341
1152,2921.5810023927434,1552.698344384188,0.7834054681935612,0.37885222132611973,-0.09441208616681011,49,0.0,0.017338762567648113,1.7274567120788618,-0.593517933254765,2921.5810023927434,1552.698344384188,988.4416456128126,0.0,0.0,255.94636116857964,58.844983900802845,91.51182512218517,93.95050392079546,76.82044572480308,86.3422002299948,90.43798357470419,90.02474314136782,92.2076008865329,87.59275870810936,105.78895992310427,92.7179348997995,81.04668948141614
1153,1370.8221028032017,1553.8232890770648,0.4276015112204966,0.478925115254736,-0.04855030221964152,49,0.0,0.025596552210638772,4.237858644365356,-1.567866166333385,1370.8221028032017,1553.8232890770648,1208.1376562562532,0.0,0.0,257.1953457666482,58.84969431101256,102.26225679928547,112.28744820467774,132.64700212909565,94.437634392805,103.37232359157588,106.59292858985103,111.4651387460793,113.09113831631834,117.26858635730821,119.06199130635903,95.65120782289767
1154,420.2376998418774,1558.2717464436773,0.5987728507291611,0.6069912502131039,-0.09263176828417942,49,0.0,0.012237688140313206,1.2872285531904615,-0.27413916169947256,420.2376998418774,1558.2717464436773,972.5918609780472,0.0,0.0,257.9609970122833,58.84818850200243,100.5195912368136,87.59993546006072,80.6198278104666,91.43006671122507,72.53081809801559,74.28855486243657,93.28067391267305,79.67500394265339,112.28503232781141,110.15007156028182,70.21228505560934
1155,2085.569486168781,1558.455644747199,0.6015978977236108,0.1668764535632425,-0.11875110151187904,49,0.0,0.19617511292102333,27.081973426603955,-3.581700769037365,2085.569486168781,1558.455644747199,3995.257334554692,0.0,0.0,256.6196082714088,58.85116687739915,335.5202682438394,369.2035378188415,359.7423166504544,365.8147577923179,376.3344467424552,381.4846010081175,395.30055582631286,381.8668269781373,410.3608184600097,367.61129946966867,252.01790556453756
1156,1868.1185996038846,1558.7267079623384,0.5714652197753737,0.167352024695464,-0.07536887407575955,49,0.0,0.6874428198555678,100.39329351962054,-5.004261755012963,1868.1185996038846,1558.7267079623384,12133.628251538708,0.0,0.0,256.7947669726833,58.851690094965335,1023.3686081535054,1129.76136983013,1119.6105068030934,1161.4102251897261,1182.025366577614,1076.1776929940033,1132.6481200977387,1166.6510720557426,1144.3354301855163,1154.4833829167285,843.1564767349081
1157,1120.2925156851227,1560.0176232446506,0.6073160896472612,0.0808473446674657,0.01194838942304437,49,0.0,0.013691079472838966,1.5009475084907944,-0.44091376063579535,1120.2925156851227,1560.0176232446506,974.9658891237359,0.0,0.0,257.3971686351064,58.851829451041645,94.396418343654,81.21766581879673,86.02018101664224,85.74087702708303,97.43871027644454,83.02494678995353,86.55054663075484,104.22076667252006,90.46207543156085,90.1948506820192,75.6988504343069
1158,1150.3649410260773,1561.5919150952109,0.6249960699278845,0.05400298175842015,-0.06705998061529306,49,0.0,0.5827990509187893,81.71806993112979,-4.780795251601994,1150.3649410260773,1561.5919150952109,9395.241140003782,0.0,0.0,257.37295167495336,58.85255552499831,767.2114138469688,834.8558926654505,869.503442863816,877.214880176972,932.0508615217898,901.4178811123174,878.4018680652612,892.5897264258731,937.9576514173691,873.9553438607593,630.0821780472055
1159,618.1615090651027,1564.4441120077472,0.5628382099006837,0.5342164113844167,-0.013870783690069928,49,0.0,0.21988230505775141,32.547930428452446,-3.781308447538732,618.1615090651027,1564.4441120077472,4322.682023709722,0.0,0.0,257.8016583912322,58.85183284081768,373.4132049246877,418.6396467809308,368.71632382709186,429.48023247639986,371.30650432803685,378.25927048610185,414.2647126846365,403.66358711867935,435.7531873591064,380.835352131833,348.3500015922176
1160,1402.0230840433987,1564.2303070894484,0.612623999760244,0.20429856812224104,0.058601069231414823,49,0.0,0.04975008398712425,6.957056201693422,-2.106063779411351,1402.0230840433987,1564.2303070894484,1478.2415243869823,0.0,0.0,257.1702339167388,58.854064035619,136.00597530649213,165.98308711631046,124.8484500658167,139.49830357566486,130.60092698502535,136.2377267010434,131.20497986815812,124.1588393537138,123.80721502995851,143.18492644020827,122.71109394459084
1161,2649.247553851386,1564.4859024520697,0.6415016610646294,-0.6173753617331769,-0.2533327156547232,49,0.0,0.021627496417136325,2.316019072921935,-0.9118553289496394,2649.247553851386,1564.4859024520697,1184.416429796213,0.0,0.0,256.16553933969976,58.851512155855616,109.66207800582313,118.95180712216383,98.44858494396229,92.53489616108824,113.99057171992735,103.32836405513905,112.87439355035599,110.86278867095513,112.77600116729892,133.91200759545234,77.07493680404656
1162,945.6926027995528,1564.7313041576933,0.62473354611654,0.2907272705594421,-0.10877328828693344,49,0.0,0.04992253326329097,6.849728209495463,-2.0891833486368587,945.6926027995528,1564.7313041576933,1426.7560824213926,0.0,0.0,257.53783863413855,58.853296643965024,113.98499389550454,136.362248820641,139.12231531412908,149.04389613287356,131.32441141762172,130.99066010088004,135.58495466915844,117.53733616529819,155.61066196715134,128.0223818441176,89.17222209401692
1163,1414.017258298991,1567.499512124142,0.47196193747398657,0.3216621119949115,0.6977979586130556,49,0.0,0.01484282629641709,1.608094769039785,-0.5157790980619392,1414.017258298991,1567.499512124142,1211.6835235624033,0.0,0.0,257.1605774920265,58.85543777495119,113.40694258588773,105.23811363438138,113.58164196397516,114.36551881188817,121.21171061612131,102.95693326194308,121.58531524601368,108.44490053282746,107.21519192991906,108.45498570319333,95.22226927625307
1164,522.2595056547522,1567.543012851694,0.5554838639015164,0.6178024049153404,-0.01844470329246725,49,0.0,0.2948757953446808,42.81501735364539,-4.0789903109617045,522.2595056547522,1567.543012851694,5946.1421591599765,0.0,0.0,257.8789326130329,58.852628566134165,489.2878657261784,490.4205029776407,562.5740189355023,559.6096212139219,577.2668780122765,586.8032411816066,596.5714755787334,557.0059505620986,543.4600518684972,574.3538077733855,408.78874533013527
1165,111.04205408670603,1566.981527467963,0.6929739242764739,0.4018119018491692,0.6281959773077402,49,0.0,0.007600338849994328,1.028196169182993,-0.03018995363743227,111.04205408670603,1566.981527467963,288.75002220490217,97.6980130097624,185.96580416942123,258.2101022183422,58.849748125902984,15.71806960644141,12.224216262149419,9.319809233788948,61.238988220861046,21.198736640266862,12.421122630574878,18.233437058797087,58.675845418950246,49.36838969849864,22.058803781109283,8.292603653464408
1166,2415.384083472148,1567.7982625332622,0.7140477369592192,-0.054066795442859465,-0.5189863534511928,49,0.0,0.031408533121352375,2.536582407461813,-1.0106224401645802,2415.384083472148,1567.7982625332622,1691.3633466235578,0.0,0.0,256.353879707308,58.85398470330706,150.45698664506136,161.67044478808512,141.93149755369012,159.1142230951819,162.17732960707622,162.9739438481485,158.22326439358,162.82080230167372,146.3088491902248,153.6209639556298,132.0650412452064
1167,2259.9578176230175,1571.105092257037,0.3189137614018635,0.37935656102237003,-0.7792572877683018,49,0.0,0.007888788084641725,1.0630782761054678,-0.06641310869556756,2259.9578176230175,1571.105092257037,921.0640939443601,0.0,0.0,256.4790605408529,58.85593695318366,77.89217060891924,87.99886048935522,75.02471265643717,94.22958001627798,87.26371392166567,102.88686689189905,85.5829000498337,102.36133313635355,79.86085982175805,75.87815436230869,52.08494198955181
1168,740.0583467403308,1573.7770512395587,0.5256073030353161,0.02117372272981579,-0.6827980635235127,49,0.0,0.012304767293867798,1.6315079609646612,-0.5314729931868224,740.0583467403308,1573.7770512395587,889.2647968517558,0.0,0.0,257.70355342406884,58.85628434995149,69.51468943706143,74.85028672173054,73.41134667916552,91.15302958982468,75.88901628098577,74.9898173256181,81.88951737798777,75.43595015265836,91.03842774548198,100.85323412328367,80.23948141795799
1169,909.0792470551357,1574.3566892900408,0.6600673640420631,0.31503617257509475,-0.12039896865321359,49,0.0,0.1468981567912898,19.878414661844182,-3.245954364254472,909.0792470551357,1574.3566892900408,2728.4936535507413,0.0,0.0,257.567396111733,58.8571834700411,231.6254310361426,253.9485225122406,279.64420740251535,255.5607320612738,263.16411942471217,234.53328070810235,263.87048296110504,270.9965673258624,237.0037124617583,253.4773953378198,184.6692023192088
1170,449.4401364911044,1576.1811061664782,0.26981112894041326,-0.10006206245273234,0.4897069380297015,49,0.0,0.01010624968397253,1.3078995992379758,-0.2914360167548492,449.4401364911044,1576.1811061664782,1026.9848558830506,0.0,0.0,257.93767961156806,58.855820381306444,83.48182068916019,84.75103087950683,84.9451027577299,104.96032720992531,100.3848803482943,108.28902161707131,103.3806630466104,108.4889093113591,82.94600396603158,101.94760805937975,63.40948799798187
1171,1658.5453217965935,1577.1975865657814,0.5127938707354471,0.6087127984837638,0.36401460828336635,49,0.0,0.010615756779587877,1.3891250621950302,-0.3568533670009876,1658.5453217965935,1577.1975865657814,919.136373377991,0.0,0.0,256.96357487027143,58.859557377328954,74.59905158333407,77.56900455785255,92.99205171182875,89.45227088826505,108.41224907665338,87.79695620924986,83.67696591601974,77.3619882745794,78.75444108481938,92.70355774154754,55.817836333841285
1172,2519.875949349439,1577.049828832264,0.5523107975439617,0.7676281146732346,-0.2157504976233217,49,0.0,0.021276881493547308,2.6086249534522614,-1.041029110787735,2519.875949349439,1577.049828832264,1122.1311544700118,0.0,0.0,256.2696283749747,58.857384920958076,99.88142561027038,104.48749605545413,86.39791189321586,112.94885866644293,88.31559014774302,105.44392455898267,103.64976281996067,103.33443040211087,99.84301853620252,132.3872464857584,85.4414892938702
1173,1236.0497588085523,1580.678691058507,0.778215819274799,0.6668655203411924,-0.015078216822116172,49,0.0,0.014633741867692982,1.44407133910146,-0.398971621264131,1236.0497588085523,1580.678691058507,1015.9942013418254,0.0,0.0,257.3039966186952,58.860683212492944,71.84059910174463,109.26090219887033,99.21542502022666,95.50997817466221,96.78232214810882,102.76095105651295,96.05356202300494,72.14713274848349,107.28568998678026,102.39145039887143,62.74618848455978
1174,2821.9640891158583,1582.5506148660027,0.35266086591490553,0.5878933590945294,-0.0924613536392768,49,0.0,0.01700899250134886,2.584377121113153,-1.030889719193921,2821.9640891158583,1582.5506148660027,1076.0129531709529,0.0,0.0,256.02622149089706,58.858055204090846,92.0233949573095,98.29929377373844,106.41577565287268,97.85660428820668,83.70513279365773,87.51366560042939,114.74157958041769,94.73324703540666,110.74228976732996,109.72015664234956,80.26181307923454
1175,1513.760116426351,1584.8939411158651,0.5563774165871723,-0.35814435679173223,-0.4826211403791989,49,0.0,0.01154638889494857,1.2396820765518564,-0.23327580544106105,1513.760116426351,1584.8939411158651,949.5692754874196,0.0,0.0,257.0802372591462,58.86275377170176,75.87341090549279,98.06410700699425,79.37955346773245,85.38076370675675,93.76560308036561,88.91913403406895,85.18833847340235,82.73513533907608,93.89450983109955,92.56851775987256,73.80020188255827
1176,2339.8545186717556,1585.0178247990664,0.37947407610360406,0.10457669654320365,-0.20801945705125963,49,0.0,0.024826228662432656,4.490787885169876,-1.6308063559401356,2339.8545186717556,1585.0178247990664,1187.3810088038542,0.0,0.0,256.4145975756008,58.86145341967222,92.56551430722274,101.42524009472272,105.4486317678888,113.23986045673668,105.20220467970205,114.71693326949023,128.0749165144778,106.93613689717498,101.87795264914136,131.32060358542955,86.57301458186734
1177,836.1559755333692,1586.4622256684418,0.3681058829755225,0.7896970362795466,-0.1820715013694382,49,0.0,0.01572674613840322,2.229272181062219,-0.8704077413182838,836.1559755333692,1586.4622256684418,1102.7901896033059,0.0,0.0,257.62623322748317,58.861960990567574,95.41628958045283,94.06129321948329,119.78263630377305,96.58850195868425,97.33913747775827,87.96052818590037,112.5026193556423,103.55048940400644,100.81133387349678,116.72963580374999,78.0477244403582
1178,969.7936248164405,1585.516342386019,0.489055015177063,0.5228241736259256,0.13953025017002893,49,0.0,0.014519694486062124,2.0163148248211473,-0.7613958581339548,969.7936248164405,1585.516342386019,896.744278116456,0.0,0.0,257.51855164657974,58.86203440305486,81.70190558196713,81.3254314671192,73.20784917309877,80.10321366312418,84.36070355873687,86.9964447175233,90.38802131668558,92.30653445295471,93.98966069651001,73.79677300936422,58.56774047937205
1179,2405.3510315162034,1586.3419929444815,0.5792277072940013,0.5014845791981063,-0.08679208020785843,49,0.0,0.19879338346163974,29.385948649999513,-3.670349288401091,2405.3510315162034,1586.3419929444815,3767.227642187732,0.0,0.0,256.361816816407,58.86175150144627,311.6767596668658,325.62074592281965,341.43969591578866,340.4158510479856,371.36221987006445,340.95219368179505,348.65235666929414,376.52571367148107,359.5192708928711,390.76276272841653,260.3000721203496
1180,998.4344310805651,1589.1865490587186,0.7812621011591193,0.20541436098913124,-0.2659526560374679,49,0.0,0.011420220379018116,1.0525942946154614,-0.05565252919521996,998.4344310805651,1589.1865490587186,870.8156159544246,0.0,0.0,257.49549610908747,58.86365214219039,73.81115206878698,93.60869851481083,73.04022958614442,83.06438453161562,85.63783471849587,76.99612972318516,88.23462119357835,80.05980630450338,75.28997304339585,82.68490858689984,58.38787768300837
1181,2946.9899741222753,1589.9755761445888,0.4818315430540501,0.6116383785014786,0.23890627052276167,49,0.0,0.02936411322204945,3.5053807083486723,-1.3618379805471466,2946.9899741222753,1589.9755761445888,1570.054873768685,0.0,0.0,255.92541538154973,58.86034345061642,128.86070442538073,152.89642651256798,132.23970464441163,141.2165780959099,153.390459435772,135.95546428214135,136.87679693694878,172.8360242335832,158.30157473699933,144.20167894545807,113.279461519512
1182,1431.9199271597793,1592.1126423158644,0.6415649021519177,0.19426079563130363,0.019494882550926372,49,0.0,0.16102844061318958,22.23895272863377,-3.3677858292529637,1431.9199271597793,1592.1126423158644,2980.58149943474,0.0,0.0,257.1461950186995,58.86570915334818,251.85054408772106,274.91327568862084,252.01783031389138,281.7622477151249,293.0011075360502,255.9649216036355,317.92590302819565,292.3337885250334,284.096411770874,254.25418152334345,222.46128764224989
1183,2504.11753400041,1592.0962610506406,0.6015950073341553,0.050261842079511954,0.12053662087864224,49,0.0,0.00971678297534755,1.1263496648924078,-0.12918308543454704,2504.11753400041,1592.0962610506406,913.9804056377309,0.0,0.0,256.2821912288508,58.86372578666741,90.21381271562237,88.09200675007214,78.94931956155773,70.25509629728279,108.38627435933283,74.61938842169474,90.42085428868367,62.14016087700054,99.423554220728,84.86449604544819,66.61544210030787
1184,2513.3369271680635,1592.0445877042773,0.2671891655359119,0.6642664426331543,0.33255791456958395,49,0.0,0.010542446759315463,1.5137081133254513,-0.4501053467719776,2513.3369271680635,1592.0445877042773,1046.0857778590105,0.0,0.0,256.2747633407078,58.86366226053153,97.74662412742649,116.5684533438185,87.51473365200813,89.25671883941376,99.98651933275335,74.29483494944978,109.64495658983293,93.57833534215918,98.3999921160192,97.02273294598496,82.0718766201443
1185,2771.7281162588674,1592.1900940302692,0.6222377146454988,0.38746926786835134,-0.2349460836778289,49,0.0,0.029059422067052695,3.7525520148626725,-1.4358168019959812,2771.7281162588674,1592.1900940302692,1158.8093253499183,0.0,0.0,256.0665791446025,58.86237247091566,103.06784733161822,118.37912748534185,117.34183341048575,100.25680426437816,101.9132697034562,88.72921471736916,92.17777634659035,120.15245290086828,115.73355381328915,113.02498211453263,88.03246326198834
1186,2469.9265431816484,1592.6779021101413,0.8066196478394536,0.36838340749854187,0.30647633502479643,49,0.0,0.014595903375447188,1.3560245782975022,-0.3306689032565249,2469.9265431816484,1592.6779021101413,975.1087065506416,0.0,0.0,256.30973525707526,58.86412014881534,78.65459974659964,83.46189677256571,81.80340328866981,85.14315561034402,93.54692180703054,89.89182311350118,91.8133104808137,98.42999620058379,111.22988562241345,86.30220765008485,74.83150625803475
1187,2619.1113539710623,1593.0159374971156,0.7800876165050475,0.26035432802419356,-0.045317215376557925,49,0.0,0.06462878499923712,7.813776242141912,-2.2321524261691783,2619.1113539710623,1593.0159374971156,1446.9443006697445,0.0,0.0,256.1895299524061,58.86355461648119,114.63417359269997,129.77127979851596,154.28664952901235,123.08869665380314,139.6660131573695,128.62639202509527,118.77640884786513,136.88584316324332,146.18243067537446,147.32744012788243,107.69897309888286
1188,2854.076033430833,1594.9140897641637,0.2776919051593124,0.6423850172591328,-0.4959509204409576,49,0.0,0.013357156267233536,1.9058337064303494,-0.7002125089478215,2854.076033430833,1594.9140897641637,1156.514441028044,0.0,0.0,256.00020419649843,58.863006587247995,120.6332852541561,105.70542012375924,105.53111776764484,105.83490508320293,120.70283962166182,89.2199870395204,109.31285028050127,106.54143890298886,109.1993943678077,112.0762569611271,71.75694562567372
1189,2764.565636926964,1596.860416687818,0.4147332837275266,0.3686273269603475,-0.24188399303443014,49,0.0,0.01316946470195909,1.7768519902978934,-0.6241281327180445,2764.565636926964,1596.860416687818,1053.1051363154872,0.0,0.0,256.07229682890176,58.86436012143766,97.6308399405637,107.79344741883327,105.09610640680503,90.65286544811346,92.58880984239332,75.37163217646973,86.69142665312934,109.08604724272708,111.75143247366006,98.32285464126718,78.11967407152497
1190,2214.082344032467,1598.230434823135,0.7493536222411443,0.225658745137527,-0.022286221043469237,49,0.0,0.11645434739250338,14.503197429666342,-2.903659397480238,2214.082344032467,1598.230434823135,2125.7747072190928,0.0,0.0,256.5158560977264,58.86738517660364,173.7155307361051,206.4914509142394,200.56556117677928,207.41957023693715,192.99478576203998,166.81282819128907,201.20919387558624,191.8390019153017,217.19164884077276,211.46456331993613,156.07057225010598
1191,686.5755012684994,1598.7403503387532,0.6583884134175432,-0.231263994441717,-0.4699517093963119,49,0.0,0.014287005130283904,1.6500059708341497,-0.5437137894675411,686.5755012684994,1598.7403503387532,916.2643723652377,0.0,0.0,257.7468582838523,58.86644694879162,69.38516202108937,83.8022944213954,82.16803706684439,84.30222013797541,94.92938104978629,90.71560561327993,84.54023203236247,92.1515685244932,95.68319180778323,84.911392535911,53.675287154316976
1192,1777.3201593253116,1598.6364555146606,0.5946508658285216,-0.6465312215957286,-0.23790399326657385,49,0.0,0.013203129964054698,1.18943955245303,-0.18835594001234426,1777.3201593253116,1598.6364555146606,1278.8839299026458,0.0,0.0,256.8678394254963,58.86842026201865,118.13582590308212,102.83178420226028,126.97231262142449,116.16923442561298,109.20384153252398,122.78847627919984,111.0850880729547,109.20959783233505,132.66448697069583,131.89564137061325,97.92764069194342
1193,1784.2355782914328,1599.4069635724484,0.3196627355097286,0.26964336059372157,-0.2082856808727249,49,0.0,0.011137663143178638,1.252002531673073,-0.2440130176543457,1784.2355782914328,1599.4069635724484,1232.4539823252805,0.0,0.0,256.86226477594414,58.86873505158209,116.50674337692658,98.4250251592884,126.64717616567619,104.46869886668065,100.28216465168853,123.99623458296475,116.78354368757537,106.10794672003269,130.84278396702862,114.75355252250885,93.6401126249098
1194,2050.342325794782,1598.5671145243562,0.636190000906149,0.14494048071895796,-0.09199901760921562,49,0.0,0.23562378231492764,32.3495989995545,-3.774672253983197,2050.342325794782,1598.5671145243562,4173.055268573783,0.0,0.0,256.64780877981275,58.867962209776124,342.04165980352786,387.74628125454535,393.7639945941065,370.98438087754334,389.96890287274925,387.41490892698357,403.9019616069242,388.6989744851437,401.6427471090653,402.9977651344043,303.89369190878955
1195,919.0990753302541,1599.824664227626,0.8810620990828086,0.9880768051195168,0.3050378951276336,49,0.0,0.015559699267712602,1.2931465454810314,-0.2791193599337965,919.0990753302541,1599.824664227626,1058.2784849476982,0.0,0.0,257.5594923240611,58.86782912669454,94.46386144413746,114.48911629221902,94.8271277370668,111.36045736413814,98.7937263412486,85.36109488422107,94.81472880236377,98.14349724161423,94.40885355368137,94.64458110517154,76.97144018183617
1196,2345.730434029984,1599.7426368812082,0.6093678777761614,0.3732645345273213,-0.07888044638745038,49,0.0,0.19597919941131428,27.52906747528845,-3.599478750677682,2345.730434029984,1599.7426368812082,3729.952204795424,0.0,0.0,256.40975686439185,58.86756654623955,299.840660726421,348.6380929184287,359.9007063714258,390.1112211833428,331.99585259243634,361.16883435852674,342.5907644462775,353.216732065643,343.5295388128808,361.5509641656487,237.4088371543927
1197,3098.9803861047376,1599.771320993334,0.9484619356759278,-0.40564509951489586,0.1616593726334907,49,0.0,0.015834392509492957,1.7330897470931959,-0.5970526324889641,3098.9803861047376,1599.771320993334,483.81740350600455,0.0,128.52524045391266,255.8028419138877,58.86333994195902,66.94467783443012,83.0529584019404,88.01373227765728,59.659023453571336,34.79713020405589,28.983599732017563,16.21476708496207,39.15186729961517,32.424458834132224,21.714157618563377,12.861030765059152
1198,1174.0519470786528,1601.118426742594,0.6521644908993929,0.2882488693977291,-0.01755431741833359,49,0.0,0.15900150720086,21.579884660787307,-3.3351227978879106,1174.0519470786528,1601.118426742594,2934.5956623114726,0.0,0.0,257.3540344423689,58.86907665840855,259.66132389130934,282.0893430189436,294.9153125121162,243.4103161702257,282.9869347391674,283.8543961930132,278.69974207625313,270.9206398050329,263.9067968825124,254.56692273006615,219.58393429283208
1199,2693.099805790042,1601.3625593156205,0.7423200210305536,0.1079737312729483,-0.052521645386668925,49,0.0,0.03308570746836,3.8960606053383233,-1.4765642598640394,2693.099805790042,1601.3625593156205,1088.3426373555685,0.0,0.0,256.1298294938749,58.8666402428677,88.35312166117316,123.59689097247339,101.08204422291902,103.53508217499322,108.43307701161167,88.88225627787315,106.35724001649348,84.9012737262752,91.95899862772686,107.6790869089827,83.5635657550466
1200,1920.8353747917147,1604.41821420063,0.510898709338769,0.004507689305267257,0.033778045920974685,49,0.0,0.02006263198215183,2.799315735931155,-1.117629713688901,1920.8353747917147,1604.41821420063,1096.3324468709693,0.0,0.0,256.75216035143626,58.87065033299783,86.48823302965823,80.83071627560857,104.06568117212151,103.50371906341495,109.83766046352085,109.82487532701803,119.0028002943304,103.31823474158483,96.63527256526112,103.54487617506658,79.2803777633844
1201,431.85316378125384,1606.4452961276963,0.22822922513160218,-0.11463762441873376,-0.0066611024935086,49,0.0,0.01526289703798478,2.4545006065502615,-0.9749078593942623,431.85316378125384,1606.4452961276963,1202.1975455860982,0.0,0.0,257.95218884689973,58.86832648173718,97.96180548199304,130.9709928718952,104.63350149326618,116.70399235386097,107.88249214063694,105.9747284574359,129.4650953379325,108.38531145161824,98.25970770041917,115.9217710913797,86.03814720566045
1202,2498.037494201085,1605.5876297297862,0.24306335017849715,0.4367557755251529,0.0877287339635185,49,0.0,0.007589223045134929,1.1605858504038333,-0.1616931786054941,2498.037494201085,1605.5876297297862,834.5413318009198,0.0,0.0,256.2869726318005,58.86937420568578,70.26271272517525,68.02090134986553,71.53889923908305,89.66217105181946,88.70771684734655,62.30987599464595,66.44050644053738,62.304506628900405,101.47484742389628,82.96754098162958,70.8516531180205
1203,2527.7756722971358,1607.2221878189434,0.5628626232891893,0.2634678491274318,-0.08204780222216579,49,0.0,0.608763475678743,91.27239926255994,-4.900848667269672,2527.7756722971358,1607.2221878189434,10669.902394763805,0.0,0.0,256.2629931136193,58.86991909311632,920.6071022908645,988.0601309113885,1069.2437255887803,993.8095888001315,974.8620878527126,998.7325854868142,985.0424396228545,1063.773599089449,962.8891235144633,990.3889345589382,722.493077047407
1204,964.7175596850011,1608.7321892998546,0.7644684523099278,0.12114918005846444,0.24425664612788184,49,0.0,0.01128787832805861,1.0905927683492669,-0.09415653395370435,964.7175596850011,1608.7321892998546,896.3723303181371,0.0,0.0,257.52278481736107,58.87169116431893,88.18984309918838,86.73731219072454,76.29605332791029,93.32902445630242,63.303672659601375,77.82137544460382,86.52226436264638,81.74131866795204,85.44039485076088,74.79256845712166,82.19850280132519
1205,1214.580461279945,1607.6445260634334,0.47007657110959683,0.5046007145406713,-0.10904074538440578,49,0.0,0.01771392916790403,2.4204088439297484,-0.9597218278287882,1214.580461279945,1607.6445260634334,1127.440664087459,0.0,0.0,257.3213960170828,58.87187841423954,95.89442884678289,95.81424998865202,102.7191618563789,96.8603109297394,128.9334360784272,97.01029641763752,107.56443735087856,100.43286384074813,123.66871457641352,104.98819732292662,73.55456687887425
1206,2882.520834293266,1609.0174395751383,0.8240280251478704,0.21312988569736296,-0.3006211962532789,49,0.0,0.021164272087144227,1.9994179182943645,-0.752258949576539,2882.520834293266,1609.0174395751383,1013.9309396400179,0.0,0.0,255.97711271736216,58.86870116597565,80.17080351628395,100.23990321459806,98.09828443910132,82.10569209515398,97.8355310528229,90.37669798882413,87.05363768459257,106.33814796078755,95.44076914550877,96.2560844819499,80.01538806039478
1207,2557.5899456562706,1611.101782097554,0.808654525114205,-0.08046335997612562,-0.1257914901860271,49,0.0,0.018150094470074894,1.9239977792901575,-0.7105114160806456,2557.5899456562706,1611.101782097554,885.9326603619663,0.0,0.0,256.23893073756534,58.871394519176626,71.70471354095916,56.38474816465349,97.00155947585479,70.53573009547054,96.93305967691424,80.80696655174106,74.7951113372273,95.17105173972475,97.58511236698865,79.68123552067493,65.33337189175738
1208,443.30515447682166,1612.102870435401,0.7220308418773346,0.25848813762272305,0.1829438865117537,49,0.0,0.016236895170160543,1.624396932951082,-0.5267304020516496,443.30515447682166,1612.102870435401,934.7992026461826,0.0,0.0,257.9430245272459,58.87075029935204,80.73139602929282,97.79353638650889,80.91366636193976,81.04678071153015,92.23450943375042,85.64500262165684,84.47070237699623,95.02527536651806,83.05256641828419,81.5281849507251,72.35758198898014
1209,1460.302555497576,1612.8912037194502,0.6212025098186998,0.18506580320538218,0.0014810572987109004,49,0.0,0.053125430303965306,7.369597672127957,-2.1686094477534175,1460.302555497576,1612.8912037194502,1463.3165239661166,0.0,0.0,257.12335091326827,58.874388851350304,148.62079721055335,130.6851424859082,136.18378922217266,138.4828093372712,140.83421557804198,150.07334229637533,133.59030572269472,121.18541878622504,126.16493139580395,128.1130371236088,109.38273480746139
1210,2115.900243092298,1612.8565792945028,0.6648012280650236,0.3981589796269003,0.008532594380358026,49,0.0,0.0711582661063375,9.344536201873803,-2.4263943771909493,2115.900243092298,1612.8565792945028,1700.0124886773297,0.0,0.0,256.5949049992395,58.87375727324042,137.89954966532792,138.7692995603643,161.5093574510079,160.8539595945391,159.67310378190774,148.05139116452662,147.093427370309,171.00566004516838,203.087327124162,155.8721635142138,116.19724940580284
1211,876.7455695114126,1616.8238478378425,0.6023121997439734,0.3433778267871266,-0.09203168479404925,49,0.0,0.24673570431370972,35.97972008253249,-3.8901444506724965,876.7455695114126,1616.8238478378425,4331.77035864434,0.0,0.0,257.5937426450634,58.874762478229776,387.60240953730624,384.35043489376994,410.5555073966472,462.6823417311086,423.4964254699122,365.1974068054136,383.4018096271212,407.74026400766473,410.2811441833923,392.8343064538471,303.62830853815694
1212,623.421021383447,1618.604659765549,0.5924818061147785,0.06786238339811763,-0.05203204705302637,49,0.0,0.026529634471097477,3.57054708843027,-1.3818369123272616,623.421021383447,1618.604659765549,1316.7150480605078,0.0,0.0,257.7979354895506,58.87442343676061,112.46219320017047,96.2587905679774,138.77950868431265,126.12069068635795,114.96103407315789,125.78410091522002,131.02550689362403,113.83063977532547,136.12691510709192,131.55239915473257,89.81326900253725
1213,2447.4604051162746,1619.466007655488,0.5573582708615971,0.4385784508916302,-0.12827709600899895,49,0.0,0.035011464842370985,4.907532655571052,-1.7271579953806324,2447.4604051162746,1619.466007655488,1294.4448006553534,0.0,0.0,256.3276171820206,58.87537777222496,109.16590044352733,119.2359717055169,117.42932341202047,110.12808260692049,103.30453783892972,122.85478330218928,109.44558482402678,137.09680057077458,133.72844422691517,125.75837225088094,106.29699947365175
1214,2346.3021620866125,1619.8167486112147,0.5929269194640447,0.024401733924355323,0.020801145027438538,49,0.0,0.020665986513024058,2.716125184627442,-1.084874456123541,2346.3021620866125,1619.8167486112147,995.78823194073,0.0,0.0,256.40915083916644,58.875928160928275,90.08795143930698,82.52391460989469,76.004908803114,87.91746237452074,106.34630167818965,90.7699080740127,97.33196826318266,108.5460420492376,90.51528929793288,92.7992087613662,72.94527658997194
1215,954.8198989453895,1620.4806069987756,0.37238784409486747,0.6157638085443364,0.0517302733449439,49,0.0,0.03639391225411531,6.521713525012486,-2.0359042948076356,954.8198989453895,1620.4806069987756,1436.180613090144,0.0,0.0,257.5308355464707,58.87655431787944,113.62743031183858,146.7599371279606,149.12512388151703,122.64877910215256,113.46869073105842,122.83421855327155,133.88813943381186,132.20101265678173,142.45257654008725,152.37333572170985,106.8013690299546
1216,1230.5676928870985,1620.8075205366001,0.7359953488959452,0.42998071480954875,-0.05857172761720096,49,0.0,0.06937042862047287,8.375324871813794,-2.3075041548840396,1230.5676928870985,1620.8075205366001,1657.7068766209513,0.0,0.0,257.308557735699,58.877393236172196,146.29870155826467,135.88015644722648,140.095911053101,155.8400081630312,174.8552196894438,154.87327371926995,159.70284014933517,159.61950512683208,145.0745203406024,164.3055938546912,121.16114651915356
1217,2394.859921785728,1621.4342475526516,0.6872453868136682,0.4259303333924078,-0.03036951651637772,49,0.0,0.06859446600608333,8.738311645258309,-2.353568823582782,2394.859921785728,1621.4342475526516,1595.0036913523136,0.0,0.0,256.36999904898255,58.876414433378855,147.6459515052894,166.06526702035143,161.97039193661547,143.95317116998842,125.7277649137162,136.36101879973552,144.81097855023935,152.81514324890264,165.45877666493985,155.6371095588746,94.5581179836606
1218,622.7344119708599,1626.1615831328643,0.5681871055862864,-0.29849987473182277,0.0105901900572546,49,0.0,0.018254982319582475,1.935112115258806,-0.716765329883055,622.7344119708599,1626.1615831328643,1417.9668370720608,0.0,0.0,257.7985606007577,58.87756848944628,104.43055958664559,115.85379622374589,163.53212286783707,134.23332972163823,116.10291410257877,130.44219876523817,136.43427348528513,133.3277010861246,144.25038315437675,144.12791628372804,95.23164179486261
1219,1712.455277935077,1626.0373698292944,0.5630586605067186,0.22154436724553367,-0.16775810169195263,49,0.0,0.4937469447313741,74.86270381228051,-4.685663771130756,1712.455277935077,1626.0373698292944,8502.54265561977,0.0,0.0,256.920085682852,58.8798842809392,702.7650770086941,761.65819032167,734.4051913562686,806.702210922969,846.8155042442346,811.4161936514647,778.0280932371365,825.9001660419697,822.1910732995698,831.3499131123001,581.3110424234912
1220,1826.193918141458,1626.1393153635247,0.5312848540529604,0.2062161491825027,-0.07066213883095818,49,0.0,0.04601250041633396,7.081549565154038,-2.1253207480245355,1826.193918141458,1626.1393153635247,1449.7890414620178,0.0,0.0,256.8283908879502,58.879830383272314,150.08995334887533,126.6435710322868,132.48107593354453,133.72501880740967,139.36920080008224,137.25552336203336,139.19027874347617,142.7293443775712,110.69270352877172,131.56361750327076,106.04875402469614
1221,1844.193183008542,1623.9997998897584,0.20346643936881004,0.2301647681167695,0.5439159379073398,49,0.0,0.008682191492838482,1.2493682470864849,-0.2417261601992478,1844.193183008542,1623.9997998897584,1004.406815041182,0.0,0.0,256.8138852392275,58.87891772186642,105.17521405163531,85.98098349166557,83.25941831592209,81.41222617389491,98.374467222546,91.53880281139918,103.16409841713252,98.4474966088471,103.43234150507713,97.01895846398347,56.602807979078825
1222,2747.087380962194,1628.4427031737578,0.34382630495648614,-0.010878856770370034,0.11954576267782244,49,0.0,0.007524924565867653,1.1752669723883993,-0.1753413292112503,2747.087380962194,1628.4427031737578,830.1148338149892,0.0,0.0,256.08602756405355,58.877618976826,76.87178505042866,77.48195721542493,71.13914109328337,78.09807076385331,68.29639467083614,72.11762353878154,76.80903614465304,80.89761407868686,70.32602478288149,86.32583922921032,71.7513472469495
1223,2448.9135981278837,1629.0684484039914,0.8123037950265888,0.3729211191965761,0.06190516890246077,49,0.0,0.02733063948795987,2.906192307094254,-1.1583108720716895,2448.9135981278837,1629.0684484039914,1077.9757548106254,0.0,0.0,256.32636679795706,58.879372322685164,86.25714845074393,97.0902285843037,102.13601317687123,97.2769828780292,103.92802439199522,110.79286314916114,109.05699821634346,105.47224295838961,99.48734616863716,87.96615219725786,78.51175463889277
1224,2847.8790414967684,1628.6868055666553,0.9091753094132669,0.484403948238524,-0.12383351298397567,49,0.0,0.019257409663003135,1.658890931378412,-0.5495445825147283,2847.8790414967684,1628.6868055666553,978.175820711665,0.0,0.0,256.0047879476394,58.877115250448874,98.15994874258196,82.82860373352227,82.79512954043761,83.89131372294545,88.40144796841062,102.5685080203167,83.73180641580748,97.19517409877142,96.7210591334476,92.93782733155774,68.94500200386605
1225,2551.008877841759,1630.3319065415405,0.5030985385107947,0.2646623578178771,0.04128526031922363,49,0.0,0.015283023668332502,2.0229692256449283,-0.7649731903251216,2551.008877841759,1630.3319065415405,912.8626559085633,0.0,0.0,256.2440569982809,58.879437847107475,57.966408601654535,65.72745033811088,92.80142777873665,75.31628153126367,107.72509629886042,71.53020292969916,82.09569235317659,77.82850280155554,100.42076666829317,107.47185575088902,73.97897085632363
1226,2761.439922716217,1629.8174707213286,0.5143141772033777,0.5682159013366879,-0.11563030799966673,49,0.0,0.009379660118011779,1.0474780323314339,-0.050362309317124224,2761.439922716217,1629.8174707213286,830.4931302910277,0.0,0.0,256.0744438882529,58.87810862104364,66.3447874912616,87.61128445965126,68.82841340257741,80.17881765543585,74.5699846480686,76.96182786135023,61.47885029562016,83.37615841934456,82.66764037841429,85.33368468831196,63.141680990991816
1227,2223.59407832451,1632.703139874093,0.594455123089923,0.3870656635557858,-0.6265865184879817,49,0.0,0.010997643041233454,1.1105945536121482,-0.11388884837263587,2223.59407832451,1632.703139874093,948.0224817169533,0.0,0.0,256.50798246637083,58.88171874745113,76.88245488797597,103.87641487354513,90.4608702748632,69.79598613482786,96.85529060689802,86.48886038089294,88.31540756357424,99.19747807361352,82.5756800211166,101.83859387110769,51.73544502853817
1228,2601.7147665500333,1634.5115305594334,0.8100343390906537,0.3479284869636681,-0.07401146680748043,49,0.0,0.051094744676081,5.733587170143757,-1.8960660491408365,2601.7147665500333,1634.5115305594334,1324.8179011486363,0.0,0.0,256.203143311477,58.880930850257236,105.69485298966327,128.28090034867137,119.56233144788082,131.41574340435915,116.6700677847929,109.71209226235246,128.32888231350265,148.0850769359582,136.79790752924217,94.79534916146983,105.47469697074341
1229,166.76336261299372,1635.993519838625,0.5839291878646032,0.4447470315577329,0.05535808589913152,49,0.0,0.011544364143144822,1.3013553501369575,-0.28598975472328475,166.76336261299372,1635.993519838625,884.1371410713047,53.95326805211804,835.6092494442576,258.16619086933605,58.878905509364415,103.06167235624912,103.65531793152962,97.60007335226891,85.48998802556554,79.46198757154116,69.62500567378468,73.11087114330842,72.27252461186809,80.35172168345589,65.31760225391787,54.190376467815376
1230,2146.9239227747294,1637.1999845603889,0.6210103602181574,0.3518239664076721,-0.08403185335893792,49,0.0,0.3389784612220883,48.265660527386586,-4.20909563498289,2146.9239227747294,1637.1999845603889,5689.091951963186,0.0,0.0,256.5697701914473,58.88381741210895,469.66835202036503,524.0656501280896,516.5676791320514,522.3793357519356,548.1226575962378,512.5349065540523,558.3211067007699,526.332612260256,552.5740710588087,544.6683823605306,413.85719840008824
1231,2963.845817179486,1637.062350353407,0.8179267117747282,0.7032756611427109,-0.4249580479566317,49,0.0,0.01686348563263913,1.506295298632817,-0.444775301499361,2963.845817179486,1637.062350353407,996.5177668208685,0.0,0.0,255.91121425098842,58.879844805249306,77.83776565973703,95.91358913800849,87.3656256159004,84.19575892610207,106.00424993440325,86.00702606634948,84.86825717567567,98.5105393797704,95.17427138490515,106.4143848438263,74.22629869619027
1232,2368.288926186609,1638.2193306859833,0.8385390160768286,0.0772774226277933,0.04980712174357374,49,0.0,0.020725904366150603,2.092661356106755,-0.8017473863347896,2368.288926186609,1638.2193306859833,965.5674409210695,0.0,0.0,256.39129144709665,58.88351195712112,81.38902538215424,91.61599184616782,84.37082517918583,93.73567440609337,89.50929668185674,88.71751623353515,96.59373052877214,89.9749237133029,83.6453339018386,95.14519621102218,70.86992683714058
1233,644.8976856206068,1640.7710452401136,0.7567126150435455,-0.05153914273217177,-0.23465248393349195,49,0.0,0.013405853477169853,1.4370517975615542,-0.3936810556691384,644.8976856206068,1640.7710452401136,811.7910257659258,0.0,0.0,257.7808316001509,58.88376273232271,83.07100516524817,56.5660506209772,64.08150583814103,59.21454676961265,76.26899391178463,76.56087782563432,65.59069516410489,87.89159387832677,104.33851439651545,78.16797331706,60.03926887852071
1234,1191.1978922567882,1640.995125385988,0.6345565805672284,-0.36278448830846344,-0.059116988079577375,49,0.0,0.012570177467522222,1.521512660094054,-0.4556889258894467,1191.1978922567882,1640.995125385988,877.2987869273045,0.0,0.0,257.3403746143309,58.88572761869066,90.15993097383495,73.93577537602096,86.24797659327791,72.44764961731036,72.27513207652683,83.76185788051517,87.27562264302227,68.38507058530107,88.09139301215043,92.92839484819194,61.78998332115259
1235,1897.5802155038614,1645.3885382678047,0.3819955917882051,-0.3115036650236114,-0.14407200759896882,49,0.0,0.007408299251635014,1.0387740795596199,-0.04130276044891649,1897.5802155038614,1645.3885382678047,815.8503439260646,0.0,0.0,256.77078504510587,58.88775717027457,68.01152136113049,63.616045377967495,73.8834626162196,80.51456519631427,67.51009122864446,82.12197701332784,81.7624361239759,79.47338334736253,81.15307690119778,66.90423845802785,70.89954630189644
1236,941.498838041486,1645.9006045158833,0.7721041961771846,0.08184194443240637,-0.03947672653515967,49,0.0,0.013648718373572769,1.266903614940963,-0.25685893836969903,941.498838041486,1645.9006045158833,1095.8221032414135,0.0,0.0,257.54173592257814,58.88710191948899,105.72534449138291,113.55368685000704,103.48715873201579,103.7803897155976,83.66915387147843,96.44856274362957,88.32399668304096,104.35811118664874,99.45983483971774,114.8291203819919,82.18674374590269
1237,2740.8385188254965,1645.6469887504782,0.5345440447617132,0.6122984047627893,-0.3141204961210686,49,0.0,0.027405291129069663,3.8146009351495778,-1.4536227772687604,2740.8385188254965,1645.6469887504782,1183.828031848465,0.0,0.0,256.0908736842609,58.884822363149816,104.60529594127925,102.18969329218848,117.15099028074326,102.13211618039121,107.9080966290869,122.87717127950827,114.16177841825422,114.5202175608103,102.0393519774241,122.91859551404428,73.32472477473453
1238,337.20346129495573,1646.6950919349522,0.23142712890074274,0.2871131637737564,-0.1486161356748843,49,0.0,0.010114471412940017,1.5098171506328162,-0.4473108859819736,337.20346129495573,1646.6950919349522,1072.9836888573773,0.0,0.0,258.0289478728533,58.88451724712858,78.35757050144687,102.38581219788246,118.2763272715681,79.66587669597546,88.18653181514532,101.65615426835174,112.10603020803921,95.06899619227123,103.65576122029694,114.89493556558024,78.72969292081982
1239,886.5674041869935,1646.584924320815,0.5187298876496645,-0.07871841111623423,-0.26302053009302734,49,0.0,0.029021320209539146,4.298594312694304,-1.5833161493870778,886.5674041869935,1646.584924320815,1161.18822488438,0.0,0.0,257.5860323762997,58.88719772865883,103.00333987828682,119.41960279962782,98.52855396326672,90.04443759406942,111.98891518149256,127.5003073498556,95.33030539806714,119.2416309564722,105.34295335891142,113.59183878065156,77.19633962367892
1240,289.0717644359304,1650.6344341416054,0.44363278519055327,0.6366737354274059,0.11082810766662873,49,0.0,0.061592139834799754,9.175394949486101,-2.4065619181933715,289.0717644359304,1650.6344341416054,2195.208944281885,0.0,0.0,258.0677983229208,58.885847337659776,212.56567337899014,212.3979071206221,216.76811631324074,207.1492193128126,177.31655452129064,199.73214056432624,193.05482507940545,212.04229249686688,201.8026856905388,214.82566994614683,147.55385985764474
1241,946.0664022846065,1650.8544967815499,0.8535055554400711,-0.16318718037863786,-0.12667201818201274,49,0.0,0.01759428338076945,1.6380890789436473,-0.535843787275558,946.0664022846065,1650.8544967815499,1062.2521151688823,0.0,0.0,257.5380845194763,58.88918101255816,91.037918396506,110.04886696573988,92.4679137511563,108.44006045281768,86.97491573061117,91.46100683112113,93.15962876440743,94.51855621070474,99.4640690555376,112.74179279975019,81.93738621053015
1242,2321.375966067315,1651.6729538962866,0.6851069611549901,0.06031450717944262,-0.18346439287104396,49,0.0,0.013761374660118147,1.4648468348442578,-0.41448054251123034,2321.375966067315,1651.6729538962866,848.4371560516213,0.0,0.0,256.42901946345546,58.88929262423556,77.16535036634698,64.4275193234234,82.80633242428846,85.29396402162322,86.13162538335024,76.7797507689526,66.6012462595296,83.41242384882315,82.8123816288686,84.48832620925964,58.5182358171553
1243,1597.352834617109,1652.4960786734719,0.5913515997680012,0.17150475708520543,-0.006641181620200281,49,0.0,0.2596274343207011,37.31058365360847,-3.9295801070270864,1597.352834617109,1652.4960786734719,4840.530337889359,0.0,0.0,257.0128810117684,58.89094017150562,378.53919431242,443.5227270673089,486.47386058971983,459.77361470919016,463.11815883111353,431.5172251850759,482.9004658541562,428.56924171170317,439.7258537637861,494.02824661207035,332.361749252814
1244,866.7218184807073,1657.987661276898,0.5478651604235694,0.45179500998811123,0.7659064059549336,49,0.0,0.018472042571212027,1.6602750227540168,-0.5504500860207648,866.7218184807073,1657.987661276898,2247.7453352814455,0.0,0.0,257.6021153032239,58.89187649613028,211.11062417216414,227.02297229258312,184.23582958425328,189.83664115975097,204.92175317263371,174.5347206542548,222.0542011633297,196.6340278163583,230.14787808165875,228.48387497457625,178.76281220988278
1245,1643.700269198659,1659.261460326337,0.39355059610400644,-0.3341300736789837,-0.41163251709885396,49,0.0,0.013740845300689633,2.2241624248981546,-0.8679162487107994,1643.700269198659,1659.261460326337,959.0121268419273,0.0,0.0,256.97550136381517,58.893754418943985,94.9344500235588,95.25649767304105,84.99263797052538,75.2237011009851,79.96673317803729,91.63530912890096,82.47813792529013,79.57932268897724,103.91881328265872,102.75394859131237,68.27257527864013
1246,2309.3984760046756,1660.4408949464334,0.8696645035922136,0.31436556277559036,-0.13757502888841022,49,0.0,0.01281258724334947,1.1839897302144669,-0.1833698384619092,2309.3984760046756,1660.4408949464334,853.3115226313041,0.0,0.0,256.4386172255675,58.892988741285066,80.45707531678616,85.2842392289651,81.40263511232189,66.39427139313375,69.82507723651182,83.37224965466814,72.72916555563691,94.29390739001487,68.13399258032976,87.56388348398275,63.85502567895297
1247,871.873209857915,1662.311508186531,0.6015586105185017,0.3393060961498661,-0.041651790900117676,49,0.0,0.06872683962427026,9.547787558186213,-2.4497568680723703,871.873209857915,1662.311508186531,2051.4098528599584,0.0,0.0,257.5979917505431,58.89369691765752,211.32165104189005,189.70378514962405,166.128096054958,173.8613904578389,177.11015996547786,163.7595216800225,187.00797447397554,198.16884139849253,219.29299565884287,209.65944879148066,155.3959881873556
1248,158.21526005359195,1663.110759276877,0.2997713156431941,0.28431529606900663,-0.30749553406270624,49,0.0,0.03186343238516903,5.082524397888128,-1.7651986801998105,158.21526005359195,1663.110759276877,1909.0917017745032,136.1098389864189,1711.9625150956076,258.17346010803044,58.89014034489207,138.65469580951347,145.9658077030095,179.70283900360118,158.4959710302253,171.54152064127558,160.06753342411997,159.38254707316634,200.01696022961718,222.68947931166082,228.97716373115887,143.5971838171549
1249,205.94195191120053,1663.2205792740722,0.44317858231335067,0.9146493905639954,0.19232068103388394,49,0.0,0.029070364043929146,3.810869453150938,-1.4525601791022467,205.94195191120053,1663.2205792740722,1537.608233213708,0.0,1372.3635589067044,258.13498290323366,58.89052597004132,104.93829250727731,147.47360753107145,147.55654178377853,141.46455888785815,147.9907956163517,135.44126910448597,142.0154876383191,156.53852507218926,161.5500879914024,149.92868329176665,102.71038378920775
1250,1758.9683267015128,1664.8074635347618,0.8222310028508141,-0.7676518812615728,-0.5371212294149418,49,0.0,0.0130464578600533,1.2040974223073122,-0.20165406667911007,1758.9683267015128,1664.8074635347618,857.6053166079178,0.0,0.0,256.8825277174955,58.896006879362574,63.16298455795675,88.48543455713502,66.81582050704866,87.04287763510101,84.82052002732176,82.2658546810942,93.98170329433886,69.82967930562688,81.97834876352869,83.14607404234411,56.076019236421864
1251,2322.7171534839163,1664.6888971362905,0.8221227244699341,0.5749396511631921,0.453099114716212,49,0.0,0.014886270356602315,1.2262900655520783,-0.22148302490258523,2322.7171534839163,1664.6888971362905,1024.7297963936644,0.0,0.0,256.42784664813826,58.89471079409708,73.51474412694586,93.63491464762755,95.49243351086164,106.23468344302987,83.60661440284744,92.41345346721928,105.204276414303,103.29142745018493,94.61330032474653,97.86893911943196,78.85500948646626
1252,1233.2631405905215,1666.9487382856232,0.5516999788794421,-0.8251236876024276,-0.8462523873628022,49,0.0,0.009451667099872874,1.055259615467214,-0.058398295279396606,1233.2631405905215,1666.9487382856232,934.1854461317052,0.0,0.0,257.30654948546953,58.8966234706712,77.9508172465913,107.93285506989213,93.1057163185317,86.4780100657493,80.96630646071917,79.72672285450673,87.31158278224873,92.56691905102659,81.61541278977398,98.31746866505239,48.213634827613234
1253,215.38170112571188,1669.1242903407328,0.8460072104542448,-0.11500726007077779,-0.5922018876310633,49,0.0,0.014116632561690592,1.0870724223667119,-0.09064619597124611,215.38170112571188,1669.1242903407328,1133.7593879210644,0.0,885.6488586862556,258.1274516116387,58.89305125126567,89.08649933247209,108.42563984092449,100.29971468176029,109.85001071333691,100.38833002103766,114.98524206167698,117.978844079461,104.19375462902015,105.74277686786259,100.5465274649437,82.26204822856877
1254,927.2228658466256,1670.5007920340752,0.28739393743670016,0.22040435776122497,-0.16539990012232497,49,0.0,0.009252767274894502,1.2788819463198509,-0.26707614143870717,927.2228658466256,1670.5007920340752,1001.3377040261282,0.0,0.0,257.5534077658716,58.897303793221944,96.09170126824678,97.29207615375748,104.27858792307308,89.93479003931073,107.22596329731019,80.65005858717164,77.92886276129873,76.34713900071431,90.45105534598832,98.06584775312687,83.07162189613004
1255,1661.7155798124945,1670.933208275202,0.4405947427281951,0.6354133676845712,0.16449601906044695,49,0.0,0.01271578862996756,1.6422417927852784,-0.5385927503227399,1661.7155798124945,1670.933208275202,994.4517148835655,0.0,0.0,256.9609648255468,58.898612921170304,91.98226089621863,72.27445783362737,76.72304498195608,97.95367483734182,119.95692330752973,91.11464099579227,93.72115995153864,96.62137646057464,91.20852423942533,93.8797400220965,69.0159113574644
1256,163.09286388524967,1673.2752938609485,0.33716683863092606,0.3760540842351111,-0.13334381130321887,49,0.0,0.0616187621956677,9.676560193582135,-2.4643025062779236,163.09286388524967,1673.2752938609485,2909.729026513749,264.1933168121652,2537.303534941447,258.1696696405907,58.8944099592946,244.95616466723004,248.4021830750604,237.0074828418883,256.28611391875177,237.89211446347298,237.46467448145052,273.8818506193753,285.7625291985248,288.36540232285614,318.67944380867476,281.0310671164641
1257,1843.2878082578527,1673.5195831833487,0.5704000063252934,0.4419044963323347,0.051601823914613716,49,0.0,0.07754045875887046,11.14275763018542,-2.6174817103450354,1843.2878082578527,1673.5195831833487,2030.11027586096,0.0,0.0,256.8144983132766,58.89955194698237,161.29997805676857,174.90659759895573,191.2740660698778,187.28220882488077,190.3539326436645,172.46174664461518,214.57897667227985,177.0511729409285,185.4995557156915,217.8388786842288,157.56316200906883
1258,1855.0902356650483,1672.0316986967196,0.30804680818317587,0.06459249181436831,0.8205706245052969,49,0.0,0.008440959199758116,1.16225344402418,-0.1632521044285858,1855.0902356650483,1672.0316986967196,955.6906677133412,0.0,0.0,256.80498165265004,58.898917256314746,83.97657026975352,95.99912662235081,87.09679588411329,71.44627767472781,88.87877651982257,86.31563889669738,106.44875924558042,91.9303201309688,89.1698842805699,91.95494418321361,62.47357400554305
1259,2037.50300668688,1674.5924983452712,0.520909354434709,0.5899057569083386,-0.06024609137291673,49,0.0,0.11583992723783453,17.74547190306513,-3.122718882436997,2037.50300668688,1674.5924983452712,2847.0869624703273,0.0,0.0,256.65783323117296,58.89966741214242,260.5821489623182,279.59923988104947,254.40087963313465,276.15135458408196,253.23243268056927,262.7556762189076,278.384389125394,245.5602199349496,270.1938802468496,271.480709046164,194.746032156909
1260,2250.1558213464423,1675.2469925117969,0.5263964359315852,0.5992789181397894,0.3255406434788123,49,0.0,0.008848390110796602,1.0814839260653928,-0.08505017242210397,2250.1558213464423,1675.2469925117969,803.3236522363017,0.0,0.0,256.4863000833504,58.8993597668408,81.17593604854466,58.57265666074568,70.14687621191142,81.70461024120063,58.02146108013292,74.93964982353843,96.48428353284197,65.82657723973571,86.6730049311459,78.32505070684176,51.45354575966253
1261,3090.232648460905,1674.6873104637448,0.4347052490052634,0.39092135610975837,-0.5674366264399411,49,0.0,0.006947632970852098,1.4305118052633878,-0.3887286154014239,3090.232648460905,1674.6873104637448,507.08661317231,0.0,92.15360555251212,255.80880541487346,58.89461362760155,9.84944486877428,20.225469333630564,33.36293973640254,57.00287523409907,17.953034972226483,24.363877454000942,149.19781012010372,74.10934517785108,49.51409031111707,48.8990665770125,22.608659387091762
1262,640.2243351501417,1676.64668703458,0.7967503717492858,0.13118659742418487,-0.4486524933412356,49,0.0,0.015328129984645144,1.5222825644785334,-0.45623818299814445,640.2243351501417,1676.64668703458,1007.5308804750154,0.0,0.0,257.78493391794393,58.898687077220025,86.47124173519404,81.59628672253359,92.39385823548358,98.17689276785914,89.43364236098654,88.17642339139996,107.41832661921151,107.71702426684215,96.7305227865624,100.51724073469347,58.89942085424893
1263,834.8585238048086,1676.3096746022034,0.6551544211998548,-0.18961387880283936,-0.1313509869810296,49,0.0,0.05720385622865824,7.06565213996303,-2.1228806305062866,834.8585238048086,1676.3096746022034,1704.3396226695677,0.0,0.0,257.6279465759441,58.899390274376174,134.53514100371734,161.01279589169383,150.07245335983214,159.87942795015817,152.72416146375792,151.40505777450804,178.8722658818819,147.73473063190227,177.5191035748948,159.63970564674798,130.9447794904732
1264,583.538335721646,1678.3883171008285,0.7280290356981615,0.2400429448885221,0.039114733906650975,49,0.0,0.016243287500812022,1.5986591916389525,-0.5093897225828038,583.538335721646,1678.3883171008285,1018.6036035711751,0.0,0.0,257.83066991031643,58.89913121782777,64.51785446923232,99.86763662970588,80.44487896058352,92.60418958420081,88.69147172762067,97.12331169593696,92.61424672156082,112.59906125574847,121.88083104473546,102.10125217959194,66.15886930225815
1265,1223.3052203711725,1678.7241217970263,0.44815594001899367,0.20864881622678877,-0.026559195873389046,49,0.0,0.057156840267684396,9.203178611049873,-2.4098446267388516,1223.3052203711725,1678.7241217970263,1860.6025476788143,0.0,0.0,257.31462438769825,58.90151119474943,188.19358365767602,150.56045138466607,168.09218355571704,150.32348387396394,199.27955047216997,149.18744558910697,167.8211374731436,198.65425442010525,171.65398857079202,179.65167691900444,137.1847917624691
1266,1268.6969131159585,1679.064286804004,0.5772707339609164,0.20283037916847932,-0.0822012069760198,49,0.0,0.325539090682634,49.382002693520526,-4.233921747055199,1268.6969131159585,1679.064286804004,5536.614019010516,0.0,0.0,257.2780087714147,58.901733760079104,475.8036379234242,458.69347031195844,488.779455275507,526.7862124560397,528.8403577147798,490.408491142962,524.0928708790235,538.600086028398,532.0971486011997,560.9812537542741,411.5310349229502
1267,1719.9498731516842,1680.5875706939262,0.4111727881781946,0.37926973203928366,0.11379614540903771,49,0.0,0.013887546688495782,1.9693414175599468,-0.7358025368010499,1719.9498731516842,1680.5875706939262,1005.1865144017713,0.0,0.0,256.91398030862734,58.902609143303515,98.23797782612596,97.42903361236951,96.84434734696188,100.4710437632879,99.04553206580965,92.7157800604713,89.34044309597789,98.88053718644338,94.00783715231302,72.435663620913,65.7783186710979
1268,129.74504166636567,1682.3158317028324,0.3313936831027544,0.5001815406547041,0.16348280757090417,49,0.0,0.007742167959619602,1.5575963145997254,-0.48113727734231554,129.74504166636567,1682.3158317028324,1010.3206703576724,57.767536539273,272.6562374585815,258.1966876170315,58.89793255517764,96.03272140132917,83.46861405288946,130.5010716339169,77.33891092265296,106.59712490257776,98.53871479471549,105.22754369033723,173.11415206645384,77.57354377486305,44.34813459072018,17.580138527216313
1269,1412.0035826631474,1682.2682868533013,0.38539915366693045,0.49146072879001335,0.1916059733406585,49,0.0,0.018888823099208054,2.842835545021873,-1.1343793423712674,1412.0035826631474,1682.2682868533013,1109.7055679694113,0.0,0.0,257.16240980045393,58.90325603223307,100.7783226600751,102.59578421694525,103.20877238670205,98.83609846422245,109.2467020201307,92.11482212746412,107.99991901361412,91.398123191997,113.33459446997658,104.27398117537054,85.91844824291348
1270,2698.0500428082596,1681.660678764988,0.6632911635678356,0.4998107937653869,-0.0616752124125917,49,0.0,0.04706633291830793,5.94301139059678,-1.9350164066099302,2698.0500428082596,1681.660678764988,1374.5335159394065,0.0,0.0,256.1249849125611,58.90006660756161,120.85685406093442,153.38954751454335,134.50536052178165,119.13171571667326,113.78527718750036,137.49239047301157,119.3405746327388,130.086126481034,135.26471357562684,116.26404499855838,94.41691077700376
1271,2847.9882583570047,1681.8353499088423,0.52027890091549,0.5781395484150824,0.006746086042088988,49,0.0,0.018954766140400696,1.954983090695145,-0.727857513473512,2847.9882583570047,1681.8353499088423,1231.5639994423484,0.0,0.0,256.00405586853077,58.89925637782358,115.21651982682432,97.36428962319681,123.1695980761671,110.85846940245592,98.40830344648143,112.96790396163641,111.08001632082622,121.19058784493322,132.3347210749456,123.39518087186077,85.57840899302064
1272,629.3163453151761,1683.4159941217333,0.9435567185094458,0.00199529769410005,-0.10195297475331482,49,0.0,0.012062491618017089,1.0416049972681998,-0.04425763706758252,629.3163453151761,1683.4159941217333,878.1373912674628,0.0,0.0,257.7937954897515,58.90145444934499,80.82739527005273,80.93080156935773,79.71553708858994,85.46437466607269,84.2239295270038,66.47389299066003,80.05912997281868,79.44199398103262,81.27548883960341,101.65298631936167,58.07186104290956
1273,294.92351147822694,1685.0723707904715,0.5663173932579263,-0.4490930859027368,-0.12426039498905408,49,0.0,0.011129829626036897,1.2024727159016433,-0.20018807754650367,294.92351147822694,1685.0723707904715,963.3621843695929,0.0,0.0,258.06351776753576,58.90023248897032,77.40790323336134,90.04821197889129,72.23301333280367,91.23809676504118,106.00099043835118,86.27827802079058,93.02114488772854,96.50761091241291,94.62969838310156,84.33156486852793,71.66567154858282
1274,404.51933831798686,1685.501868402958,0.6754733519822869,0.5820376480111812,0.3709638559874864,49,0.0,0.01106533424636054,1.102565022989829,-0.1060105277600577,404.51933831798686,1685.501868402958,907.59409447966,0.0,0.0,257.9751321183854,58.90109993675674,77.9088279402765,81.74606790475782,95.5381356139525,80.55368212250721,73.59664393809496,89.73083305117741,87.77906179488451,70.50349205421199,77.62917115590815,90.63783293686984,81.97034596701907
1275,619.2909456591635,1685.0814361499326,0.7555670505499529,-0.48272797012500696,-0.802371300463321,49,0.0,0.011331608633705227,1.092461523325136,-0.09601537497150311,619.2909456591635,1685.0814361499326,918.1875310618302,0.0,0.0,257.8018978289199,58.90209915761972,73.07486327661206,92.13815787062438,71.80136784853825,72.05540997154688,91.91247988331929,77.10288542603966,89.62932151697316,95.93428578459475,92.30701705490472,95.823525548792,66.40821687988506
1276,1609.4172242740053,1685.7508144490284,0.7728126840976218,0.0669591744967297,0.10191281797945216,49,0.0,0.012537644736810518,1.2413500631249244,-0.23473567664169076,1609.4172242740053,1685.7508144490284,928.3253645617385,0.0,0.0,257.0031488222253,58.90479613301497,72.78899622478481,83.06426230881337,85.24171498586801,88.243902545038,97.95386595527697,69.90380444851547,71.50584232642383,70.83921874491455,96.65966722364794,113.3554198612517,78.76866993720391
1277,859.4720590888626,1686.3125630707905,0.23320413193285192,-0.15482567403558045,-0.10614108146730362,49,0.0,0.01741534651495911,3.1188392800016564,-1.2349824881858678,859.4720590888626,1686.3125630707905,1226.5934755809049,0.0,0.0,257.6081656310158,58.90365104969252,110.40586992059829,109.17074324649943,102.40469659587718,133.11506501868791,111.1399648070732,108.64681730868166,106.89364972882838,113.19599346973183,113.88843821889888,126.33107987224663,91.4011573937814
1278,1045.9838586317321,1687.7015892027273,0.8471085695474455,-0.07007016614715617,0.3649947993980679,49,0.0,0.018490823467968293,1.7281830217608722,-0.5939743354204856,1045.9838586317321,1687.7015892027273,1015.0963684613777,0.0,0.0,257.45771228424496,58.90483674152974,72.34552665667101,91.33337650510195,123.47451893206062,108.14880933294515,99.04184224903446,100.60549431682958,76.81743333384932,89.2751373847311,90.56729504599826,94.4062701833534,69.0806645208029
1279,2041.8441816657248,1686.5632040497965,0.5679637056480855,0.4203909970660572,-0.0715226561467474,49,0.0,0.08420593198778559,12.374498991336651,-2.731319061498354,2041.8441816657248,1686.5632040497965,2152.319260431629,0.0,0.0,256.65428013362936,58.904645531915016,194.01782352373797,202.9991097502408,171.17964418156112,188.14103840664023,226.98555669396268,185.98226107410045,203.45571579791329,176.36413521109827,209.84210743793818,245.79022690692653,147.56164144750963
1280,282.96657368716046,1687.01472314319,0.6974792458366683,0.13706339432709938,0.07744171329605044,49,0.0,0.013084846155020351,1.1276251390595624,-0.1304118734643874,282.96657368716046,1687.01472314319,1034.9411439719254,0.0,0.0,258.07318579414016,58.90096289750329,91.49704436135708,96.09513335059398,86.47764316339303,103.21056702890155,104.07262450291398,79.38165007372771,86.22723538064955,100.08105088005507,106.4248412497997,85.74099651935379,95.7323574611799
1281,504.69146267296117,1688.1586321357943,0.7067736162952418,0.17926479383905775,-0.006887688331354088,49,0.0,0.025265591853296538,2.8360017051361583,-1.131766219072884,504.69146267296117,1688.1586321357943,1028.7694526478622,0.0,0.0,257.894365687661,58.90278335781415,84.45770462672553,97.48795710736924,93.3683665023985,107.68085610602023,102.52779610606405,67.08911598649658,83.32992662115569,92.57658719457194,107.79443603380163,113.34430940718022,79.11239695607864
1282,1264.3597500570538,1693.6262979477508,0.4820230058038988,0.16611905514100736,-0.09658179285850117,49,0.0,0.04043310668373324,6.281324176461023,-1.9951280193385212,1264.3597500570538,1693.6262979477508,1485.979756621271,0.0,0.0,257.28155510969,58.90779391816765,126.10735278617057,138.31806311289802,131.65059033264657,135.4001083773491,106.89434825566642,148.80804784020984,147.12665659212354,136.61278060859883,146.27642695780295,154.21771139621256,114.56767036159238
1283,2618.0250276801803,1694.1535779754054,0.6439221269179535,0.009412291706447874,-0.23126224421941832,49,0.0,0.014263024461574104,1.6638850225366868,-0.5528082811441427,2618.0250276801803,1694.1535779754054,900.7601264220232,0.0,0.0,256.18940572971695,58.90569652187417,66.86480226155227,87.1224827398524,93.87292144510155,80.54877984591964,82.27038914086145,86.12619755144549,79.2916480930598,89.30978710271144,77.6381503927315,82.14500745280978,75.56996039597786
1284,969.5631169551114,1696.469886891674,0.594631158234908,0.12310614252326377,-0.07299442336426801,49,0.0,1.1500230243992469,166.51662650561858,-5.553644009607903,969.5631169551114,1696.469886891674,18597.26667015307,0.0,0.0,257.5194173167166,58.90826248891163,1508.7697652410523,1736.7906393779895,1707.8734448867265,1841.5491757192362,1803.4865597347593,1701.8688813445585,1747.32683529966,1759.8074222844834,1828.0016854385535,1697.7268282999014,1264.0654325261553
1285,643.5540888142455,1696.9460559976342,0.5268437216320794,0.40661343568406194,-0.15476381943838918,49,0.0,0.21079964637539203,32.634266005030774,-3.784184622972997,643.5540888142455,1696.9460559976342,4329.083019313313,0.0,0.0,257.782437215254,58.907160408534345,374.00199468169455,415.33708578114164,375.6158889212012,408.8655321861218,388.7759517279471,397.21299426145464,415.9250640072721,425.06458449821383,394.9918107235619,447.08886204058365,286.20325048411974
1286,2293.898100955814,1697.7501997579725,0.501576755376334,0.3303069063582054,-0.1054412357594203,49,0.0,0.033789012850417154,5.040088457558176,-1.7560953968143467,2293.898100955814,1697.7501997579725,1303.2011475886025,0.0,0.0,256.45086595757755,58.90858811349414,116.4687042820123,109.960262838946,108.3705192762421,113.05999451858807,134.26061072329665,128.93012787742563,121.78669150609124,129.12585303217497,114.07165758381385,122.32045146051834,104.84627448949306
1287,230.35825316270214,1698.9360094075337,0.41573595024226984,0.5013547762239726,-0.044446711316788505,49,0.0,0.07331887381419658,10.973268766684381,-2.600840041104769,230.35825316270214,1698.9360094075337,2752.2076892649666,0.0,1636.6377300042698,258.1157729450264,58.90557408379748,236.93045510890482,209.73625954876098,268.50121789823874,248.5074738889856,272.0773782485981,250.7457281803728,280.85454870161107,262.8230743778852,265.1515831334102,269.10754251876085,187.77242765943845
1288,1937.1924240681217,1699.0713245854524,0.2845821081403123,0.058154514101767106,-0.09181090664171639,49,0.0,0.013475291977422733,2.28704955675111,-0.8981889379602143,1937.1924240681217,1699.0713245854524,1068.396042582697,0.0,0.0,256.7386675192302,58.910061719316154,79.5756035767092,97.39776262572684,93.29290024173463,97.94575438742737,96.39984709220704,104.25159606900124,116.73083885673401,78.63560292652637,110.7658615366662,112.92827794286848,80.47199732709561
1289,432.3913376947199,1700.0665140810577,0.4225843545363509,0.7437511078116649,0.03395818431208834,49,0.0,0.009057570307458174,1.1894747166858395,-0.18838803791614178,432.3913376947199,1700.0665140810577,796.8174440624091,0.0,0.0,257.9528174957825,58.907333199937085,73.29289737669691,69.68131407714685,61.99306439647638,87.58268811203818,77.47915459425755,71.90378653694677,69.16852618391519,81.61945099873623,67.40797480200372,70.91579926992,65.7727877142714
1290,551.6103929143021,1699.4135465189943,0.7139332991300915,0.0055526926989902855,0.19131506575307708,49,0.0,0.01199680915663882,1.2251211229442376,-0.22044756955933859,551.6103929143021,1699.4135465189943,841.7621636661645,0.0,0.0,257.85663515061805,58.907725131762874,79.54727324743106,70.09554844669482,75.74199665815482,81.34875925074141,74.06343239308588,69.2474637206069,73.24322321329294,80.37585857812223,77.33913427598085,87.82053481464047,72.93893906741324
1291,2021.1918225410539,1702.8964409910518,0.38836611556809486,0.3408582655268599,-0.037944348927401915,49,0.0,0.010169907946287925,1.1139865240622984,-0.11719984298121136,2021.1918225410539,1702.8964409910518,984.882769110646,0.0,0.0,256.6708745910478,58.911495645226914,84.53248514344492,97.41444100533158,97.35684157793105,92.06066640337067,81.56193411093606,73.17469315527411,84.22194577930023,102.12962188215226,82.8068139789953,109.9978712091623,79.62545486474735
1292,2166.904466476865,1703.3781794702747,0.7997433599398045,0.05824106204198523,-0.3387327738198161,49,0.0,0.015024379323213875,1.4044331122853209,-0.3687526506611404,2166.904466476865,1703.3781794702747,1092.4830446654,0.0,0.0,256.5532965378935,58.91133496944526,96.5328680211301,120.49787665405857,108.37532332854799,95.00629398736864,101.33254027889288,94.83382327302715,86.53130410442355,117.82670052466426,104.66535386556124,87.85291163884764,79.02804898887783
1293,2586.8022799076043,1702.7667190902814,0.5706057365246346,0.41751259619947306,-0.09009969059997272,49,0.0,0.01996067850708859,2.745937888739311,-1.0967267739098414,2586.8022799076043,1702.7667190902814,1010.4616590866988,0.0,0.0,256.2145102759939,58.909442143240256,71.87215792231916,93.10068337559784,95.36736019683303,85.3650368850051,89.83894675533652,97.99878441927434,93.07301280620688,91.63083366023827,106.5983834126246,93.33200289359719,92.28445675966577
1294,2229.0359428583274,1704.3274650132319,0.6903951247187161,0.33701579898052586,-0.08112552873653031,49,0.0,0.01192944853337459,1.1490846079312826,-0.1508800182065192,2229.0359428583274,1704.3274650132319,883.543326209475,0.0,0.0,256.50315772437233,58.91154394682205,72.12759066915655,72.7221355092039,75.07680702801515,84.91391011155395,86.86099647717452,86.26826684242914,79.39328106384303,82.2873449332117,86.92780022415077,98.93475043141888,58.030442919317544
1295,1976.6853784132675,1705.0793986493816,0.4565504766564504,0.4024927348864161,-0.08438261293846971,49,0.0,0.013359866750234078,1.6038436777782474,-0.5129050913125093,1976.6853784132675,1705.0793986493816,1010.0341761803552,0.0,0.0,256.7067794271157,58.912494311244544,87.45354050852112,88.07763133188205,113.4090167420147,77.58856165858944,80.4543821726732,89.957341127311,94.21898041976715,105.11285138532679,117.83329977307325,85.75618671452202,70.17238434667459
1296,2803.1614696094875,1706.1580307608467,0.9918092383257113,0.3673856787776809,-0.11756217482416986,49,0.0,0.021747295327979196,1.7531014465742676,-0.6095176202582274,2803.1614696094875,1706.1580307608467,1060.1215663730163,0.0,0.0,256.0399239613496,58.90966518820641,97.87465544981467,105.88043267594703,95.84300740549938,91.29176943667937,100.70823851905857,99.30836593961534,96.26297460756466,109.53246714147713,84.73306914670513,98.55791560762337,80.12867044303187
1297,232.5134728041326,1706.4040904060107,0.8999127846578837,-0.09870113576863081,-0.17411364153843192,49,0.0,0.015066997938183585,1.2033139784211362,-0.20094740439331354,232.5134728041326,1706.4040904060107,2195.6895733268357,0.0,1302.7508245347667,258.1141338917438,58.90870002842985,179.49037069057022,179.7316761666054,205.54984805675136,223.52237822167942,224.11274932329002,202.41754419572266,226.55025875495534,200.89967428789151,209.75977779051675,194.8890018633897,148.76629397546333
1298,616.3897240345533,1706.1663087067193,0.38143547760130236,0.4965183768043636,0.06689063678934926,49,0.0,0.0100848235084782,1.464859096188669,-0.4144896305124562,616.3897240345533,1706.1663087067193,926.2802667296581,0.0,0.0,257.80443976699263,58.910869353254235,81.44124460767074,74.67541661716594,92.35587919271802,90.42222225302054,84.37206562253424,85.92122066945244,95.60040219621372,86.10925260837507,79.39096088706677,80.95891726517797,75.03268481026268
1299,2439.1860268949476,1706.5602872144505,0.38966536764180437,-0.10731749032833691,-0.06632055872479285,49,0.0,0.012649640093727762,1.6355035509264022,-0.5341287284531248,2439.1860268949476,1706.5602872144505,1063.879212489837,0.0,0.0,256.33357664542035,58.91169951334424,95.06349176785984,97.0035686080835,100.71252016895161,100.54491681599373,88.03301060631652,92.85910076507287,104.33775348287786,101.66593485430572,100.14702958849907,90.87303405069034,92.63885178118609
1300,3080.736067241223,1708.3897580885027,0.916678513674266,-0.5271440539913557,0.2708168546549436,49,0.0,0.012007712112967785,1.3134531041474609,-0.296036428104871,3080.736067241223,1708.3897580885027,465.3134818406144,0.0,147.5163473394971,255.81597765194942,58.90872407288917,15.970511949224079,38.30520760739268,47.91579572203079,52.718242238106804,57.16281476143353,50.305101132576624,37.91968975292234,32.47470035559738,75.80056763426283,31.679700397051455,25.06115029001588
1301,1616.8894084229098,1710.8641656829302,0.7936882571547355,0.40223677021012644,-0.21022330530593172,49,0.0,0.011499077233262973,1.04781962068924,-0.05071631615710232,1616.8894084229098,1710.8641656829302,949.3518215530532,0.0,0.0,256.9971164729418,58.91525954875427,87.42133241176936,91.0512522705009,84.61294997540777,96.29563439618556,84.77073695595948,77.44357965189538,105.44200947030275,72.86856279130801,93.94747262731033,89.95135317615893,65.5469378262548
1302,465.0098037489449,1711.5299006291755,0.6210717594020909,0.372674943021762,-0.2633293766499608,49,0.0,0.021055614170123232,2.3671411103269873,-0.9355603698012617,465.0098037489449,1711.5299006291755,1145.8875607080931,0.0,0.0,257.926630829074,58.91229775479257,95.05767544932105,110.5089819447604,97.48933652543975,113.82897871205748,115.33536819423192,95.05005709482145,106.1297059538322,98.88204719958065,106.85615336877314,117.3147643475698,89.43449191770515
1303,512.9286701615937,1714.8202215148362,0.23061554076921723,0.8917798020195163,0.3505947816708156,49,0.0,0.00714048146950431,1.2271967391346614,-0.22228548153486807,512.9286701615937,1714.8202215148362,894.9703797677278,0.0,0.0,257.8880035229993,58.91393621694538,86.17930294289226,100.28598403074318,86.07516110084045,77.61966922531238,78.85539080800184,67.46148021615008,74.83020974905025,77.15076585338359,76.52445138703476,101.73058571634971,68.2573787379693
1304,125.69791972822676,1715.0233842412886,0.9609550799325115,0.1396667479628062,-0.30602878983071763,49,0.0,0.0278467912894269,3.06907785531666,-1.2175197640133635,125.69791972822676,1715.0233842412886,871.9800231804279,0.0,263.43818269101314,258.20042018594523,58.91152782448174,81.58167694014419,144.990831414412,203.25658174407263,37.9469515965052,53.715697222777116,41.205456004777815,66.39105855228098,147.81284313683818,25.66416809801897,41.89755026135161,27.517208209249205
1305,138.0863317609529,1715.4506358874519,0.44189212787522486,-0.3268735566653394,-0.8803557041852771,49,0.0,0.007280884706427894,1.1731938738568912,-0.1734244663264051,138.0863317609529,1715.4506358874519,810.4706636877901,3.5082607292309147,405.10621276925156,258.19043239366613,58.91179722700829,99.49862766153397,102.01027435532271,133.30740094190236,73.26111166409828,57.884985035701774,69.81376876267866,57.60772324987653,76.28614196946806,44.716656973025415,72.84614317795501,23.23782989622727
1306,790.8922439140412,1715.5556732810867,0.5545089548940341,0.4886786942934998,0.05910229215191529,49,0.0,0.08482175070696013,12.742441184517958,-2.763131594214107,790.8922439140412,1715.5556732810867,2063.8133007086417,0.0,0.0,257.6637179302356,58.91556777217426,160.553288898168,205.3061365896085,207.46015055254716,177.26126234402176,196.92238910612497,201.77808273112848,186.77737548609417,202.05225232273963,225.67892532249033,179.72626277587892,120.29717457983986
1307,2488.0541976481572,1716.175494653175,0.6522858269660721,-0.11235438515773559,0.35885414024782897,49,0.0,0.009645389818256977,1.0245338613366624,-0.026315791539576507,2488.0541976481572,1716.175494653175,835.919026322706,0.0,0.0,256.29406410726386,58.91549357899542,71.21649433383172,94.92627013831975,73.5241418446656,79.73608676718268,79.89792756550229,60.42919150573299,69.85708810711441,87.7655251978945,78.3703352652646,88.43184676440725,51.76411883279031
1308,2840.031258469325,1716.2507119458344,0.4072437369688,0.32879251659704534,0.18304856789127513,49,0.0,0.008620985181025604,1.199676640421488,-0.19766050635856747,2840.031258469325,1716.2507119458344,847.3336713071848,0.0,0.0,256.01005825575925,58.91364361702186,68.33183604105221,87.48231533813845,72.3917132081565,87.12435853657475,68.31030768540656,69.66734864288446,85.9562752675217,90.07832316967429,78.8017660002612,88.43037176075764,50.75905565675703
1309,1031.3843743204086,1716.7985875095278,0.26580430170470365,0.14679688755994424,0.26252821759210504,49,0.0,0.029751231576776338,4.653773571745168,-1.669513122423054,1031.3843743204086,1716.7985875095278,1725.5751862600187,0.0,0.0,257.4696513529671,58.91691888784237,156.5191675997873,158.79539768014513,164.01397406641973,147.45104922590184,165.00922108895978,185.2998275891789,153.6871993980261,160.6572719522807,176.7210896066918,143.51687667502634,113.9041113776009
1310,1818.183749430103,1716.976958768916,0.8087979649759762,-0.2464364402405523,-0.3251156041668406,49,0.0,0.012508431858256685,1.1051635712991463,-0.10856640287026582,1818.183749430103,1716.976958768916,910.8984146136145,0.0,0.0,256.83465634711155,58.917688124821495,77.1132066915075,102.51366972678579,71.91884027163908,60.84118888970342,74.70015944528451,88.43888724800416,100.36887774493277,85.8235548498221,107.55433886871239,82.95214351776754,58.673547359455135
1311,938.7660189007635,1719.920840769185,0.47198355293758504,0.7730107579634706,-0.20970866865891694,49,0.0,0.013310430203523231,1.6354623244451478,-0.5341013597277998,938.7660189007635,1719.920840769185,997.2844068456307,0.0,0.0,257.5444156613822,58.917933274747035,82.44132077944437,83.40202013784707,78.59904194338374,95.74495211356131,79.65599073012254,93.9904409152563,99.93011530207805,107.50473907729025,94.88348334740976,116.50798795088377,64.62431454835344
1312,277.87298200522304,1721.9039326431514,0.5632058967569528,0.5386382501869099,-0.07471196469210616,49,0.0,0.13358428957373614,18.63275799050625,-3.1756928580413186,277.87298200522304,1721.9039326431514,3333.29126108141,0.0,9.93447380731757,258.07774256951427,58.91546376716577,281.6839250587976,337.1769302907347,291.6038378449846,333.13986304369143,319.5679708005223,280.9140636286992,348.29820235609174,336.9029325962283,279.5888108903651,291.71932366467314,232.695400906622
1313,819.9578689228748,1722.4151254009212,0.3270457771495747,0.04266687350969996,0.3714916964091252,49,0.0,0.008189220682555112,1.09598767183954,-0.09951417259219877,819.9578689228748,1722.4151254009212,866.7725255423254,0.0,0.0,257.64031522371346,58.91854184909375,79.3547390285813,88.55926046124705,68.04257518472804,84.18108228701892,85.45116214070347,80.41495486683772,64.87886769020213,84.98216893958849,80.48456306108227,86.9941067772616,63.42904510507448
1314,1214.1321344327228,1723.4936631362546,0.6445173105642305,0.2661241143503512,-0.012302527373763056,49,0.0,0.10060686366608979,13.845712220657978,-2.8532882516929705,1214.1321344327228,1723.4936631362546,2118.907394453155,0.0,0.0,257.3221923915339,58.920147292062154,185.69711415943186,167.75363144813852,197.29024393935583,179.81791584967942,211.6436119148558,212.47178065813,205.08227442679305,180.28824287540957,205.35561202856832,239.6273376886375,133.87962946415502
1315,1543.3414898598658,1723.6295226648358,0.5309264831373967,0.17468988451220324,-0.03298887095288281,49,0.0,0.5541429589883312,86.83311084698381,-4.846713400388041,1543.3414898598658,1723.6295226648358,9827.47248917229,0.0,0.0,257.05647790087306,58.92057090667203,798.9574247554185,927.183340206629,889.206206634142,923.8602167016895,955.0691757354136,897.0629329557124,966.7989170873489,969.213447728067,861.4816901403478,943.7732574874836,694.8658797400371
1316,1799.2241416965312,1724.2600584385716,0.2542878301676314,0.3534238309814048,0.15283466827447187,49,0.0,0.011531304918589693,2.03548436970459,-0.7716694295530878,1799.2241416965312,1724.2600584385716,1029.7525722332348,0.0,0.0,256.84994396189785,58.92074257751786,103.00491800808126,96.86472689407722,97.92444506675992,97.48905718873473,92.94330361719898,83.7123478753052,102.76880172907681,81.20792395017824,113.06163689825041,89.72835168237651,71.0470593231955
1317,2219.766260965344,1724.7335988502116,0.7087940381160294,0.2747043490971991,-0.2579429818015987,49,0.0,0.03399845282109223,3.8686342109192924,-1.46889417007116,2219.766260965344,1724.7335988502116,1215.82742914443,0.0,0.0,256.51051438061427,58.92007523616768,92.50667715701618,96.38864397273386,112.84630757590679,110.4532235627451,122.29900127145709,107.75413957971352,138.3402532386258,110.54150578091142,121.96498481064687,110.48762600316334,92.24506619151023
1318,2348.27898526709,1725.1938344313812,0.5614124222564504,0.4019874640116532,-0.10944801650940887,49,0.0,0.1043537791432319,15.837525992141565,-2.9992183516126265,2348.27898526709,1725.1938344313812,2238.7033499602,0.0,0.0,256.40679152260907,58.91982542590754,163.46558248666213,234.57740681118304,226.79431331705965,204.92962073268797,235.24057947578865,210.81327271252638,173.20727650477244,213.45293001720808,208.92354120992272,212.27324586875767,155.02558082363143
1319,585.0650721213906,1726.4753766528274,0.4523833306781964,0.5364891413926975,-0.1779950482013679,49,0.0,0.029328368114903056,4.438333702733714,-1.6180498805035501,585.0650721213906,1726.4753766528274,1324.8408698004646,0.0,0.0,257.82991345644473,58.91917322655202,101.23390278313869,128.2043365693506,113.38809471592079,140.47633174318722,113.45677557791073,125.54842733949911,111.19698076400104,134.05965508994933,128.55046479067835,150.54292227332644,78.18297815350236
1320,2924.9033659716197,1727.4310191891898,0.5352831107589329,0.8210400044314924,-0.05621708753754036,49,0.0,0.05805680258322379,7.749666243509202,-2.2232074976453005,2924.9033659716197,1727.4310191891898,2072.217829020443,0.0,0.0,255.9414389447268,58.9177545022462,177.60767851633528,174.89019546160586,207.09436458270386,191.04772583685013,185.08173747748896,179.8785927909428,213.11142588106122,179.1101139885428,220.3743620543504,188.62009440817062,155.4015380223908
1321,2027.1133629164888,1730.0756831094632,0.6208286139508578,0.1827296820322167,-0.38325694417496325,49,0.0,0.018239355070879343,1.9991629268038265,-0.7521204737000804,2027.1133629164888,1730.0756831094632,1070.320856347293,0.0,0.0,256.66598361295496,58.92280751028786,83.96436685039875,105.12477312719776,108.60604301225041,81.32004765017817,98.9189582426748,92.89797120444507,95.43354958378586,100.91972876598491,96.99243954106953,119.55011654889654,86.59286182041129
1322,330.4506288026765,1734.1926951084583,0.8171439794487197,0.3337127805684374,-0.477822538010259,49,0.0,0.013882631534413754,1.1472117870779126,-0.14910900131096214,330.4506288026765,1734.1926951084583,1010.3896767516362,0.0,0.0,258.03547194741435,58.9209258040704,97.60544854000437,83.7872365458037,106.35967693502228,94.9416295552918,104.45025634782718,100.49712076179622,93.74542151265541,87.93111801857367,80.84132011521402,102.01191276362368,58.21853565582395
1323,2478.9172259071797,1734.0818192256118,0.4493173547088502,-0.13623660934295076,-0.07156304876209435,49,0.0,0.010617458760323826,1.2892474330733243,-0.2758406884687437,2478.9172259071797,1734.0818192256118,937.9385058662969,0.0,0.0,256.3012840464694,58.9229945186902,79.36249568283979,80.19095780121617,99.34765903814014,87.93692465669305,75.0323142615315,88.72270251804422,73.66493233870224,93.12747308719835,105.2709319967868,95.55444577326091,59.7276687118836
1324,557.418068007913,1734.6759728159354,0.7609711905337575,0.2829656961570605,-0.4196468594312154,49,0.0,0.020098249921986455,1.9962328756776324,-0.750528009114803,557.418068007913,1734.6759728159354,1096.418301675135,0.0,0.0,257.8523077871705,58.922446735411604,84.19519286660727,93.64103627770317,90.42829249300522,87.53788083801317,105.34493022471796,106.87167595905257,105.39327279272248,107.77954189019134,113.97784155544518,119.99816632638387,81.25047045129284
1325,942.6442438701762,1735.2187729284726,0.48751392538098265,0.40743907751114167,0.3516820468161456,49,0.0,0.010142734470761122,1.182643712575897,-0.1821348181046439,942.6442438701762,1735.2187729284726,895.7254513966384,0.0,0.0,257.5413837523987,58.92431999608623,85.67190248506492,78.14387596962877,80.41220562673354,80.85367922617542,81.41984650902447,71.86210240769863,90.3872759011057,82.89671437634522,90.83410018132524,97.04747957585643,56.19626913768012
1326,2989.9761723418824,1734.9917494742924,0.31595414889326723,0.49534680249613755,-0.18819161391156525,49,0.0,0.013266619649995134,1.5868708258446522,-0.5013539395933028,2989.9761723418824,1734.9917494742924,1257.9985458945143,0.0,595.7724225660512,255.88883062863883,58.920460404402846,116.20651281470558,114.81721719193611,115.19773716595407,122.47023024743385,108.72150732765255,106.10499817136613,110.20200522440737,113.23236096335017,126.2737761064348,124.98851574598666,99.78368493528708
1327,368.7396797489915,1739.1864716663883,0.4971157494086739,0.1879063350839117,-0.5287779887021541,49,0.0,0.02397433404124439,1.8927066412713534,-0.6927082650336179,368.7396797489915,1739.1864716663883,1830.7770504088553,0.0,0.0,258.00463284973733,58.9232469918764,153.32407227275957,158.358376339927,187.363113198809,147.92587687776978,161.03458286603862,177.0086234520101,182.2779011158089,169.53019210859466,189.9723845034498,167.89107749298108,136.09085018070675
1328,2306.1519514143297,1739.1309336753748,0.5336332925814544,0.18323849410199192,-0.23112827024713248,49,0.0,0.01473341530311659,1.7391508222359708,-0.6008431160541583,2306.1519514143297,1739.1309336753748,1050.2542161966921,0.0,0.0,256.4406952866097,58.925786151848804,78.75282176792157,110.49286413128496,93.52329050444904,104.01201206913328,95.70192133316738,94.46021440754214,90.99573875809715,92.78748285949568,107.12437374425687,97.11217104263355,85.29132557871031
1329,594.9497585425368,1740.0154796602717,0.8578781182255983,-0.28551825536271547,-0.22924495573087383,49,0.0,0.030233716596797428,2.5525928146466734,-1.0174538559924204,594.9497585425368,1740.0154796602717,1499.7166261433213,0.0,0.0,257.82206899298563,58.92486457260564,132.8940483075187,138.17145396702446,132.38287069910126,154.2593703462348,121.8756239176348,136.12377319755223,153.6044571935089,118.92670979575202,141.18437289503805,137.90403613460285,132.38990968935312
1330,1143.936691850571,1740.0650721499971,0.5520095320781075,-0.17785304902712845,-0.5128333582189109,49,0.0,0.01121052614765818,1.4733009542220863,-0.42072867533398334,1143.936691850571,1740.0650721499971,825.5719717726795,0.0,0.0,257.3789215030729,58.92690317438189,71.44064102033911,65.60194978557404,70.96206908881341,74.31139263772405,87.8777980954737,65.44540876091429,65.72062872393184,83.9387425622865,85.42316312518224,77.36549930640743,77.48467866603292
1331,610.8262018128405,1742.5187542062774,0.5323641624105484,0.11745329998801449,-0.19246520782869156,49,0.0,0.009085865603740848,1.0412892912666807,-0.043928505204846716,610.8262018128405,1742.5187542062774,906.9988519496344,0.0,0.0,257.80927859665957,58.92598713265357,75.17636526153703,89.67851409685498,84.28368490040025,76.83277521203561,90.68440798922364,85.82071775616379,94.59596291607684,78.07253001361855,80.47903370987189,88.51578087462084,62.85907921923098
1332,2582.736663826773,1741.3773647488692,0.30529273204073515,0.1321902953954436,0.13533482412919123,49,0.0,0.010510041395463693,1.475009467659928,-0.4219870198350598,2582.736663826773,1741.3773647488692,1025.8469141063163,0.0,0.0,256.21742130702165,58.925548467887914,86.92281380086837,95.38551761622497,95.05053389912163,111.23631500323586,86.77662572891595,101.41662044476863,78.66462601614415,94.52946414046548,98.7179406905343,105.40050900201015,71.74594776402698
1333,1196.5512592807474,1744.3424226554507,0.31564399615191796,0.3829232262916686,-0.08562628514472792,49,0.0,0.007306739601506817,1.0242572450389096,-0.026022611497759016,1196.5512592807474,1744.3424226554507,874.9272817429884,0.0,0.0,257.3364641446019,58.92879920287979,59.898946194633666,86.39441578058452,78.25426917230632,75.21180043516044,80.19121985608814,90.61736840019682,78.82850805508812,95.54830960977203,83.6376832098084,87.62411341080234,58.720647618547474
1334,2127.839650050589,1744.4161536930742,0.6467772999240232,-0.30570434880992226,0.01493326303226709,49,0.0,0.044139194114221104,4.2192564739386444,-1.56308981359151,2127.839650050589,1744.4161536930742,2246.1545394799778,0.0,0.0,256.5846071291871,58.92854099581217,190.63605448544098,218.21852063263555,188.73783860494132,213.4142255070521,209.40894818677657,192.61537025162175,215.42689346367354,232.88863036765528,232.6022789114195,199.78905694816132,152.4167221206001
1335,2271.9853618743255,1744.1953611739784,0.5626152713791351,0.40665167566011334,-0.041515825644793905,49,0.0,6.238991677198566,923.4354031845961,-7.413516301899547,2271.9853618743255,1744.1953611739784,108435.14098536308,0.0,0.0,256.4682419601925,58.92801452293654,9216.873958034847,9931.840828611152,10103.315130381616,10031.798340965055,10348.816669641794,10084.526672946733,10306.311413927251,10333.386201537916,10377.033569412157,10191.30699735188,7509.931202552696
1336,601.780090484006,1746.197233079608,0.38287188831408464,0.17330819643422354,0.04210641991213017,49,0.0,0.009983908573515126,1.1367939943499594,-0.13920442640048086,601.780090484006,1746.197233079608,1149.6765413891135,0.0,0.0,257.8166160737662,58.927474459789984,95.20956586167542,92.22699195228816,93.72007540177066,131.31978717414788,130.59300797818952,94.94490667874679,114.70607478936715,92.8606226848213,101.39283511260271,108.40839336356207,94.29428039194187
1337,658.1095583478767,1747.3392179593607,0.5110328933191476,0.21438626039418668,-0.43026383177562144,49,0.0,0.009127831132333213,1.0212831847094943,-0.022865453415610082,658.1095583478767,1747.3392179593607,856.5865721069777,0.0,0.0,257.7711569109474,58.928225143179134,87.65354904316281,69.97879981626701,90.9984305248968,80.28210614984147,84.41735362970502,68.24723097067266,67.86987952352281,62.68182046522592,79.97702587931029,97.72330185554256,66.7570742488303
1338,852.8870648957744,1747.0838239343998,0.5984247637531666,0.3420168628699775,-0.05566229902585722,49,0.0,0.044858762210348985,4.787704247568052,-1.7003182868670947,852.8870648957744,1747.0838239343998,2415.824421439691,0.0,0.0,257.6139197470733,58.92894636457157,215.43669998205078,200.45476862002712,232.77492896836904,235.70184705257628,223.17203762394155,200.0092400313191,230.8633132302722,227.07787380124415,247.44169555405247,234.96667289170517,167.925343684133
1339,1829.1182235971003,1747.5024235712062,0.6412966870355731,0.4514730970081546,0.09994901789405415,49,0.0,0.013492147353122543,1.4169759185884638,-0.3784061737608243,1829.1182235971003,1747.5024235712062,993.1560894201286,0.0,0.0,256.8257635532946,58.93039472594041,86.06704018792834,103.65918509629051,93.14101757774444,79.62805204978207,88.33973007177461,76.77171307247855,93.97830934770889,102.38397563444072,73.73161592181683,123.69638312828258,71.75906733188117
1340,2873.7846263834977,1748.3380772254916,0.5279491567477141,0.7912791496012497,-0.12820570650427573,49,0.0,0.5496516371149057,78.26375815893446,-4.733901746290249,2873.7846263834977,1748.3380772254916,12973.075226858444,0.0,0.0,255.98242790565467,58.92679807877465,1131.2387107794746,1221.459545422234,1192.44771046139,1161.6213798616361,1200.8584816661537,1191.1440491305725,1258.7548099356618,1227.0247586662929,1288.318794146899,1222.9392302209417,877.2677565671886
1341,544.1503831720994,1749.2923443215857,0.5153201736758075,0.5237912039955317,-0.04608242499754732,49,0.0,0.1184143328482155,17.47869980713792,-3.106272808791313,544.1503831720994,1749.2923443215857,3008.9082700175277,0.0,0.0,257.8631660618177,58.92846619485908,280.580728932272,266.32254253281116,272.25045956986503,298.7536625581222,289.5943386677538,290.4483484157402,266.47102852443766,280.6729421328308,276.4243864050062,266.89431324546626,220.49551903322282
1342,1471.3302179551183,1748.5995901216324,0.43656062959980535,0.5489580728008283,-0.18283369386607662,49,0.0,0.008326239937331002,1.046231500233759,-0.04906947937323758,1471.3302179551183,1748.5995901216324,907.6418224421615,0.0,0.0,257.11463238250883,58.93094134792929,63.78467720177393,81.83127639001549,94.2184489069825,68.51409471714543,88.17531519654786,78.92833529778976,74.2325743823408,80.962788705554,110.34540791534636,96.95360992955418,69.69529379911114
1343,2243.3726717344653,1750.8594903031121,0.5652399809189169,0.31418441498251193,-0.2136914874187653,49,0.0,0.1375307168016451,20.548191827841524,-3.2819340285787946,2243.3726717344653,1750.8594903031121,2943.665587361941,0.0,0.0,256.4912984390696,58.93088568017328,267.15073779524266,277.69063444181734,259.5578593300736,294.38196650437976,256.2405961540961,245.52262660187208,284.0568959449838,297.02691384479306,285.84496250677586,267.2605512785361,208.93184295937118
1344,1983.2741255581388,1754.165317617115,0.5621896943671908,0.6035341880493725,0.024702077079242293,49,0.0,0.018293130222915146,2.282495804911321,-0.8960249700004651,1983.2741255581388,1754.165317617115,1149.9915509331877,0.0,0.0,256.7012798347769,58.93293389694987,90.7426169873466,102.99355514821586,111.84397993689257,102.69648805368868,96.62114929285869,112.34762402755601,117.84415929657068,95.34416494693957,109.16722174333792,118.21885899000684,92.1717325097743
1345,1359.5102871174329,1756.1632012011069,0.7650673089363398,0.2480708779492842,0.16905463857001835,49,0.0,0.015420164534056195,1.4884766046346172,-0.4318550323612309,1359.5102871174329,1756.1632012011069,947.9110278783312,0.0,0.0,257.2049310364103,58.933988749399006,83.95562382243216,90.86809108774673,94.64745960277196,78.53072922743769,89.86034562869318,84.88929323417975,67.61064958083006,100.05441060418526,75.76003730400427,99.38674625621006,82.34764152984008
1346,1880.0071131931177,1756.9568535394892,0.3625494220753929,-0.0945288662253545,-0.44656245461870897,49,0.0,0.008266188470700488,1.1231850509893595,-0.12612828647457425,1880.0071131931177,1756.9568535394892,938.4827204523381,0.0,0.0,256.78465205333856,58.93426901626358,79.97290480745791,86.23207857496837,95.86371140596287,91.54336670203983,83.05202969395467,96.52614849656541,108.72715211746984,69.35344077790647,75.0304297281363,89.61815412086636,62.563304027010005
1347,2540.9051558650817,1756.800962057389,0.6118941199418972,0.5255788074029667,-0.03909129778698636,49,0.0,0.12930652625062086,18.57734839600129,-3.1724593146223885,2540.9051558650817,1756.800962057389,2611.481017162695,0.0,0.0,256.251044993283,58.93217658373404,215.2553032287022,241.04749810274018,240.61181242721358,238.9212762169113,239.8384810209245,259.4512117547306,251.32895228971842,264.0291859014054,241.7856037940836,246.20645639216502,173.00523603410028
1348,480.9504534062385,1758.2030726607475,0.3330999738853477,0.34868307202926896,-0.25890277746025403,49,0.0,0.012075210612752728,1.6413255388495247,-0.5379868178132794,480.9504534062385,1758.2030726607475,1041.6303870417833,0.0,0.0,257.91427819820035,58.93183279311474,93.83887984891014,108.46390890628632,121.77150952992156,106.5535825650665,84.92078797151322,90.2768094739241,85.16276775939582,89.8831183973304,95.8029137768881,96.50533389543493,68.4507749171122
1349,1654.0994878859035,1758.1051210627863,0.7273128967769591,0.3614808449568803,-0.06616925877103645,49,0.0,0.08644773532941911,10.6943020780237,-2.57288111823583,1654.0994878859035,1758.1051210627863,1881.9597195724589,0.0,0.0,256.9670627050921,58.93493671101944,160.28356188364742,187.2187840935714,177.15921758240074,165.44332831358105,158.74977551694488,175.31859412590546,182.24914955441392,167.6979343115076,177.54040574986308,192.83820301734028,137.46076542328288
1350,535.8090456395001,1759.0762973708202,0.3750086511188935,-0.03389519351374836,0.12071010121483738,49,0.0,0.014024984892033403,1.9219315238226617,-0.709344775506481,535.8090456395001,1759.0762973708202,1026.917157982846,0.0,0.0,257.8700007089331,58.93249789679251,94.95681844896453,92.86878347810107,101.82645495776944,94.67558912220106,87.03609239184885,93.8090791007007,95.41818321182335,90.18150816738904,93.97595851456032,110.10291921838656,72.06577137110108
1351,2142.1497268349685,1758.9876504312483,0.6236581813391286,0.7721638126059225,0.2901851656610288,49,0.0,0.010043189027927146,1.0267138933187037,-0.028623597153229072,2142.1497268349685,1758.9876504312483,882.6903397266924,0.0,0.0,256.5729777856925,58.93457380664946,63.383105938447216,70.85931335375136,88.59696518263272,77.72027275191004,86.42566877419495,79.26998991068919,61.931342282674784,94.71906460006531,87.8018580374609,95.3213717663447,76.66138712852123
1352,3078.7062616469902,1760.5423097059916,0.525569804790107,0.5193484354352251,-0.0887078836558397,49,0.0,0.012921598131885736,2.1615703713564796,-0.8369234471115073,3078.7062616469902,1760.5423097059916,5205.558649714599,0.0,129.2561073872769,255.8168647731275,58.930464659980714,0.0,4290.577904591705,102.2223825245214,313.9585756496555,74.14392659349247,54.072602347589694,123.00828040053142,82.52711742588687,65.81380155764194,79.62181619598329,19.612242427590544
1353,1139.0520309914343,1761.2679028756713,0.5210673758560826,0.2637655054536767,-0.08759462710775318,49,0.0,0.0153706979655859,1.815272357757211,-0.6473544860986153,1139.0520309914343,1761.2679028756713,1062.996074387403,0.0,0.0,257.38296001048855,58.93572621614038,117.87643555819336,94.70948025038302,113.02884120025567,74.7837711879921,99.81112068695523,93.40037267429454,96.77409452581921,82.64503970262398,94.19960812162662,116.27063760311717,79.49667287614211
1354,772.8590849714355,1765.379324742623,0.5973902601978412,0.34448509373606095,-0.19818864554051385,49,0.0,0.009003709063554155,1.0219226271862953,-0.023545038278326734,772.8590849714355,1765.379324742623,822.7756087938561,0.0,0.0,257.67867132070813,58.936252000367446,76.30420460859614,70.28834358087181,83.51102953868701,64.30716575896197,77.75546625864504,75.49812992956647,77.52905062067511,75.0884930902987,81.45025062224981,74.71953186100866,66.32394292429544
1355,2300.365726708623,1764.724553286683,0.6768069495968907,0.25262470130515746,-0.11038181149296156,49,0.0,0.11538375183523106,14.955759842218814,-2.937021206724885,2300.365726708623,1764.724553286683,2439.154160871184,0.0,0.0,256.4451915564087,58.936470074460765,199.53277671332222,222.43412314287391,267.9595598247451,225.32443032936717,208.50547149540813,213.12544486093483,258.98994673331083,220.75521883741618,244.50993077917397,194.1108366115383,183.9064215430938
1356,2133.1233087422456,1768.6686592397305,0.8534762498090389,0.6128695238417343,-0.08569098776732519,49,0.0,0.014990802008109717,1.2652442223365168,-0.25543590701272684,2133.1233087422456,1768.6686592397305,984.9420193036754,0.0,0.0,256.58021582756385,58.93863182771593,72.63248191669001,92.75339552940864,85.10748659173287,89.37808192254735,105.9324702464626,79.31271332166445,89.93110840247667,93.59012321609384,96.83001337657427,89.03524923166334,90.43889554836142
1357,2428.614336809605,1768.1365824300747,0.5338032514991048,0.28822505730034115,-0.48361404935852886,49,0.0,0.015498529253207306,1.9671865926380294,-0.7346138895158,2428.614336809605,1768.1365824300747,905.3117061224514,0.0,0.0,256.3416101484681,58.937398806445124,94.91729458163235,86.482350449498,69.94922704967955,84.45137148589691,94.54418998032475,72.75814049310989,94.12664234236928,97.70198435067167,73.68476417182484,86.62319935470344,50.072541862740735
1358,2462.4363843745505,1768.0892111200717,0.5803003406440017,0.5114603950693213,-0.0533552691743215,49,0.0,0.048686895228884,7.070740639820599,-2.1236622682052313,2462.4363843745505,1768.0892111200717,1469.723659028203,0.0,0.0,256.3143006311301,58.93723530318767,97.9257658785081,140.35377044876708,163.5729443681526,124.99485902502241,132.74764401597972,136.4853577314217,147.20975818906132,139.1310267607942,136.31045996240687,132.53114260636772,118.46093004172144
1359,857.916507101573,1776.2770996124264,0.8690134339488282,-0.055597901776478505,0.03914554441834137,49,0.0,0.02945987031665928,1.9049797759562799,-0.699725923471074,857.916507101573,1776.2770996124264,2097.7769103263445,0.0,0.0,257.61007074730236,58.941128391655546,162.52271180835123,193.67243148486534,211.14777294440495,184.7430709751682,187.4360798348832,199.81773549468346,213.38011556956792,190.24499591951354,199.05704937032016,201.56041297509836,154.19453394948803
1360,952.9022044730757,1774.8363373463078,0.6220556395582602,0.5890780622331454,0.0987312356972891,49,0.0,0.0192893802418012,2.3298861718697643,-0.9183367595002243,952.9022044730757,1774.8363373463078,1044.2833030440938,0.0,0.0,257.53335356316677,58.940860270874566,90.14206356052276,89.56293544958857,102.19902139363172,71.30959325761313,105.33471917647317,73.75672020854657,119.1449180686403,113.51003191443499,98.11721589572004,99.46005120183783,81.74603291708459
1361,595.5852117578931,1778.3071577407472,0.4695500046371627,0.5345934127688149,0.23629958355375355,49,0.0,0.05319984440400823,6.9370493818742425,-2.1029369651659255,595.5852117578931,1778.3071577407472,2248.7005197741055,0.0,0.0,257.8219308629034,58.940821030483924,207.5669582773102,202.3203362840003,193.04740864858888,210.66340474657085,226.30089372849073,206.0096114356121,223.430821423048,209.17639378914058,209.926141595525,195.42312025117707,164.8354295946419
1362,2636.778897264918,1781.464008895878,0.4460744405767803,0.3342566442870806,-0.20550576334429385,49,0.0,0.011418263589842088,1.34674795094139,-0.3232158086134343,2636.778897264918,1781.464008895878,1103.8525104464063,0.0,0.0,256.1733965418281,58.94197520532233,95.40199217138185,94.67574575502844,101.73864344309766,124.30306833264788,89.85485221714787,98.80768813888531,105.73061454860533,109.2890711242891,97.23415059095402,107.70969383362839,79.1069902907405
1363,582.9972744911682,1782.0702179088955,0.6129302660526946,0.30896672924890134,-0.16874568789552638,49,0.0,0.22429807006260247,31.399971461217948,-3.742323133380394,582.9972744911682,1782.0702179088955,4384.124732470701,0.0,0.0,257.83213303963527,58.94232477068253,344.33260964958265,422.18191938150665,399.24545362618437,414.92784730547703,450.1956939926262,399.6613895140623,425.852024192535,396.79561814369123,408.5014829584215,414.18722315900004,308.24347054761336
1364,565.9152769243207,1783.0442048530342,0.576818407762169,0.39321492403245917,-0.1281731898882095,49,0.0,0.265781285455014,38.362639314184506,-3.9597711964652382,565.9152769243207,1783.0442048530342,5288.7623874512055,0.0,0.0,257.8459372612757,58.94264237472728,472.7427144578322,465.03959976398096,486.3019936626398,487.2119344794546,527.4209479907004,476.31883787107483,493.4811330518904,476.4566946955095,510.39505015985674,556.8720178131975,336.5214635050683
1365,811.9620368826335,1783.7505325895756,0.9399992561298582,0.0649388197059199,0.5022846229490971,49,0.0,0.014238763175741737,1.235308733640752,-0.22943877973834598,811.9620368826335,1783.7505325895756,896.1174988202918,0.0,0.0,257.64723911049373,58.94406512895463,80.86187899382927,82.10913681387709,86.15201769425096,88.66035564494743,75.42318073384065,72.71852687162581,66.19313365148781,89.82861078720222,96.09722660920515,92.3244376183533,65.74899340167201
1366,1327.8871878951074,1785.2003285932053,0.30777194717907325,0.055955239348230844,-0.22972509245161532,49,0.0,0.014436033660290502,2.5729667227434003,-1.0260854233354548,1327.8871878951074,1785.2003285932053,1248.853345850178,0.0,0.0,257.23054212150504,58.94604659886177,103.19610224109314,129.44017869169335,106.02110527882175,114.83868421563992,111.9589322007569,126.85753187709835,132.03162200413067,115.84560620889877,98.07354496831306,116.44931209871709,94.14072606501493
1367,1335.0867515896484,1786.8807298104368,0.6843375654519371,0.0635814553432138,-0.1244013302633179,49,0.0,0.02551647104608321,3.0150722428391923,-1.1982443063567088,1335.0867515896484,1786.8807298104368,1245.514266296867,0.0,0.0,257.2247311783392,58.94675650599958,106.75647306335588,127.54096688663542,100.061049178111,116.17478128523021,109.06359194276246,118.96015485154649,135.8481567111531,119.51023964873002,100.24531707752867,107.67268616734984,103.6808494844638
1368,2168.328403241019,1787.8634605588852,0.4141982149780196,0.7071521989870223,0.19302558361764757,49,0.0,0.011888450005503018,1.505900445570895,-0.44449065448186964,2168.328403241019,1787.8634605588852,991.9443192776439,0.0,0.0,256.55168043783186,58.94653194583414,95.06504072157279,86.7521371267095,107.37003172796189,100.2425235994037,71.99555092080935,91.50017816107763,90.39074973242263,92.34635234622715,87.94267049043614,107.27496479382187,61.06411965720126
1369,1841.2747053341811,1788.5259500009963,0.49198789545760013,0.5728853043119672,-0.03502262647304229,49,0.0,0.09146471988129343,14.335195980360552,-2.891009086702482,1841.2747053341811,1788.5259500009963,2481.429279535396,0.0,0.0,256.8158526131439,58.94747338987087,204.43018145135937,241.40216178120667,224.0101008690752,245.15866485138145,228.29589185613008,234.68503392139593,218.44414920653924,242.416807548747,239.45668526711205,226.6616026446139,176.46800013783505
1370,1064.68195620691,1789.3361048507759,0.5365249221631725,0.22037295804586018,0.023417399462293376,49,0.0,0.018223959390802038,2.3815804737640818,-0.9421631523381102,1064.68195620691,1789.3361048507759,987.3658930160445,0.0,0.0,257.4431579173672,58.94723441779239,86.6287213303572,92.8108472083812,82.03295905451785,84.25004061296222,87.5542220869324,102.6399060548553,93.33459797804521,90.11755687948717,99.69922043741198,92.81721539027325,75.4806059828208
1371,2185.2723693537614,1789.946336465768,0.6082884606734821,0.4175151106773444,0.05464595028435681,49,0.0,0.07450721709114687,9.553958938331702,-2.4504584260258944,2185.2723693537614,1789.946336465768,2047.7702113616942,0.0,0.0,256.53798271288156,58.94735064157014,172.58771081891217,186.32945189583555,171.1342408759756,174.7284697062662,174.19521900998484,177.6557279479136,215.81348486463128,205.38666071677028,205.75337528705657,201.1613279691931,163.024542269155
1372,2996.5368345928987,1789.6258452281877,0.8184102308664635,0.5451923353754282,0.12218546683285775,49,0.0,0.01447984995869851,1.1391060979580345,-0.141410441918065,2996.5368345928987,1789.6258452281877,1199.2369770041987,0.0,941.966647610339,255.88279381959677,58.94317424897122,112.44851865206175,127.25097055861175,111.85715189335907,132.74291264056774,102.21031257007262,105.31850818877487,102.18858918262274,119.00932917156338,111.64736563383562,114.25869250534848,60.30462600738053
1373,2454.4882097653585,1791.0833350135133,0.5873297671691942,-0.10701858705469293,-0.37464169985072354,49,0.0,0.013382545633096871,1.4590762040398209,-0.41019493660433143,2454.4882097653585,1791.0833350135133,981.372943147906,0.0,0.0,256.3205270709256,58.946849780732336,75.4888342926502,82.85806030061147,91.87871252318261,87.62359929468958,112.96083766778786,78.37935638802385,95.6815558324832,99.29558124458512,78.33663146376051,111.91788415247515,66.95188998765633
1374,2910.921088484196,1790.1503554283736,0.46676330487551476,0.79370945875652,-0.3692197508026336,49,0.0,0.00989450984092118,1.0847539034866354,-0.08832805403159975,2910.921088484196,1790.1503554283736,1068.1733982722133,0.0,0.0,255.95192088888768,58.94397565581034,88.55933453518242,88.88274072378537,87.6543291771274,105.43529147923269,83.94454969538678,91.62973005303346,116.50653416919481,102.60073948659559,101.32411749331867,120.69822585039554,80.9378056089605
1375,565.6823067402604,1792.5787840214523,0.5533850077929181,0.3790852433475929,0.4555912795690503,49,0.0,0.009956464598102666,1.1115216009609181,-0.11479476764819499,565.6823067402604,1792.5787840214523,1816.9197020819488,0.0,0.0,257.8462215545091,58.94661347367961,169.03907143242836,171.10123667576028,180.30346849955518,180.0426990092945,151.2689238822589,162.73647631752695,173.47412599277712,151.91644677822566,166.18627573851245,181.01378870770594,129.83718904790342
1376,819.9423515811658,1791.9922569021633,0.3446803356716396,0.639510058625068,-0.23406091193410328,49,0.0,0.00813628621502764,1.1366255715192566,-0.13904355616950215,819.9423515811658,1791.9922569021633,823.1926477141039,0.0,0.0,257.64085669671135,58.9475304692919,83.65652939264805,66.24908437996173,74.69464716994915,63.47660093098929,79.8959640332182,67.67980355880412,86.22934791221408,76.65090158252153,96.51584957949078,73.5208040071364,54.623115167170575
1377,2030.390680289264,1791.805681565589,0.5676319852341378,0.29074387066326235,-0.2083206194762376,49,0.0,0.25271436801647396,36.94731885408796,-3.9189573213655176,2030.390680289264,1791.805681565589,4900.562527187616,0.0,0.0,256.663079741831,58.948520779767605,370.5751370600418,438.6847753427169,446.3221982524519,456.5301297647168,468.0337286572884,457.5184683333285,468.3383730920038,458.5936604305532,512.6891969950655,489.04712215446,334.229737104989
1378,2607.2975525639113,1793.6848704594481,0.48104766577670516,0.5634432969102114,0.051411332006151375,49,0.0,0.023760654782282915,3.502948329646485,-1.3610843282250684,2607.2975525639113,1793.6848704594481,1092.8668344694731,0.0,0.0,256.19708387222124,58.94721822718884,88.63373175803801,90.77743116181288,102.39760260875863,115.01350456981467,102.86063082802823,116.74443331790808,97.68420146181329,116.60814798856808,86.72618234052669,113.18561196371431,62.235356470490295
1379,951.3831093331015,1795.9414683449397,0.6500447743032358,0.5760972201328597,0.47684241541798383,49,0.0,0.018130061703728242,1.8033614699674065,-0.6402069661099521,951.3831093331015,1795.9414683449397,1178.3048925098096,0.0,0.0,257.5347138667967,58.94964873666362,114.8366317620964,130.61247479105586,97.99228612701557,115.19734217381226,132.04440836575412,90.64807517681871,108.0193213299982,108.92610243463452,115.32811500586374,92.39787841977059,72.30225692298974
1380,1901.9130594828641,1796.2592897519914,0.350441134860472,0.6324668960340476,-0.4407817158070559,49,0.0,0.010187350810413056,1.2435799192131916,-0.23668425157416634,1901.9130594828641,1796.2592897519914,1042.762319666862,0.0,0.0,256.7668486293515,58.95061285312867,83.89500869830886,102.7841595447057,101.77563490425729,65.97039533052026,107.43491637049863,100.95946520828161,101.68229856213952,99.22648000799308,95.0533854703114,97.38642044383649,86.59415512600907
1381,873.1273218157718,1797.4963637260275,0.6382103245139853,0.3391663900475607,0.21291688067801476,49,0.0,0.016140364855692542,1.680348968011614,-0.5634987089925823,873.1273218157718,1797.4963637260275,979.4711635737976,0.0,0.0,257.5979374429966,58.95002551633687,74.56442840293231,84.14124541656139,92.17497145117488,97.53056847901883,87.6062143266939,88.49366354605654,97.50436229914416,86.45581976562823,87.57702915618032,109.45109869491951,73.97176203548763
1382,1920.7957816223584,1798.5821520464126,0.5555941581352972,0.4137506548878024,-0.06189516962875638,49,0.0,0.5788671960155172,87.9801631675045,-4.860961907704097,1920.7957816223584,1798.5821520464126,10245.34905342339,0.0,0.0,256.7515873062908,58.95155115776092,925.9052320714372,933.8226560128388,942.0315895535421,907.2788133944423,941.6155744816418,956.5120200364198,928.5559025438354,1022.8374675046899,991.292405338881,981.5292528242179,713.9681396614441
1383,2218.0037364583122,1798.871629247827,0.6616728325819061,0.19745424489635754,0.02174188818841027,49,0.0,0.029832422437598483,3.6220647757164794,-1.3973905320383335,2218.0037364583122,1798.871629247827,1238.812349402498,0.0,0.0,256.51149094019223,58.950970349259826,100.85481924657537,126.52566719190312,119.10660715527672,101.4994683546862,93.63020347691688,119.02896674775228,117.67134151294533,113.88238358996821,125.85037420521527,137.24597531839495,83.51654260286382
1384,1279.2071140794517,1799.799682543276,0.9800919783704767,0.10664047179146556,-0.11623652316006466,49,0.0,0.03590627421713455,3.4456129743482116,-1.3431662351998794,1279.2071140794517,1799.799682543276,1045.0184333667235,0.0,0.0,257.2699079932419,58.95205684592165,109.72448274854105,92.17139628841336,95.01262226628414,80.2149311446089,83.67832383781987,101.02811367962131,118.7280537926083,95.19640307845589,90.53708894474646,85.23211421764529,93.49490336797892
1385,554.063930924853,1802.6447995977853,0.2922094150536306,-0.01875509321701474,-0.3004134387462364,49,0.0,0.009001738370577179,1.330478034293344,-0.3100192722580927,554.063930924853,1802.6447995977853,910.3559452230904,0.0,0.0,257.85570767704917,58.95074634374194,82.00824122602637,74.58636444816689,84.29072735112098,79.70774881309347,84.64637901438968,110.31917967407142,74.1136098772072,95.95102669369932,80.64989168292797,81.43619822434124,62.6465782180458
1386,964.0116032270588,1803.4509836284856,0.594048594984851,0.2226479862230158,0.30761174206859604,49,0.0,0.017293374227456908,2.1896627761907634,-0.8509430887938378,964.0116032270588,1803.4509836284856,940.1213851066777,0.0,0.0,257.5245594475963,58.95281842311416,85.69170353893165,91.48274167001185,88.65801190962301,76.82916752384787,78.6718878250081,99.18304029254493,86.54084464275782,83.99975671989495,95.46501468291535,90.76892803008437,62.8302882710578
1387,2576.3287466447755,1803.956346239448,0.23093792581242165,0.5152819373651558,-0.5592074872599535,49,0.0,0.0066848228788955145,1.079584739387948,-0.08314184225277071,2576.3287466447755,1803.956346239448,798.2057338484672,0.0,0.0,256.22199857064186,58.95165208112043,82.8252615607316,74.95221226103477,68.81717237608567,80.54380616249097,78.58689597617274,66.83015147921145,85.2121655164695,64.36134915303148,64.16187846078678,76.871186467808,55.04365443464423
1388,2599.0403228908713,1803.976943507897,0.8539392028396332,0.16503053065682496,-0.3402129341999259,49,0.0,0.024765546487843827,2.4414782417718337,-0.9691321456128841,2599.0403228908713,1803.976943507897,978.1028572658668,0.0,0.0,256.2036527278036,58.951547819941126,83.62457270403104,104.90338079537315,73.4560630688361,97.3150605813818,92.0693186899083,89.94934694838223,72.12793761961545,95.74188162255282,90.4737094288484,100.45857471462638,77.98301109231099
1389,1945.2799636620011,1805.08341619446,0.9441846714680469,-0.2127398644089777,-0.35008697917947046,49,0.0,0.013171639686922022,1.064721178808787,-0.0680897322102857,1945.2799636620011,1805.08341619446,936.2996697994585,0.0,0.0,256.7317858415579,58.95421899998483,75.31783727839229,96.12699860692587,89.49525838644428,79.83556745222442,106.9471535875799,80.999674223032,64.31476481162103,81.05412657908956,97.24344604338293,90.309881035661,74.65496179510515
1390,2213.6164801478158,1806.0357975151467,0.4699068541958762,0.45432546844969723,-0.2507101460909969,49,0.0,0.015007784908771391,2.144665975040839,-0.8283991544805074,2213.6164801478158,1806.0357975151467,1199.1001046959136,0.0,0.0,256.5149921899157,58.95396888833148,109.47576066050576,126.07493060932356,119.47138995342351,103.31370993402348,102.76274108529245,124.63211911919223,110.35849381659521,117.75072961079022,100.14486092875424,100.07146713299754,85.0439018450156
1391,2099.1085819021905,1807.9720154850463,0.4432352529484366,0.4003607270594627,-0.0794776257230761,49,0.0,0.019981348123490346,3.0337958633845594,-1.2049658870823867,2099.1085819021905,1807.9720154850463,1049.1665653275836,0.0,0.0,256.60749292029885,58.9550960212032,78.04383338912238,102.75707889722362,100.77456916975166,91.48737995479547,102.96592196138286,96.26341508485717,85.1651374481122,95.36402189517278,106.63659646151851,102.80243938143803,86.90617168420891
1392,1037.5284388134437,1809.445905145636,0.6461591493426116,0.519491576339117,0.009141327175807172,49,0.0,0.036572400501663826,4.845279852058758,-1.7132971648678472,1037.5284388134437,1809.445905145636,1195.1959872604336,0.0,0.0,257.4652010564702,58.955538148085864,106.64626311687576,125.84702862538717,125.10123456225237,131.00019996239865,126.79704075563122,104.44902457181396,90.56636051300708,102.18962836786636,88.54464408110059,116.77841912666028,77.27614357744014
1393,1684.3484987013937,1807.983595167951,0.4608049046616583,0.15798051257593584,0.09820679590690025,49,0.0,0.01231497244287246,1.5126153126038313,-0.44932123139987123,1684.3484987013937,1807.983595167951,1069.369041275275,0.0,0.0,256.9425966208466,58.95570890077738,114.73465879214962,114.26450889753637,81.72961433154026,84.03404599349719,92.61096047263936,101.75022242710466,104.45472557726296,94.45285736143997,105.16587795085492,97.36630339721405,78.80526607403577
1394,1192.8195028659911,1809.93867174661,0.8572116347471843,-0.24095767340965968,0.066588557814409,49,0.0,0.01320707690390117,1.1689550622490787,-0.16949454011080822,1192.8195028659911,1809.93867174661,895.1708917831465,0.0,0.0,257.3397374577041,58.956122861453885,81.57976371176981,87.75603132242503,79.26095145207127,84.63207564132748,84.90596737332832,92.138625011237,77.15134135010831,74.65293941301229,97.80855749476174,92.70662379552795,42.57801521757733
1395,1605.2031573216445,1812.7865383522012,0.35994584142720815,0.2697225717239721,-0.11126957612436263,49,0.0,0.01932670143504274,3.0850747357500095,-1.2231642231360267,1605.2031573216445,1812.7865383522012,1171.688395952343,0.0,0.0,257.00654279297754,58.95772776298775,92.49502547777986,104.44100702753084,105.91014777630132,93.72922562654163,103.57130192168856,119.3394593925988,120.15798920564185,112.38543418312271,109.5085377853525,137.5615616224113,72.58870593337349
1396,657.5138530883089,1816.0304930973527,0.6946196324302708,0.7045719966175307,0.1761918928343661,49,0.0,0.009992946797071285,1.0378150719038566,-0.040299933861103615,657.5138530883089,1816.0304930973527,831.3144256782725,0.0,0.0,257.7722690035932,58.95684110815511,61.270511304170384,88.88084715244149,78.00291286115223,81.65737055519003,61.66098879297363,86.50437440538661,75.70308756937203,91.79475601172655,74.65370906069256,68.2437373231993,62.94213064196777
1397,1913.3251501666264,1816.0990446953513,0.475779838230844,0.5444546428756247,0.11476870153933401,49,0.0,0.01721139820967754,2.0967494923149212,-0.8038663663349199,1913.3251501666264,1816.0990446953513,1127.8745224359768,0.0,0.0,256.75756904645976,58.95886167870154,101.94806816998776,99.15789584520175,94.19732429165585,95.98229438977654,93.95957295836762,97.1703626642103,118.5785716914903,133.74422721693793,94.79452419229882,100.30347056947058,98.03821044657946
1398,191.68397850474963,1819.186325291968,0.4638501145903325,0.26843859273335097,-0.3362030455537239,49,0.0,0.014881775232987043,1.399062878747421,-0.36459308408405255,191.68397850474963,1819.186325291968,1910.122493266705,24.34016327194641,1754.8420938954146,258.14861688794366,58.955398496098375,114.21956065771312,189.99982472657956,238.62639550243034,254.95653363266484,207.55803169941169,156.3900119843438,166.16927595619143,149.05656405654278,149.62760616774509,194.35611202247807,89.16257686060449
1399,1399.7691137985594,1819.591765380141,0.5763540779139115,0.6948845557322688,0.2636374186648205,49,0.0,0.017293325040275677,2.1797148594764697,-0.8459992121590466,1399.7691137985594,1819.591765380141,1035.1873674545914,0.0,0.0,257.1725481977541,58.96046188505145,91.08633430744705,86.32423137419119,104.41796732386439,90.64688080737082,109.8262909957337,92.87123674830022,74.4349624930716,97.41592120790006,104.16977509822372,119.63688845183903,64.35687864664979
1400,2275.952449668464,1819.749858453671,0.7918536140691871,-0.5888668993069425,0.034276444141253325,49,0.0,0.06767937045259585,7.121006915868914,-2.13135351888393,2275.952449668464,1819.749858453671,2043.9649767547319,0.0,0.0,256.46454209852294,58.959480647865576,157.82817329213296,182.90988724893015,201.33831739309997,188.60744477483223,197.19615672343065,180.94585496111324,194.426994228534,233.10677023064682,184.0640657998158,204.7019845184094,118.8393275837868
1401,3010.3127268655385,1819.1764069127462,0.5894722043317338,0.8350056679284918,0.10796637046170618,49,0.0,0.02088964104400666,2.297293290380417,-0.9030411103892413,3010.3127268655385,1819.1764069127462,1537.1787564413926,0.0,1211.634340215025,255.87126412841525,58.95538729387289,134.13629531986828,147.60520263669898,126.25952106236622,140.8692543782374,123.94129299859857,127.20433747273816,162.45877703231406,143.2621304277767,152.24645296908835,131.28150183067413,147.9139903130317
1402,1829.155004078068,1820.5282542038447,0.5433011232226984,0.2626271145692511,0.00558685543601632,49,0.0,0.7828884596734138,116.84152864559425,-5.168993075606646,1829.155004078068,1820.5282542038447,14706.466236782755,0.0,0.0,256.82557110491075,58.96082190027787,1245.766642516272,1316.492648169396,1349.534053673413,1390.8103045814648,1441.2151434851883,1319.1018341294048,1377.2370577361085,1370.7850044553581,1389.3816153066248,1448.5340740504391,1057.6078586790827
1403,2057.9374192577634,1821.1426361683173,0.6023932859060573,-0.03260134374919852,-0.3176432250388475,49,0.0,0.02990784867658201,3.0658582821610656,-1.2163801898168374,2057.9374192577634,1821.1426361683173,1432.6806047555967,0.0,0.0,256.64069737121065,58.96068272359527,115.17640505084282,143.553161399805,113.73209524738505,139.56620905069923,117.71015767362685,125.6088028022535,141.85260388380192,147.4040393418481,141.7037289430599,140.79611008784144,105.57729127443284
1404,2531.816840776543,1820.9303242349588,0.5541457770289636,-0.42863328675017154,-0.3713958397537717,49,0.0,0.009530163043875113,1.0927989074361293,-0.09635063034149892,2531.816840776543,1820.9303242349588,847.1917428760205,0.0,0.0,256.25780008326205,58.95893757566941,64.5584300058871,88.94282705914782,76.81798749941342,78.8385436117926,88.87887729487434,77.97865601828936,79.68400112094388,79.59072876446746,69.5910021044341,82.20967344068288,60.10101595608762
1405,2542.264861894781,1820.7750620829077,0.9120588451621359,0.32220020347983924,0.12471720028803428,49,0.0,0.012380571317714185,1.0161140264824633,-0.017356116064234463,2542.264861894781,1820.7750620829077,850.2846245403845,0.0,0.0,256.2493600594074,58.95882362658026,70.967027709929,75.81391060549583,84.05096194762928,67.02937735976595,85.80290801500368,79.94849147596575,96.864614625753,69.16471318470113,71.83453606484964,76.70950035830683,72.09858319298436
1406,1320.889256194944,1822.9094563893302,0.6212457669847024,0.18578162564372872,-0.06617219646258037,49,0.0,2.5684611058147326,370.5795282304573,-6.422203560243776,1320.889256194944,1822.9094563893302,37116.063877847104,0.0,0.0,257.23629736449027,58.961748855794674,3005.696385634531,3428.2616200047605,3470.601230397164,3499.2009085333957,3499.382005263549,3438.740915080728,3491.460994644497,3617.287862824119,3585.0649844759923,3472.284884035329,2608.082086953036
1407,1472.7701851176696,1824.0490319059338,0.9101918575575323,0.30369424897528374,0.05535592166043005,49,0.0,0.014313334010753001,1.3482148131319833,-0.3243977362943851,1472.7701851176696,1824.0490319059338,969.9253975974784,0.0,0.0,257.11356372042155,58.96237943644403,96.43110730345796,76.71846893512634,94.58452825720876,92.2407079669654,92.9047277707905,97.33323322079232,87.27779065052692,79.99241167422295,76.776121983767,114.63787476503259,61.02842506958764
1408,3027.9881241035064,1823.2992153664832,0.34468859758049314,-0.5739248672287589,-0.42677068230122,49,0.0,0.008784314566080764,1.725313345752066,-0.5921699542807786,3027.9881241035064,1823.2992153664832,947.4014974788147,0.0,516.9580233305466,255.85692947318398,58.9569785635488,125.08306779723277,125.82246360522936,54.6805339278075,59.33397242041329,102.02965390923504,110.81685647910464,85.5395524176439,56.19263520626885,129.48342202834345,57.19352223147117,41.22581745606476
1409,589.0515124983742,1825.455876852101,0.44989817968261153,0.9000009971500481,0.051728605449970294,49,0.0,0.011076956281702102,1.4065809214544582,-0.37041180611298363,589.0515124983742,1825.455876852101,920.866915123199,0.0,0.0,257.8276718190781,58.96043115372801,76.40640591831642,89.02907550674178,72.41763635122922,93.23270119615773,89.57436460353733,91.839483055139,91.34455829021995,80.99324478395252,86.08751362020449,83.96867944111811,65.97325235658242
1410,2667.60447446771,1825.3781198099462,0.6867061406897285,0.3052583596030235,-0.09147749348418469,49,0.0,0.07355151992191086,9.23499143552512,-2.413591242535966,2667.60447446771,1825.3781198099462,1817.7137611700223,0.0,0.0,256.14804722036575,58.96010754184767,159.92226898888435,181.5841235502046,163.29895965367757,181.384626786249,150.94173567410297,168.51798596302743,181.8955069545874,173.91884147892262,174.422163994313,150.28701488490418,131.5405332411495
1411,2591.095567519164,1826.7427405274448,0.8568693453872318,0.04814265519057251,0.00832393051770758,49,0.0,0.016973789647794203,1.6260555014451443,-0.5278384127392101,2591.095567519164,1826.7427405274448,837.9734661346064,0.0,0.0,256.20985027746343,58.96107238997066,61.0830132293253,83.21092903419176,85.53380462538385,96.72165608216022,78.03147001200087,64.86839130124356,69.76898654574671,76.8085643350446,68.98253053057998,81.44184060535773,71.52227983357187
1412,1972.611298129128,1828.5503894557435,0.36524848215187006,0.17405928967692183,-0.23324722952666926,49,0.0,0.009982845551562303,1.2766012649636487,-0.2651381760735313,1972.611298129128,1828.5503894557435,970.5275447392353,0.0,0.0,256.7096193206573,58.96394743226731,69.90214284284853,82.27633896892647,96.64847104816607,91.79414912086168,102.16401360124007,96.70137038563269,90.42334986890958,98.20157475295025,93.78991658027213,83.82849984778036,64.79771772164754
1413,505.1931558230107,1830.083081195964,0.6751859122956523,0.36171988612049116,-0.1227492527635847,49,0.0,0.0559575334016273,6.956875974760231,-2.1060356523651693,505.1931558230107,1830.083081195964,1471.074830960582,0.0,0.0,257.89547494963574,58.96191418488672,123.83086111105982,127.1838634740395,122.3503003541814,129.9234834910357,147.2380891703432,126.81516128260975,139.43800128651017,142.35377954398987,130.3257372640373,148.7712364275233,132.84431755525208
1414,3030.165484787723,1829.4883493788268,0.2798797724874538,0.04053698784201134,-0.14322539081522456,49,0.0,0.005737463667004228,1.221707854979937,-0.21741841546424773,3030.165484787723,1829.4883493788268,819.4814604796402,0.0,415.4039829128019,255.8550843377935,58.959541181317796,63.31546142580116,137.8971466613437,49.768117315125146,57.544337810568365,59.18006279396622,81.66253471354428,164.98617997261496,45.78577209175479,102.2613328628308,32.01746878290021,25.063046049190476
1415,3057.212218043688,1830.603930021069,0.9526731564668447,-0.28425897730164923,-0.16769838652500196,49,0.0,0.01445294125829993,1.5882877455941844,-0.5023229628019459,3057.212218043688,1830.603930021069,582.6792203443467,0.0,101.2194482699039,255.8332191361788,58.95980940216251,0.0,26.294992455392936,39.950607740005154,82.85568756603917,85.32770800901177,21.686332588906218,56.42501372374185,29.920279659273973,38.25313798152893,153.16237789688904,48.80308272355772
1416,2648.6008115182162,1832.3210525885745,0.4802420477082172,0.3146042876021198,-0.07107592630444937,49,0.0,0.11658105021397434,18.7484877847792,-3.182415610397869,2648.6008115182162,1832.3210525885745,2906.127417691255,0.0,0.0,256.163330274676,58.96310129522189,239.77192695978195,271.40066176879265,257.21691184570346,270.0639192528267,288.80279058289113,263.44593268015814,319.499206318603,249.41414147017719,286.540748254283,269.28520427647913,190.68597428155826
1417,2856.6552903073148,1832.6934026247375,0.9117123406095754,0.320868865305225,0.05985883986601705,49,0.0,0.012747702829193576,1.001143003796052,-0.0012402919093246762,2856.6552903073148,1832.6934026247375,883.8157433842393,0.0,0.0,255.99522073203423,58.962049482860216,68.06197981619037,82.35690219423694,88.53555114012255,81.61145608630693,83.61244729189795,81.42947104821323,77.3455403777095,77.75331074795656,89.36514090243082,99.68167843834433,54.06226534083021
1418,1256.6203606525971,1834.8221301390527,0.5407024773723974,-0.05700352228369349,-0.2127234404707834,49,0.0,0.01315642325124645,1.6216418117695877,-0.5248873337651545,1256.6203606525971,1834.8221301390527,922.7838706767718,0.0,0.0,257.2882725076597,58.96661151416953,84.59011768649012,87.99873271876584,89.36079980905907,76.0656288923485,68.18165922482882,75.83069651793195,94.95710051571874,89.15136440997699,88.07728947600559,86.46496076566935,82.10552065997683
1419,2634.931244153789,1835.4399654269455,0.8368336489343156,0.3016790487525794,-0.04451245463912442,49,0.0,0.014189710711411715,1.284009305366008,-0.2714204278181951,2634.931244153789,1835.4399654269455,934.6310139185717,0.0,0.0,256.1743441492355,58.96447237060259,81.79451709785235,65.97992697559695,75.79391264414713,85.29880130864552,97.94236337815909,93.08673302297865,93.20777760685249,89.2407795414615,80.73656541429713,94.83586874037786,76.71376818820318
1420,1073.9818863831565,1839.312284299812,0.27390672445263303,0.5185828297209015,0.17866680615324942,49,0.0,0.006144444729451113,1.0097189665163246,-0.010501285261591293,1073.9818863831565,1839.312284299812,808.3549486417851,0.0,0.0,257.43590269317883,58.96808206088095,68.93239660338881,78.17012356016016,57.85001966320899,80.13440038875873,72.52265197004769,68.84894416205377,86.73464695855672,74.23292452623485,77.56064195231386,89.86077585771227,53.50742299934922
1421,640.1470916621793,1842.7892907648848,0.572782864690366,0.16261402549782,-0.06496120087368241,49,0.0,0.04084735782034205,5.623181557397084,-1.874955264839118,640.1470916621793,1842.7892907648848,1353.1793066228445,0.0,0.0,257.78655023080705,58.96790635505592,108.84728567356206,154.59658274098342,127.6432039027789,128.94743350093174,106.0097103202306,119.15620436989825,127.12581195620159,130.81104191962095,111.48587801860565,141.2646284849339,97.29152573509731
1422,1350.207430749639,1843.1199711321985,0.421173793839571,0.1583904645913751,-0.3282753129875235,49,0.0,0.009212800613092749,1.2356069961565168,-0.22970089666087457,1350.207430749639,1843.1199711321985,905.895208469872,0.0,0.0,257.21265482173686,58.970208940525076,86.5224871781181,75.55397472236243,94.09933596866355,73.4565914710824,75.5656391390875,85.75082534844522,93.28534290604742,83.829964310944,72.19947435090478,82.21321186428209,83.41836120993449
1423,926.8875125056331,1844.0172465610228,0.5394099009849126,0.37941758233112816,-0.12576768440386732,49,0.0,0.1134333525814643,17.69805620271264,-3.1198139248320893,926.8875125056331,1844.0172465610228,2536.5358676764245,0.0,0.0,257.55481668061555,58.96959782383312,219.34584107790283,244.42329592826653,207.299374966607,246.50402798299552,228.46669203787854,242.98181940006663,248.3605183339534,253.76818959866344,232.8559569397191,218.33935240864884,194.19079900172278
1424,704.4629272049009,1846.167104144264,0.6531036820815077,-0.3049857309335432,-0.004077535809156796,49,0.0,0.012866287961855898,1.3658454163959413,-0.33850387390334796,704.4629272049009,1846.167104144264,895.547954185198,0.0,0.0,257.73460209736214,58.96961431588374,73.43887679828134,66.44412406664092,77.8690207117547,96.00636809197562,69.9576955068162,99.29761269226091,86.11937317234353,89.78507805916819,81.36019717959002,88.07214000376828,67.19746790259836
1425,1997.839760796209,1847.0359479347098,0.40414272158320663,0.20609045867705963,-0.3689951827719846,49,0.0,0.015060298089057856,2.277784561816606,-0.8937816127479231,1997.839760796209,1847.0359479347098,987.8152099514898,0.0,0.0,256.68915953794846,58.97160072815567,87.7952978578212,100.95233805334261,85.95753541470695,88.60806343069558,84.98220578612975,101.161229190929,102.50957878791223,88.600548459383,101.0504249034837,84.96417069797911,61.23381736910661
1426,2011.3094922447137,1846.3997184614516,0.7888845512830843,0.11080739626331597,-0.8994318933083696,49,0.0,0.013022916567525055,1.1830906869741513,-0.18254508925989404,2011.3094922447137,1846.3997184614516,987.8188870039312,0.0,0.0,256.67827428015,58.971308221539324,88.90310553588193,103.03300129575523,76.39847293969878,79.41972979389624,95.86444554969458,100.51343622773744,90.6288955273525,77.59801102984085,91.29345098320599,104.94101227942284,79.2253258414448
1427,2413.7120717687753,1847.311229488639,0.5871211660290798,0.1820076300152792,-0.023760504190283544,49,0.0,0.03277788637553747,4.439669137717671,-1.6183765148036682,2413.7120717687753,1847.311229488639,1163.7798138012527,38.775723877382816,0.0,256.3530153598204,58.970447519767866,92.98351536532451,105.15507134217529,107.45678686384062,100.48087525931368,98.24040327813907,112.50799399656951,100.88199600404214,118.7166340729112,104.73008710386854,110.84513088486828,111.7813196301997
1428,1242.013491881907,1848.282713997866,0.40178964184539684,0.24437413425343882,-0.19474579312141957,49,0.0,0.020305994420785768,3.137154406511895,-1.2413397365322245,1242.013491881907,1848.282713997866,1086.8605637201138,0.0,0.0,257.3001249349356,58.972194167762055,86.15110253713465,92.5241365505625,98.31053715478647,105.59235525934531,102.95455855105328,94.0351248740466,116.69139636511403,112.3189524303684,102.03800785786001,107.363726291604,68.88066584823846
1429,335.199059607335,1849.153900913834,0.8180913733917684,0.3167993959959316,0.5309347846056751,49,0.0,0.014797872793077585,1.1884690825138595,-0.1874697205911327,335.199059607335,1849.153900913834,1027.5618408495686,0.0,0.0,258.0330576663149,58.96884885877899,85.32841659892183,100.50130376432347,82.08332280128988,74.42562624957205,105.02137957232716,84.94490115186301,104.53460203209355,113.83406488941549,92.19100172626686,113.36622446133023,71.33099760216516
1430,920.397532035366,1848.5853657192392,0.9612473250880637,0.6514121563401288,-0.02528995272887918,49,0.0,0.013132731390027996,1.0789233583220745,-0.08247648881574193,920.397532035366,1848.5853657192392,1921.1716083240044,0.0,0.0,257.5600924663684,58.97147898802977,148.97595386976968,170.3125384368286,172.0189196671858,175.15330081675734,178.87381187079404,184.2043428964911,186.7340087038371,180.9433525588595,185.19886275739128,174.519034102731,164.23748264335873
1431,2891.587689660835,1849.0136803868752,0.4430584965571077,0.709639827615162,-0.012329065449673422,49,0.0,0.009897701346385597,1.2057731618410998,-0.2031640327219288,2891.587689660835,1849.0136803868752,944.5424778069662,0.0,0.0,255.96679177707819,58.96862444668565,71.1858220131742,106.44308906999227,75.42072781828504,81.96121553514834,83.86055151146132,79.0355307527388,103.37849166171526,103.98294252036496,89.46251699768904,90.5411343966802,59.27045552971675
1432,2198.9408695263987,1851.2771656951313,0.4380558710539369,0.25554184131305435,0.08541440856685092,49,0.0,0.01282272550367794,1.6587690048010468,-0.5494647792184448,2198.9408695263987,1851.2771656951313,1046.8032409885293,0.0,0.0,256.52658421864874,58.97286348571898,97.00632292889887,97.13233311439772,111.47194514093167,105.45569913465644,80.84598055763217,92.76158682688774,83.20569604498993,98.31836963162006,100.97056656505997,99.54167555336537,80.09306549008932
1433,2641.3036481274926,1851.4719086073903,0.3559960929498916,0.39623849480058876,-0.19446055536137338,49,0.0,0.01883814649122436,3.2594062568700104,-1.2828462372482137,2641.3036481274926,1851.4719086073903,1154.5818201324628,0.0,0.0,256.16903204551977,58.97111831170551,105.58530811656954,94.32656974041905,90.21935492163831,119.36988116497419,116.43410767781573,93.95544511506618,104.79588758611128,110.28123530148139,109.2220272340484,130.46268235127752,79.92932092306114
1434,896.7060807418301,1856.0352829099309,0.7822341733117189,0.12922232931774397,-0.017492054457336592,49,0.0,0.05203817642789038,5.986013678057303,-1.9428442621734046,896.7060807418301,1856.0352829099309,1322.8050056238912,0.0,0.0,257.57929300369256,58.97450038292996,104.77218846435451,133.3347763316487,131.54924648119575,118.60873230635586,124.80467468064035,117.40516327347933,139.13560286971975,115.07709376664107,135.89487845707896,119.81575412245971,82.40689487031749
1435,1360.0969520742506,1855.729869100598,0.7356634147111396,0.2593046036949712,0.1113648828124026,49,0.0,0.031430771755196374,3.5707771358917393,-1.3819068631795042,1360.0969520742506,1855.729869100598,1204.1997561807916,0.0,0.0,257.2046907646405,58.975475238787105,94.3908456732842,117.45548204968279,122.2290613990706,86.86228848620766,111.29190824244873,115.9066512724488,112.06403165861258,108.21765650520325,125.02231289941787,126.6751672769048,84.08435071751018
1436,373.2456352437439,1856.804226742493,0.4630473940012469,0.4425220754616847,-0.13879949637862907,49,0.0,0.12335563140358913,18.760471821645393,-3.18310939147226,373.2456352437439,1856.804226742493,3475.507349325863,0.0,0.0,258.00240334307733,58.97227481090136,308.40639306826534,310.4858009677273,333.9699808694038,329.45861643334956,276.30800804952526,334.74017669059106,347.64633534328914,360.5783103005614,326.5399929850154,320.47212382098803,226.90161079714665
1437,1299.3125144488001,1858.1562083427377,0.28122666058626333,0.44190696341589564,0.17986915327086425,49,0.0,0.008058919262866407,1.295405070445622,-0.28101398156742946,1299.3125144488001,1858.1562083427377,957.7197829509148,0.0,0.0,257.2538370133043,58.97640327503151,92.41966168571571,99.17433149689954,103.37507355563643,84.267003642307,84.63996047985967,73.38673503507975,89.3688034901158,86.62558380857179,80.55690876213845,98.36085075266095,65.54487024192966
1438,841.9632043755372,1862.516162321178,0.4081560807473936,0.567683145401989,-0.027869166485733555,49,0.0,0.01004671553621773,1.385522044478419,-0.35403360014075635,841.9632043755372,1862.516162321178,877.8545740631844,0.0,0.0,257.62359212047545,58.976998947966294,70.75372343961268,77.64004213022626,89.62749330576648,91.20366917614376,65.6699854033085,76.56733105315169,81.33362297849794,97.26206707322739,91.01869517724165,73.49952346750304,63.27842085850504
1439,593.3902234139567,1864.1787945162234,0.28796123398154266,-0.18649942407075698,-0.2650756114794114,49,0.0,0.00983861971104078,1.3335695513212162,-0.31253917730005853,593.3902234139567,1864.1787945162234,953.1077286158884,0.0,0.0,257.8245468789415,58.976586072972516,77.42869936566434,91.0895751323482,97.08123111502807,84.74440130547333,86.23060175039853,83.84918043338246,81.44066502956426,94.51699103475973,95.84550863844004,90.23531535545548,70.645559455374
1440,797.8197632653067,1864.493891518754,0.6596415916867511,0.6268541335749207,0.17791172760064228,49,0.0,0.017880234616486954,1.9057041842352487,-0.7001387188186775,797.8197632653067,1864.493891518754,1015.5587158083218,0.0,0.0,257.6592930041269,58.977649338428236,86.66905460288652,98.85023818136415,100.646100789266,108.67446454927945,95.9421794009994,65.54767766960079,108.9587833530135,88.07211189407155,82.08848535009867,107.91028857039275,72.19933144734917
1441,931.6955894068217,1864.6957095468117,0.5876832179685734,0.4197694849641841,-0.08810399968218605,49,0.0,0.7020691130178027,104.67816959380423,-5.04964029986371,931.6955894068217,1864.6957095468117,11132.571335175186,0.0,0.0,257.55106561385855,58.97822969234213,981.9556285418404,996.0375353610234,1031.4754656650625,1027.0288422721374,1040.6911086504322,1021.1169295419037,1067.369712862449,1031.3513768573457,1057.1723185602611,1064.1652067338205,814.2072101289114
1442,1012.9732732052673,1864.7746673662396,0.4605151425063606,0.25543001396344317,-0.13774910762039025,49,0.0,0.03228387168999427,5.0411106562182555,-1.7563155765935536,1012.9732732052673,1864.7746673662396,1343.1738894327395,0.0,0.0,257.48535697608264,58.97851983366847,97.71741123544865,133.27732383043482,128.13783271585916,140.70355999155174,135.89635115850606,125.34506818778755,113.08925870398687,132.40582664443832,120.85918975136981,123.60287457869883,92.13919263465768
1443,1894.8218572579347,1864.3953293098134,0.32865454489070633,0.7930476492873683,0.2915081795167621,49,0.0,0.008065899598433856,1.1193718876472256,-0.12243598915637985,1894.8218572579347,1864.3953293098134,1035.2595400687428,0.0,0.0,256.77238145565633,58.97901317642627,93.25698998092189,87.00767144649987,79.77703453294845,81.46668444831643,104.64082878814386,98.91593484204441,92.4602887738622,108.48069072265524,108.81951864701617,104.88596885400213,75.54792903233201
1444,2670.167917806652,1864.8181853841086,0.5969854826345321,0.22839090866389675,-0.16199044084767159,49,0.0,0.028231757728772428,3.6541904126980342,-1.4069779346003157,2670.167917806652,1864.8181853841086,1167.9586375511042,0.0,0.0,256.14556436834584,58.976525193836444,93.33456036176946,97.09663934403221,103.13647329472748,116.51579298853643,119.34976526689019,95.38993084018753,121.96491566246698,108.11881455443671,113.33557367416324,102.105455561826,97.6107160020679
1445,771.039924495562,1867.1999716184614,0.6893624823508421,0.5331440113264072,-0.20774246121879106,49,0.0,0.010680063207277418,1.0582108317112418,-0.06143050650442648,771.039924495562,1867.1999716184614,819.2682204367884,0.0,0.0,257.6809639114045,58.97866668346724,78.19456185740202,79.57772051797434,69.00636396347231,59.47180958990599,71.45037129126234,82.31855795361511,83.89464382161319,74.53843516733662,75.72775113775961,82.25509880874216,62.83290632770484
1446,1742.8262654840094,1867.591825780398,0.4050425955795479,0.33671864473664503,0.18331820075405417,49,0.0,0.01520152219290702,2.1149986068794813,-0.8132752141183701,1742.8262654840094,1867.591825780398,1085.2698235688215,0.0,0.0,256.89526613351654,58.98051224839601,96.6772698985595,100.37256346323349,88.8311915869151,134.2202382701253,88.10248970503706,87.8335452056784,111.28491232073938,93.95949121585303,92.22240392447985,105.8467473067615,85.9189706714389
1447,1465.2219764506342,1867.9053330977765,0.6612856192546708,0.39382636007576377,-0.02610421114389389,49,0.0,0.08763759306116202,11.920581729098046,-2.6907436241591673,1465.2219764506342,1867.9053330977765,1841.68872734513,0.0,0.0,257.11972146175134,58.98064780542592,179.24632082284353,165.96544241068915,170.23616000872312,155.07197289620893,181.8668808869545,179.5660671943083,168.52251109684147,161.44830119893908,173.05896734239542,187.14686955026667,119.55923393695979
1448,2093.95316914136,1868.3421449950083,0.44864223664049885,0.3148227005229579,0.15397726043573873,49,0.0,0.03575014140844264,5.939740276660694,-1.9344186381772532,2093.95316914136,1868.3421449950083,1287.125788527831,0.0,0.0,256.61136736225285,58.98026243070645,103.09343200428212,119.55181750107516,106.27005219776751,110.63579640797084,135.27464062730078,101.76567889544057,99.91253336022248,131.72047733401865,108.61653695331299,164.907383950994,105.37743929544584
1449,2219.7600675020476,1867.424129379024,0.4468155089064699,-0.2548430608723449,-0.6334888460948248,49,0.0,0.03736812431131163,3.7843177772231655,-1.4449689947339301,2219.7600675020476,1867.424129379024,2606.9143950099237,0.0,0.0,256.5096579125971,58.97952725427349,221.18247448214143,222.92028361944512,238.41759506108122,255.08562662755753,252.75075029688395,230.47327456040097,235.8356500429731,257.38452857717346,216.5246546257569,250.65757766928567,225.68197944722448
1450,1282.002062738061,1869.4118786377262,0.6710985635011665,0.2692744026168248,0.10532189096703452,49,0.0,0.032143126282196954,4.083144643569113,-1.5274869122072279,1282.002062738061,1869.4118786377262,1161.5766929847255,0.0,0.0,257.2678664167199,58.98106605090558,101.45519815790001,101.14206639101623,105.67280342797056,123.04782750755193,110.55206430439709,90.77203288499254,128.3932378006901,107.92802550339398,118.41404078999335,108.04047297040792,66.15892324641169
1451,345.8150161620737,1870.0910522976424,0.3180902332822811,0.24297604554283647,-0.4434559979711247,49,0.0,0.010843675117782562,1.1085195175570448,-0.11185836020881867,345.8150161620737,1870.0910522976424,1064.867644138509,0.0,0.0,258.0247352636778,58.97763864161126,98.51417201707173,108.13033073802309,100.97922480857913,93.91501481114022,95.75106236086351,95.31466784052331,91.70432739876789,105.95107978251515,110.55468674625152,92.56470885665874,71.48836877811462
1452,2037.3837309384312,1872.8274423339444,0.5214046795361381,0.21445992396255117,-0.09488314211752356,49,0.0,0.12160260285151361,18.663205450298104,-3.1774655923392485,2037.3837309384312,1872.8274423339444,2859.914530529468,0.0,0.0,256.6570855276518,58.982263857478,246.7646290062089,232.8845816441402,268.5981108878629,265.78414693658465,274.6882967679162,271.63858275449707,272.9487729574424,272.2974613416385,274.17108510244304,263.18778318316026,216.95107994757353
1453,2513.7587212580156,1872.7986412660205,0.6367799768078842,0.5985747544985927,-0.13672252318056874,49,0.0,0.0161905215627815,1.8055887972113875,-0.6415471287371105,2513.7587212580156,1872.7986412660205,951.5638750419866,0.0,0.0,256.2719278304403,58.980631362521564,83.99921409676838,85.5655201076921,77.72671237609782,74.85461874529804,86.91766357022517,99.6957095762119,82.74713975751081,86.25290557908392,98.76884629058152,107.65594128114347,67.37960366137357
1454,271.9617410124379,1877.9836808697764,0.5056895093811233,0.60077201506639,-0.10312450745897041,49,0.0,2.4869311620768024,344.3766564663507,-6.34258426293949,271.9617410124379,1877.9836808697764,63392.62871223585,0.0,40895.706408219165,258.0845332203193,58.98044607895837,5477.632890660698,5846.777288171195,5994.439715738978,5905.464315433722,6155.6777734660955,5849.836763745336,6051.267406348621,5916.739507987281,5909.788894836578,5928.514839977171,4356.4893158701525
1455,913.2124132634865,1878.4998334192287,0.5456628172259822,0.5349998159662654,-0.31643341573610995,49,0.0,0.012028373497343352,1.4890625715786143,-0.4322823688269841,913.2124132634865,1878.4998334192287,857.4648010480357,0.0,0.0,257.5661008407979,58.98391797443577,86.46972003341108,73.98445828487861,73.51444348949886,75.85575141347462,75.79142601395233,68.66589969355736,87.48515910654653,81.3937831344893,79.09660261791338,86.16813648668858,69.03942077362495
1456,1940.8378958343135,1879.677842533287,0.42212062367375236,-0.4495751965851764,-0.3945511025087588,49,0.0,0.01604796145667898,2.0049819790849286,-0.7552761837631383,1940.8378958343135,1879.677842533287,1547.5119999695844,0.0,0.0,256.7351268573492,58.98530721605631,144.20237532901845,149.32144823200417,140.30995176675262,129.52167460594447,143.63956115815375,156.8029477816492,145.30139042700597,145.87146625637183,144.220518224332,138.38116442727397,109.93950176107813
1457,2545.856180275707,1879.7395575391313,0.4252936387392895,-0.08090945160313258,0.16094010563044175,49,0.0,0.008598121914718301,1.0267343726617266,-0.02864525356847829,2545.856180275707,1879.7395575391313,816.4512892591761,0.0,0.0,256.24591437493075,58.98337284349032,67.60188831616031,68.88216452944032,82.18864683262753,68.34745206395648,66.1912600989179,77.02868703375029,81.21702003911388,74.19381757859193,86.27428958580732,71.92249202513557,72.60357115567456
1458,1938.200040811122,1880.2977096464742,0.5347345598171611,0.051771247606884785,-0.03532620272146412,49,0.0,0.025177064571197515,2.9762725670302856,-1.184181753455331,1938.200040811122,1880.2977096464742,1538.9491309556306,0.0,0.0,256.73725789597546,58.985569997148154,138.49618974126335,148.26346985217793,124.83041466492868,129.79653889919737,135.0925405781151,160.13446588193813,145.54614521507784,156.4407653950688,150.8845852024894,142.95978064745165,106.50423487792223
1459,1384.6564981623617,1882.7392204566092,0.7404495633038009,-0.0077847300144745215,0.0005204589762591189,49,0.0,0.013061882360004011,1.3422599495740124,-0.31959157969598484,1384.6564981623617,1882.7392204566092,912.5927080541427,0.0,0.0,257.1848932891985,58.986757265941286,72.28108001842077,97.08789349660043,74.79155174883033,81.28605060494209,79.68714589048244,74.85744965529386,82.48843194260888,75.29381571713958,87.76898947639539,97.59924347331736,89.4510560301116
1460,748.1019068061585,1886.3548453584208,0.2273054756491024,0.9823534360624113,-0.07813450867925038,49,0.0,0.008064643234813875,1.2758685384407442,-0.2645148208158936,748.1019068061585,1886.3548453584208,902.3206765791125,0.0,0.0,257.69966708275155,58.98655008444071,75.7665608564221,90.01268332219108,72.26030772672803,85.39759417005725,103.11685956573913,75.83086710002459,72.57329551936446,86.0366828787779,94.10907909849925,76.55837592945498,70.65837041185375
1461,1949.487639168718,1886.3670229715938,0.25545172304473857,-0.5588721729499085,-0.3407936121231681,49,0.0,0.009001189420581075,1.0974034098796615,-0.10091576328241886,1949.487639168718,1886.3670229715938,1156.837558635284,0.0,0.0,256.72810949812026,58.98807930380122,107.86450617210077,109.76257674118864,114.07991236826479,110.99540585780515,110.1849182624121,102.89471947206047,126.29477381412622,82.63399452811258,105.52310877271876,110.53152842995158,76.07211421654313
1462,1047.8623405808407,1891.3069578491286,0.629998740882204,0.18366459704882668,-0.017844473515163013,49,0.0,0.00990347460577747,1.0668715441453052,-0.0702803291908298,1047.8623405808407,1891.3069578491286,793.0009681863816,0.0,0.0,257.45729366179455,58.98967478859045,72.60122474463785,59.821314316796446,74.35365628616049,83.82573869736464,77.37995457021377,65.75679921968711,81.61747718381181,63.17473128086523,66.94931276658485,88.94248329627388,58.57827582398551
1463,678.7682728733793,1892.3618988529652,0.8852131818539798,-0.13298245012393778,-0.3228543277405325,49,0.0,0.02578839661886596,2.362053376556722,-0.9332242684203775,678.7682728733793,1892.3618988529652,1358.7081565571582,0.0,0.0,257.7557843684092,58.98874282571159,101.60749982121578,121.71171064301885,135.87329766595343,125.7280449853136,153.45778757230318,122.34551424739759,130.62822329678198,132.72191309485316,121.64838517329265,132.41177850287238,80.57400155415556
1464,768.0853395005427,1891.8169415221373,0.9892286618997927,0.3184253475489761,-0.3413508700620821,49,0.0,0.02863943973059617,2.570210974550062,-1.024921934128149,768.0853395005427,1891.8169415221373,1097.483536493477,0.0,0.0,257.683552649783,58.988910635686906,86.98766332676206,97.7857300272191,108.36334522679164,96.5854921350223,106.10813338381959,88.0204958570781,91.32092493485419,117.02648373771973,112.57875187361128,112.16778252155348,80.53873346904547
1465,687.7399550831658,1894.2422577763948,0.3560671429306091,-0.6821995593671292,-0.18312564759853986,49,0.0,0.017970074468199003,2.2757259982090985,-0.8927999274476381,687.7399550831658,1894.2422577763948,1516.742408383469,0.0,0.0,257.7485461869284,58.98956771898128,129.66567957448993,154.26248598840252,137.90257477512972,141.54515627692547,155.40890489042795,127.3211240663889,155.34705201317257,138.85596558700877,113.7434052441515,152.9791178167748,109.71094215059676
1466,2049.092282943567,1894.4630507753045,0.741409005189374,0.22812286645214952,0.023792878798141685,49,0.0,0.03772793172850398,4.409472962972863,-1.6109667100919554,2049.092282943567,1894.4630507753045,1646.2451342350664,0.0,0.0,256.64752359696934,58.99125235289105,121.25488810164717,163.89404841509298,143.65311430523423,157.20577879110863,134.1905405110751,160.9581028786905,148.4776451201821,164.3422933956036,147.73339263782196,169.61040102472924,134.92492905388093
1467,309.28885009545036,1896.1368927263823,0.8049045378430586,0.617200174384396,0.4551316712317707,49,0.0,0.01280414811408964,1.0992577764113087,-0.1027488665130181,309.28885009545036,1896.1368927263823,1005.7846454183035,0.0,152.7383892136036,258.05458810751026,58.98825498527257,79.21413549138789,84.57338366257164,94.55713704570357,95.61273625374628,75.38497705148512,96.29461800230844,95.04151147955045,102.91909113222582,97.08977059647702,100.2877786816384,84.80950602120885
1468,1072.188795027437,1895.504628881209,0.7820807516192586,0.025020635228864586,-0.03127981371330543,49,0.0,0.02205709178899072,2.4237699827744748,-0.9612285066072221,1072.188795027437,1895.504628881209,938.3523468409069,0.0,0.0,257.4376418411779,58.99149003671113,68.4759671885817,84.94643033280144,107.7053331708488,71.18635201841597,83.45869582474596,73.94965644678973,90.53587683833719,89.8209968419046,92.75711243958105,83.24638803077218,92.26953770812827
1469,2250.45164913408,1895.727576356493,0.4752698979272626,0.4881152788796523,-0.002642285120231097,49,0.0,0.02158403090590275,3.2264134377120626,-1.2718000444986926,2250.45164913408,1895.727576356493,1110.4457718542353,0.0,0.0,256.4846647532883,58.9912216736524,83.81406624992464,128.87313161235755,124.2178264868295,96.78149949647081,99.60360531779219,86.49314662357645,108.24348381577508,93.29188140509602,112.51066400198951,108.0014666764357,68.61500016798792
1470,147.28532503448366,1897.0415363182258,0.5914094057351779,-0.051998102233167746,-0.5487890931895558,49,0.0,0.02727417981033152,4.8894258798322765,-1.7231446673085888,147.28532503448366,1897.0415363182258,774.7182535200951,0.0,27.4695077442693,258.18558385685037,58.98751144603457,87.82243526359451,41.994453582356996,22.77326886758715,0.0,29.593269673925484,105.96338295648128,195.47299200770178,104.95175890815491,33.845064501064584,131.37288836140502,20.928739397823342
1471,1942.4373943000091,1897.5600830432877,0.44403124538577815,0.6263723117136007,0.1135850630362105,49,0.0,0.016886303832195797,2.0986485251163915,-0.8048492760845215,1942.4373943000091,1897.5600830432877,1231.5804697259357,0.0,0.0,256.7337736848723,58.99275528022351,125.0697628808299,115.5162380550699,110.15824730452239,123.90092188336399,97.63351781505195,88.10536975144694,130.97444535323896,121.26003198992758,117.34522265602291,124.2240869507898,77.39262508567143
1472,2308.2869400783366,1897.5117177373284,0.8646724730326858,0.7540539539855915,0.37970895710087305,49,0.0,0.012614109157968106,1.105504197813748,-0.10890099004550556,2308.2869400783366,1897.5117177373284,902.2850394904784,0.0,0.0,256.43787845166963,58.99176710288852,82.03154669146181,80.67553280846376,73.78858915638614,94.63662818748102,81.65545210801984,86.83992040676796,77.95391494446528,65.96688498838074,97.80139329130958,95.60933857342746,65.32583833431478
1473,1187.5847207586999,1898.1538543239285,0.4623421737068848,0.04595013651150181,-0.2047338965923398,49,0.0,0.008992329094049257,1.215654519758775,-0.21202542278480652,1187.5847207586999,1898.1538543239285,878.1675446868333,0.0,0.0,257.3443225524822,58.99286762616858,58.549859214873166,86.66307674290877,99.63079321144711,79.39900112598376,78.06451687045686,73.65797839904042,82.77756539044952,79.09384806784814,109.39959798158702,78.18622503814407,52.745082644094374
1474,2405.52537177285,1898.037363255084,0.528417385304554,-0.049390720773337116,-0.0163703128717302,49,0.0,0.023101172445612952,2.975997527946527,-1.1840814153031944,2405.52537177285,1898.037363255084,1155.7483807704166,0.158524487102125,0.0,256.35923334760673,58.99161532834113,117.38258100201367,99.01396481758461,129.22802625864355,102.21783743220604,124.15902283952985,102.27629506965617,100.38311341825406,95.42485049645504,112.12135415330492,93.01656726521854,80.52476801755034
1475,1356.8902342221556,1900.2558573736771,0.6717413583687025,0.2783526122067683,-0.03815416283961924,49,0.0,0.02303970446766379,2.602375732776935,-1.0384250012126526,1356.8902342221556,1900.2558573736771,1134.7477442107552,0.0,0.0,257.20738910021254,58.994023639016056,110.89463637899976,98.62771455513999,92.3783373376665,95.03745029274734,107.47831365460596,100.59323491964341,123.02321608203196,120.63879889992266,98.00932647792641,103.53166416375817,84.535051448313
1476,2412.100894818952,1901.7231886602353,0.5673961064874083,-0.03303910057311376,-0.11751070290379073,49,0.0,0.011484913051052426,1.2579507592727146,-0.24915910397606245,2412.100894818952,1901.7231886602353,1112.4357752329006,0.0,0.0,256.3538862506473,58.993124187521275,89.63958928637828,108.93675228786294,127.71017155639552,115.10065289608289,103.57392449704035,92.85547069978826,88.58100666159558,98.43639250590304,121.85908009903184,95.75789121786707,69.98484352495495
1477,967.2863759734313,1902.9503701254848,0.6608920690828167,0.14460404985009062,-0.15869663088038186,49,0.0,0.11911397725497964,16.36998880232887,-3.035120955846829,967.2863759734313,1902.9503701254848,2190.9921150221753,0.0,0.0,257.52252900195697,58.994285171603245,183.13138508794088,194.6135666614336,178.99580767018603,181.80421579192654,202.8708116792301,208.23223856936897,192.74978968900746,227.27684421807226,208.13567137626592,237.67899473038221,175.5027895483616
1478,1318.9126312943852,1903.141608449934,0.6735188944664856,0.23326666707492674,0.01124889905068536,49,0.0,0.019129387399308966,2.344443338337561,-0.925099352396386,1318.9126312943852,1903.141608449934,955.9644477904064,0.0,0.0,257.23811529263793,58.99517574015278,83.2692534013056,91.13323104899922,82.09120013183383,91.13023787629899,86.11375884625143,93.66922982286644,93.04368729477189,85.22412112667342,82.7588401440553,95.29834905296808,72.23253904438215
1479,1917.131007558943,1902.9591398159882,0.5045480567610179,-0.382747931640167,-0.11199315486664824,49,0.0,0.010977612703724849,1.1507790642826001,-0.1524798808097827,1917.131007558943,1902.9591398159882,967.6163390396044,0.0,0.0,256.7542252625933,58.99504686418354,90.4397725189622,78.9644742552972,78.05164097329418,72.36325874822458,78.91795019127869,83.84777892227781,104.68340434805225,90.34162315573488,96.18810035070359,101.67184463578656,92.1464909399925
1480,351.65699191601874,1904.6260772263008,0.5632769525080449,0.49094631310381864,-0.2495176869269343,49,0.0,0.01677179680110995,1.8875421246270065,-0.6897416315993148,351.65699191601874,1904.6260772263008,1046.7222456421596,0.0,0.0,258.0204344035798,58.99206278354775,75.00817329203491,102.36898499323638,93.49234654476754,90.52139715601305,95.15919567922332,96.47072629969405,93.09350823050269,93.32850604030631,98.45612246013067,120.45463773227218,88.36864721397845
1481,320.8761204766378,1906.3223089020105,0.4041475811919557,-0.5313927704277689,0.13546955039227443,49,0.0,0.010777102419331445,1.2562016146193498,-0.2476483681880137,320.8761204766378,1906.3223089020105,1016.559514999945,0.0,45.02705139433417,258.04534650404855,58.992573267244275,79.73716269560904,102.93274192744974,95.06821256992129,85.75777808225715,104.62349870534962,88.22918140040507,106.90483226149692,81.25348924183639,99.50980873739198,103.54624456128087,68.99656481694696
1482,1071.0681260635772,1906.900618672959,0.5236443670214139,-0.12313745755713836,0.01657410291616751,49,0.0,0.011995941457500426,1.5514907473781911,-0.47687297481725666,1071.0681260635772,1906.900618672959,853.0331260638533,0.0,0.0,257.4386071778184,58.99623522289524,63.60391724487201,75.66216697076703,89.346423925952,81.06188262653896,77.2458110567919,74.18022823994477,72.89780660992443,89.10893118165153,69.10862528318421,82.25839054985323,78.5589423743732
1483,2240.0644711359128,1907.4989484386285,0.3969939445444895,-0.06419346813265207,0.48966445448402707,49,0.0,0.00883111662574827,1.0966776172132418,-0.10019744942427741,2240.0644711359128,1907.4989484386285,936.5572867718824,0.0,0.0,256.4929918156515,58.99615994983281,79.65419914698654,76.00142956828091,82.56563928626842,70.25639382578235,87.93241417066892,79.80394131555484,69.62095854597064,96.16221337468568,101.51286372961144,105.68982272396687,87.35741108410569
1484,2207.2972316007863,1908.0852745065865,0.7365883141278157,-0.012446632135614942,0.06632719422940697,49,0.0,0.02254721110911798,2.5383569831836956,-1.0113817482230814,2207.2972316007863,1908.0852745065865,1211.0004266540498,0.0,0.0,256.5194928085471,58.996507199925155,107.57517099859268,120.3157927824698,119.13808028775736,106.23895049860474,113.33357085741072,104.04835552317479,109.98019022163973,113.06942798130575,108.37189372183919,116.41360063977515,92.51539314147985
1485,1817.7654856092888,1913.5166668066404,0.8949976608157283,0.4105257707299832,-0.03809653804868605,49,0.0,0.03717516924535032,3.50275563824031,-1.3610246020256622,1817.7654856092888,1913.5166668066404,1363.887685058213,0.0,0.0,256.83457738886614,58.99957952951302,104.71632399610185,125.90409664107912,129.50442123147388,125.3634487477498,150.43175731626818,129.11321355088296,116.30895073149048,122.57900079337796,127.17586762801336,145.40209057458765,87.38851384718791
1486,1986.3408534982186,1914.2102730456966,0.5820580338162346,0.030771554039864257,-0.4630986767827822,49,0.0,0.011878554904960764,1.2925082548198843,-0.2785833136727388,1986.3408534982186,1914.2102730456966,956.7966695452149,0.0,0.0,256.6982011009278,58.99961218110501,89.55321477340179,78.11926362590447,77.87292423301268,98.6628805404519,89.30044823689362,85.54872618134769,91.04020058109447,73.16921325565443,81.41387562197448,112.48510071787408,79.63082177760522
1487,1532.0875082658463,1915.0856622698211,0.5420983466064363,0.22991259404064712,0.36745583998898873,49,0.0,0.017142378676765654,2.3403568841491933,-0.9232052215152521,1532.0875082658463,1915.0856622698211,970.0708845261101,0.0,0.0,257.0656892103397,59.00034049404618,86.88831865278212,76.74067111438504,66.1199671954609,108.57208618793499,94.54577795966848,95.2790990062338,88.76434696524845,86.60487370286408,101.37017774597186,86.85395414607399,78.33161184948642
1488,2210.637174914693,1915.127707342413,0.23394389214534428,0.33429675170060347,0.25668391228259646,49,0.0,0.01474564152094267,2.2628385334283987,-0.8866339141147533,2210.637174914693,1915.127707342413,1293.8966627517443,0.0,0.0,256.51674918811307,58.999431176498106,121.19482057491692,117.10968410186356,137.87889434541813,121.5591130411397,107.71164049276581,103.00127888260289,117.80081383171219,143.28276713903085,117.34607677474622,127.3100895101535,79.7014840573944
1489,1259.4587780960806,1915.9586392275403,0.5389035428292804,-0.35308661918828926,-0.24461697698288348,49,0.0,0.021958668490962823,2.930680629360535,-1.1674212345440707,1259.4587780960806,1915.9586392275403,1110.1292499597478,0.0,0.0,257.28624878600516,59.0004227614144,64.96280582045603,98.21154045366063,117.11818830803675,112.7250968060142,107.75716395584581,101.69666673977477,106.57121999878856,110.1059559986005,100.05429264533826,108.06172890903221,82.8645903242001
1490,475.2310876601035,1916.72916626993,0.38852351251017786,0.5522334351170266,0.739560066962905,49,0.0,0.010876684702521459,1.2002344991880933,-0.19816526460645215,475.2310876601035,1916.72916626993,1058.277283142187,0.0,0.0,257.9206358420276,58.997844537584584,89.90738341460528,89.2927164381259,111.20030476163174,109.45398883542572,101.62392562680266,79.6015215335215,110.59377582342285,108.88666543362511,105.04180376596723,106.92316473578447,45.75203277327442
1491,2184.0176174467256,1920.198957112427,0.8291343525132271,-0.20500495776928415,-0.20075763873019056,49,0.0,0.018434322038287775,1.745068341471648,-0.604531099359536,2184.0176174467256,1920.198957112427,1010.8577166484663,0.0,0.0,256.5382541655782,59.001624228931156,92.79225407084496,95.47514424875502,94.53104888380332,102.15225247171753,101.1756581069128,77.7053386051324,71.1082888264122,103.87343715987723,93.7312963481315,100.67485023006131,77.63814769681811
1492,1767.2835796515524,1920.5405343675488,0.5585726973713551,0.11752863979632454,0.33711556022326605,49,0.0,0.010012046978158282,1.1480247615755828,-0.14987813849039258,1767.2835796515524,1920.5405343675488,918.2301928618124,0.0,0.0,256.87540511501845,59.002555001047725,90.8961508096182,90.83124598991866,79.75057903017685,75.64671675467069,80.17573922090608,87.96551878449306,88.45886342003097,64.76092435999671,97.3097398397941,94.15577558241277,68.2789390697942
1493,2570.717054682754,1920.541083186581,0.2510246897589867,-0.19709330597228994,-0.2913946076235595,49,0.0,0.00844730861464608,1.392363621414351,-0.3593816696364206,2570.717054682754,1920.541083186581,862.9051513023135,0.0,0.0,256.22542713041565,59.00025181364418,71.99060418409273,85.103786474822,79.67585457396112,74.20125235994688,72.94817643666859,75.80499793694297,91.7178097908134,77.5660478867837,76.57220677988721,85.72683748241764,71.59757739597727
1494,2002.7860114533976,1923.1899307381218,0.6076222292638336,-0.17157569873670525,-0.5684955158335181,49,0.0,0.010853710567253419,1.0852215495330169,-0.08879602269062052,2002.7860114533976,1923.1899307381218,962.0835052741226,0.0,0.0,256.68486206788816,59.00332094558147,78.15411055383345,74.56031660452582,82.0759100214827,92.8047496370941,89.7954018773961,100.2031029488156,89.08297023301229,82.81915575712993,98.38695441160151,95.03583338872201,79.164999840509
1495,971.1629621267753,1923.57724281818,0.5783888473231281,0.1956961483946372,-0.13919125718685685,49,0.0,0.13187689018153625,19.656367028447452,-3.2337581319988007,971.1629621267753,1923.57724281818,2614.519527682676,0.0,0.0,257.5195204378701,59.00289165667346,218.85395466878373,263.054825661661,243.30709329111812,244.02587431412726,243.0308687646995,239.72169374791807,267.03835370274857,226.02044769903728,241.20846925564086,230.15794450049077,198.10000207645135
1496,1071.3186850171123,1924.0268703786771,0.6289355669794534,0.19570924373843362,-0.28366803966664683,49,0.0,0.009951637879120798,1.0944029464650185,-0.09794313407555585,1071.3186850171123,1924.0268703786771,796.7555837324769,0.0,0.0,257.4384931181558,59.00337159356006,70.24240215195668,79.27518537713466,51.65337897833425,84.37730805071136,76.86148525413827,74.74066055750644,76.94535453988969,63.942301443373594,76.35845278629675,76.80885617857395,65.55019841456121
1497,2642.6094118516767,1924.0254634508933,0.693019482222431,0.5259972567262031,0.19129911952619363,49,0.0,0.013287615164424227,1.3938733595358255,-0.36055829424503816,2642.6094118516767,1924.0254634508933,858.5270947700985,0.0,0.0,256.16723805506905,59.001338713401275,74.00320001527157,77.13238542101679,74.31832620011457,78.65592723193012,85.04221878874904,73.25633572286392,80.62907766109936,84.32711717264641,83.62610425873521,90.86007962172083,56.67632267595074
1498,2995.0092441386455,1925.0041722693165,0.2946389490775528,-0.08954863004636426,-0.5327935653890424,49,0.0,0.008052080768833781,1.264065069845489,-0.25442357637594326,2995.0092441386455,1925.0041722693165,1187.2868360325629,0.0,592.2111937585046,255.88218463218072,58.99958150885619,90.32157580392469,94.31776296639127,97.32220612168754,180.90490487627406,131.0753748294785,87.78748171231518,69.51303468910244,138.67599101495227,102.82777935312532,146.49992349239636,48.04080117291508
1499,2716.484587982494,1926.7516564394914,0.2000912720708971,0.4517022684463728,-0.2593087103387995,49,0.0,0.006617489968899957,1.0249755269554761,-0.02678373997924252,2716.484587982494,1926.7516564394914,864.84630098396,0.0,0.0,256.1074501318263,59.002072494564466,71.57237257078098,82.65246434084723,79.33515067393571,94.88591820891816,91.08357624384084,75.56476295985935,88.00097712873986,77.05199511559971,65.65358961921132,81.57137388800147,57.474120234225325
1500,2730.1828533597227,1926.6216895598639,0.5951754457093975,0.26335692739473954,-0.10216225122231246,49,0.0,0.013213150178844037,1.5880337841258023,-0.5021493436271594,2730.1828533597227,1926.6216895598639,903.4833527351825,0.0,0.0,256.0963707866763,59.00194078389831,94.06220790657048,89.9871241996232,83.81125507558298,81.41101827323,73.81513428745322,83.05699041985116,79.25763832937108,75.02097240100704,94.08572277992485,86.2420373378516,62.73325172471691
1501,1282.4181902691334,1929.5653091484292,0.9307310115356838,0.37515699924294404,-0.17353305879497732,49,0.0,0.03193397935197113,2.8080034754145045,-1.1209941024410783,1282.4181902691334,1929.5653091484292,1404.6740073427945,0.0,0.0,257.2677169746191,59.00613027661393,103.93300738241419,137.12389665995892,145.8790595945852,112.12622660295172,132.3847370207589,126.69678890603235,123.36444025981166,130.55162870682565,139.6009153333279,125.17025075729703,127.84305611883116
1502,1994.0152137608827,1930.486545085874,0.607077905028239,0.2799172044860627,0.12623054970876602,49,0.0,0.010908935271639414,1.0959500652927798,-0.09947691716412174,1994.0152137608827,1930.486545085874,898.1884666091107,0.0,0.0,256.69193009997633,59.00637873894149,81.29712628282606,71.0108192645456,79.88422721688767,81.49119799712906,86.68504543799187,93.4277768281516,75.00234467618452,84.60918404637827,104.04210754874548,75.57232268471742,65.16631462555308
1503,2051.3695952782946,1930.8699822500805,0.48697479274043315,0.31631968036448643,-0.09150640657497913,49,0.0,0.04339468173809902,6.7759398031191616,-2.077423847760101,2051.3695952782946,1930.8699822500805,1511.0379896399315,0.0,0.0,256.645521278408,59.006416359680856,142.2604648459301,140.6548412786359,132.5033761395396,145.86644400599857,141.0586724221017,128.8559320713061,150.59117815391227,146.3455539321879,124.02614447549215,124.93284078170315,133.9425415331242
1504,2150.885725784652,1931.7828223781144,0.5643271092771334,0.47002707692498646,-0.09318249194096895,49,0.0,0.08845995505326441,12.971792583729629,-2.7824999894446263,2150.885725784652,1931.7828223781144,2133.8808540069713,0.0,0.0,256.5649957104423,59.00654539799366,190.03190738126412,181.90629018253804,201.0146026210478,209.69494004509136,194.652936095443,199.14576254650336,180.0271384554122,207.0968871977845,210.39065892535808,201.82571818662447,158.09401236990428
1505,2795.298943201139,1933.490285189639,0.8148045855150183,0.4990224458071119,-0.42358812002792245,49,0.0,0.019357152383016104,1.7057505056531677,-0.5797887717358583,2795.298943201139,1933.490285189639,1331.3689784143248,0.0,0.0,256.0436179558312,59.00442062856912,109.6920619580722,122.07523186310516,116.39682275822,118.8435823939556,114.37698817598047,144.07544687454958,114.49840139770276,122.23648546993107,119.65620201647172,138.25658880170113,111.26116670463519
1506,2777.207374789747,1933.8704162911101,0.5624044491768161,0.5009721789253057,-0.3591292205628943,49,0.0,0.020134587455275896,1.6617510410025957,-0.5514148987742263,2777.207374789747,1933.8704162911101,1599.2719480182302,0.0,0.0,256.05824895405834,59.00468718540297,145.95029649304888,170.97807518277233,148.64170945077203,147.78830518532135,156.10301449078514,128.96599979689907,151.1600081133543,145.09829449159054,138.82452043796377,142.55891890416768,123.20280547155514
1507,564.6060299979281,1934.8097207173985,0.4522093185682377,0.20472103376736375,-0.04208981875898832,49,0.0,0.01792011280581487,2.6707804755524243,-1.0665954817772478,564.6060299979281,1934.8097207173985,974.401531850736,0.0,0.0,257.84852936185774,59.0058642145634,65.49229411408362,94.10624704311286,85.93623171048313,92.82387017892583,107.74371875292917,82.04259899005288,101.98182804958334,85.51685054775189,94.93982789665336,95.4002187436405,68.4178458235194
1508,1873.6404311311014,1935.4131484163665,0.3288272146832787,0.3472545793501858,0.11194863067660336,49,0.0,0.015846260926363157,2.52661738876126,-1.006348701821451,1873.6404311311014,1935.4131484163665,1147.8875192049577,0.0,0.0,256.7893170282809,59.008633855561214,87.97957668170876,119.0790354648891,126.21519985906917,97.09259740818662,111.95638805532707,101.81352368324272,113.4801171765492,111.46861728596315,93.99216426137644,95.18210967758732,89.62818965105791
1509,713.5856546693113,1935.6406514893154,0.6807364473057775,-0.29900772312577845,0.1363522544702759,49,0.0,0.01476882628517421,1.618948124763436,-0.5230823326772442,713.5856546693113,1935.6406514893154,855.1339740243523,0.0,0.0,257.7280044129861,59.00693283858532,83.38830370233788,69.22939434800648,87.75241533872385,58.78529155915581,88.57748554474597,71.114079607506,68.07493683333645,87.87843466076926,85.24735934081124,93.81537843250902,61.27089465645028
1510,757.7832986576175,1935.5610230327434,0.43979467988248483,0.3482956155292325,-0.08462678452289177,49,0.0,0.07319731827006694,12.674585096005709,-2.7573343788961777,757.7832986576175,1935.5610230327434,2240.288828075376,0.0,0.0,257.6922439667202,59.0070924615547,203.2726206049465,214.8546815150483,190.1304618037293,199.09181761916625,212.58192240866782,223.21020866347158,207.55716376666606,193.2136394457578,213.26387438166537,209.21146381528987,173.90097405096702
1511,767.5254224150443,1935.8170456019461,0.5238227541183501,0.4226715023341302,-0.18245371664865592,49,0.0,0.05823578619313814,8.603747623250252,-2.336719156474373,767.5254224150443,1935.8170456019461,1945.3497113373655,0.0,0.0,257.68436375102914,59.007240301651514,168.94822297040184,196.96862195623947,159.70133712263032,194.75451339676698,197.11570625637836,182.59305580234195,174.1507414400908,184.43339819020147,182.95611183092353,167.63759306902216,136.09040930236847
1512,1890.4309251370307,1936.5824291776692,0.9220532706278551,0.4333587561242801,0.4091848245350342,49,0.0,0.011901101159946128,1.0133895768192005,-0.01444108264471053,1890.4309251370307,1936.5824291776692,925.6814017940643,0.0,0.0,256.7757269472535,59.0090972025641,74.29353182477988,71.91519102232887,93.05013570822311,76.73883930918534,61.159492258316895,96.77957263734957,91.64968462377576,91.1985228599182,94.2182029532864,92.56938490317906,82.10884369372125
1513,2615.7508429052677,1937.0746433947684,0.8546921865681528,-0.9093162590067185,-0.9479695682426297,49,0.0,0.01505786499994935,1.1852667843884759,-0.1845402850369354,2615.7508429052677,1937.0746433947684,1092.933452298616,0.0,0.0,256.1888350480021,59.00691461188739,81.15465446278128,110.42611040020807,74.71418167122654,99.63870645051645,113.02098743988148,107.91305424468781,115.28561527906001,118.59668664664002,107.40101416026793,103.51634542806912,61.266096115277264
1514,1186.2739270307009,1939.5662444607322,0.7710613721099454,-0.26772484848447614,0.2646321366839155,49,0.0,0.016976451829069934,1.6688968582812,-0.556073742741431,1186.2739270307009,1939.5662444607322,973.221564161777,0.0,0.0,257.345550484629,59.01011966857308,104.48229588996057,97.10440211749098,72.99981699915239,91.91452412041258,82.75349786636777,78.95208020141135,86.22547295699137,87.6793768387483,94.08946823893731,103.95665085834105,73.06397807396334
1515,319.25518050838804,1941.6233294393578,0.22125856209765662,-0.34788997318302844,-0.4583780131991607,49,0.0,0.009829010316260166,1.2324273916899247,-0.2269033557407539,319.25518050838804,1941.6233294393578,1085.7712620828129,0.0,288.16129048664754,258.04709949333153,59.0072690798849,85.73868642129172,103.09692003452633,96.09137274545094,113.39964009808001,100.75337714247729,99.80589697371434,88.92519539489689,113.65201985739397,103.94172710745619,106.06582634235794,74.30059996516724
1516,817.0880294653024,1943.3186075774101,0.8799594732154179,0.18042935882969516,-0.07364627472591861,49,0.0,0.028601672185112722,2.4743557231254543,-0.9836553391674695,817.0880294653024,1943.3186075774101,1279.675391123595,0.0,0.0,257.644319880995,59.01056779262,109.94408714723502,133.4869324315704,116.92229147230671,119.02481785537933,122.57385971734669,105.73334564103257,120.48728067080933,118.10999730983812,117.9210331528282,135.34045604818994,80.1312896770589
1517,514.6083999654503,1944.1775616773566,0.3806418155725368,0.49839935539570257,0.0425827811323122,49,0.0,0.015878364432606915,2.154613326134721,-0.8334233539985525,514.6083999654503,1944.1775616773566,1167.0482472711965,0.0,0.0,257.8890779010659,59.00949947019887,92.25123519671929,104.82257288307633,107.52704488743586,103.0519312401349,103.77750690230954,114.23718026652978,94.45030882683629,141.30761988977585,107.71973204601508,114.5983371731341,83.30477795922953
1518,341.92188119868905,1946.6394664315762,0.2705938913914655,0.49400548433484515,0.1755687798486244,49,0.0,0.006843258451708507,1.2117814685402197,-0.2085607666459905,341.92188119868905,1946.6394664315762,898.8518192798288,0.0,8.060691064388344,258.02882372553603,59.00950398196985,78.76899246241294,100.45383140622039,80.65867374576763,68.36057150760874,87.74036846126117,73.54843726124768,89.32259263856598,80.82031731320919,94.98308039309173,75.73020675051401,68.46474733992927
1519,2715.752816602362,1947.3721523318677,0.6436950656557273,0.8585396585509754,0.19974498313442446,49,0.0,0.014094719231253139,1.303331622088119,-0.2876373311441395,2715.752816602362,1947.3721523318677,1048.7298089097212,0.0,0.0,256.1078171473954,59.01066736998915,97.77786207548297,93.67365264221584,97.19728211725133,87.58661971500885,93.24881454176554,106.41956810837667,82.44415702147778,108.55625125681595,100.74609786512028,96.11546978959497,84.96403377661106
1520,458.51405487544264,1948.3923249013335,0.6938869587850939,0.396218335426448,-0.08459637451019285,49,0.0,0.014926283380111507,1.4922057982075723,-0.4345718079462082,458.51405487544264,1948.3923249013335,993.7079390569037,0.0,0.0,257.93451047697414,59.01094017923624,94.98274783243211,81.64664535746877,97.5389212468879,80.1987292103124,99.55018119522735,94.44643766730152,79.2364279256953,83.07359667287328,92.46184741558648,103.0144485951961,87.5579559379224
1521,523.289162836692,1948.187110285463,0.6237615511530976,0.11532800442599109,-0.23275694038689093,49,0.0,0.013784741567107925,1.6071239417260748,-0.5151234273347395,523.289162836692,1948.187110285463,1011.0892344970893,0.0,0.0,257.8820965193799,59.01121727287806,72.78782545016873,107.58114003752033,92.6786449462295,90.2206337952915,76.31842183109251,90.51860809970697,94.4644556853401,112.99605877677733,103.39609782029623,95.74336725799483,74.38398079667121
1522,218.42503553678998,1949.5262553249474,0.8846839973664873,0.018344598156032225,0.3836897186446685,49,0.0,0.01574592849020061,1.1940702590851262,-0.1925747035731161,218.42503553678998,1949.5262553249474,946.9367149795809,0.0,836.4935545743222,258.1287760104942,59.00988408247767,79.85944515314537,96.03226311372975,106.7282016483915,95.8483234318251,94.86041211912666,78.05700155737475,87.14751893893926,78.639472696404,92.14767189864429,78.7802112917763,58.83619313022388
1523,379.2572985199552,1949.4154377647249,0.31038032378550384,0.6627530156984756,-0.3775313921108214,49,0.0,0.022352709984189617,2.75348749360196,-1.099707770617802,379.2572985199552,1949.4154377647249,1796.9998295218213,0.0,0.0,257.9986499883846,59.010893975210685,170.3035590829436,182.51238857757198,151.53534289482258,163.86888765420017,156.6435198475568,165.2406082986267,179.35365068449929,153.9367635255084,163.22810372107244,192.49872454178106,117.87828069323835
1524,1098.0906771825369,1951.92509208072,0.6103346111261961,0.04474717514753464,-0.15578581007958575,49,0.0,0.019828033812747597,2.6048246651198967,-1.0394462389222139,1098.0906771825369,1951.92509208072,997.5815711252026,0.0,0.0,257.41697029621093,59.015065135425125,79.20990536579035,89.1602648243397,86.96112176120542,109.1953180888507,73.52270098560737,93.9504159350877,86.95524699605238,92.7523753086846,117.23256177252506,87.9974721313283,80.64418795573101
1525,874.3315496824912,1954.4707578512848,0.4891554780252164,0.7967711287089425,0.04290577791520586,49,0.0,0.022616737545952514,3.217600920280025,-1.2688304436678424,874.3315496824912,1954.4707578512848,1116.6379923029763,0.0,0.0,257.5980781258292,59.015432220457434,103.4978925649927,118.6358188278403,103.97671197551803,109.55833694915883,91.57742769863785,105.06134163584944,99.58006882042861,95.47988248788819,88.19527833151145,129.1674716634057,71.90776134774518
1526,2252.8028755437317,1954.7298240052428,0.6089537728530058,-0.0919879642462992,-0.11228643798938912,49,0.0,0.010731194104177931,1.1689849945959963,-0.169522341193773,2252.8028755437317,1954.7298240052428,894.5376110097036,0.0,0.0,256.48238680745027,59.01579704771708,81.96778859719714,77.8183876832311,72.63484838613778,80.5397987304132,81.28912163257482,82.80583431801689,81.61801666355727,84.66158898658334,72.71232321279378,104.38645856968604,74.10344422951238
1527,740.6877481640585,1954.8816897843556,0.6211986082055881,-0.0024377141042685284,-0.5498469856303118,49,0.0,0.012988769017697853,1.363527726658377,-0.3366599338244932,740.6877481640585,1954.8816897843556,876.7098032186059,0.0,0.0,257.7062383537516,59.01506869059936,71.1689428499234,105.93689842812802,66.80850644917078,65.91687748951838,82.50698263719423,80.36666195173795,87.17817305531878,76.79900775822136,86.8489198164508,89.8776507094346,63.30118207350752
1528,1863.1800049662843,1954.4440713170195,0.6898867421497227,0.6256305711267219,0.0928044804476374,49,0.0,0.016882203641699997,1.8498398826199707,-0.6678353465426211,1863.1800049662843,1954.4440713170195,1043.5801678674802,0.0,0.0,256.7977326380885,59.016577439766756,100.83944781245395,93.74526780847782,92.38790073740083,103.79147139319883,104.14630701867065,90.86918390042462,79.3162273944026,100.8024885843044,111.1335219960136,88.02378936307218,78.52456185906084
1529,1659.4670096738505,1957.2041874097533,0.8888816957315543,-0.10210256520386414,0.03824326891631818,49,0.0,0.014933125715011967,1.297844859748067,-0.2830569534602504,1659.4670096738505,1957.2041874097533,963.7060444806959,0.0,0.0,256.96261392625456,59.01789280249422,92.24738318891775,73.61266179149891,80.49138648687035,86.7016276621506,97.385304186215,87.59404646053048,94.0605278377589,100.14235213306517,97.03775759465677,81.36786862096358,73.06512851806856
1530,578.4789717096833,1957.9185490256893,0.5401890376468008,0.39735229427358326,-0.12114894164922801,49,0.0,0.481711824118717,71.85372229105984,-4.641123177821206,578.4789717096833,1957.9185490256893,9481.701297464091,0.0,0.0,257.8375367986343,59.01556382933555,838.6826451916577,889.6206793603488,853.3333378997893,847.2623174393053,856.7968651215633,910.4171936784394,910.413536661377,894.5119836836474,960.3584820794665,851.3547165606357,668.9495397878627
1531,1595.3954622498097,1957.3540391865663,0.6133149724124859,0.39677988153394883,0.09232310382998475,49,0.0,0.02694685637870673,3.553891412796392,-1.3767603851055499,1595.3954622498097,1957.3540391865663,1091.0718803892291,0.0,0.0,257.0144747072715,59.01796394808536,90.28436008872083,100.31455429767979,98.60249982024101,100.54289314095308,110.2852178774453,102.69233859503613,102.3631777845377,100.89302795336623,100.14426739360886,117.69467126807622,67.25487216956388
1532,1460.9093011152634,1959.4803707704064,0.3868764247236545,0.0197242056553869,-0.14593840065160832,49,0.0,0.018978943012533007,3.0392354854538675,-1.206910878260936,1460.9093011152634,1959.4803707704064,1158.5297503341585,0.0,0.0,257.1233334365247,59.01880081113415,102.41539208132758,90.2543578730741,102.02583334793354,115.48267205436201,86.45270471865612,111.97082855610935,114.25270099880824,111.54141200357768,107.65256928241936,127.28262067055165,89.19865874733892
1533,2627.863244731674,1958.5254805866152,0.23987297237002905,0.44261365727080665,0.520616011429486,49,0.0,0.008399797757663424,1.055732994220885,-0.05888523631147807,2627.863244731674,1958.5254805866152,916.4427747420699,0.0,0.0,256.1788198425423,59.01578906842066,79.23924365952561,88.503074650934,82.68861120864528,90.06241692141882,88.67795587421566,68.55373724316966,99.23225444112903,90.32013973997095,86.54003287233199,75.0010895719266,67.62421855880223
1534,320.5586089244823,1960.262695437245,0.623922293945041,0.2904059546464944,-0.23823448954089954,49,0.0,0.023526351260935118,2.6662061638719994,-1.0647343202810766,320.5586089244823,1960.262695437245,1225.5458017972862,0.0,455.16065733498147,258.0462784196429,59.01504258474954,117.36818751339132,96.68136717825428,125.13269468128348,106.09426804889523,114.87675240209292,121.68361081606938,115.16162766018948,97.60260380605892,130.27772341778595,115.8969118036817,84.77005446958353
1535,2046.5899504036054,1960.266247956567,0.595613111950796,0.2519205168123103,-0.13876222302710794,49,0.0,0.06478830516497387,8.99346085558436,-2.3848171217825778,2046.5899504036054,1960.266247956567,1767.0234962959748,0.0,0.0,256.64926031877405,59.018675296362126,123.14143670094273,166.6617842877289,163.81347071012277,162.0413770950388,166.95105748303314,166.38973538712256,155.03464200036413,158.5543702454271,201.851033988346,187.38254567711726,115.20204272073148
1536,2144.3770369560093,1960.0617460765538,0.5643601223504545,-0.013359362162707963,-0.027224880855333065,49,0.0,0.029394300577115746,4.097863710940656,-1.5313937757371923,2144.3770369560093,1960.0617460765538,1203.9614028676544,0.0,0.0,256.5701115471999,59.01834582417224,99.46383918617835,108.09907421544997,118.02655373264565,98.11440724674124,113.49692344422658,126.67181387409656,115.0097134855678,108.17470384395597,112.88164501129219,107.32749640920164,96.69523241829853
1537,1756.8325399031178,1961.7424697601914,0.3846296069921867,0.3732834521688171,-0.1589503472215112,49,0.0,0.02294449593805933,3.8582290043346528,-1.4659700038160866,1756.8325399031178,1961.7424697601914,1244.4715976767004,0.0,0.0,256.8837975798737,59.019730842393145,125.58099714619985,132.26011519382547,110.9594595924575,106.08976539221533,110.61888129303703,103.71546797361114,106.77702964181886,124.63974413253493,99.96259670516805,119.86301178487675,104.00452882095534
1538,2353.4648349359204,1961.713665715042,0.587977446301743,0.2733513807861176,-0.09486924707841157,49,0.0,2.069630187955871,301.94282153347893,-6.19981177259509,2353.4648349359204,1961.713665715042,33737.197652713294,0.0,0.0,256.40086802727103,59.01834991182511,2825.425023295694,3097.859423130275,3122.205811152321,3194.4391656410908,3092.6605511252137,3087.8198462032888,3154.8200355557337,3267.7167733724855,3279.7903992341244,3197.7582641286235,2416.7023598744436
1539,489.8189132685926,1963.4433101429943,0.4816722670840631,0.2814990664374274,-0.18287769382484229,49,0.0,0.02857763125001098,4.18725683213319,-1.5548239996471014,489.8189132685926,1963.4433101429943,1278.8387846898827,0.0,0.0,257.9093443930132,59.01738848714081,103.01631159741436,119.91610955397645,104.93319032041128,111.22637283796237,102.2751639557867,109.8612947088198,107.25414246845529,140.73143786816985,136.85141284493602,159.06402661304776,83.709321920903
1540,2029.414533987627,1962.9721612209803,0.8591631099510699,0.2213972403623125,-0.9275907736763176,49,0.0,0.012714409645761923,1.0425610873962186,-0.04525377815965516,2029.414533987627,1962.9721612209803,878.0719803854261,0.0,0.0,256.6631510651873,59.019840653020644,76.03756550858809,86.09995362741978,81.20942857662507,88.72184649704778,77.57268011559623,75.50474335098107,85.61252312199116,89.36386855391028,87.56852095670664,71.59966560356409,58.78118447299595
1541,2132.9073701210373,1963.5757642530314,0.46002294280127576,0.3072031356933346,-0.045099993444866426,49,0.0,0.012836618820665892,1.6660851729121924,-0.5542429986497007,2132.9073701210373,1963.5757642530314,1038.273007359124,0.0,0.0,256.57937679455864,59.019841095306596,80.83451705411161,103.19535170398379,86.76446287320277,91.74549703112096,101.35838331050797,92.3755769393337,90.51117864305607,103.31953994489129,95.86992649679928,118.47667454490352,73.82189881721303
1542,587.5592424098835,1967.6679413432016,0.4806916204512528,0.30825843641550715,0.2266258407840667,49,0.0,0.03849721480007093,4.877860841641068,-1.7205735158926916,587.5592424098835,1967.6679413432016,2483.3460815063177,0.0,0.0,257.8302851569371,59.01967225029926,201.48155553417462,232.30623720767312,232.00821640540198,252.3158721090544,256.7795262887814,220.52955668651333,231.50745930044326,240.85338833547047,208.7342178320731,234.7694924702322,172.06055933649958
1543,1889.2281815410693,1967.4344463491693,0.5014041069672474,0.6184939170027717,0.1551304676581679,49,0.0,0.013834493079803743,1.6110918217376315,-0.5178007327016247,1889.2281815410693,1967.4344463491693,1084.0968624826505,0.0,0.0,256.7766130353107,59.02195377447841,89.09028030363062,101.64034990036217,98.18123261243366,101.00177275461098,101.68971778050427,102.57126655367779,91.92665423477801,117.53276631142765,98.88696019355261,107.58055862965617,73.99530320801671
1544,2277.3598938941836,1967.3970453307052,0.45471237564629846,0.47642552500462787,0.08376083973540571,49,0.0,0.013506145904633358,1.8843143778873197,-0.6878834048358229,2277.3598938941836,1967.3970453307052,883.41803333902,0.0,0.0,256.4624282933521,59.020992429787576,73.19978231857317,77.8133413455146,79.05176382833784,68.41530963268201,83.34242411141938,86.52736498200586,94.23520266329405,87.05542205816235,92.05265302020604,78.28621785335064,63.43855152547407
1545,610.6905171601165,1971.5495926570632,0.6554188408686995,0.2514819219976048,-0.13073569121248646,49,0.0,0.03371823109039099,3.618410696046161,-1.396294646292865,610.6905171601165,1971.5495926570632,2116.843883971047,0.0,0.0,257.8116012318508,59.021406329051516,183.50835239910327,222.22222975758353,195.02594712010273,187.94155342999835,201.71676308970478,188.09973517412143,198.70003959036814,183.60002113036143,214.19350185027892,209.25178390319473,132.5839565262298
1546,1007.9983931124482,1970.823753344004,0.7032241280806663,-0.09844845855567255,0.2027773402495568,49,0.0,0.015659238170014602,1.7965172085008179,-0.6360784539646029,1007.9983931124482,1970.823753344004,867.7707880721673,0.0,0.0,257.4899933613702,59.022690382861285,80.536320507012,86.74669218537579,82.32459499377127,70.52439515174112,76.54695230524605,82.43628473214869,80.3031818311149,88.7750151880513,88.60662669104525,82.23734251807815,48.733381968582776
1547,2819.8524189762556,1971.5119605754383,0.3426370047959328,0.7939664733368815,-0.1077072550370932,49,0.0,0.04770694475065127,8.18952545383575,-2.2831468426942387,2819.8524189762556,1971.5119605754383,2007.3809101966426,0.0,0.0,256.02330175126406,59.02011107052618,156.43107053195888,201.36861885701808,193.48355843052536,193.3480156768917,166.9376058564713,198.55209399878882,191.25033262150873,201.52311060975066,175.15145670734756,184.7526302535352,144.58241665284626
1548,638.2244922950003,1971.5438637695142,0.5883793741540481,0.12149266910291083,-0.057337426738967405,49,0.0,0.05521695252119129,7.509625187823754,-2.1890456537880354,638.2244922950003,1971.5438637695142,1637.0500093031008,0.0,0.0,257.78931500300774,59.02153957436084,143.04910120187313,170.9849414479226,132.28295985604598,145.23280467857904,158.84071581262052,142.9602396952084,159.98815880318097,151.26266411840135,144.30470839801598,156.73924153344183,131.40447375781073
1549,1376.31235793083,1971.8930258182877,0.3324829221768575,-0.6424342994891084,-0.7768424712911066,49,0.0,0.007967275227175878,1.076401287817651,-0.07993552171611165,1376.31235793083,1971.8930258182877,929.2727347978728,0.0,0.0,257.1918365520997,59.023895034865674,79.97401205039,97.4098425193424,88.32576139975407,82.46545013035288,90.19915896722684,80.26143053390123,83.26041274197067,87.58614756905382,95.27089287247719,88.90360737831446,55.61601863508932
1550,2245.6713469770198,1972.852235017217,0.2216479791901287,-0.22517203642402242,-0.29119756073621433,49,0.0,0.007781684202138293,1.4138813549828,-0.37603241856355496,2245.6713469770198,1972.852235017217,881.8611109274161,0.0,0.0,256.4880441004485,59.02337103152507,76.94019419130834,86.41120815648875,60.62638549641767,68.74109307503142,85.2043395569311,92.31039314118797,82.1293615286219,79.4559113771459,99.40448643442913,89.97412239279224,60.66361557706168
1551,810.9539650751168,1973.9556262608132,0.28052376830658254,-0.011335955804009423,-0.6331138315568176,49,0.0,0.009789576636806309,1.178532299635028,-0.17835372396255395,810.9539650751168,1973.9556262608132,1064.6369665845987,0.0,0.0,257.6495202124954,59.02330800045016,83.05208881228684,74.88413099008855,91.96205971757293,99.28969992300537,97.21002353127808,114.02787570474695,108.78808515333614,81.28826084147764,105.91068562220102,120.71606667138022,87.50798961722498
1552,820.9513141155556,1973.1783524045395,0.4782767168125897,0.17465548482531898,-0.0395622293301317,49,0.0,0.01559771832827894,2.0239917898079467,-0.7655218662095026,820.9513141155556,1973.1783524045395,1065.0552083146906,0.0,0.0,257.6414215819801,59.02302374676938,87.1748394001792,75.94960752227153,109.71777466469533,91.72366578463291,101.44957346368129,105.58336591192679,103.59494498654522,95.77144169189151,99.17992573349733,116.43471096926406,78.47535818610537
1553,888.7510675878199,1975.1938391172073,0.22948408717299307,0.2706019763240443,-0.37627040547147456,49,0.0,0.006992090107753283,1.0309377109946447,-0.03308106527347783,888.7510675878199,1975.1938391172073,802.7817388396245,0.0,0.0,257.58655265226605,59.0241186517305,59.88876617455631,83.66430810294636,82.09724759182687,87.18345049899523,80.8106503440995,71.77007764196809,74.48622818362088,71.69655428232359,57.47414100312516,74.65284960295969,59.05746541320278
1554,703.0363462457661,1976.2301913075896,0.6400482176290735,0.3876916305677118,-0.08519303221368653,49,0.0,0.185451943213064,25.367196186026824,-3.510681169214264,703.0363462457661,1976.2301913075896,3391.4542510161746,0.0,0.0,257.73689613712514,59.02379620333035,298.36706928076796,299.7797510269717,319.44429440295426,298.24279436412235,315.26485924165405,326.5827026956349,325.27543834143734,305.5843200256331,324.23653234578273,349.50000583051883,229.17648346069666
1555,1706.3935428131986,1976.2711210280088,0.4967434186808496,0.45449349326067867,-0.13314165191117416,49,0.0,0.06644514040154481,10.173124950963093,-2.518635946833805,1706.3935428131986,1976.2711210280088,1946.6573327024748,0.0,0.0,256.92461094295896,59.025817772456556,192.19858983418698,172.37262504852583,177.8689694091372,200.80128028879733,191.68259079889998,169.6355973535683,178.99043071067342,185.02675182325504,144.4895773328142,204.34638594491304,129.24453415770324
1556,448.5937001220829,1977.6751695971782,0.5137854498622271,-0.044268324878064,-0.1979148229437098,49,0.0,0.010861154653185665,1.2469312874056027,-0.2396063054630322,448.5937001220829,1977.6751695971782,982.8550193960066,0.0,0.0,257.9428673658986,59.02308226884401,89.2594725344737,96.77819055937259,89.11067551922015,93.14918867780588,87.38272153649685,82.83256707046115,91.74525173355715,74.83527294061847,105.33052228907766,88.95439392926542,83.47676260565767
1557,1926.469919911113,1977.1442930509374,0.25620804440093603,0.17842775763950217,-0.38016794349663147,49,0.0,0.007896283309332208,1.0505622161791162,-0.05355444300478276,1926.469919911113,1977.1442930509374,1050.5382836558315,0.0,0.0,256.74643468046446,59.025941699976165,79.28675794010036,106.2313543574682,92.22792461885214,105.0956905789997,107.13973247328501,102.79924763309828,101.68351236675798,93.66111910860009,85.93599438290161,98.13050379503727,78.34644640073097
1558,430.4640461494099,1978.227492039392,0.528533094011454,0.524568544024131,-0.046473524806051277,49,0.0,0.07214350163449497,8.692758379672446,-2.347894020806497,430.4640461494099,1978.227492039392,2666.4079081375503,0.0,0.0,257.9575478793608,59.02320613858501,215.25730281921926,259.2039252327254,241.8231553654407,232.26071162281204,238.09377366835884,259.6974870106163,252.4086105668608,266.33214936828335,200.378294215087,292.2152919674604,208.73720630068593
1559,1723.26185965551,1977.9183884452789,0.3561096502671963,-0.2708610472125782,-0.10979575038063819,49,0.0,0.008912298868310336,1.1739854616014713,-0.17415679682466237,1723.26185965551,1977.9183884452789,919.3654282483612,0.0,0.0,256.91095229847673,59.02649439251935,77.09659992408677,87.05207667615522,68.72020876464279,78.31513428432625,101.39255736215154,81.70159679584351,85.70813744484377,81.97996207277713,94.71948702266855,96.69036245829581,65.98930544257
1560,2693.7317033807253,1979.3431766518938,0.20064179172935112,0.18129368265057932,-0.22833347504969104,49,0.0,0.007511039357376608,1.2149096465060762,-0.21135995104375632,2693.7317033807253,1979.3431766518938,945.8667592178584,0.0,0.0,256.1252929434832,59.02410962232491,82.09396405449712,104.10430519096381,72.20241536487853,94.03655771286031,85.44149983161404,74.012619053932,92.32469070868252,84.9789588521715,102.11231119459691,77.02022748751605,77.5392097661456
1561,537.7776849563207,1980.2481487289226,0.396759385077591,0.03792826998225003,-0.3250450141647265,49,0.0,0.008944799560241481,1.200022264577579,-0.19797325948048633,537.7776849563207,1980.2481487289226,895.8420780184688,0.0,0.0,257.8707066558684,59.02465264933347,89.20522154703802,94.05093874610048,82.39873565403344,62.975550716362385,84.37755430039164,84.45313024787926,90.63111625093427,76.4672635861604,73.92630075317446,92.33059009439438,65.02567612199998
1562,643.6169939204548,1981.0482798674875,0.4302867292377047,0.3099718375591056,-0.38125902487364116,49,0.0,0.014793035334137708,2.125569300681549,-0.8186881724732782,643.6169939204548,1981.0482798674875,1097.8612656430244,0.0,0.0,257.78503929321346,59.02552547256986,99.40183289322465,84.89705692603222,96.71097429615438,110.58264270431474,106.98632147637635,80.81417252319181,103.41095105952364,124.58390578269956,108.50091912053983,105.55174896454149,76.42073989642553
1563,2644.7369903743684,1981.503157762874,0.649305493488551,0.37696623599619844,0.10387885798289694,49,0.0,0.035453768162972354,4.501953863716245,-1.6335026000308004,2644.7369903743684,1981.503157762874,1198.8870946050697,0.0,0.0,256.16492972684296,59.02527380360919,116.09205466506377,127.47475931289694,92.19541990437648,99.76370919948894,114.26755894076538,119.47968183524615,80.79121977232097,125.49712261269332,127.35150519259454,115.91347540289156,80.06058776673144
1564,955.8022497270895,1982.127887931402,0.6552215670719976,0.5184812072311967,0.02097394402210366,49,0.0,0.01075609441191187,1.0123304650831966,-0.013305766769214062,955.8022497270895,1982.127887931402,845.9020697390632,0.0,0.0,257.5323170471193,59.02723723956182,80.12158046460124,70.7116127526931,84.48132541947172,80.12941461796512,74.64504217467774,81.79210130277008,72.39337593158115,89.42816030521789,77.62973355079774,71.14396570489333,63.42575751439411
1565,1259.9723247601985,1980.429690817023,0.40280897796084714,0.5604904720293634,0.39341058861796724,49,0.0,0.00790118350512743,1.0175401473526302,-0.018878883636851616,1259.9723247601985,1980.429690817023,866.1417948799957,0.0,0.0,257.28604816360735,59.02728609983289,75.35445934404362,81.0531562433647,78.80910305976222,79.87201181958741,72.1969206864988,76.90904238409112,78.28014926876799,83.23053747580464,96.08287457849381,89.1796564152813,55.173883604300094
1566,1843.7680787411514,1983.5295449708194,0.6837399843187935,0.28955539632900185,0.12340951215763055,49,0.0,0.01773091484860921,1.9544184196555126,-0.7275438676153684,1843.7680787411514,1983.5295449708194,995.0302372846506,0.0,0.0,256.81337503747477,59.02872100892081,88.43194699508072,86.9468513018548,92.73434631055184,85.65303854608237,109.2016483617203,82.88570365785637,92.46209361821946,89.85589036839703,104.97768087993269,85.09496215101363,76.7860750939414
1567,613.870669190835,1985.579770235237,0.8267962417906976,0.03285993856335576,0.19083042360717778,49,0.0,0.02280181279933359,1.5619593280016286,-0.48417430263932576,613.870669190835,1985.579770235237,2732.7461254119025,0.0,0.0,257.80916274363904,59.02726748628585,234.2872757573545,272.59439473638946,266.3451571759396,265.9270956634778,256.52862824102357,241.47925433217046,276.8580306783508,256.2769556876134,233.4820125535865,247.46431054952765,181.5030100364686
1568,1586.6543069968209,1989.062664166201,0.7140763166636678,0.2598030971766484,-0.11498025461126869,49,0.0,0.10405152405472909,13.211906682035488,-2.8024137438343604,1586.6543069968209,1989.062664166201,2122.4909674150367,0.0,0.0,257.02155428370753,59.03117535982585,171.45597283689048,190.99731542329673,206.63989665832744,226.61007218718976,196.25402215834703,171.0123526599598,181.0873703625099,198.93207892794078,225.20832099424644,203.8188665714897,150.47469863483886
1569,2568.573848158048,1988.7228746999447,0.713698142427803,0.39876879968236206,-0.3230374518646944,49,0.0,0.03922678850254036,4.615494525910556,-1.6605456005489072,2568.573848158048,1988.7228746999447,1296.5584399831928,0.0,0.0,256.2265148950545,59.02866852836113,127.21362811776113,133.08136417239697,139.90874442610027,113.7328136226262,115.61145704590788,107.58566544116792,120.99273239201116,104.81914136000776,120.62503597475731,138.59506703503456,74.39279039542157
1570,2284.544539358522,1990.1851467551567,0.5603420624335264,0.43934202948893886,0.23307885990382432,49,0.0,0.012511236863908278,1.4865236489631468,-0.43042955686365925,2284.544539358522,1990.1851467551567,854.7948590568556,0.0,0.0,256.4564600776293,59.03046228421054,91.23202600158962,73.81168936321488,70.9512312869334,85.07676741043552,78.90509210969185,70.08594757926889,63.835126456731146,83.99412755927327,101.11478028936877,89.38606154623679,46.40200945411148
1571,2682.5045953400245,1991.0803073471614,0.8425658665036492,0.4065338602421587,0.035511573459939605,49,0.0,0.015066666149030884,1.3307057188326799,-0.3102050582624853,2682.5045953400245,1991.0803073471614,988.4953082773897,0.0,0.0,256.1342563158429,59.029061117446574,87.70040174127728,100.54557714162209,93.79241729783661,85.006268855589,95.13362898539025,84.30367127388865,90.53149920917672,84.46877038376485,90.7418139171577,98.45580177738636,77.81545769430008
1572,594.9395715183146,1992.894590083748,0.5219242281642896,0.30777730492655614,-0.1078059168654407,49,0.0,8.058363801329632,1148.1849354969252,-7.650029611263949,594.9395715183146,1992.894590083748,189410.5623094613,0.0,0.0,257.82456021019874,59.03021980491947,16729.595645812904,17514.220681686107,17657.07264256078,17526.305128606462,17999.78665723057,17549.614447898613,17939.987576816275,17809.46614534659,17717.89940048004,17925.620666667208,13040.99331635574
1573,1170.6169584063973,1992.482921532732,0.8036489535381289,0.41881513086195993,0.19145318115343782,49,0.0,0.013815374806068237,1.3512287527307005,-0.32682219498091747,1170.6169584063973,1992.482921532732,833.5699761334073,0.0,0.0,257.35844309013135,59.03213438543012,65.16913865690691,81.29035977142922,63.64889511387666,80.74106185841904,88.82033574534155,82.66463849468724,77.79927750439205,70.66709802448656,72.77765766741584,83.22495875690868,66.7665545395435
1574,532.5809311999849,1993.9803773802807,0.5664744363101881,0.5505913278417437,-0.11306207165698545,49,0.0,0.10496842165522713,14.970776496636867,-2.9381108167325247,532.5809311999849,1993.9803773802807,2571.6025139482626,0.0,0.0,257.87505684211413,59.03034577222843,233.26263780357144,249.80799520823297,228.9729411358141,225.68176574204523,237.94892869791005,242.67649910506452,231.63009096884338,248.45624273507207,239.80583078743368,240.72757329222065,192.63200847205434
1575,571.437488588418,1994.3962969066015,0.5605333392777339,0.21104648970451842,0.11229340319635313,49,0.0,0.018852940225919036,2.187718429736324,-0.8499785634853483,571.437488588418,1994.3962969066015,1759.3746067351708,0.0,0.0,257.84360267966525,59.03072473808101,169.42005131890386,173.67820803718251,153.23914737071266,147.53878344645605,177.68868007039447,160.33463577678646,160.84869769524715,172.49698769677306,155.15852378815345,162.0437089478658,126.9271825866954
1576,670.3939264560881,1993.6449914009665,0.5447912564410368,0.36462152688082794,-0.06960091281312349,49,0.0,0.03552548140661729,5.003738263829425,-1.7482364612127832,670.3939264560881,1993.6449914009665,1303.1173824102336,0.0,0.0,257.7634778564866,59.0309011341036,122.90911928872046,110.70559815234125,99.10819378374319,116.17179183008656,137.3149146893736,122.99816226608053,115.21384953633677,131.297146080073,131.40877289777092,117.89711657886073,98.09271730684657
1577,1893.4617674976257,1993.3560520835374,0.37697021551829757,0.4670159589624565,-0.041566346341481084,49,0.0,0.017619882397464013,2.679283673614468,-1.070046744232639,1893.4617674976257,1993.3560520835374,1224.1022119078825,0.0,0.0,256.7731115496826,59.0327480540025,103.5414149295801,106.07561845874945,127.25084062884618,117.1223819326201,116.61460935383028,121.07524434110437,118.58754811892484,98.230588090828,119.42375491790835,114.78587848483457,81.39433265065622
1578,1719.1240772583708,1994.9153530157282,0.5786854130172695,0.0816686698146531,0.10344161644333488,49,0.0,0.020712766899452072,2.5412093201974324,-1.0126010987363034,1719.1240772583708,1994.9153530157282,1083.4056414355587,0.0,0.0,256.9142825822989,59.03357891642913,83.17608762764267,103.97224581767266,97.99628305791411,87.10425814981531,99.02813893816102,98.50369035989479,102.1916714231375,99.59700564559138,122.78840375477927,116.47892115734442,72.56893550360567
1579,293.1607996722597,1995.8216479626253,0.4823157573113283,0.9951178844008738,-0.08041622356617033,49,0.0,0.010587701672236922,1.1399182882051344,-0.14218430322390574,293.1607996722597,1995.8216479626253,1004.7033648012446,0.0,930.4907084690378,258.0689032609488,59.029677357793624,91.44931893777446,98.05755899151194,93.8616843288596,83.20761323577015,85.60388299130264,91.5113803756633,92.31340604327448,96.7498754703592,99.09624801994147,107.74100419494785,65.11139221183937
1580,1073.7517800579506,1996.4118440261448,0.36773616786073776,-0.12811364751331436,0.12940343032327603,49,0.0,0.011769366997642947,1.4259781908683349,-0.38528220849865114,1073.7517800579506,1996.4118440261448,998.6943379800894,0.0,0.0,257.4368978316252,59.03353743780458,83.13504594016469,94.89592489313392,92.59720064989718,103.00848162619829,89.77098483920979,93.54488216063764,91.3187641518268,84.10963664311589,92.0225305427286,109.86057313371074,64.43031339946586
1581,1774.631991732058,1998.4860690752364,0.7036059632697987,-0.6557436264266268,-0.04317546440826009,49,0.0,0.026625067660456397,3.005452456935751,-1.1947746557043875,1774.631991732058,1998.4860690752364,1182.44072126301,0.0,0.0,256.86932697724677,59.035025669573734,102.17180105224062,99.73551654978456,102.38108241828424,107.84659749801342,136.4744445598931,117.56594560765811,119.48897939188765,97.55805051186488,125.50182056199345,94.5869625576629,79.12952055372689
1582,774.923739649512,1999.2912075583415,0.3699949828714913,0.4335509054092765,-0.023912611952702976,49,0.0,0.016630810731248717,2.639073084039023,-1.053628543336568,774.923739649512,1999.2912075583415,959.6963066882288,0.0,0.0,257.6788907521301,59.033716832488004,87.70469303143643,95.91186104101467,101.73706219955358,74.46791398845077,99.06602522310274,73.20833434937143,93.80367533776821,104.2923276137764,76.95271327644488,88.76570226746453,63.785998359845024
1583,1337.1626657173158,2000.5700248182588,0.4527254709640843,0.08675399295551556,0.4518127792191662,49,0.0,0.009840757694571229,1.3125466250162972,-0.29528684900954677,1337.1626657173158,2000.5700248182588,989.3993800091209,0.0,0.0,257.22360431156386,59.035795437281635,83.90551239592016,80.45902596556147,86.64863547397161,83.20508042981588,103.43217665451722,114.55166987635796,74.23633191070644,81.32194492819538,99.64347578843297,105.50080523981225,76.4947213458295
1584,2189.45832333723,2002.5774937691226,0.5634811738586172,0.12703591076559373,-0.1958955125917573,49,0.0,0.06938863851746896,10.136652418313808,-2.5147363874220656,2189.45832333723,2002.5774937691226,1893.0419499361833,0.0,0.0,256.5333777168106,59.03593111113583,161.87426664607406,190.20932596252268,186.81237824249365,155.73922676831558,185.84278342537954,169.13292530797366,151.71221769466246,183.21783111578665,199.60892267857167,160.20049980358033,148.69157229082293
1585,1089.4871812183521,2004.3015201113599,0.4257807103183075,-0.19685255952503117,-0.4531987210763843,49,0.0,0.010810071046310703,1.5536942156326075,-0.4784138721808028,1089.4871812183521,2004.3015201113599,922.3003403463747,0.0,0.0,257.42419543049687,59.03686591757619,68.66914320411479,87.87826331354651,94.20343753795532,93.89680766503606,81.5702286372593,81.122425345133,86.6935456396792,85.14738597170799,84.95185475446598,89.56815321889407,68.5990950585824
1586,1641.4188237868216,2006.667135406075,0.4684651381519198,0.1091824712184384,-0.3593554600521485,49,0.0,0.01582785235293916,1.857680596976384,-0.672427612552216,1641.4188237868216,2006.667135406075,1150.9853518962411,0.0,0.0,256.97720265703924,59.038506750682025,75.2505076885615,112.80994713599034,99.18669538461216,117.35420593176333,113.25940727127175,89.52520630728904,110.88577965951704,119.92956744821048,108.14484952373463,122.04338185254451,82.59580369274634
1587,747.9739371315725,2008.0043229857574,0.6414007462013432,-0.1641610996729585,-0.06511405063198479,49,0.0,0.009845253914780685,1.062760352040774,-0.06608835999131023,747.9739371315725,2008.0043229857574,790.6484287148251,0.0,0.0,257.70078527434237,59.037232824893515,79.54505608834617,74.91537363247389,65.81293174236473,84.45935002295042,63.45099505786367,78.2305186063005,68.64753238209906,70.97459922808994,74.52554600169046,76.45162040177138,53.63490555087479
1588,1757.900928333008,2009.3900788468054,0.8991323748839488,0.8074293185784729,0.156242383468056,49,0.0,0.015835269138763156,1.4472064239883138,-0.4013262041023142,1757.900928333008,2009.3900788468054,932.780060531978,0.0,0.0,256.8828593040013,59.0395829621582,101.97557346244409,91.82677190602507,76.11386696023371,82.06718334694693,96.59012116480284,75.03782096966667,80.28774800362123,86.17955544416449,66.74059863439919,105.21765158668225,70.74316905299159
1589,1334.3470824392216,2012.1959361809681,0.586173119681856,0.30448690079380714,-0.0247117708176354,49,0.0,0.26390486850093653,39.22113270240069,-3.983800329735507,1334.3470824392216,2012.1959361809681,4580.397365389323,0.0,0.0,257.2259147868029,59.04063572629401,349.07945223987065,387.34624707710196,419.16852765150986,430.2554372638662,484.0612683436492,419.9303170482797,442.5863249531043,446.14907778374686,436.3002148467147,446.5609764602655,318.95952172121287
1590,2097.229650590401,2012.4648416636744,0.44857195038294173,-0.03206349578751998,-0.48995505274390533,49,0.0,0.009726716056358713,1.0569419957312138,-0.0601278854277927,2097.229650590401,2012.4648416636744,928.1661846677722,0.0,0.0,256.60801788487123,59.04030353337863,82.98317996213386,74.5926065788941,94.20415607580384,71.6143880808953,75.93349496634208,81.98526382194919,96.94768314363984,85.56517213485584,96.66133894007464,95.59720167798551,72.08169928519797
1591,2657.746679221426,2012.484341500866,0.4042265948568982,0.5460942749108968,0.227211797557796,49,0.0,0.018973252894857195,2.773276988738881,-1.1074831202782844,2657.746679221426,2012.484341500866,1181.714883710738,0.0,0.0,256.1540778121794,59.03811208553193,110.78338347982617,100.70942330263425,109.82128126868903,132.07398832545118,109.83587593922287,97.05293491993703,103.57131004759077,108.81572756728899,105.09711253024113,124.3466200690109,79.60722626084555
1592,1888.3892696703879,2012.7150329890221,0.44681695080220263,0.05884062687241675,0.01964576398479424,49,0.0,0.011735702887805831,1.5401265780110982,-0.46889103889748507,1888.3892696703879,2012.7150329890221,968.6303666414044,0.0,0.0,256.7771644463054,59.040821598963376,80.12616630150208,84.34460436147822,94.19374896697681,72.7282444286736,78.34033200650642,108.37055410195396,93.53915012021808,76.78927553867186,106.38408712608629,108.43993381091462,65.37426987842244
1593,1592.003653037026,2015.8311161634022,0.3321691853165956,0.3331881321681914,0.06101436638942666,49,0.0,0.00978496099989246,1.5888866110555693,-0.5027322635502943,1592.003653037026,2015.8311161634022,1097.829946657605,0.0,0.0,257.017224976587,59.04232908780096,102.14882984261854,99.0944685838308,104.67425005785694,87.49127963569825,91.03644823709249,108.48781356527371,115.85721759683949,101.54666231648929,101.17374449199883,96.8000737976431,89.51915853226333
1594,2212.069535710657,2014.3976670621473,0.6733517196487486,0.3081352725587368,0.012266953971371505,49,0.0,0.06640423738277286,8.408463045950064,-2.311791549642441,2212.069535710657,2014.3976670621473,1968.0712038173087,0.0,0.0,256.5149961841564,59.040787415223384,171.71853374686083,186.4176261501991,180.70802647809387,175.46989180720894,176.4194467002605,196.33548854560644,196.73888097658025,166.21613021430883,181.42530935613775,191.4604394270479,145.16143041500436
1595,2510.368306945791,2014.5636317701126,0.49345696371214504,0.2952504309564792,-0.06474087624637045,49,0.0,0.01963438740047083,2.7115763622396414,-1.0830545983921982,2510.368306945791,2014.5636317701126,1104.6506768617892,0.0,0.0,256.27340693885697,59.03971044160394,95.68737841089396,109.40427212570313,92.07433863164138,93.3370122219624,103.22455704470565,117.50760008297141,102.56407375966333,89.96724396585697,93.94618571853076,111.92596729318359,95.01204760667653
1596,1018.8217902637606,2016.4937026704054,0.6443139118949646,0.43804680702845844,-0.03774223643532158,49,0.0,0.04509821771438375,5.922969484238671,-1.9313487377897232,1018.8217902637606,2016.4937026704054,1337.3731903479108,0.0,0.0,257.48149208034835,59.04175080346186,130.62903605798581,112.1166740150242,145.7702767789442,120.07407880426703,134.25470560946303,118.25101766467569,117.79072502144913,129.80818537349046,119.92802912886549,121.96578956419218,86.78467232955373
1597,761.3363059147033,2020.5788742122995,0.6748050045203456,0.8593744602095846,-0.16216787097326155,49,0.0,0.013620643521530067,1.2927973052816286,-0.27882609546029136,761.3363059147033,2020.5788742122995,952.4982476790146,0.0,0.0,257.6900678182278,59.04252888496313,92.78521854060779,96.99100983796335,84.8471668919936,85.31736461014619,87.02201854310452,90.55200117569723,87.53153822148381,82.22302095942158,93.27149962675918,94.04635450575496,57.911054766082394
1598,1593.6400375435235,2026.1627788443786,0.744469584645956,0.305164654326107,-0.07381881077278106,49,0.0,0.11233961572241635,13.946162212005504,-2.861136780769909,1593.6400375435235,2026.1627788443786,2158.0800150849122,0.0,0.0,257.0159002095475,59.04663397044156,194.44239849708214,206.72443122277087,198.02640472330233,172.07137454873492,196.20432030064683,197.43079631937644,206.52877655097177,214.33832994267863,184.52900879548247,217.03595147146356,170.74822271240194
1599,1847.8966091391464,2026.0644349766785,0.5428432328604524,0.3011628315104912,-0.07262952918048615,49,0.0,0.5298753059012848,83.22270368602052,-4.800604551919359,1847.8966091391464,2026.0644349766785,9165.256663621385,0.0,0.0,256.8099291825401,59.04643850481108,753.1760168985422,813.3716796074718,825.9339096360052,916.7124064172187,859.1031576585127,872.6242817018102,856.4958738895277,924.2451092065654,879.8443381547116,848.3692256094109,615.3806648416087
1600,2679.3123304739856,2027.3852773925282,0.5700197599403558,0.739983131331195,-0.11649581900188288,49,0.0,0.24869732843010436,34.796073738674586,-3.853825606286987,2679.3123304739856,2027.3852773925282,5490.2072356126755,0.0,0.0,256.1364569021815,59.044203712029216,465.5125396244748,495.7249149161662,485.7297524021441,505.7910372987965,507.0988750077271,502.4352780312147,518.8243214660902,496.9107716119179,575.6972488888266,528.2425451359794,408.23995122933866
1601,1736.100235045211,2027.6339928204604,0.502076073282791,0.42967471953310066,0.09203891742756423,49,0.0,0.012791689492428265,1.4136374393346034,-0.3758450966958148,1736.100235045211,2027.6339928204604,1065.7382859260047,0.0,0.0,256.90049203535,59.04720063998647,113.87655840785743,109.73755517324955,103.81864664389599,98.52386916965543,89.57258953618802,96.67952766378725,81.22420298457459,107.74581643395436,104.69679286544336,91.77676481044838,68.08596223695017
1602,2457.7548192337104,2029.0075894817273,0.57614169080043,0.3847475098584351,-0.12780522551057963,49,0.0,0.020854398283481505,2.492179090961508,-0.9914481200698133,2457.7548192337104,2029.0075894817273,1187.8969533661116,0.0,0.0,256.31589488356275,59.04596304877443,119.15144576598021,98.50864786708907,140.2296109153316,93.13239564154686,107.49844232044708,96.6767326471568,105.93104117446995,118.51484984219583,108.63014061283855,102.19892941187446,97.4247171671812
1603,1402.1940598214821,2029.2406072303522,0.5525778659734523,-0.034987661266393716,0.23056163431248403,49,0.0,0.023600224413873463,3.11137418011245,-1.2323806084420676,1402.1940598214821,2029.2406072303522,1208.799206496211,0.0,0.0,257.1709952816806,59.04781716177846,101.6497180262414,123.09999013618764,105.94206807630246,137.06757442692015,100.06315100325446,96.5754929600262,107.39148212851947,111.2720308807375,114.63834773146382,132.13098385114154,78.96836727541631
1604,2492.7993649518526,2030.0506038886394,0.3108927162138459,0.39283895552862047,-0.4350812131977621,49,0.0,0.007563457348111024,1.1455129372660624,-0.1474999960386258,2492.7993649518526,2030.0506038886394,878.4847628374889,0.0,0.0,256.28749969951605,59.046242730086995,93.12418851744786,82.58930514987466,65.84088027249389,89.58624298575208,72.29582333855,75.2128861091461,83.9190040362852,89.38845637914781,88.88867377632529,79.45232100876342,58.18698126370268
1605,638.2901853997561,2031.0664322874095,0.4486701372137683,0.4969522376447897,-0.10385902971773726,49,0.0,0.01658396094635678,2.247820249867129,-0.8794039482790212,638.2901853997561,2031.0664322874095,1079.3453071779343,0.0,0.0,257.78982291484505,59.04633846500566,87.2664376817159,95.50740454799868,105.69033812156127,112.19671516836328,108.28638660256149,102.32353682365886,88.97199386860116,96.137910953757,103.00547748721542,103.84308363958648,76.11602228291468
1606,1835.1156395845726,2031.4427293294036,0.6209564333930353,0.33585171291954014,0.16652411929880728,49,0.0,0.018625138055425493,2.1179256787683376,-0.8147767899632236,1835.1156395845726,2031.4427293294036,1193.614802698779,0.0,0.0,256.8202704827363,59.04869498875688,90.49024385750761,87.67388020875529,122.32364515789692,103.97692753075262,123.68652131862596,99.50005476756806,128.22600906694126,112.94582056506384,115.61882759948898,121.72426521585291,87.44860741032555
1607,1048.7194602587886,2032.4483687605252,0.2896981069634019,-0.21470151116460184,-0.9969425155048556,49,0.0,0.012678409634041416,1.0215519732661575,-0.02315116757902526,1048.7194602587886,2032.4483687605252,2588.235438626495,0.0,0.0,257.4573628071623,59.048483901664014,225.3854681716123,264.22398998238,257.3817131865393,233.34064042246484,228.1572645084924,238.15103755000325,231.21487006888566,242.9889302457337,248.9920181915931,238.98996352121628,179.40954277757433
1608,2228.0187294608545,2032.576774761201,0.6745753911757236,0.6139751031641482,0.030074449035604047,49,0.0,0.026818069498902673,3.2755065687113336,-1.2881961867609322,2228.0187294608545,2032.576774761201,1055.4401905261484,0.0,0.0,256.50196681660503,59.0483117653901,98.42899989491156,96.78937742880251,83.67701869119054,81.5599249305199,110.41198819013401,96.86494894215359,101.86976183010619,101.35025953590153,107.21664979044124,99.07744548943106,78.19381580255633
1609,825.0186249277054,2034.0871623741461,0.2940321361261986,0.052812273070789666,-0.012052478547979858,49,0.0,0.015599511173071507,2.2910029238347964,-0.9000641086178716,825.0186249277054,2034.0871623741461,1202.0467684223836,0.0,0.0,257.63859196782244,59.04841664006909,102.85508465517654,111.83504440836666,101.57889119871342,107.13621835544797,120.26183118050878,100.99060136993265,132.77867884698404,110.52155485989188,119.41992771263335,120.04835233423157,74.62058350049661
1610,2641.874102075736,2033.9610879731495,0.5763784031530174,0.5546618959187654,-0.045553003024939226,49,0.0,0.03476963565940477,4.896689795135497,-1.7247564809317606,2641.874102075736,2033.9610879731495,1371.763720136679,0.0,0.0,256.16671194345827,59.04714379032774,115.48726991485493,115.39210911588194,119.16382585255042,119.31984955782531,141.30687922209782,134.66367169862878,133.60901338080248,125.45653782542675,132.1482832693191,134.0444340625154,101.17184623677605
1611,513.7975966377369,2034.9394049015502,0.8103438605257182,0.563455945262136,0.04366453995126027,49,0.0,0.013849319322012991,1.2290843151646766,-0.22395419125752525,513.7975966377369,2034.9394049015502,969.8534194614001,0.0,0.0,257.8906998528589,59.04730770980419,69.09911070585957,93.36612776723143,85.47348285435888,96.72522941764547,80.00801446142972,96.81386054886833,95.23477111790542,86.16492427269046,95.48170151611856,93.45692446011103,78.02927233918142
1612,882.9698209281654,2035.51908363212,0.5281734015050615,0.10622613776275174,-0.014714713527734421,49,0.0,0.01934660724334007,2.644247360375337,-1.0557551987257299,882.9698209281654,2035.51908363212,994.7385737040472,0.0,0.0,257.59165677472123,59.049231808647754,91.45497038711255,77.21681881005361,98.57005152620343,99.05208242346373,94.23932999947282,103.81260427801249,76.89797731742094,89.71055160100394,105.10601938085141,90.88492181953222,67.79324616092012
1613,1944.501058010475,2036.183101106522,0.9947770707134204,0.3852379790582819,0.05634200530458379,49,0.0,0.014675330677205868,1.1527940630109048,-0.15437932789390352,1944.501058010475,2036.183101106522,959.6797117246708,0.0,0.0,256.73163770406825,59.050510207416515,68.98642090305947,91.06695021700602,75.08731514940663,81.37884402791181,99.21284991030706,97.36621669320286,79.78847705461543,97.08538632720087,86.70198738526884,92.04692542886661,90.95833862782527
1614,2512.1568877080235,2037.3553771237935,0.5059291312375372,0.13533026661111722,0.07382730613060064,49,0.0,0.01873669252036488,2.340204458508461,-0.9231345060498969,2512.1568877080235,2037.3553771237935,1206.9992523697324,0.0,0.0,256.2717547790558,59.04919789735663,105.58278365354094,119.87437755741024,119.89350259028016,109.28347776124411,106.81376842629271,87.97078578867479,97.36492094511057,112.43463796123471,116.33951521810111,134.63277917550815,96.80870329233485
1615,1046.1912720523023,2038.7443332935945,0.659904020424038,0.4789457958522999,0.05512457656663369,49,0.0,0.023422872866987594,1.2823525501361792,-0.27001859948172946,1046.1912720523023,2038.7443332935945,4649.630637253663,0.0,0.0,257.4594451333643,59.05110004925125,433.67518533845254,457.2692746252495,473.5395116829139,419.6659172091671,411.2310734639302,404.85261462774463,418.9651122565183,452.4887971884177,441.29676295763204,423.1614083904903,313.48497951314687
1616,556.93767372042,2039.5743333473833,0.46144808576318413,0.5656287290807054,0.09008986042335138,49,0.0,0.023560856066981595,3.277948142278816,-1.2890051966826768,556.93767372042,2039.5743333473833,1177.687989092506,0.0,0.0,257.85580391381217,59.04947084078552,90.3682820800798,102.45108482709108,111.51684701549996,104.29256869854771,111.91238215752215,120.98725548820528,109.52053185154739,97.88643312245759,122.83872029787986,120.6558838357955,85.25799971787993
1617,1509.6016136294404,2039.8017909256207,0.38807750625787557,-0.6478238953581696,-0.6400679671006085,49,0.0,0.00783920020972636,1.1124491905118465,-0.11570046085321349,1509.6016136294404,2039.8017909256207,895.0484095589446,0.0,0.0,257.0839914679927,59.05229607830989,89.22555499873376,94.97839093882016,79.08358535531087,71.16952691387118,78.40906852215639,69.30316775002515,84.09831576163651,86.05919075273894,95.18393938972218,91.47962212996794,56.058047045961516
1618,1389.9858083556792,2041.027397596831,0.7398418254828844,0.2640176598573188,-0.10871486319351402,49,0.0,0.024582345856823107,2.7017702776340236,-1.0791210491713354,1389.9858083556792,2041.027397596831,1028.543318103135,0.0,0.0,257.1809097484382,59.05271564547044,91.53401181665245,92.58633534477457,79.67476583610915,101.9687044483713,86.64035554894079,100.65012556332633,128.68919743282194,83.74177139637094,83.59898269404711,108.9132047710673,70.54586325065341
1619,2308.484513651259,2041.0912779098853,0.25748553713247707,-0.09813847930218658,0.1352918870388921,49,0.0,0.007660729009604843,1.040016696223079,-0.04260077858192167,2308.484513651259,2041.0912779098853,805.9030745977029,20.038114878443594,0.0,256.4367235002638,59.051587792999804,64.57865809779318,68.11266286078276,80.94496239356776,65.6451557050301,68.86749576927176,81.97403122505031,68.516454987612,70.93033159322994,93.81114152417203,74.27228888762187,68.24989155357123
1620,955.5430802407697,2041.7510148869492,0.6883834497477217,0.5822275769085454,-0.10222640246299187,49,0.0,0.015539902544730953,1.603388964818879,-0.5125972256968319,955.5430802407697,2041.7510148869492,980.175129432982,0.0,0.0,257.53290372836244,59.05207811292665,85.40022018561632,106.29973761858724,69.68103208271447,71.25409937656953,89.2838471267198,73.96250608039963,113.07756345678536,93.11463441383404,89.90123911986956,111.15659266387945,77.04365730800657
1621,2754.6458901974534,2043.177799379401,0.5469717430408757,0.7945765594839419,-0.39127142555020444,49,0.0,0.055366158483739415,7.624712915090101,-2.205558740788244,2754.6458901974534,2043.177799379401,1891.907918856497,0.0,0.0,256.07526514352736,59.050358132837154,176.16449112785403,161.1236021240013,187.5487265053154,165.1312963573718,171.40519880074459,162.580634154096,178.30089082637642,170.10834014420573,189.71242069440336,180.313499274569,149.51881884755957
1622,1050.2301119161473,2044.241554692345,0.8415415064595719,0.19264022876837736,0.42121672416244405,49,0.0,0.034087132483610366,1.1512417875955077,-0.1529163629206773,1050.2301119161473,2044.241554692345,12123.189759823299,0.0,0.0,257.45620265591526,59.05340173667926,936.0466060936826,1028.293290669838,1124.9913779469387,1083.954056137172,1135.0164411284804,1118.173807177734,1209.2600459715143,1206.71214343603,1189.583068305725,1220.16964864659,870.9892743095942
1623,2619.9561160857484,2044.4242444134802,0.3176617736185607,0.5643954152427538,0.30675078279646295,49,0.0,0.01776830763174224,1.9749802090249515,-0.7389068699640204,2619.9561160857484,2044.4242444134802,1547.4857726580512,0.0,0.0,256.1843609187875,59.051617040280846,132.02674949218644,161.14884696974372,130.81106850939346,127.03703707636468,135.95143538720998,152.51938984435355,144.1124826801454,156.2246141869868,152.11181385307782,146.78398520904622,108.75834944954335
1624,1067.9193865036368,2047.1107517424982,0.7477529356534933,-0.6128993228348282,0.15163662539802805,49,0.0,0.018539255947315304,1.0765431130070313,-0.08007856743807332,1067.9193865036368,2047.1107517424982,3270.2043292893395,0.0,0.0,257.4418853479156,59.05464558808475,308.83163849777645,292.2881089108065,295.3447594918789,304.45707566311927,338.9552214559289,327.9590612576778,297.4418683424043,308.3559495016832,258.45346501781233,303.94640883693353,234.17077231331837
1625,2866.5783801572597,2046.8376089353249,0.7558934140342967,0.8216911823097398,-0.309269510891766,49,0.0,0.013635795303617776,1.0667541666880656,-0.07016086966760698,2866.5783801572597,2046.8376089353249,1156.6129463354926,0.0,255.1552003613704,255.98455160623936,59.051198435057756,82.28118427186303,110.43229657943868,126.18820016994543,120.16713309536999,102.60989757422118,99.66894869049179,109.70786520970533,112.58160919671202,98.79353965411383,116.67150548985694,77.51076640377434
1626,1924.665033597321,2047.669525369322,0.6523151576854733,0.3344404080060097,-0.11565599395451448,49,0.0,0.08114518233409475,10.753028733595697,-2.5788270157513224,1924.665033597321,2047.669525369322,1896.6227398313606,0.0,0.0,256.747671847122,59.05532960312943,173.69915690345547,167.9193544258035,161.56950155495343,195.30533068764186,187.00044297721303,186.90162655482487,160.51655442342312,188.03440986238905,167.06464818688477,185.9217311890116,122.68998306575989
1627,765.3690979219889,2048.5818571342807,0.3951837184247492,0.10835904293399334,-0.05576901978126514,49,0.0,0.01076520469624425,1.3691881841356734,-0.34115785648373,765.3690979219889,2048.5818571342807,952.7462898540914,0.0,0.0,257.6870308508124,59.05421291994981,83.20191018122355,79.00906587283188,87.45689760893855,76.3876320591203,89.29499502637346,81.32147431879602,93.86258000360706,80.43597252125801,93.66340009869226,110.97233537184036,77.14002679140994
1628,1674.7991252353934,2049.1722427797836,0.6862100283105745,0.1997701518816088,-0.10140143466505844,49,0.0,0.023665600840092955,2.804191959230264,-1.1195193491825015,1674.7991252353934,2049.1722427797836,1032.2754217464048,0.0,0.0,256.95013686088004,59.05620731886416,86.7075898150357,101.3639643055845,99.41559790690107,99.4479241530245,97.32018373979221,101.80574163807388,84.06641005833006,87.05743408445116,109.15413592242123,96.99860157611647,68.93783854667382
1629,2253.0985522986207,2050.336734063768,0.7288947539173003,0.390878153726058,-0.02971913447998713,49,0.0,0.05468904652143977,6.635502495749604,-2.0546845421412567,2253.0985522986207,2050.336734063768,1382.182593587522,0.0,0.0,256.48153618828707,59.05563025438841,116.61523287698046,124.95026393004036,121.67952680420854,143.33507409490326,115.68603310066851,139.64471951007565,131.1045997907372,129.60570935729453,142.14560263931006,132.73086408472028,84.68496739858304
1630,840.297384899683,2050.9410108102034,0.38556038373126655,0.3737285616924247,-0.02713600585627781,49,0.0,0.010685481026611252,1.5666193218002418,-0.4874086964578051,840.297384899683,2050.9410108102034,865.6472973900632,0.0,0.0,257.62634063809526,59.05549787253408,70.03824247153268,93.82994947470505,61.268819263060834,79.37099212852172,87.80528285456626,78.13355873798892,80.67546489367331,83.91100797653851,74.91930132034062,88.32476228115296,67.36991598798224
1631,475.95629080097115,2054.2326894984376,0.8524003850179956,0.1950500959950764,0.6908747819974609,49,0.0,0.025266405654063424,1.280993014063776,-0.26886690328086893,475.95629080097115,2054.2326894984376,5052.356059772443,0.0,0.0,257.921563442874,59.05513411623204,413.1478506869512,454.0743952259195,473.32218338337077,491.9578365012066,504.75128488842904,455.2303379604217,499.9563873454532,467.26205432572897,471.94772326887323,490.3293366780322,330.3766695080561
1632,1641.6665709852687,2051.9362702458266,0.8762140952061114,0.3875856366679132,0.014228104422276186,49,0.0,0.042024547090973155,4.439064188852105,-1.618228562418518,1641.6665709852687,2051.9362702458266,1219.3099919483443,0.0,0.0,256.97698373307276,59.05736865207291,108.3893009344201,114.54902018388336,108.13181618893752,119.62062178293341,112.8402698165037,121.33871464635317,118.3511733679675,125.19515079086968,113.54868327722865,111.89342394933344,65.45181700991382
1633,2440.974118206749,2053.2530677177083,0.5874686879048503,0.5396011189803848,-0.044173330909365385,49,0.0,2.9413445632432533,429.87517003656995,-6.583355901536817,2440.974118206749,2053.2530677177083,47915.37248203288,0.0,0.0,256.3292875283709,59.0561364774621,4019.6645361142537,4396.885078352832,4542.668651046923,4472.474920052401,4520.058194338911,4436.279602186534,4586.8312130224285,4462.882758763447,4668.2284508543835,4506.6669497688845,3302.7321275318673
1634,1459.498299068472,2054.0551510145647,0.5793503120895928,0.554866539441974,0.22888800881112123,49,0.0,0.008851960902674334,1.0226995244733952,-0.024370135034607616,1459.498299068472,2054.0551510145647,883.1793706909057,0.0,0.0,257.12460623764747,59.05820554696169,53.85808990499335,80.25005890718934,99.70433462302242,79.96016557823629,63.55566831392705,86.89114109416501,87.8303346894087,85.84785056433405,89.9331025574789,87.53044242982656,67.818182028324
1635,2217.4818605358237,2053.8821427210232,0.3419478210543962,0.23862741944433868,0.012684011087216524,49,0.0,0.016262305045376627,2.254706849584967,-0.8827252104532078,2217.4818605358237,2053.8821427210232,1168.3897262677592,0.0,0.0,256.51037376590176,59.0572216995183,94.89557700966392,101.80505676347397,105.65965874723094,119.95804446853597,96.95081944850979,114.44020497696539,121.12487271241393,117.63256818679734,107.13519068731262,109.51187677989441,79.27585648696098
1636,272.2426117783982,2055.4450693649846,0.7124535054451168,-0.07194317962303862,0.26123458960690166,49,0.0,0.01190829237021413,1.1087816562950086,-0.11211508087731353,272.2426117783982,2055.4450693649846,969.442450738013,0.0,881.116874289633,258.0866130678977,59.054376682942724,97.22768307034808,88.33450860037084,85.6809283254218,92.99470123581017,73.61539928186072,91.55232888717991,106.95095779165064,90.63916550573273,100.78194157587828,97.642855397395,44.02198106636489
1637,285.74615279170183,2055.923676252896,0.3580195303815686,0.5714929101737438,0.22791732421130453,49,0.0,0.0232268879977879,3.244379490951571,-1.2778291184616732,285.74615279170183,2055.923676252896,1327.5833977963441,0.0,1229.6507655163332,258.0756800264955,59.05466624127257,113.63447055198044,127.0266656949922,146.2437199235631,107.43312839885914,113.8230483246223,114.98828314289452,118.1466642617929,139.85999522407943,118.0563702494845,132.5356058683638,95.83544615571157
1638,717.464165822009,2055.9773335481545,0.7528068440859441,0.2846098661837562,-0.18433974815995752,49,0.0,0.02346143955728606,2.504576260218458,-0.9968356494447916,717.464165822009,2055.9773335481545,1013.2584790225926,0.0,0.0,257.72590727589176,59.05708612373421,85.15582690890216,89.39182803725765,106.64786002011796,90.53832698707191,96.32040519689512,83.46333605368383,95.84615060478697,88.36021908442285,111.04780938095152,102.55265966866712,63.934057079835426
1639,2882.0811512225605,2057.104337149734,0.5595634815460099,0.9131804497531566,-0.1303316201389273,49,0.0,0.0190273622658312,1.8521515429088413,-0.6691912943590508,2882.0811512225605,2057.104337149734,1435.3952690672877,0.0,727.1300644952378,255.97186477450944,59.055375712980585,126.04808686459201,140.81572813053236,131.33460749670985,116.52605723987776,130.50232434063543,133.65099142784084,153.1124625666547,134.69536056617548,136.372631605655,135.6986686830047,96.63835014560948
1640,1047.6202364215314,2058.434680588074,0.5132854936999035,0.12304769353118154,-0.009838708035629206,49,0.0,14.761806743163714,2138.995772477351,-8.325524815576117,1047.6202364215314,2058.434680588074,336229.4282147777,0.0,0.0,257.4583942158904,59.059308020665796,29021.90298834347,31034.713791755326,31043.365850683294,31463.915963824835,32204.81479438843,30685.821828886972,32092.20276264083,32225.6026176235,32126.997938614593,31218.929987740557,23111.159690275985
1641,2930.2479360838915,2057.3736609189377,0.7326743785762824,-0.5035754809493307,-0.9345256835829355,49,0.0,0.011659118197080336,1.0149032234251485,-0.016061579671737568,2930.2479360838915,2057.3736609189377,1915.697419853422,0.0,1061.28705440563,255.9328402623923,59.05517010207593,250.97240647746366,163.3676131090714,196.16741964696462,130.14259422735572,231.83640805613794,176.91783764772268,147.39824658749308,128.06834267375996,145.4609949881009,136.29199961525586,209.07355682409604
1642,1748.6672647377175,2058.9771781605987,0.9367146213734557,0.20448217547157868,0.13945542122696497,49,0.0,0.022426029695016916,2.1268524132175544,-0.8193433858416257,1748.6672647377175,2058.9771781605987,974.6889508577453,0.0,0.0,256.8902658515456,59.06025112798023,74.72111541334652,84.73548955331451,87.94318353843128,89.70742779973824,82.95358007233173,87.73135151184935,98.79469716263748,81.615720244221,103.56060563356908,98.67734654705761,84.24843338124865
1643,2941.4659957647823,2059.773585023369,0.4575574099394913,0.9140956291501139,-0.826860219318926,49,0.0,0.027615932670404263,3.5102218746968887,-1.3633364207308936,2941.4659957647823,2059.773585023369,2541.7163097987273,0.0,1158.5826020982722,255.9237208057457,59.05609417976582,222.15380085619796,169.09068741772057,289.2389810534383,296.0375400273338,460.96580968615586,161.15455376749298,201.9585198044795,197.04744840712544,167.91799756915879,205.81913719222513,170.33183401739885
1644,948.229154369935,2060.766604873888,0.8696879006960102,0.004743956844667739,-0.03441352528143481,49,0.0,0.07209158603989634,7.774242663443876,-2.2266452311902185,948.229154369935,2060.766604873888,1570.259400027458,0.0,0.0,257.53895099552966,59.05997688246406,140.938971871739,150.6834042561856,159.98424137881906,151.34735515871125,130.72332806701087,122.70437261452557,153.2344301535964,136.9975160617296,150.9751549123338,158.2143026577416,114.45632289506506
1645,2550.3432702539076,2061.5882609069663,0.4481103231359885,0.5279319803577553,0.05814315293143822,49,0.0,0.018806305887698386,2.715299245081303,-1.084544247174967,2550.3432702539076,2061.5882609069663,1091.54168991144,0.0,0.0,256.2405955763618,59.05911434291652,98.41511936842821,106.39672103350446,80.40680305400679,94.52151966745998,95.55590956257646,111.5821914745786,113.57689341855333,90.60743389566946,128.65568461566204,95.10287692757996,76.72053689342073
1646,2900.223359671282,2061.694750066878,0.972899159630384,0.19647306547437582,-0.41534450857903066,49,0.0,0.015822795658630297,1.188366053222744,-0.18737559321149008,2900.223359671282,2061.694750066878,1330.4345749370914,0.0,1029.5137269993845,255.95710872433014,59.057169713493494,112.10519055489846,148.09006475347996,99.04022483748047,128.03313246222598,139.75290468404424,114.36810647736715,124.07319371364682,112.84759430871121,132.70134434077912,133.8252421104927,85.59757669396542
1647,2618.4472937378237,2063.4038782028892,0.5331752411665815,0.04474553423153786,0.02176480551460852,49,0.0,0.010321678824879079,1.1581318946026604,-0.1593950552925696,2618.4472937378237,2063.4038782028892,953.4874865422622,0.0,0.0,256.185393714869,59.05953208441512,74.87935277199419,89.99408352898939,82.43151429784172,77.0986606176836,94.49964593882761,83.13749438431918,101.10184788882817,100.37852311774972,89.25257859043944,92.44731874569355,68.2664666598956
1648,1725.7508909327246,2063.477828683023,0.7912888109278285,-0.02331158489847814,-0.28607693179221994,49,0.0,0.012669437686374735,1.1046106068022565,-0.10802302283378959,1725.7508909327246,2063.477828683023,959.1622308413369,0.0,0.0,256.90883207547387,59.062142211367714,94.62395549170776,104.40189267191252,86.07272025359174,94.22717867063912,81.76108260370466,76.0875310528024,92.59646618284548,89.81016405603043,89.92868652185507,77.28066867591596,72.37188466033179
1649,1486.4409401401163,2065.0892375637404,0.41353258655321595,-0.2618787704881597,0.14372089612155284,49,0.0,0.012848753549747006,1.7659900580052228,-0.6174706357516312,1486.4409401401163,2065.0892375637404,985.6774224886129,0.0,0.0,257.10278517763106,59.06282039301938,77.54479701308912,77.95993799376069,77.21231866459186,99.8744089933657,94.46514328909419,94.7037355856553,106.27020125136498,81.43466149151993,102.18956210507133,95.77000665785232,78.25264944324755
1650,1009.0502006038887,2067.4865356301048,0.5206699938982389,0.6104740571844711,0.01083604904594908,49,0.0,0.011734070737392192,1.32551363733964,-0.30596050065728897,1009.0502006038887,2067.4865356301048,1031.4756334703739,0.0,0.0,257.48970231849995,59.06296790569255,96.12258421260114,99.64789009326154,99.04205166686204,81.61951012323172,97.38831293579301,85.32436984789948,90.29790415691602,103.61590415698237,113.47255765653767,96.77103856782301,68.1735100524657
1651,1025.2902545265852,2067.182543178584,0.9030776204372988,-0.05358663017628266,-0.2539515067374621,49,0.0,0.02048753208608039,1.350774560688927,-0.32645718229136084,1025.2902545265852,2067.182543178584,2238.0519667885865,0.0,0.0,257.4765389225616,59.06288913861183,181.06312763001785,181.32525049817323,207.87842837722502,232.78270466331873,202.565799163707,212.6773946077576,231.92665990798815,218.5291883748278,212.8142370884343,199.82178940906098,156.66738706807615
1652,2918.517784506726,2068.9543204710735,0.22777745110108938,0.6246125494957904,-0.3203781548367375,49,0.0,0.006682120021161809,1.1148732178355765,-0.11806370674515516,2918.517784506726,2068.9543204710735,1129.6559571343366,0.0,751.8849196519927,255.9421933324031,59.060072962535145,104.59123823519081,118.08269694115161,88.01284198687615,109.35303777308525,95.22701720541343,80.80141190430795,135.42621178311327,90.28412917286566,86.16609630169678,126.00559151703871,95.705684313597
1653,467.65138661946247,2071.3196501128746,0.4609265274780766,0.5947121165270197,0.11733036484135742,49,0.0,7.177852728970215,907.5990146300494,-7.39473503926141,467.65138661946247,2071.3196501128746,266477.5985823184,0.0,0.0,257.9284816809024,59.06220532127661,25648.82810295334,25880.953127538356,25157.72373461439,25107.382108342892,25264.177727819755,24089.74868760652,24670.69279796316,24549.243409363735,24329.998429997795,24340.79458799473,17438.055868123673
1654,1205.2049900449736,2071.956836679825,0.3921711337182422,-0.19261392380452705,0.416319367755705,49,0.0,0.02141180561612245,2.2982843146296372,-0.9035093827224854,1205.2049900449736,2071.956836679825,2096.0587736124976,0.0,0.0,257.33074389903504,59.065319729534124,158.62326350634433,188.32447945496108,197.4495823757328,190.58212463207528,205.7910517652522,218.797134261677,217.43239541803746,195.55295278643095,185.74815828752537,173.1024284400297,164.6552026844314
1655,1643.6110340549824,2074.6788362475927,0.5875171676262447,0.4539914329739329,-0.18895681182767637,49,0.0,0.029188234288638825,3.617804818609452,-1.3961128321750054,1643.6110340549824,2074.6788362475927,1215.5271717638684,0.0,0.0,256.97539842014567,59.06684419798649,106.76197930205976,102.11376654068292,101.12981711600867,104.72962762619547,118.64587165334879,109.00009887137327,111.98943517705601,125.85777290525935,113.63127706013864,123.4901123352725,98.17741317647321
1656,1574.1630886471557,2075.6328878400814,0.4309046849306523,-0.1246288019516246,0.03280418428108954,49,0.0,0.01357782813992715,1.7486851943228694,-0.6067790824816832,1574.1630886471557,2075.6328878400814,1093.558414009081,0.0,0.0,257.03169117720876,59.0672446597757,85.4291292749595,101.46782513109562,87.75625852152098,103.56621232957859,111.282064137925,96.2457940444939,91.4402571793326,124.24518256070944,109.07587175919181,101.96731564895224,81.08250342132126
1657,1205.3262696532101,2077.2939258154206,0.6641273406318304,0.2366911010437302,0.8865582855029668,49,0.0,0.030101362695556896,2.3922675268987534,-0.9470243627883689,1205.3262696532101,2077.2939258154206,2147.6502106865028,0.0,0.0,257.3306663013156,59.067543697938916,163.25544845642037,205.1190691107124,199.13418934700803,186.8864486711379,205.45772331154535,219.5516113514899,214.38009833181536,195.40042065821834,198.44641853934155,192.18257978159724,167.8362031272162
1658,1621.9912801088317,2076.9604758521527,0.4215362326607072,-0.19256667878986639,-0.5310777108830577,49,0.0,0.010756712631631433,1.291378167290116,-0.2776335993096386,1621.9912801088317,2076.9604758521527,956.8233129673874,0.0,0.0,256.99292228842745,59.06779840071568,87.61274342984503,102.90674879508288,96.14589353086296,74.46609547567874,101.48355743184493,81.6238971179984,89.91299689687449,83.29875963271115,102.34289660492401,76.90636578409712,60.123358267467665
1659,1112.2614266721596,2078.784706416918,0.5536311725502309,0.039681102563478496,-0.12092347072108794,49,0.0,0.025203021532937003,3.7709788288729973,-1.4411352354628422,1112.2614266721596,2078.784706416918,1047.1225160743597,0.0,0.0,257.40610857496614,59.06795698469447,86.4433386361562,99.04180161417978,109.11054289256376,91.88179113508384,114.41750203734048,86.73481650690658,112.3514023290356,91.73721685595717,87.99039091999529,99.99804123216502,67.41567191497597
1660,2117.1683949296917,2078.868607234966,0.650133842619219,0.564330935847294,-0.043459955615513524,49,0.0,0.014437483243311499,1.5688507314222986,-0.4889540613199791,2117.1683949296917,2078.868607234966,989.0353343407406,0.0,0.0,256.59153259008315,59.067919713782544,86.71986511031183,105.57402131867534,98.93449341949272,77.50221427799724,83.3184430029306,107.5461069646135,92.10809891727715,95.26579470895769,88.9912117524211,88.3671498721034,64.70793499596003
1661,2758.0062605278504,2079.183433659186,0.4787387778582005,0.9382026488125265,-0.16972985272441019,49,0.0,0.041432700487455454,5.859256080142175,-1.9196061984077302,2758.0062605278504,2079.183433659186,1672.167849884669,0.0,0.0,256.0721342394751,59.065338683413806,171.15537184259512,154.1656288490313,158.26381270967346,160.49296097220812,163.78529864985916,136.51705267145442,140.24049868604217,152.8773301158094,156.35514069850464,156.78802844210213,121.52672624738912
1662,731.3724448038425,2081.2276679132365,0.6481556935444758,-0.13014582669384508,0.1774938923614329,49,0.0,0.02242863222952497,2.2142717830849357,-0.863077314448377,731.3724448038425,2081.2276679132365,1268.9409773161558,0.0,0.0,257.7148532585726,59.06766776433239,114.49316028863072,104.88986934846196,119.91921681909344,105.54739843439701,102.52078486603867,129.11371465150322,110.27447958167397,118.10156882736541,134.58846912528858,126.61777676136322,102.87453861233965
1663,454.0007131491769,2082.3581262695216,0.3476221711603652,0.28662280354838865,0.569299679979495,49,0.0,0.01938056736312796,1.2789736152237317,-0.26715396307127537,454.0007131491769,2082.3581262695216,4247.869909335126,0.0,0.0,257.93966740003685,59.066725387120364,358.7828588268129,363.09334107643167,361.9866630406219,414.8225787599663,465.0525721103262,455.5805564743896,417.6802613697502,370.17865927562315,374.5868543955711,395.77780880263947,270.32775520299344
1664,2143.1751140563447,2084.7170690925072,0.8231941504882428,0.3888192693861368,-0.05574976306321304,49,0.0,0.04305257229692639,4.665370366596456,-1.6722153162322244,2143.1751140563447,2084.7170690925072,1281.099431972615,0.0,0.0,256.57042124545757,59.0702868203152,98.34159996658522,100.02831899205694,126.7585535569986,123.17451431766399,114.53742256420351,140.75934650966602,135.10501729512555,126.2424850291015,101.10089881548929,124.34608595600176,90.70518896972264
1665,1093.8447619806448,2085.7740169823815,0.7082271685477382,0.07609056462381904,-0.21581153714524734,49,0.0,0.034854224652049216,3.574124079303801,-1.3829240635001538,1093.8447619806448,2085.7740169823815,1425.2926373667815,0.0,0.0,257.4210713630247,59.070822764268115,126.30845653803055,126.19502711573537,139.1160867107618,129.33178465155854,149.82806679725383,129.2017749213653,111.88511634266362,129.35048677918215,135.65893661805484,143.3265588595786,105.0903420325972
1666,2603.0797967484,2088.1397131944145,0.4905530667753226,0.5242302995708975,0.08285882289748822,49,0.0,0.013245746987109812,1.815057684778642,-0.6472260800184209,2603.0797967484,2088.1397131944145,913.3695088019364,0.0,0.0,256.1976025368488,59.069915997628826,78.0907655266256,87.11374870207669,91.17561243452477,77.62236424973739,75.50527844586189,87.03483130617485,93.29252594834355,74.75986629790414,91.63766369356773,95.80476165309747,61.332090544022265
1667,447.64687158403154,2090.2467061293987,0.6806238095537391,0.42062496260434484,-0.16320459956295189,49,0.0,0.033153190083991674,3.340521729153828,-1.3095357526557547,447.64687158403154,2090.2467061293987,2136.9579674029465,0.0,0.0,257.9449060291099,59.069974886490186,174.28158378414724,176.2059659974757,170.48352987537157,213.33773186103573,241.71248054855744,215.92388954144798,210.5704064418411,193.9000080511892,207.3865783226653,194.5648211683593,138.59097181085542
1668,1192.0930753330656,2089.2284477671865,0.4243861010041616,0.1619743231486066,0.0726159143501707,49,0.0,0.007847813713396679,1.0394186611247567,-0.04197627407537676,1192.0930753330656,2089.2284477671865,814.4243660081042,0.0,0.0,257.34144059500255,59.07248938720146,81.40233868988685,88.08830540073602,78.18572658976115,70.45313962681048,72.48465726823227,83.18578443983046,70.87796965150608,71.13225655301815,77.10745273800836,71.49918036499494,50.00755468531954
1669,510.47148477619874,2091.9828493323857,0.4118939191432604,0.6366799745023629,-0.15919107007116928,49,0.0,0.028895937410724826,4.387608467986135,-1.6055696649756186,510.47148477619874,2091.9828493323857,1439.3472198885565,0.0,0.0,257.8940039986847,59.071054437243774,124.09259080726936,137.84435598202361,131.89299878630374,124.55349064637544,137.53772259644603,141.1963489196752,125.97473351561705,138.48674910389673,119.93250157718131,146.32550200021404,111.51022595355408
1670,784.758069651601,2092.4113641842364,0.7036829635143887,0.382592557336162,-0.20059505148026333,49,0.0,0.020339212209352035,2.2540171606456507,-0.8823930454080295,784.758069651601,2092.4113641842364,945.3732800774214,0.0,0.0,257.6716726816105,59.07255466704473,79.01254917921773,97.80303182161228,84.22910783776283,72.86242890850023,80.58769557720578,73.69760051853271,98.55659448239,97.92029969653665,82.12102692089215,103.91006806671291,74.67287706805818
1671,2566.2934425769954,2094.1514609292194,0.5485094821810728,0.855373613793716,0.7339900566260669,49,0.0,0.010311254166818317,1.1426492863829734,-0.14478238184790954,2566.2934425769954,2094.1514609292194,847.2095231785111,0.0,0.0,256.22736257646596,59.07260369885469,67.93276499605562,91.68325824950992,88.02785672750468,81.24220521288578,75.7330510564115,56.884678611004695,75.86135722016957,76.62367352123623,71.35465599720077,88.10943635347982,73.75658523305246
1672,846.7489463211191,2095.496878377277,0.5383657571253052,0.10903684761007937,-0.03742873468355159,49,0.0,0.24770306763842234,37.74288127471399,-3.942087627353498,846.7489463211191,2095.496878377277,4863.655255310832,0.0,0.0,257.62144289634375,59.074086226728056,436.58246461490785,445.87980099741014,445.85074985395175,458.24538726377546,458.1900177404477,424.312206514672,483.37082548669866,462.0667857706503,449.7405331090391,463.47396614256786,335.9425178167117
1673,1891.0736464183158,2095.1521373651767,0.5498821887463071,0.2921937269670833,-0.007793788978165448,49,0.0,0.12950874915004557,20.240229714196122,-3.2655385929294907,1891.0736464183158,2095.1521373651767,2617.101621613755,0.0,0.0,256.77475522752025,59.07516580709989,216.12997368051532,260.1818027023436,223.58170502511896,246.41533480780276,242.5835675767518,255.38730456198414,257.7702963185159,260.8243965891427,247.47600561132532,251.95559576203024,154.7956389782246
1674,1950.8437099719204,2094.8092328301095,0.765739782889813,0.29456373682767656,-0.09864253034752794,49,0.0,0.12764447212183622,15.576714632886258,-2.981189659132975,1950.8437099719204,2094.8092328301095,2263.7461802565863,0.0,0.0,256.7262974902502,59.07492605706583,208.8145893243548,205.1111713054479,215.31893221078025,199.86679543111325,231.824691401707,203.3648799241876,202.19798894196066,208.63080257481772,228.15830602154375,218.8546154879877,141.60340763268528
1675,2367.877469342746,2095.396816114256,0.7580888088924111,0.6036561932660985,0.00399950977212377,49,0.0,0.011466229968654007,1.1207370232135976,-0.12375929739832149,2367.877469342746,2095.396816114256,797.2544839746326,0.0,0.0,256.38819714058405,59.073992122515016,85.99401579056277,60.94321074457814,76.67766742774974,76.83779935716413,54.43459754881346,67.55987443994005,78.49943164025018,72.84368017040748,89.28716400295599,80.78075142383946,53.39629142837133
1676,1417.4671755563961,2096.912283639752,0.7561015730852526,0.06572466034289548,0.04612580274495592,49,0.0,0.03226352877711939,3.845134259501256,-1.4622787713595944,1417.4671755563961,2096.912283639752,1089.1370345601636,0.0,0.0,257.1587437754262,59.076027992921404,86.73311708489945,101.6105687749254,89.49973260048503,119.57737298286162,126.20048631301137,87.1134039404341,103.340804891691,96.70608814675953,98.02468909759205,86.34024710796828,93.99052361953588
1677,1506.131549334561,2097.4161901310467,0.4123891460401046,0.6115712324090136,-0.0014577291904940232,49,0.0,0.017567532014300113,2.8510189830031507,-1.137500272479255,1506.131549334561,2097.4161901310467,1027.554719620198,0.0,0.0,257.08685637118356,59.07630015376057,97.34070225207914,90.40366634957314,90.41963981347952,98.15092721731315,89.25122561099592,92.58412527530851,98.06854016795486,102.56368919268735,94.78168228613654,90.44197936006486,83.54854209460505
1678,1048.2068589492876,2099.878861415822,0.6680215608083734,0.2193707545088171,-0.09277789038731156,49,0.0,0.0863861392614813,11.18517166129768,-2.621606634242608,1048.2068589492876,2099.878861415822,3340.812575475331,0.0,0.0,257.45814352832235,59.076577332968434,273.78223719929616,308.2985958101272,310.7493057758819,337.99909397954013,325.00885319881144,304.9624799028985,319.4026426881552,264.4481489878854,341.69885455110256,312.6797524162231,241.78261096540913
1679,396.0177239087192,2104.2794063831207,0.48120536287705773,0.48442130118848076,0.04781899240749336,49,0.0,0.3199179123759385,45.511493367497806,-4.145302715585529,396.0177239087192,2104.2794063831207,8582.771067270663,0.0,1820.2882381227219,257.9869173391457,59.07551322068642,719.4081550419319,827.3021952453053,807.2406936372083,844.8972253042944,818.9707626409355,783.4473010985781,777.7798705101613,780.8155983254874,803.7496664628778,847.1960020261565,571.9635969777271
1680,706.8901636948322,2105.889567216691,0.3654843257708584,0.4033341249538612,-0.09246414440149327,49,0.0,0.01758894100715182,2.334446430370336,-0.9204597810584783,706.8901636948322,2105.889567216691,1185.1755246047915,0.0,0.0,257.73491277021185,59.07783350366437,109.59828061163446,127.74566034565838,107.81983063638586,118.22316301369675,118.7417533023193,84.03292849261658,97.29455427936344,118.92758895716823,105.43165673363109,112.31479620680248,85.04531202551489
1681,610.4163695429335,2107.933825186296,0.4364403873182406,0.4395231227940473,-0.20431667662901168,49,0.0,0.01083686376090182,1.2689281192256374,-0.25859255344829035,610.4163695429335,2107.933825186296,899.0413034120526,0.0,0.0,257.8131472017975,59.07822558525729,89.42714357977242,89.68654478779945,64.41795295502979,73.75889233998903,99.96065350439532,80.34607406918876,78.39801794025811,73.70432074261376,98.63086066318984,81.55292607418222,69.15791675563383
1682,1041.8362740886703,2111.3761596277745,0.5731617416036361,0.11771427731416281,0.007764790678205716,49,0.0,4.266350475134738,639.5379180412936,-7.014665746969868,1041.8362740886703,2111.3761596277745,67931.09885411643,0.0,0.0,257.4633716909673,59.0813497609385,5721.59200012217,6225.077970231265,6276.2619095514765,6275.469350993586,6525.7426734009805,6288.807617198478,6464.119922435515,6601.852113952616,6404.376070026989,6564.042730750059,4583.756495453316
1683,2426.28333358782,2110.4094310760124,0.3937667347871865,0.48689638572279054,0.16336797800762448,49,0.0,0.021671690072780747,3.677603313239306,-1.4139122050213522,2426.28333358782,2110.4094310760124,1119.979294486372,0.0,0.0,256.34072740222797,59.08001157259286,91.26654295622295,95.36840939415589,108.23367607985165,103.63995520205265,110.99159958180454,100.71687474371743,114.34437873992647,103.18104756319369,103.1337818942491,115.54237420441882,73.56065412677884
1684,2907.6753575399716,2112.158025802039,0.457532541062608,-0.5461234542620523,-0.7374812891425442,49,0.0,0.019701619533417116,3.463213151798309,-1.3486980551810541,2907.6753575399716,2112.158025802039,1336.747735854483,0.0,742.500647624415,255.950423882349,59.07814314164425,116.72142877045198,115.01232748006254,97.6362920606029,289.6536330662801,128.11818684598947,76.73724746667197,112.60301325181719,129.35160712074375,107.78454923842848,92.42465163052066,70.7047989229138
1685,556.6771732965202,2113.4685513768886,0.49358757012221705,0.25061061502925797,-0.03237451058277579,49,0.0,1.6259660404227425,236.90925311409086,-5.936455058918679,556.6771732965202,2113.4685513768886,37529.85351416451,0.0,0.0,257.8567719230548,59.08025500854505,3194.9681788199805,3528.218463613147,3432.8319955249117,3485.120303301907,3635.8075169376434,3528.4630189850286,3408.645378096573,3530.5092559354043,3549.1455085540792,3553.602885545424,2682.541008850413
1686,2878.957668185604,2114.25561465214,0.23614122588088507,0.7835920936605192,0.16494308302880709,49,0.0,0.012497022539371816,1.586707540944147,-0.5012422143999496,2878.957668185604,2114.25561465214,1870.8794558197033,0.0,1393.863954624896,255.9736780547651,59.079204770077766,160.739142245611,185.3329894921286,174.06243240519552,152.0748422661666,188.39909980940553,145.42045726703344,151.1943410083107,167.94739437713378,199.9318790066917,177.73728340594326,168.03959453608326
1687,2053.7254768351663,2117.2986269619278,0.3773884315278683,0.07098704137507182,0.0810000842777481,49,0.0,0.011526081619592234,1.7509093036132313,-0.6081591259732497,2053.7254768351663,2117.2986269619278,997.601635968761,0.0,0.0,256.6427867303779,59.084087250453805,82.6897514631954,104.65904908811528,104.97669467736986,87.22219410395121,78.8992882680158,94.99300735711654,102.60610273325088,85.82492975565054,93.21495697224532,88.63781799343425,73.87784355641587
1688,2909.1518508781046,2117.235637530279,0.41231345989852003,-0.5749272057226801,-0.15969425687825103,49,0.0,0.00797337035774678,1.0276172079716617,-0.029578420341758005,2909.1518508781046,2117.235637530279,1357.8593287839903,0.0,637.9420760486498,255.9491616802814,59.08024865435338,97.68029123398499,226.9969219174477,152.64919240734844,256.25980154882257,127.22058701459608,72.04292469302541,94.8718012334121,124.28620534656929,89.59964002237618,63.8927679264675,52.35919543994012
1689,2561.200820826599,2119.476694764586,0.649583239594508,0.6388222285339747,-0.05895469981084364,49,0.0,0.1836581326278844,24.76412244144482,-3.4845573565794723,2561.200820826599,2119.476694764586,3432.9608015737886,0.0,0.0,256.23125175496216,59.08317957187522,272.01615054130446,359.80079077905646,332.28758956812266,307.9017201650232,338.9758869714525,297.25230058246586,325.9978915247117,319.44279869041316,330.3048360198106,303.7862768489912,245.19455988243692
1690,1513.419127229718,2120.26542746091,0.5192651689487605,0.27339297521021744,-0.07913306091147301,49,0.0,0.09104410608809022,14.287056729552678,-2.8873569229623017,1513.419127229718,2120.26542746091,2185.698192171541,0.0,0.0,257.0809671991198,59.08582387620006,208.49376055389467,203.95300398201704,211.43969737406115,194.76170361124483,201.53504360775136,177.77235946141093,207.44163110639323,215.84313968671248,217.92449695183845,192.35733549727308,154.17602033894337
1691,2894.026000043545,2120.978744867801,0.9331725228033535,-0.26737393444167457,-0.41890095815163253,49,0.0,0.017052833814320417,1.6229336233293885,-0.5257518947423102,2894.026000043545,2120.978744867801,1405.208247694522,0.0,879.1472617385951,255.96137686282972,59.08190755005576,156.4420964781222,145.99944375173266,131.73111268418774,118.131550485942,100.66740671335435,208.87907085771997,147.98884686106277,108.49542218280826,150.0176609632877,94.5361151159416,42.31952160036279
1692,581.2166473465634,2121.5092304760524,0.7454189383371509,0.001145990964759346,-0.0505439508338572,49,0.0,0.06917633920306643,7.77290115579276,-2.226457862571735,581.2166473465634,2121.5092304760524,1861.1595047684395,0.0,0.0,257.83695633660017,59.08373294903114,159.13319274430833,173.39262743729734,202.42936839586838,179.5390880607123,179.05157138036571,177.1330225822108,165.35760828921954,176.85383536876594,169.6302742135486,178.91337748282837,99.72553881331427
1693,1631.6158384325581,2122.620585709765,0.6784985224868851,0.3952403199968226,-0.1825328436204239,49,0.0,0.02512523647560499,3.058971286725506,-1.2139385011612756,1631.6158384325581,2122.620585709765,1062.5605616975506,0.0,0.0,256.9851067282056,59.0868219135815,103.90250766148279,99.50200163100132,99.83386821031155,86.97714488488415,97.06143228164181,85.6975190760678,108.4823625835563,101.68976914616682,105.25624579531768,101.76256250378049,72.39514792333979
1694,2231.1575315733403,2124.4972346168797,0.45493245800119125,-0.24984787601126798,0.9409949285368152,49,0.0,0.016102180010332076,1.24983777284956,-0.2421341146631603,2231.1575315733403,2124.4972346168797,2285.9118005571913,0.0,0.0,256.4988550542405,59.0865999965819,201.41903791922607,209.20984723370506,217.8538227993875,226.10407149728331,214.3933066372624,208.27228847112767,213.31682191661747,221.43891442570268,209.20302452863328,210.50019916018738,154.20046596805855
1695,1342.7953380930794,2126.809249004396,0.848629105301457,0.4728680738402,0.43419973206083295,49,0.0,0.011563610466604549,1.0314412136844169,-0.03361120171329318,1342.7953380930794,2126.809249004396,864.6090495696502,0.0,0.0,257.2193620292239,59.08840157560894,69.51811064503146,89.72481182386176,74.43936446672946,84.43637822774147,78.85356394332811,61.41102035419086,92.87660842612247,77.14105758126112,93.97284617972004,84.44600701903383,57.78928090262967
1696,1958.699881692149,2126.754340690157,0.8792912589218762,0.12616782949966462,-0.16646766915037456,49,0.0,0.017205642333814358,1.5378879327994341,-0.4673117230262041,1958.699881692149,2126.754340690157,937.1823903452683,0.0,0.0,256.71981569406,59.0882220879236,74.28140721146963,86.58467297724619,90.14673637763228,94.7045105313938,74.62585323892867,84.62824036251118,101.63959948680181,77.03157653224321,98.20310569164286,76.55247144387118,78.78421649152756
1697,2706.8637117731314,2127.3691209257863,0.5815128351433188,0.8205388041171566,-0.1807437846827111,49,0.0,0.601556463729361,82.84595163973808,-4.7956782274683665,2706.8637117731314,2127.3691209257863,12659.850051186824,0.0,0.0,256.11305702818873,59.085705999976774,1064.6654029015658,1189.063777586955,1151.7952373591406,1176.457849685501,1189.7779785231119,1167.1023090167873,1195.5081311634515,1212.7523681661353,1195.75748528281,1236.0577901902707,880.9117213110944
1698,2228.613086916789,2127.492777263019,0.690863987796352,0.05661963802984789,0.17627375024747544,49,0.0,0.03209353040674943,2.191696634556456,-0.8519511018850179,2228.613086916789,2127.492777263019,2405.871307164565,0.0,0.0,256.50090009897605,59.08785617528415,209.3508318610286,217.74202095953052,230.6728582195023,238.61675607112778,226.10320713921604,226.15424793031593,230.11001663943773,233.54596245329117,221.05141222124442,215.71478696534408,156.80920670452662
1699,1750.5317631219048,2128.8029534880234,0.6616047464689329,0.3150521305965872,0.01335563019934473,49,0.0,0.02802948265783716,3.4949150603102077,-1.3585915630176717,1750.5317631219048,2128.8029534880234,1105.9811014446047,0.0,0.0,256.888651957341,59.08934335526316,92.63430630645874,113.67338573165753,102.61485991610952,94.5797101107064,103.91022578606753,100.95428978455007,103.04779336174502,118.35618291355956,105.47519919283378,111.49986488496812,59.235283455948405
1700,1359.73373138194,2129.640491215964,0.7087463730166468,0.3923025662943092,-0.09782527017241567,49,0.0,0.05231220473060957,6.441624297180512,-2.02248847832052,1359.73373138194,2129.640491215964,1413.0742469880324,0.0,0.0,257.2056304506058,59.08960259927092,127.69018944673041,124.57348251576332,140.096592416592,139.41296707966325,119.69470148007264,136.18974352000984,132.72422809137328,126.36988274968166,141.96057840070281,129.66944886921198,94.69243241823114
1701,1465.7879812304668,2132.953828942707,0.608290973177745,0.2467732138297047,-0.15266836464174965,49,0.0,0.09708967765524575,14.194476537541393,-2.8802984532238947,1465.7879812304668,2132.953828942707,2033.8471495546796,0.0,0.0,257.1196136698775,59.09108389571174,168.2225086083395,169.9443646178687,154.44434273916914,217.07557204346122,208.4869265229574,187.0612051047368,170.0272544911642,214.56935758805025,186.88658994823743,202.08038535185239,155.0486425388426
1702,966.7519211711042,2134.6474616128044,0.6701673327176328,0.3313711759407959,0.011105812381411185,49,0.0,0.09616477977887015,12.874369432521588,-2.7743149178398356,966.7519211711042,2134.6474616128044,1946.9163042264186,60.58840163511364,0.0,257.5244005585315,59.09081913903697,137.54029864521374,158.91161997275628,181.23872811353903,197.49229912689435,194.85481733316814,179.6821015135679,211.72616809900134,195.1774768630829,173.4482976611181,183.72668394185553,133.11781295622114
1703,1527.0144679673542,2135.811331329176,0.41747705926430173,0.1572393170335995,0.04820680641439975,49,0.0,0.023320091726540378,3.462283502306134,-1.3484065658719502,1527.0144679673542,2135.811331329176,1219.7705834565027,0.0,0.0,257.06995236076216,59.092306760177244,110.42242654097134,84.35565597917521,123.15737969090088,110.91108584901764,98.51901741633738,124.18442161511436,112.0026477499078,105.5626041958928,139.55130957679563,127.72509714791579,83.37893769447368
1704,2508.033022900943,2135.44550489958,0.7072637502601278,0.4589773144566147,-0.4763863186769394,49,0.0,0.01775386118847568,1.8678499969274311,-0.6783549900637946,2508.033022900943,2135.44550489958,983.5215066816817,0.0,0.0,256.2742214900633,59.0900838653278,94.73415753336171,98.14034674732453,100.289197096284,82.16450430351773,75.79715321933526,97.56890243199203,96.13718105291449,74.8677798347989,98.26551565007739,89.54413552962674,76.0126332824491
1705,924.5567408125868,2137.3106944314463,0.23516170241689383,0.15775421400936498,-0.23088477037717312,49,0.0,0.007678331140837259,1.1626994156161066,-0.1636686354628209,924.5567408125868,2137.3106944314463,833.5351504517212,2.414998386733312,0.0,257.55864237188104,59.09178891367036,77.54753730628754,81.30181709600677,66.23625039762439,74.33385040456976,81.96623701433751,78.04993360111038,80.57429780318965,64.28820925696448,74.14022367392994,87.62502469469439,67.4717692030064
1706,392.4647264653903,2140.0541279394783,0.2678062296928977,-0.22594616701092615,-0.3761738356058172,49,0.0,0.010621962484158757,1.4045575971822888,-0.36884888291937923,392.4647264653903,2140.0541279394783,1142.557778769374,0.0,674.3252353419741,257.99022206812623,59.09039529271476,95.12696303590027,96.17856351946654,108.33674215145126,96.01427747419072,117.07546648943735,105.78923040230063,121.54035064426108,125.51484923380455,95.58630484282719,108.71443540969635,72.68059556603802
1707,2109.2859377502864,2140.566373685933,0.2829425761435418,0.20835833937378168,0.16957169325091265,49,0.0,0.009528508660204004,1.6513905320082756,-0.5446244757672877,2109.2859377502864,2140.566373685933,949.9851721061389,0.0,0.0,256.5976134970427,59.09364653469833,70.24008359913634,68.3761538686253,90.87675411538342,97.99648918861604,94.74827120756572,83.83888223324476,110.16556449564442,82.8541223423774,84.19930237861638,87.92691756469297,78.76263111223619
1708,2632.405950668076,2140.520345213762,0.519409302441045,0.4965637958466699,-0.21372884805073628,49,0.0,0.02495933249626331,3.332694914797127,-1.306988897049227,2632.405950668076,2140.520345213762,1276.8521059688715,0.0,0.0,256.17330168290255,59.091587790912584,124.99966667532114,120.49454162474377,106.01028474612346,116.58961120197749,117.93682927712031,103.52828672628566,107.53943022329602,123.71821925682674,125.59136540961948,127.34584439377363,103.09802643378359
1709,2187.7515126678095,2143.5565919581936,0.5797380138115362,0.5911703169514256,0.025715971596201672,49,0.0,0.018009532544289168,2.2084715819907723,-0.8602295381189213,2187.7515126678095,2143.5565919581936,1085.4438502513153,0.0,0.0,256.53394733616676,59.09467475135346,89.92710943575543,108.34826209491607,92.23806897431376,110.42955381816297,88.77821148352434,94.44978283771515,94.10647781012722,94.28874393837506,118.48780804712227,108.61578136896026,85.77405044234288
1710,2929.987244883241,2143.811766126672,0.4884220229178592,0.5469865128579664,0.9958895250720124,49,0.0,0.022982498025243554,4.58996140591357,-1.6545225846115421,2929.987244883241,2143.811766126672,687.1316423946084,0.0,14.969451398693721,255.9319231199993,59.091180901087704,14.150013553164342,48.46169719701679,0.0,0.0,267.42696781372695,27.33852687622834,0.0,58.280014582253315,241.83458290203237,15.962872121124565,13.6769673490618
1711,1290.083009450758,2149.55611163033,0.3580399543517241,0.4878046914938885,-0.07604592890898398,49,0.0,0.009722168232732201,1.3982793860559626,-0.3639848879299907,1290.083009450758,2149.55611163033,847.7975806578993,0.0,0.0,257.2621848455074,59.09780342582684,62.241012075384205,67.23893428947459,94.42438584642271,65.49154245525561,87.00596996774634,93.2219708352699,77.54369243552021,75.81227713346523,75.92624521497704,84.56960782206988,64.32194258231345
1712,1213.530447752214,2150.5063548340095,0.5980117940736386,0.4298982011357288,0.005039622370941273,49,0.0,0.305240685799405,44.52961146996228,-4.121622264597226,1213.530447752214,2150.5063548340095,5254.053438624191,0.0,0.0,257.32429457159583,59.098064217467694,410.6012296907461,484.55654840110293,512.6923387642911,489.83811944826493,500.09008667885905,488.69329585362914,526.6943063598753,509.45838917012696,490.9811361024703,478.1551213584743,362.29286679635095
1713,1591.6253081526183,2150.673530105991,0.6643190668751698,0.5821774432685578,0.009762691984336875,49,0.0,0.051983639862149836,6.830285902690199,-2.0860972069937302,1591.6253081526183,2150.673530105991,1354.7060638190078,0.0,0.0,257.0175431826626,59.098512712947134,95.19829511171906,129.7705427780757,135.10736030835133,107.87456088801895,119.8038297382324,124.81572520760933,135.37539649086645,136.3445314708824,132.70611053589965,125.27841120202446,112.431300087328
1714,2564.2874207181535,2151.2438422768396,0.6989631846080095,0.8274800927842895,-0.06840766775172141,49,0.0,0.01701338602946415,1.8467693773690683,-0.6660316614625729,2564.2874207181535,2151.2438422768396,961.2317446433995,0.0,0.0,256.22844803549015,59.096399429086546,97.38010614435072,97.60262840767324,79.25027513223982,82.28592742563977,87.76251381939795,102.25793197714508,74.58477949294556,81.67697178321117,89.0540970656678,93.83110962118693,75.54540377394156
1715,2914.5482250734644,2152.1327392540497,0.5965783722470223,0.01133892258149319,0.29569365932932146,49,0.0,0.04924773414414882,8.134835609085748,-2.2758719525588673,2914.5482250734644,2152.1327392540497,1417.3780336523487,0.0,166.75141041728472,255.944336165881,59.09475059101863,129.91784248020392,52.336938817433946,31.101395072864417,216.88991141565714,201.0918434722115,59.4657725419503,171.8138043718372,232.33823749594694,197.69769123603444,109.08198259508589,15.642614153122995
1716,1712.5956409666808,2152.5201442881403,0.418854552949145,-0.08308636104037746,-0.24948211047365054,49,0.0,0.010604804898968829,1.5168019898636407,-0.4523222243425594,1712.5956409666808,2152.5201442881403,933.7000965879461,0.0,0.0,256.9193958145516,59.099250515185545,82.02494858573587,100.26205385483857,84.49064673932043,97.58132378734649,61.48691089354904,74.3973255496945,90.90745413984763,90.54118582913193,89.38860669241582,96.3476397660259,66.27200075003998
1717,1304.1668999064461,2155.751457954526,0.49084474123866945,0.39959633638374337,0.3176158057230839,49,0.0,0.008699158764215072,1.1698764245858368,-0.17034997283787567,1304.1668999064461,2155.751457954526,831.8648989678397,0.0,0.0,257.25077675185065,59.10040638581392,83.64592455869789,63.47968397375496,74.04084822702646,75.3269238400401,79.99822178336873,65.09458297807313,96.08335174278845,69.26981515106573,75.35681534708303,86.19784657074999,63.37088479519127
1718,2737.23128184596,2156.3737543604675,0.7184383878085457,-0.13662344609319707,-0.8154230583115256,49,0.0,0.011837189280256656,1.066373049126142,-0.06977290111459734,2737.23128184596,2156.3737543604675,959.6741049232036,0.0,0.0,256.0881083598735,59.09761719343013,87.12156614431845,81.26961641748531,86.3520521942175,78.21996484367511,105.62736670292432,87.14606923981421,85.84506175634405,75.1475298790843,103.96207538250883,96.4824383732491,72.50036398958233
1719,1005.3830792087881,2159.6762601974046,0.366389325057703,0.3845918644041327,0.21803467452059264,49,0.0,0.009541994402593627,1.111112010896876,-0.11439460563831506,1005.3830792087881,2159.6762601974046,1055.633169374326,0.0,0.0,257.4932133178808,59.101367398020514,88.84141168312513,115.57957551998035,90.6397692374724,103.12067953850084,87.06037938931144,104.59300164280421,94.3923632760994,93.94292078935041,105.77905441991552,98.66822155982487,73.01579231794139
1720,1491.8071498442218,2165.3291740624168,0.6217855861497747,0.07940498963628549,-0.0818446225712343,49,0.0,0.2611152518969647,37.87466132796132,-3.94587189525741,1491.8071498442218,2165.3291740624168,4227.288902582104,0.0,0.0,257.09854304984725,59.10458941838969,357.8865698587719,415.4405200484043,370.0588343727121,359.42551464104184,375.79494302758906,381.9375949493437,373.42353098594697,419.3729563416121,423.6357332118795,448.85610530304416,301.4565998417586
1721,379.51940228785764,2166.2267347316797,0.5056644208638669,0.4032326468167195,0.005887293604820931,49,0.0,0.3851535479770939,53.01351647958626,-4.310966531742656,379.51940228785764,2166.2267347316797,10208.215158690346,0.0,9496.610559668106,258.0010345679711,59.101219183392296,895.7628239420337,940.3027534614882,913.0445348915549,970.4663417599002,969.832003626213,908.5515760912785,982.5502755407392,922.3883649616095,960.1253189021596,990.7934436264011,754.3977218869682
1722,1578.7024493824047,2173.7672872317485,0.3650080980915493,0.15884805802909116,0.0719351728471558,49,0.0,0.0076512992446711335,1.1004962045508362,-0.10397137268577353,1578.7024493824047,2173.7672872317485,853.4502154101099,0.0,0.0,257.0280326817886,59.1081339473817,73.81822199131919,92.47230694931842,87.44936075727043,72.56211945261862,70.81047836286633,82.2941450345896,70.47315711694965,74.45050359554557,77.98732683805476,91.19581813217275,59.93677717940448
1723,2038.3610857194112,2174.83432089821,0.6494240298467394,0.13809684167465988,0.0023606516523200457,49,0.0,0.015213290560284943,1.606273130745512,-0.5145484866811225,2038.3610857194112,2174.83432089821,1140.9001665989101,0.0,0.0,256.65499889506975,59.108094254901,118.06429829292297,109.44285833954274,108.35692416110658,102.54524648185092,104.91542186719428,112.59631938048281,89.24730541195387,114.02319647703412,97.60936275984074,98.40007344320443,85.69915998377665
1724,1590.768723066258,2176.3940197279053,0.5125091888838712,0.3542585231456107,0.1696782690966845,49,0.0,0.011482064281102515,1.2853876633399144,-0.27258531850435386,1590.768723066258,2176.3940197279053,973.337588804857,0.0,0.0,257.01824060769246,59.10922936348372,93.19736524985942,89.5605693309559,101.00505578309351,91.89075769834764,85.91064015694752,80.0635462358091,89.68338077884064,87.9065359523133,84.34349862606055,106.49091470539648,63.285324287232854
1725,1007.9252710608289,2178.8328250932727,0.5461567123896053,-0.050789600627817524,0.04662163905156687,49,0.0,0.015255571933494038,1.865003553699718,-0.6766991591964945,1007.9252710608289,2178.8328250932727,974.4843369449129,0.0,0.0,257.49126238717184,59.10935652688336,71.17461949104828,98.10436688029063,99.08789637328704,92.10532723624641,93.82159973399219,103.09991323521913,79.56187268048348,84.29250156048384,81.69703642917852,93.56044754702654,77.97875577765679
1726,465.93287758251296,2179.755941231956,0.48528707213818767,0.527240526432444,0.12077876273967243,49,0.0,0.05128251399936967,6.3938392274585425,-2.014404279438238,465.93287758251296,2179.755941231956,2388.8652387457046,0.0,6.367898749650112,257.9310830465267,59.10737079330891,177.695853771147,236.8012948279981,225.4421947519612,237.0365346629963,199.266185440943,204.5608108320596,212.01398124417426,237.02066495548914,232.32242531647677,244.83061495857734,181.87467798388178
1727,2187.4183023682854,2182.7664049176155,0.6756017838179154,0.3907388349390196,0.18347289797482305,49,0.0,0.01041022047831666,1.024846859399615,-0.026647436439102067,2187.4183023682854,2182.7664049176155,888.2078397107439,0.0,0.0,256.5339912723764,59.111012327643564,84.98088262091775,75.04220208359385,79.93361461821742,76.3468618202366,74.0648235912918,83.43954850104461,91.5276820706008,84.54282809628694,82.97665767167837,79.16501536138591,76.18772327548972
1728,2819.0068132954952,2182.146774766172,0.4932365575540831,0.6981595887957249,0.23978950329778476,49,0.0,0.018006431425024613,1.907300831096282,-0.7010479950444297,2819.0068132954952,2182.146774766172,1598.6217463101534,0.0,906.3515781090939,256.02146739058634,59.10786670984753,130.14524531026518,150.90738939300152,128.8594883752495,166.54154596320612,143.33359526341616,141.87789052105003,152.37475469789356,158.60891295469077,151.7137282328587,158.993824597998,115.26537100052369
1729,2047.9515221143815,2185.63908244261,0.2691374291026877,-0.07396737042811147,0.30930577803110976,49,0.0,0.012348963528990915,1.679951397550922,-0.5632417934801753,2047.9515221143815,2185.63908244261,1174.3676601516042,0.0,0.0,256.6471684525223,59.11257456910195,115.0012584487936,107.66149026047422,110.90612803376652,100.02205870837341,114.4876850972354,102.26237880757496,97.05212976600191,135.548071276161,91.315895969542,114.7247226285746,85.3858411551065
1730,2644.784906915493,2185.710418867873,0.8296857761055263,0.8035715568095139,-0.4510588071446751,49,0.0,0.013505551210716619,1.1735937400695262,-0.1737944608037429,2644.784906915493,2185.710418867873,936.9245606262818,0.0,0.0,256.16279770174594,59.1103495868817,90.8540473342418,87.42537184757623,89.28569051396477,88.120932606743,89.77905153957335,91.00568508110979,81.3526513744487,75.7268945400254,77.43142334292654,90.30601015864094,75.6368022870314
1731,1690.8839356145106,2187.0926021728405,0.571943786614393,0.39963214152748533,-0.10224587655921337,49,0.0,0.034348348950223706,4.776515338209925,-1.6977779416951886,1690.8839356145106,2187.0926021728405,1322.0742474863605,0.0,0.0,256.93698052662404,59.11366657542375,108.28454782185969,104.90352305505505,146.05171134139937,100.07120570390009,143.1700269142545,116.1316268375721,120.32967605058818,123.83915935671013,110.02165793333981,142.50175566287623,106.76935680880541
1732,564.7501261212673,2189.3686315252476,0.5026808225280638,0.5273003378547804,-0.23254547635477785,49,0.0,0.03867802180190482,5.379966793230501,-1.8269489876969849,564.7501261212673,2189.3686315252476,1536.92607850549,0.0,0.0,257.850999490642,59.1119186073088,128.48218377548662,164.42998526129435,148.18708923702656,140.66256602860489,142.4351209938054,136.3329646722355,150.53092061412465,145.74001720043964,135.84242344151883,152.99992257456057,91.28288470639288
1733,307.2518209458644,2192.2524711255546,0.6721094755991608,0.2150610639940479,0.1794700832125881,49,0.0,0.015037339137835573,2.219615812719306,-0.865694525253812,307.2518209458644,2192.2524711255546,555.6221087947422,0.0,239.53291909663932,258.0599901313941,59.11160130621394,18.072953284264404,79.85618988899878,52.27222875048432,36.037330353316975,27.49174038646038,22.35764391594352,39.334544814268085,63.04879543654127,51.97185538732546,144.95511222770253,20.223714349436417
1734,739.4807202955946,2194.039154370958,0.6313015090550652,0.3442904661589952,-0.14524800565822696,49,0.0,0.03302891545054583,4.232245596853209,-1.5664271545759088,739.4807202955946,2194.039154370958,1276.3417354796657,0.0,0.0,257.7092361428944,59.11470381573463,102.49183523327765,129.35552400211458,109.13251431611455,128.5002965950648,112.1600176043663,139.3450166229053,89.21259659436419,121.90337560780074,126.62651793767294,121.63557512569956,95.97846584028483
1735,2203.0409976481324,2194.221879644821,0.8163311638171614,0.38249732355776744,0.22453541452873646,49,0.0,0.016026315951512278,1.5429205987719967,-0.4708589428272613,2203.0409976481324,2194.221879644821,972.4980835569909,0.0,0.0,256.52124433079814,59.1157381219992,69.12054373352316,83.85907327633417,89.1214455873519,80.15689609757735,90.7386022871115,74.45919300411875,109.41562691220776,107.18427824688501,98.88852057104741,100.58654376360828,68.96736007722566
1736,1646.4441742183203,2194.3391790462083,0.5489887196391607,0.09346568937704251,-0.050805924569956064,49,0.0,0.014293957403137058,1.80714798676891,-0.6424842956324656,1646.4441742183203,2194.3391790462083,911.481335728633,0.0,0.0,256.97304791585015,59.11670127073801,79.93963143620404,87.29536645287102,64.75309859472522,85.49511369969363,93.36231588972312,82.24260027045025,82.66141793870193,87.56925848491508,82.49322707879826,97.4776379716073,68.19166791094307
1737,646.2740208910046,2200.8797949999275,0.5534118129292738,0.14307318747885464,0.31210646622132293,49,0.0,0.009602108458264952,1.0786007987109956,-0.08215184387546742,646.2740208910046,2200.8797949999275,822.0209358646966,0.0,0.0,257.7849479187158,59.117125246287095,79.9539896568554,68.91792771698402,70.40909607049296,67.15135764293849,77.54451393409904,63.18765515106769,84.37868714141592,80.52264352735477,78.61547609555888,79.36336020072312,71.97622872720633
1738,2123.1248773046673,2202.127845507043,0.9010647761523805,-0.8527545094351802,-0.48530661043329093,49,0.0,0.01320873875760533,1.1173156431727727,-0.12043969806078808,2123.1248773046673,2202.127845507043,919.7447116412857,0.0,0.0,256.5860711554103,59.11925988251548,93.94317865767958,83.43862114138534,73.74855136684181,74.41035079469745,83.06572835365193,96.64165550899077,88.34993099862425,92.77902399168292,87.17889158117458,91.51964856017088,54.669130686386076
1739,1476.640027239222,2202.8087675254683,0.6064006731318892,-0.10920089232763608,-0.12310430324058753,49,0.0,0.009587213787671483,1.012034466917603,-0.012988258871169507,1476.640027239222,2202.8087675254683,801.1196233170781,0.0,0.0,257.11089625061504,59.120196680077754,65.52368889039086,68.19051110993482,72.62887094059997,76.5376974469224,75.91695190952353,75.00936762006523,75.28099737264118,71.0737281829901,83.66398415413315,86.70329656892432,50.590529120952525
1740,2182.1943941641393,2203.924690171105,0.32980466243189455,-0.5920978424572875,-0.08939570516229607,49,0.0,0.007501520782398408,1.1766109650517191,-0.17658222834900536,2182.1943941641393,2203.924690171105,910.5910935159161,0.0,0.0,256.53810973197454,59.11984327774724,82.68104594390586,86.3045925845336,78.40332433161106,86.03257505901598,77.5811286533785,89.76998874273716,73.64408410479649,82.26814842866864,90.76483399519438,88.07296439839979,75.0684072736745
1741,424.22622335083884,2204.714933775827,0.8120182810605843,0.4977779595316224,0.2154565288752487,49,0.0,0.018316868559199045,1.6987260513433107,-0.5753083677395093,424.22622335083884,2204.714933775827,1065.0489489609795,0.0,705.7990233187402,257.9652121944717,59.11752471933645,99.36337147897255,92.80145039963017,91.29920742292347,75.84671348475163,113.19935278865006,101.8864590996848,88.60509450531504,98.6236603547311,99.90855008559687,111.38581903623466,92.1292703044891
1742,925.586620121342,2208.370427609476,0.38597230399693877,-0.1572721496136545,0.011535574476629637,49,0.0,0.009585477840040397,1.2324658899163152,-0.22693727113865494,925.586620121342,2208.370427609476,927.9055349437268,0.0,0.0,257.55827886279496,59.121398795004595,91.34537882753048,80.9542851752146,83.76155799841229,94.65785030384984,86.66411648293243,88.14841381262936,95.27587331243808,83.94972342640511,75.6754326705855,78.67049509485031,68.80240783887882
1743,1311.0819918095035,2210.6572823666042,0.6321292174021009,0.239517636260704,-0.02821138067461922,49,0.0,0.0945922523594081,13.205080563907739,-2.8018526379304056,1311.0819918095035,2210.6572823666042,2068.0782751849356,0.0,0.0,257.24532255395604,59.1232934636631,180.92810663427574,188.60607551853934,185.1083014761173,189.6997721681405,195.26095071998782,192.95084671269433,213.16296759536425,198.71221390413046,181.90063733542473,185.59989445074342,156.14850866951792
1744,2658.411805791785,2212.2108001878028,0.4674871868465684,0.9902640660730834,-0.3213744800269771,49,0.0,0.03787317770162785,5.457300232515996,-1.8424446177079314,2658.411805791785,2212.2108001878028,1644.546572658106,0.0,0.0,256.1514637513146,59.12131742674336,146.4690976150856,144.7376210583892,139.25519135729104,149.29198359468515,168.25888315413624,156.82268259433926,180.270900857672,149.1357111682358,146.81307122975863,170.47647727061263,93.01495275790055
1745,1118.8327791046263,2213.0444650967142,0.8807160137436031,-0.2639490554888698,0.20406474026498903,49,0.0,0.011500514807281082,1.0107647258991017,-0.011625193293115663,1118.8327791046263,2213.0444650967142,852.3644840884119,0.0,0.0,257.4014178556869,59.12391248348884,68.43570531496692,89.70062164207363,84.18158203763191,77.66211029284617,61.34305160858423,70.45322744985492,81.78950073680161,77.92840320469907,72.50911805195878,93.84867876882925,74.51248498016544
1746,1656.7824578936725,2213.415820615768,0.6530826339095874,0.40811432195902664,0.0061871949834890905,49,0.0,0.019127564623264866,2.1882691793590525,-0.8502518589613535,1656.7824578936725,2213.415820615768,986.4660372852201,0.0,0.0,256.9646452707742,59.12464703874584,75.5616418050869,82.09363351389146,79.78875921737676,96.28912039306601,98.23048869452415,96.36949572415274,92.07987801245413,102.87150967644257,97.01689509317472,99.86633287610789,66.29828227894262
1747,2834.5135395578195,2211.7066337880888,0.5088822804661681,-0.11305039175281469,0.5105660083622089,49,0.0,0.01369134897890758,1.9522475673419735,-0.7263372258382461,2834.5135395578195,2211.7066337880888,1242.950747264268,0.0,795.4560328156277,256.00852649098493,59.120084918245425,134.07155639555577,108.12167330199321,136.46453815257166,104.63292387049756,87.63908206787862,121.02054037850901,127.01013864807919,130.7582546497805,159.84402741073487,74.4048036977743,58.98320869089339
1748,2214.6774761083666,2216.4483932785765,0.8437618374643577,0.016784304055685276,-0.41346111254597273,49,0.0,0.026225958711314973,2.5682484583759213,-1.024092590238563,2214.6774761083666,2216.4483932785765,1207.4426485788913,0.0,0.0,256.5116647505647,59.12496277879038,117.98948023878317,97.55994287828347,124.09302664376268,104.27280508733769,100.5796140497402,89.61216678514978,119.1247331592212,124.60063775519949,112.57159302472276,128.17047063677802,88.86817831991281
1749,2852.8820160533255,2217.036941333455,0.8230608921787778,-0.08157981994694487,-0.23776580219152163,49,0.0,0.03587595610809491,4.359451724521833,-1.5985796818942335,2852.8820160533255,2217.036941333455,1222.7064536339037,0.0,614.1879969462731,255.9935516814941,59.122189792429744,84.33478760890155,106.86718767891244,80.57946666321817,118.96834210009149,219.93324652678913,117.76742965713775,181.1801709234252,93.5513746394656,68.83983020106072,83.13469574392346,67.54992189097831
1750,1587.0661055184632,2218.7535993685365,0.5058604175892037,0.9303896745248361,-0.4179316237960588,49,0.0,0.009488266334949001,1.2250041515810492,-0.22034390135481824,1587.0661055184632,2218.7535993685365,817.1301714990602,0.0,0.0,257.0212511471189,59.12687863792138,71.58568593780637,65.426464264982,87.209132617722,75.61372386100354,73.55597174140055,75.18344680162414,74.6924678760706,75.96112483040532,71.00082819840435,78.11354225204406,68.78778311759726
1751,2351.7862894158325,2219.259771468333,0.22448986592135595,0.0929566531952005,-0.22936743935131762,49,0.0,0.007473697545854818,1.2198493190631199,-0.21576547025048748,2351.7862894158325,2219.259771468333,871.699411128768,0.0,0.0,256.40032679874463,59.125659722354584,75.9165552985597,76.24341935931744,87.4358515551884,74.38720008418704,84.70720366708844,70.69586842608564,94.1897898081591,80.27596022044155,88.18251632176612,79.81466709244759,59.85037929552689
1752,795.0150199740627,2220.9921857217246,0.3716866499751212,-0.4524585048136672,-0.2665902830154295,49,0.0,0.011539107740966925,1.4634586215083094,-0.41345111876145785,795.0150199740627,2220.9921857217246,937.185419676225,0.0,0.0,257.6643765186826,59.12616770381253,81.0811895935953,84.55307359400189,96.8203149544108,85.11173778208092,79.84245008317079,95.45907018772907,73.71461113412111,87.15447223538513,87.20787752129971,83.77391389627218,82.46670869415813
1753,1697.124717676675,2221.2883777193256,0.7401658947849655,-0.8066412736548961,-0.4233985609115968,49,0.0,0.014260548247721975,1.4370350154166984,-0.39366837617582506,1697.124717676675,2221.2883777193256,915.9788590639453,0.0,0.0,256.9318825055172,59.127911571298846,78.92621773757008,87.58923136702902,92.66485926436425,74.83106116531064,60.2758360321083,84.34899137933976,80.42419923653623,91.62207870523197,94.01364196780172,80.0209432151903,91.26179899346297
1754,2533.5747743363418,2223.394271965471,0.9695241880642379,0.47371603480837077,0.27048897600996746,49,0.0,0.014204561394198996,1.095121879731367,-0.09865613983351118,2533.5747743363418,2223.394271965471,944.7659047771131,0.0,0.0,256.2526989247691,59.12660639035658,85.937585086519,94.14501027722245,79.53542864344155,90.0766605924241,85.60754698034367,80.34675401172258,74.68643227000126,93.47176545836305,99.88453321316456,87.78488628079009,73.28930196312079
1755,2495.374472145546,2224.6724127145185,0.5560463455177415,0.6821377830739371,0.23086336947083347,49,0.0,0.02830458028792108,3.2400826199806025,-1.2763902114302579,2495.374472145546,2224.6724127145185,1448.8916897735346,0.0,0.0,256.28370238921605,59.12731583776126,117.48074666482611,129.7675760564905,148.74881114802636,129.96005475543103,143.5218743394674,130.88019311521123,135.3510637485511,127.1465238623498,143.1319431382849,126.95251692939675,115.95038601549953
1756,1117.3622024038011,2226.1690529388306,0.6056742717775169,0.16026607027860515,-0.05585930070303146,49,0.0,0.04913751380038954,6.7278886094859365,-2.069696981095454,1117.3622024038011,2226.1690529388306,1453.5018691688965,0.0,0.0,257.4026742662787,59.12937722826836,136.6161677010088,130.94004718484933,133.01912290821718,120.92617101913017,129.65541527338294,136.94601954503065,133.46310126837884,133.35059581101143,155.04053187176078,147.0474837790985,96.49721280702796
1757,1428.5877799733225,2226.315007217805,0.6209459348764179,0.28609078022901197,-0.17967950696819363,49,0.0,0.11141663292118038,15.704066645848748,-2.990030324201305,1428.5877799733225,2226.315007217805,2223.3040706800757,0.0,0.0,257.149946183385,59.129954715988184,194.5742649388402,206.23845723846773,200.4915209004239,227.4812351557802,206.670958352868,200.90224112753842,189.80217251661864,221.42170075650742,200.53018140503002,202.7380757633448,172.4532625246564
1758,1804.0407230872463,2228.1164526123666,0.44691854538617976,-0.060349687271628,0.8269135734748024,49,0.0,0.011436944205797538,1.360538283578012,-0.334276916764552,1804.0407230872463,2228.1164526123666,985.9967678023363,0.0,0.0,256.8450520347054,59.13067520350595,81.02425635187754,100.91869441136141,101.78402079645448,98.05340436467229,102.07348773218702,96.81523226807775,86.69556688336671,77.00431073745679,82.1328536173491,81.4388173117025,78.0561233278307
1759,1403.0219850226597,2229.5004356132854,0.6842562883661686,0.2333505136509654,-0.0874687024715534,49,0.0,0.0334808199756761,4.247776140069605,-1.5704040528493475,1403.0219850226597,2229.5004356132854,1057.1100634627705,0.0,0.0,257.1707132629251,59.13125801076154,92.74660005381924,100.1433454923117,90.02657470485937,89.06565585431122,123.49272593244822,102.29544370922173,99.8194148719863,89.81874288126008,85.09478822713733,95.17520885174318,89.4315628836723
1760,2400.6286993469607,2230.5887329047755,0.6997244655609695,0.6715906832968169,-0.14612405473623225,49,0.0,0.025386217469347695,3.015192463722056,-1.198287597380059,2400.6286993469607,2230.5887329047755,1025.0641493699247,0.0,0.0,256.3605826055303,59.130187718596204,89.62387111086294,94.60504423529954,83.44825004472095,81.18417675008092,82.91857760484717,86.52815530912633,99.83444896965534,114.52133540721074,111.78598411840709,103.47986622074366,77.13443959897006
1761,1937.7561564078687,2231.9680622481023,0.4088486402743123,0.44395891481341676,-0.13481077282053724,49,0.0,0.009575658872277194,1.1262693056568276,-0.12910562099636744,1937.7561564078687,2231.9680622481023,940.2398129616726,0.0,0.0,256.7364531959243,59.132096714977294,92.845710091179,94.01852940892799,82.21789107720795,82.6831301539624,76.98539584191536,88.09140700470908,81.42526065046442,92.5452320669298,76.60981431430655,91.05121051639229,81.76623183567773
1762,2838.3960655424244,2232.5449730362247,0.6461720738854296,0.8431659967562325,-0.0016000906967357734,49,0.0,0.010525252688798399,1.3220132943902676,-0.3030895562766686,2838.3960655424244,2232.5449730362247,947.8560535072095,0.0,548.9656884317246,256.00512112687136,59.12874173971091,62.47566611487594,168.00848724285134,79.2698891932942,80.51156167472465,142.25787502488618,81.90994739428848,86.76016969473167,67.02228932826094,70.09416753708228,69.27040449956547,40.27559580264837
1763,670.1791293792436,2233.1621654409473,0.8934041654103776,0.8065552352330284,0.11249672476059919,49,0.0,0.021935522953864493,2.04960031561831,-0.779172948194248,670.1791293792436,2233.1621654409473,1020.6495812080353,0.0,0.0,257.7658406897957,59.13068891207232,91.19905527417356,111.62699867889928,107.07785735775413,91.83949101539481,79.83673414752934,81.05631844810263,112.98128423121153,72.14636731958653,103.73509714184641,100.87017091314739,68.28020668038974
1764,2838.1097253015723,2236.0537181468007,0.690492173475887,-0.8315208521760462,-0.06013928063064694,49,0.0,0.01269307502189769,1.600152312975522,-0.5104033090405292,2838.1097253015723,2236.0537181468007,845.5804803503089,0.0,517.3857522700464,256.00531082200536,59.1302052580449,56.39137169931274,151.69583423670787,65.01651230573518,91.38421216471897,125.72388580052143,69.53420231091067,58.76905345986307,75.14741852408079,65.57235032990334,56.16887338020476,30.17676613835014
1765,1705.150147612761,2238.414509181461,0.5504149018627014,0.31802933141533546,-0.005690478433364716,49,0.0,0.08755713308408522,13.730280516685461,-2.8441985254669926,1705.150147612761,2238.414509181461,1933.9031757035677,0.0,0.0,256.9253481063997,59.1350432085729,163.06664549730726,192.16951656588446,160.38789712511397,175.26934322385753,202.8140012674939,181.50316863127847,182.80561010438944,184.49524150057943,191.78399486176937,182.02268596266345,117.58507096323072
1766,742.4182239046723,2240.638744087672,0.257438195621169,-0.01642206644819238,-0.1432548217929223,49,0.0,0.011513629478726117,1.7960333676407774,-0.635786002386745,742.4182239046723,2240.638744087672,972.3667024917947,0.0,0.0,257.7072457946969,59.134131281021645,93.87781834250632,90.02298886578492,89.24520205172414,85.78243032113741,89.15884907945504,83.4775401944601,79.58768552642998,96.62561726412581,97.01930135888367,103.51174083358453,64.0575286537028
1767,531.9937519704014,2242.2068389097744,0.4865501895298797,0.3607057652490815,0.01564455946523552,49,0.0,0.11764947751252583,16.67009995181076,-3.054845509526482,531.9937519704014,2242.2068389097744,3476.976825470494,0.0,0.0,257.87813784604225,59.13375701667909,272.991936635221,334.2593397736373,342.41963572915677,301.3798154626454,328.78358258363465,320.828540720517,328.4952571998898,322.02816325281907,342.1221847667805,333.31043659044997,250.35793275574196
1768,1376.0814925331877,2242.3476258548503,0.27554568366121235,-0.10237316057939479,-0.5554960199884604,49,0.0,0.0105374046816513,1.441927040649891,-0.3973582157214066,1376.0814925331877,2242.3476258548503,965.4375845621928,0.0,0.0,257.19261968850907,59.13658205771373,85.12596820643496,85.25222458456275,87.7403812206579,85.5232999698876,107.73065891226994,74.5838478304326,89.07629914564015,88.95663857514862,109.37937107964663,83.75722783148889,68.31166720602275
1769,1210.0292846619675,2244.9029871297357,0.2994235990808643,0.3041518945709546,0.3021869644634947,49,0.0,0.011412459139840937,2.113088770142557,-0.812294354998593,1210.0292846619675,2244.9029871297357,919.1042008561382,0.0,0.0,257.3274979100339,59.13738791484598,79.53735426304351,74.79583969635354,86.10067811467283,82.88773148875751,114.9717037021109,86.50999546932451,76.12204239324373,88.35694214992077,97.3229429474134,76.51714786659218,55.981822764705285
1770,2419.382493396908,2245.4880243229973,0.9431298644170234,0.5255576046535788,-0.13785187335444923,49,0.0,0.013093707950255992,1.007311118356798,-0.007909068929464831,2419.382493396908,2245.4880243229973,964.9100844648198,0.0,0.0,256.34523434692306,59.136318257707316,81.6118171174081,78.85590572110488,83.5276349341445,87.76503892009433,87.67408309316049,83.30552101353929,93.84085141704443,90.86095522898395,104.82757284550061,97.13883732776779,75.50186684607138
1771,1261.546791086696,2251.5524724956235,0.5050881421377285,0.4719755522083438,-0.04400855977395903,49,0.0,0.0709711258223848,11.02213640789796,-2.6056644536749074,1261.546791086696,2251.5524724956235,1887.1457680574958,0.0,0.0,257.2856763732068,59.14025370601818,158.47983025053267,178.09667761979037,167.90885689192157,167.54522324443525,173.24216475815405,161.24130537398665,162.60655862598202,172.02688957106,194.12863653070633,214.63627961642914,137.23334557449778
1772,382.48570504923356,2254.0594824539126,0.3752435511320055,0.1999700721181067,0.035558987736043934,49,0.0,0.046330315870162064,6.515379052278073,-2.0348492180125217,382.48570504923356,2254.0594824539126,2249.3787782999952,0.0,2008.927541251068,257.9996814738648,59.13782832624999,199.0869531351156,251.4876111488754,217.58436683889175,185.45927181876854,212.3425374559033,228.72280519648018,238.44406817802397,206.8073250647431,200.02761031168438,174.15801867476085,135.2582104767481
1773,1668.3647679164142,2255.306850937367,0.4418501561271386,0.5831431205275552,0.06025539623973162,49,0.0,0.009436208577625768,1.471601798539265,-0.4194757748466243,1668.3647679164142,2255.306850937367,866.194367447705,0.0,0.0,256.9552131756676,59.14209761217872,74.85288254527944,101.26999497827973,57.694753774635814,87.42595752691548,68.2526433716734,74.3958668520842,90.56872769481373,88.2421772547504,79.21032876950812,84.89596808073115,59.38506659903359
1774,2707.645980493296,2254.8974550658627,0.25133138531985594,0.6607851899890026,-0.6294175851308453,49,0.0,0.015426794883630067,2.2463317546639847,-0.8786847411003909,2707.645980493296,2254.8974550658627,1283.4144920049189,0.0,0.0,256.1110331918967,59.13883093089771,114.17220790774465,130.95739935302453,109.49431824911102,123.53682426840192,132.27182008041893,100.73489816489139,121.94139436304445,130.90848981385102,106.74398508515264,123.47490914803593,89.17824557124263
1775,1368.699660747632,2257.186626730742,0.7588873218933454,0.32244136542707214,-0.17553313456498984,49,0.0,0.027589481317763658,3.148553997225179,-1.245277864466686,1368.699660747632,2257.186626730742,1030.7683186357408,0.0,0.0,257.19864920785386,59.14275626625297,92.69314859100749,89.39909507803554,101.00798730048703,81.93080999949794,102.11145730366721,86.78322001616613,89.0374001764001,98.46086677314952,109.94244443391855,104.0691662200579,75.33272274335354
1776,977.6636550695882,2258.0332062427165,0.5927892172713783,0.36881953865677436,-0.30220120322320987,49,0.0,0.011435267771103434,1.1955978883592164,-0.1939628483144988,977.6636550695882,2258.0332062427165,849.9725259037928,0.0,0.0,257.5163066017834,59.14226159960898,69.81516998820886,77.92022610624963,70.50597152387326,80.17939733616547,68.47204978633025,79.19939140701112,88.97633904608907,82.7377680139117,88.49213545289092,75.74204676375594,67.93203047930655
1777,1389.3354752474004,2259.138106289637,0.4713382707013569,0.6932971549773297,0.15957671474047927,49,0.0,0.01043369978334261,1.354270511274366,-0.32926355492688153,1389.3354752474004,2259.138106289637,870.1364722357857,0.0,0.0,257.1818895855962,59.14359253901846,81.75882737832791,76.70426656990773,94.20104047826882,63.20476175744816,72.40192662081688,86.13460968161209,77.64893897121243,83.93408693265722,74.69171721874551,92.50606352505694,66.95023310173207
1778,845.4644794934145,2259.540118336499,0.47527339053541906,0.03642994938424839,-0.031819655922593025,49,0.0,0.1607808350309872,25.240515656544815,-3.5052455579382027,845.4644794934145,2259.540118336499,3918.323386888417,0.0,0.0,257.62370286590226,59.14242757021669,328.6707152978894,393.6221952949294,357.70682383635966,368.95409429491724,368.640969862818,362.7577360345577,330.48234014864556,362.2782703843038,383.6959123713018,373.5702097685476,287.94411959414685
1779,1296.5137526688416,2259.8977856652164,0.5833150341373213,0.8169795278540449,-0.0013774716184113388,49,0.0,0.010382849630121314,1.0759226599983696,-0.0794526357071615,1296.5137526688416,2259.8977856652164,849.6923003634897,0.0,0.0,257.2572979178363,59.143787809239505,68.77194391176678,74.9332156366576,71.43608579100692,82.44005338192807,81.11313226001359,84.20300883100575,77.31257319021302,82.20921669949072,72.68541409777698,85.80521487386828,68.78244168976198
1780,1190.1218641205837,2261.2477267521126,0.45677486921272675,0.10202054352607268,-0.021882277071702236,49,0.0,0.011327170124161587,1.4552683958954085,-0.40735774465671715,1190.1218641205837,2261.2477267521126,1027.6485056777756,0.0,0.0,257.3437332291653,59.144157537767974,106.5177841390217,104.23934000360694,82.86570549366454,95.02972212032732,99.32075702943106,85.2846779646855,105.31391750357335,79.83693915951207,107.18514713478629,88.41538731954691,73.6391278096201
1781,2554.5955724751166,2266.464230188714,0.4554409788965089,0.9706730933303316,-0.17734557443177856,49,0.0,0.03953562155857455,5.633318564629117,-1.8769107782963501,2554.5955724751166,2266.464230188714,1729.449077654862,0.0,0.0,256.2352274229482,59.14444965634689,170.6346268771025,161.62009565446897,145.75889938242955,154.39996778504405,167.24982032910637,137.90673661377417,148.01648200052546,170.47037681886735,168.74346546127094,168.97098055499598,135.67762617727675
1782,1521.6650143350132,2274.0006549665163,0.7038023141336363,0.26910293433962645,-0.03489133560718735,49,0.0,0.04444079500329085,5.652352166132511,-1.8805730311381494,1521.6650143350132,2274.0006549665163,1168.1308875228742,0.0,0.0,257.0743989556055,59.149882429992466,97.74015873708052,121.72396016934695,103.38046492553227,111.42121017612865,102.09097449527329,96.17682704106326,97.88156921583393,113.08869401251317,132.4235553152202,109.61409291120559,82.58938052367644
1783,1425.6102931900807,2275.3125065357262,0.6892909682885752,-0.29857627565762684,-0.17028835747532536,49,0.0,0.009422919621054408,1.0373568712499874,-0.03982046993169238,1425.6102931900807,2275.3125065357262,778.4388249556046,0.0,0.0,257.1524485474222,59.15036720438226,52.57050943852515,73.65625680919342,77.85250792582085,72.33013220971085,81.54686214922533,66.63262525922322,74.3574981102099,71.73642386225575,57.73258304606283,94.64634733808484,55.377078807292435
1784,1061.4612397584715,2278.233210273016,0.6021685665150852,0.30190957549773473,-0.05571232701459978,49,0.0,0.02826642401275452,3.597945584689646,-1.3901364769792761,1061.4612397584715,2278.233210273016,1245.0925606814415,0.0,0.0,257.44834352989426,59.15092469698927,100.44871633221942,119.22715998614696,113.16345822397687,114.05453348793435,127.30019963127656,98.06093542951741,141.8851298467232,105.99205127125475,134.1811201326737,104.31426870674102,86.46498763297726
1785,2162.6982671922915,2278.441445951071,0.5713770874386114,0.16011534671704494,-0.007054448780335709,49,0.0,0.03535098632086466,4.975224576804616,-1.7420317228881368,2162.6982671922915,2278.441445951071,1361.2011994859272,0.0,0.0,256.5535236122795,59.15094676685476,112.94553308268534,138.30151506091264,130.863627508668,129.2569839392,140.41660097841873,135.89344711083152,116.58097673806154,127.16171950422506,110.43964813270185,117.52156656928204,101.81958086094048
1786,2455.5342529408636,2278.062263003595,0.3179151272874426,0.49570103981409713,0.025473448983848467,49,0.0,0.008548817316197409,1.2663403067991752,-0.25637607602169865,2455.5342529408636,2278.062263003595,922.8648613606074,0.0,0.0,256.31559956574085,59.14973614811582,83.98361343831701,89.339901157554,80.59994372420064,104.49190394101542,73.08894319872545,81.916740114178,80.88543612200996,95.11925047547987,72.9393610562251,90.57974472411101,69.92002340879094
1787,2264.914039477215,2280.2368122592416,0.6068274755596792,0.22405411336736542,-0.34500239617021866,49,0.0,0.029110947328879658,3.50690718765717,-1.3623106804424756,2264.914039477215,2280.2368122592416,1574.6773198501942,0.0,0.0,256.47046001794627,59.15137676831337,139.29996868934998,150.84763178541397,145.01542565971585,152.48450668385365,154.23610818157874,119.49054053523712,159.96306571031283,145.15770557776045,149.68250944730806,156.96670492526636,101.53315265439733
1788,1106.2731100989297,2283.207196229907,0.8367586019465058,-0.5530590047061661,-0.21344439901880696,49,0.0,0.02845537548542542,2.3600599301335246,-0.9323075783954194,1106.2731100989297,2283.207196229907,1516.3720477120044,0.0,0.0,257.4119567586452,59.153114534992746,158.63636635749165,156.4524328371548,120.10744846538955,129.41033401088237,151.42912769641669,135.80435865169102,133.23979283651585,146.24349524306893,144.36114949189528,128.93172872881922,111.75581339267914
1789,2212.831386505847,2283.0692980123804,0.45198042426048396,0.28292051945991237,0.02950072495099346,49,0.0,0.012218008477723148,1.5776097554453292,-0.4949989578667238,2212.831386505847,2283.0692980123804,975.484798656764,0.0,0.0,256.5127614959229,59.15272556546556,96.76732481178195,90.86797319093827,68.5794864287573,84.58499988765485,75.86083120364714,90.17755933326598,106.01181321154408,88.28346077869438,103.5214105529721,92.16337680789621,78.66656244961177
1790,896.8555873839173,2284.2445707699826,0.4163621085488497,0.17675815653128646,-0.0564140944202362,49,0.0,0.10438263520552984,16.154484934501376,-3.020732789098352,896.8555873839173,2284.2445707699826,3251.555384970062,0.0,0.0,257.58212914101955,59.15291041242735,279.8787902908158,303.98059094534767,297.3711317183663,292.25036443790776,296.6608690741773,326.00663378440777,285.3913024991654,313.4711580466484,301.3573162658479,309.6280589067451,245.5591690006328
1791,1760.7364613241125,2285.441516579387,0.48022714392963184,0.3281321951704474,0.01492404414303837,49,0.0,0.01232548481490054,1.7139864996224738,-0.5850184920972454,1760.7364613241125,2285.441516579387,866.3541586681793,0.0,0.0,256.8801277745126,59.15459996690141,56.65675680606891,95.12217205563144,77.5159060708337,79.19571494915834,79.1173311542944,81.48465450208943,89.31694134616575,65.1218079596359,98.38271229200873,84.77508684590487,59.6650746863877
1792,1154.170714737101,2287.8774448487243,0.3708939618538004,0.23694796389848677,-0.041585963534836214,49,0.0,0.036699674801617635,6.900549286684951,-2.097209155350956,1154.170714737101,2287.8774448487243,1538.6199638854382,0.0,0.0,257.3730563407891,59.155174664091646,122.84650745698298,135.66382068262504,136.49541875769347,158.20311794653435,152.89213801314932,122.06576471196055,149.22089583170504,154.20148761836504,142.97024733029525,153.9050985629251,110.15546697320198
1793,1193.623923982552,2292.634002739838,0.5013652030495878,0.36649493923525944,-0.042491378359257904,49,0.0,0.012285534512280089,1.4085306993473359,-0.37191579250726964,1193.623923982552,2292.634002739838,941.2141999210323,0.0,0.0,257.3410141911862,59.15724187714852,91.69092567187789,89.90012768930637,96.39389922794368,77.9447828803126,85.87415680818934,82.98160119147276,91.97191220555601,88.49760852757825,78.68761033393565,96.76084550522728,60.51072987963259
1794,2838.6079630739546,2292.5263790757126,0.763722226949108,-0.6021165688193083,0.5672356607975692,49,0.0,0.02664414334533528,3.478048550836554,-1.3533391003004596,2838.6079630739546,2292.5263790757126,830.3850823934388,0.0,26.394148645531445,256.00421703029673,59.15372824901904,197.34034122310612,0.0,71.05031782589892,93.59783558848598,32.29280975986749,30.973547037376857,184.56709160641242,133.82344121533723,43.93617863498852,22.72381591592492,20.07970358604043
1795,1540.7128992141768,2297.2315468262404,0.8724122338786765,0.5752404290819284,0.04190195471721535,49,0.0,0.01401461676811494,1.3069105027783328,-0.2906146202896724,1540.7128992141768,2297.2315468262404,796.2665076656359,0.0,0.0,257.0589356462262,59.159568421762245,62.73686787553927,82.16791034087768,67.25997285863862,74.6425495722948,84.36712963307741,52.096715273740415,69.89035705526203,83.86798749591617,78.00582917312923,79.09812644848002,62.13306193868026
1796,2017.9091010507318,2297.515186161671,0.4238847625070338,0.2516335569756087,-0.24064632665805472,49,0.0,0.019712863315103933,2.736100416676723,-1.0928300805810123,2017.9091010507318,2297.515186161671,1176.3191090123769,0.0,0.0,256.6710916037925,59.15925358843298,106.64540242470062,98.80043652993784,83.63846225156226,118.39900064026435,125.2359181535085,96.32520180967842,111.80416467528889,113.65672355353217,121.39034287875992,117.27069649183366,83.15275960331022
1797,2169.324903857754,2298.4079108041583,0.625914252103914,0.5379734651531038,-0.05321777072726772,49,0.0,0.4781420883405696,67.43726154656069,-4.572249815986984,2169.324903857754,2298.4079108041583,7829.317285477415,0.0,0.0,256.5480272549383,59.15924663894961,666.8080555520985,726.0785498254118,715.536779349316,725.6360962682255,769.0094010629809,682.050294732275,719.9080289241963,718.2604085124367,743.8584618690254,787.1429112746937,575.0282981067561
1798,2268.783385887002,2297.8727093057037,0.6019009971601802,0.55124933562775,-0.11027963306875384,49,0.0,2.317268453472956,336.5787387778121,-6.317716696782916,2268.783385887002,2297.8727093057037,36621.80777594623,0.0,0.0,256.4671998104134,59.158711466033246,3112.232942124975,3349.6368555148356,3246.664048433259,3336.9979122564473,3468.0438469318206,3396.854208332347,3571.064928465926,3573.7616109147734,3492.447476220375,3547.5687702081054,2526.535176543367
1799,1922.209704381565,2300.478136375874,0.38160719108349933,0.3372006974858236,-0.17247849942621465,49,0.0,0.015888668761201756,2.6016233023834867,-1.0381110346189233,1922.209704381565,2300.478136375874,963.4897115968829,0.0,0.0,256.74886112993596,59.160667579798655,79.35389917574267,88.7188569646661,88.84020889663532,92.86003081070471,84.11461048585048,91.31124213559409,98.20425130056935,78.26957613401171,97.24902629849241,103.19292118328369,61.37508821133246
1800,1103.36084654413,2300.0613639752646,0.47176644420267355,-0.18228268545633558,-0.06981531576577299,49,0.0,0.012347085686295127,1.2796976087238412,-0.2677683960384343,1103.36084654413,2300.0613639752646,1491.1060426695446,0.0,0.0,257.4144058908715,59.16012942993971,124.84894058451894,128.5139048038149,146.25790965616113,154.2241013395149,115.79472824849178,153.41819753962517,147.5882019288853,154.61552712220322,123.75236089773105,161.36188696456952,80.73028358402874
1801,2238.704805630943,2300.652862353699,0.7961175514466864,0.17725527095479807,-0.6009396684097226,49,0.0,0.03367725071103976,3.1811600803094504,-1.2564638098682241,2238.704805630943,2300.652862353699,1576.685197840519,0.0,0.0,256.49162711269224,59.15996949233208,126.20410984701893,142.5264128023104,164.93138899878844,166.9941594070836,145.29348754241448,144.425643263935,115.74963638952102,139.5976927551136,156.8538199131138,152.94989930582568,121.1589476153942
1802,1708.3072321068678,2302.91519689602,0.7246645102414435,0.14362907423050114,-0.060677268827273735,49,0.0,0.03185904746226363,3.6908095817364486,-1.4178040985388807,1708.3072321068678,2302.91519689602,1086.9789837710598,0.0,0.0,256.92271540477145,59.16191612475462,104.70818620645099,85.49739294147997,104.04878460051995,97.26686067288426,117.62287787483237,101.5239109867776,87.99014655576606,104.48340055356272,97.00909342900185,105.48140870321248,81.34692124657164
1803,1125.8755289189314,2304.4051364555,0.9457320897008888,0.7761583523569957,-0.746466576961033,49,0.0,0.05965377328536646,1.7746232406320788,-0.6227654119533841,1125.8755289189314,2304.4051364555,13493.990564088443,0.0,0.0,257.39612740556214,59.16199476274608,1119.863717627025,1274.7206512171415,1238.2986875242393,1216.269445035684,1267.8424573141438,1223.7078146254862,1309.7823232400683,1291.8280238216964,1284.5345651265447,1308.6671469576677,958.4757315987456
1804,1132.8724655294939,2305.4514603826487,0.5930661982009465,-0.08254544029411054,-0.5942222946478654,49,0.0,0.06168678512160098,2.4576688668726523,-0.9763084199546136,1132.8724655294939,2305.4514603826487,14457.680088391697,0.0,0.0,257.390445150818,59.162447440037354,1246.6879442190204,1334.4065677449062,1385.7280615811578,1310.4348663844842,1379.4987950308514,1280.0549634623778,1425.5114762473343,1347.8153913156812,1376.1395694705518,1356.909221849135,1014.4932310861946
1805,1746.576158297227,2306.291200886683,0.6229394579420001,0.5417405050449652,0.16836890010312103,49,0.0,0.01025921378006828,1.1767085948968914,-0.17667231408103534,1746.576158297227,2306.291200886683,828.5207869952447,0.0,0.0,256.8916049700658,59.16329809825458,70.73909673311934,78.86726791463784,70.06908654117773,80.40182126209034,78.52134965867559,80.49373396574798,85.83122707371945,77.67396241128664,80.92341654228967,66.22667761206377,58.773147280436476
1806,1108.6672795215202,2309.4215745400165,0.36756167995396993,-0.1153738550287142,-0.5135977521374869,49,0.0,0.039452987686004595,1.2585699463917106,-0.24969339235657695,1108.6672795215202,2309.4215745400165,9504.300734649125,0.0,0.0,257.4101385283202,59.16404263689937,831.2432449035023,867.6025678440869,833.5969390071485,847.5339236526476,880.4531635505854,831.6808120679109,989.0811660974471,890.478381404914,907.7910047394823,945.5486642971018,679.2908670842969
1807,1646.9976049595316,2309.606539363073,0.31401527923243605,0.10416809647896744,-0.06066543854685282,49,0.0,0.007466924798700237,1.0519491711804687,-0.05498688944652176,1646.9976049595316,2309.606539363073,859.1727345659409,0.0,0.0,256.9725458336494,59.164728116761076,68.02628647478554,75.18784953712118,92.60903289954419,75.46985379701144,79.48615743195704,73.59787944522576,81.07299735221405,78.44954064552647,93.02405930889844,83.11771285773733,59.131364815919454
1808,1115.8464959059343,2311.1825210900574,0.6986366458039606,0.09938071751241853,-0.2894302082824916,49,0.0,0.08934245392703452,1.514241402191617,-0.45048779108461234,1115.8464959059343,2311.1825210900574,21347.634572409977,0.0,0.0,257.4043113765459,59.16479411872861,1856.1937247420458,1920.2463030336073,1914.1930742917705,1933.062998241566,2040.220044777952,1961.2485115474306,2109.324046050438,2032.2001250964001,2011.3959613095992,2079.7380514782685,1489.8117318408983
1809,2405.1693284048547,2312.7459782679093,0.5362634518525738,0.6725549403026613,-0.1961812829303607,49,0.0,0.013272368071734254,1.3260115557843426,-0.3063682720714072,2405.1693284048547,2312.7459782679093,1125.1835559844449,0.0,0.0,256.35624367302773,59.164398401588734,118.86649513373328,113.57647303885655,90.5607360207411,100.62002321394482,106.73314518989503,113.25738679790307,125.9903337022149,93.06018360666259,97.10243405046417,100.65717538748248,64.75916984254681
1810,1143.1590075535548,2317.166605903813,0.7646579053534956,0.21009839623049373,0.38211462794014805,49,0.0,0.10648195670585202,1.984856324023516,-0.744322688400131,1143.1590075535548,2317.166605903813,25417.50044171242,0.0,0.0,257.38213705974533,59.167352662821266,2148.285504212941,2295.920345010413,2370.966594823198,2299.825890876843,2395.549388616119,2361.9964069529133,2481.246042469188,2485.5408149068635,2431.2890558949352,2425.922460670929,1720.9579372780754
1811,1624.5244075189119,2317.5265857182703,0.4521924538412876,0.11273094858856515,-0.07079211010285273,49,0.0,0.010268728362327936,1.4084182891838675,-0.3718291400440393,1624.5244075189119,2317.5265857182703,844.7632353818178,0.0,0.0,256.99081205209797,59.16803206933136,68.76180787393689,67.88187612715937,82.74307670674887,79.19493450228157,75.73067615844653,79.19965389139915,79.39712297148309,88.71012736067996,64.00680981806755,76.73355456048097,82.40359541113384
1812,720.7967636082445,2317.959583406248,0.4754176490314671,0.022666651946074434,0.017846958835700266,49,0.0,0.1275600463075398,19.099372005024755,-3.202547719266416,720.7967636082445,2317.959583406248,3416.5337237964377,0.0,0.0,257.72547504650714,59.16624977734229,313.161679540279,322.2274682451024,283.260849683475,333.9269632585718,299.80765482865445,272.6214513317117,315.0796298138041,343.05164876131056,348.4001713449368,318.81657985571815,266.17962713287375
1813,624.1788717073453,2321.0022526070593,0.65852228284867,0.40366082884088894,0.0009483789109118783,49,0.0,0.0313204965729279,3.510339055642727,-1.3633726650129896,624.1788717073453,2321.0022526070593,1242.8222777497322,0.0,0.0,257.80403784768436,59.16706229120841,122.07546968467315,110.92224276911413,122.8136546605599,94.49659953017121,106.78363170503462,111.74948130364979,113.02686059782019,119.69622208578105,140.5719312666585,118.14821139482677,82.53797275144291
1814,1107.1723968583433,2322.3962514135733,0.946880145708567,0.29471414553703124,0.5049696487352668,49,0.0,0.06675643902291864,2.2157268018439895,-0.8637905275891165,1107.1723968583433,2322.3962514135733,19525.73232773105,0.0,0.0,257.41141682703807,59.16944473672132,1682.6946561303698,1877.7149460084117,1742.967662430188,1819.8483460683324,1751.661237388811,1762.4698045641342,1896.0555157829635,1932.2081937342848,1914.2849492613768,1852.0664226604258,1293.7605937017483
1815,1828.1031762875805,2321.363974798113,0.5498592249253409,0.3373652498547967,-0.008285487486888399,49,0.0,0.03947236631409185,5.819958092786453,-1.9122996436964046,1828.1031762875805,2321.363974798113,1319.1242343224599,0.0,0.0,256.82530223603214,59.16950090712777,100.58750065786455,121.94808577047758,106.89963235968564,122.43319561938861,130.54375971104483,112.06150359264855,132.6272227084982,142.35677109833938,131.40543378598824,119.94690346697914,98.31422555154523
1816,1942.3272443820595,2321.5910028856106,0.8083834027972134,0.26515402023047335,-0.013085777122924783,49,0.0,0.013082810210899493,1.1248720559956946,-0.12775782048518297,1942.3272443820595,2321.5910028856106,939.8032009986509,0.0,0.0,256.73243883311113,59.16943039772894,76.68795527766261,90.0120757457765,98.67691861485228,101.83939064211869,90.22635524668476,73.27103873597225,71.70815433572469,81.88191552996483,80.52833017604033,86.14308777958419,88.82797891426975
1817,2278.8686695208526,2322.4059815943556,0.3158983935176417,0.4291820563829424,-0.017747939649517822,49,0.0,0.017962895562189794,3.0817733398418503,-1.222001734499297,2278.8686695208526,2322.4059815943556,1196.019220440936,0.0,0.0,256.4588392790055,59.16889846038639,103.08606166037396,107.08622778162439,116.47064351259422,98.81532086296649,114.15734282672425,97.20471826214495,127.27420095848376,110.63962331847982,94.44380597935432,141.48966155581473,85.35161372237502
1818,1148.2264691701755,2325.1250163179075,0.9640456350299051,0.43140020504246535,0.2658785407377018,49,0.0,0.09426150181881723,1.7037438816545192,-0.5785107731068957,1148.2264691701755,2325.1250163179075,21526.97483833843,0.0,0.0,257.37805313619293,59.17068020743743,1806.2290562459475,1992.8877072845407,1925.6297523731746,1986.0457720786032,2075.432487379998,1984.9835299132235,2078.8184925888945,2055.615766016911,2100.087845306988,2033.2995120890905,1487.9449170610578
1819,1100.5812858184993,2325.521457937652,0.36764991681633363,-0.7750195720909896,0.2078021182353142,49,0.0,0.03769600933920345,1.0162145894637298,-0.017463564110629964,1100.5812858184993,2325.521457937652,8770.69018654908,0.0,0.0,257.41679062974754,59.17073022006238,709.2595048437959,817.648369186544,836.585182868337,826.8002087754028,786.146786111505,816.1858052632922,846.8420949840122,859.1101086143449,896.8576186712985,824.6008364352368,550.6536707953117
1820,2757.598346578812,2325.2603417648306,0.41238200282948795,-0.5504851727406586,-0.5198065825302601,49,0.0,0.009231599115668497,1.279580236500946,-0.26766880913960867,2757.598346578812,2325.2603417648306,1096.8866747803067,3.394891422987235,704.684743340701,256.06966198373163,59.1678574005759,112.10775440146452,114.04990763185404,93.03494553043865,115.05997296827172,120.62082453838298,89.88928319791184,98.03605233735327,101.39042447687441,101.14984051886793,82.22946325648753,69.31820592239994
1821,957.7511150209425,2325.574635804326,0.5836784436196691,0.2931708857987486,0.0190248518265203,49,0.0,0.34100995299929887,49.763178353913844,-4.242270276950297,957.7511150209425,2325.574635804326,6028.902345443008,0.0,0.0,257.53291009456285,59.17033808661389,548.7969372050964,559.6190255509681,581.1976986686465,622.6856241947711,556.4949866950252,524.9156520417101,537.6989682763578,539.2644987004826,575.6234392730748,580.0101459471314,402.5953688897435
1822,1106.6979188026364,2325.5198807202028,0.9157419015865631,-0.016016745924383104,0.0019725551387595294,49,0.0,0.0883290786551077,1.704676209817392,-0.579104750632686,1106.6979188026364,2325.5198807202028,19702.208607483488,0.0,0.0,257.41181779523924,59.17074499222749,1675.5122651850743,1909.0137627149152,1805.554737053294,1851.8984319893,1797.6652638671983,1819.8095511255458,1880.034788371117,1876.4065147971176,1946.7663621468546,1833.02206461206,1306.5248656210115
1823,1933.7400970887159,2326.1735036531877,0.5417322429402879,0.3216774230647592,-0.0844029523820983,49,0.0,0.011215421056855478,1.3520009927003405,-0.32744252621101355,1933.7400970887159,2326.1735036531877,907.3730984079189,0.0,0.0,256.73940496326793,59.171354413491855,64.09020496829207,73.97913030789009,91.8472610412551,95.79508263517388,82.96189973560543,75.51651584338448,105.35190238422689,89.87783656217123,83.54450256767552,83.49856895138147,60.91019341086281
1824,1089.9806461047904,2327.446285790668,0.7220714843334068,0.3398302598569872,0.1471506294134819,49,0.0,0.03003981834355313,3.211663215067727,-1.2668249938311746,1089.9806461047904,2327.446285790668,1778.0084411297757,0.0,0.0,257.4254186468315,59.17150499826941,153.594332238272,140.5168477581375,162.43060851291244,171.69613204455243,149.26508391434896,177.4176898087984,166.55928190686296,168.2050938436785,179.1562547918952,171.07445931642542,138.09265699389184
1825,1124.0585392011292,2327.3759397698514,0.4766228445030633,0.8520980493970772,0.5351150851807052,49,0.0,4.361650031401746,370.0788009433852,-6.420735520782943,1124.0585392011292,2327.3759397698514,319002.9318228065,0.0,0.0,257.39771229948207,59.17156106891428,27921.316003530657,29747.116792220542,29948.595000300767,30274.11182544581,31170.47576652435,29435.97170666181,30881.266813071998,30246.98874648192,29842.897068384762,28789.601861151677,20744.590239032193
1826,1153.3922709362707,2328.090373675071,0.6999753526749516,0.3238010606426247,0.39022869861235254,49,0.0,0.05940657649386639,1.9982594398573614,-0.751629683178074,1153.3922709362707,2328.090373675071,11376.446511778437,0.0,0.0,257.37386641172816,59.17192750753382,980.1317092993899,1085.1989999879747,1008.7648288254203,1072.2909252738918,1100.6642162394633,1053.472633393219,1094.7245738340089,1088.5940270469825,1072.2221275230809,1047.5382838416854,772.8441865133199
1827,2648.487443378453,2326.9166111608233,0.7168756793136988,0.7383015820532522,-0.5960314137493193,49,0.0,0.013367381670465204,1.2180200407553357,-0.21413608510554977,2648.487443378453,2326.9166111608233,1077.995833304863,16.925025563056057,0.0,256.15833448628194,59.169158073535634,91.99874422067728,118.72619622618227,87.5122277764113,109.7822802888455,95.88366035247863,97.42857518910972,88.99933454315233,97.48475776137133,122.63031583003334,95.90702083013237,71.64272028646893
1828,1599.34114578427,2329.4861391508857,0.5304209186385401,-0.11577533590557915,0.10463158569485623,49,0.0,0.0242636723987925,3.3916342668679946,-1.3260225361103364,1599.34114578427,2329.4861391508857,1031.8153538592128,0.0,0.0,257.01128522691533,59.17301654041586,92.45327912509684,94.74154314661783,85.99873635671307,84.41642320114347,91.52663730446662,103.80387079519016,87.65411391150937,109.98077980213637,100.70105984938073,104.77365743175051,75.765252935208
1829,865.9293894331986,2331.991441341815,0.890335582154751,0.26021837813472554,-0.1656757165364958,49,0.0,0.01530368662183009,1.3492539055510369,-0.325234209620244,865.9293894331986,2331.991441341815,876.2743002640235,0.0,0.0,257.6076043895913,59.17269051403612,83.61542713990164,64.36829677753065,69.89761881343516,93.75744454150461,71.82002548653733,72.6009216802312,87.06078046905243,79.72092467318885,96.76374880826255,90.1518331887321,66.517278685647
1830,2375.3653601050346,2334.9833251398327,0.822806257596615,0.2937933031673964,-0.17112400056213797,49,0.0,0.018902350671055085,1.6953957053751492,-0.5731776967668082,2375.3653601050346,2334.9833251398327,1073.7151773778978,0.0,0.0,256.380298581029,59.173782618270295,110.04092249167813,98.0160590186751,86.30282941902625,93.69245669003428,102.82822687897433,109.81171980262113,99.06970267024467,92.6895137303818,88.48668808750963,117.42052975179472,75.35652883695784
1831,1143.2352589904135,2335.8422959523914,0.5917679582145083,-0.2976900017922902,0.5806319206970059,49,0.0,0.12948139327681668,1.8504234740054004,-0.6681778228693751,1143.2352589904135,2335.8422959523914,33216.13902455403,0.0,0.0,257.3821594080279,59.17513399738901,2860.714160724356,3068.432373974196,3048.1850351997837,3151.359079076264,3121.011638563741,3045.6059375549958,3184.6942462562274,3102.3127383790365,3218.6212915800725,3098.271849007006,2316.930674238355
1832,976.9799145529224,2336.8191395394,0.42584537508777903,-0.01352421998645031,-0.008094245026649838,49,0.0,0.013279637447261326,1.992231600046155,-0.74834956109192,976.9799145529224,2336.8191395394,937.2992467718598,0.0,0.0,257.5173467869131,59.17508478868749,96.44892585825286,83.8707945966215,79.61540676564528,78.31748467421426,83.47755287206678,80.60062244401954,107.28893623937397,80.866918409533,97.41324989137726,78.89868217994513,70.50067284081013
1833,1917.1289005316396,2341.186837884765,0.6931026702962565,0.25761010546254554,-0.09023850703934623,49,0.0,0.051936323342200795,6.537731404616856,-2.038567685269434,1917.1289005316396,2341.186837884765,1419.5536322896185,0.0,0.0,256.75286341421764,59.177637132502795,130.61143551812395,152.6499492099751,134.89367435884031,133.03279199886208,121.23005888465823,118.05134039178546,139.86286994577233,142.15076617556514,116.91387675382566,123.38974703207568,106.76712202013465
1834,1304.3466414841396,2342.2974533983042,0.23465551287470526,0.8404578722066375,0.2195301098566366,49,0.0,0.009419810905161929,1.7079330325364344,-0.58117709537593,1304.3466414841396,2342.2974533983042,849.7009485463252,0.0,0.0,257.2511754955377,59.178131730533586,64.47479246143196,91.78575567748179,85.4204550673267,75.22062481448242,74.73152423335488,77.57579551308297,69.6045020453003,89.17099689782589,72.09493976161352,82.57187839628926,67.0496836781355
1835,1121.5616517274318,2343.721666033427,0.5550170762047264,-0.5782245566309117,0.8702663516251737,49,0.0,0.10241216418443386,1.9078795058246971,-0.7013773572515876,1121.5616517274318,2343.721666033427,30851.386611561764,0.0,0.0,257.3998196527585,59.17836538137663,2598.1597797763175,2874.2708219222513,2863.8579156940073,2900.4504008855292,2912.6768001297473,2826.5176308388463,2995.9358507662137,2875.0245510257996,2916.4824116488767,2981.9880780127937,2106.0223708613808
1836,2088.7543413217477,2345.535962640922,0.743590278114306,0.34591217931596524,-0.0770470604263395,49,0.0,0.06891051305217674,8.254171288619446,-2.2916836925294,2088.7543413217477,2345.535962640922,1623.5497433924681,0.0,0.0,256.6132819629504,59.17909841880211,117.79522123225058,135.8572386124681,154.16151007976214,154.0575227464342,155.52944671596003,157.26660676963638,154.55213293775685,165.1682494183343,161.90457705228448,154.64029487395464,112.61694295362621
1837,906.0846224401345,2345.642610556832,0.2681240320723045,0.4947746903139146,0.4706442028293275,49,0.0,0.006751639814076862,1.1144928027103571,-0.1176931704810419,906.0846224401345,2345.642610556832,790.5513307050583,0.0,0.0,257.57505096546345,59.17852373171107,82.02047566434914,65.41337220086254,71.07039456961678,69.44071400842985,64.96944841946609,66.25371504363207,92.47412573996263,80.30296561191017,69.33129384276128,79.25067112935065,50.024154474717136
1838,1105.620035982627,2346.7345038783305,0.29345970749278316,0.9189002317074162,0.28215864248640204,49,0.0,0.027083339038858036,1.2896896341458965,-0.2762130230441643,1105.620035982627,2346.7345038783305,6153.94122508687,0.0,0.0,257.4127978194277,59.17958124339666,548.2314982470295,553.7378500650946,554.4773558382115,560.9078335529116,604.904192916368,582.1632795500758,586.2048324840135,587.7313452075227,589.3467678169517,595.5067301266563,390.72953928203515
1839,1321.4365984727167,2347.0236258734944,0.47726150501317977,0.21348432197126774,-0.03345935410897916,49,0.0,0.021621388032777442,3.297978685758649,-1.2956196113766798,1321.4365984727167,2347.0236258734944,1022.5691039509509,0.0,0.0,257.2372910887743,59.18012585764536,83.34552392399848,87.16528558916497,94.2914216959625,107.34090677076236,94.09042752584111,87.47809311208394,106.06570680858567,93.91528342886525,96.22404159270548,91.55486095895014,81.09755254403098
1840,2186.718053283763,2350.1781219853515,0.8310784652247105,-0.036720768926416084,-0.5361569331604984,49,0.0,0.0158214629754218,1.5323613696553067,-0.46340298755683007,2186.718053283763,2350.1781219853515,1015.538524794084,0.0,0.0,256.5335918276412,59.18076524587304,84.75818142801613,100.34099169794985,81.80546023545423,83.5777419020967,110.55016877729449,109.04037817267526,89.65677816186658,86.43987843701922,102.9946981926867,87.69731383567603,78.67693395334894
1841,1135.5780476303726,2347.5514015359895,0.6497383546522879,-0.3736990964158983,-0.008239389870979108,49,0.0,0.059459712424981125,1.7158213475874817,-0.5861801671208212,1135.5780476303726,2347.5514015359895,20268.75879083284,0.0,0.0,257.38843933025476,59.17999461579824,1747.2127558453044,1953.3023879376406,1867.5287953910397,1888.245690060823,1942.6949500710336,1877.7733619597223,1899.9962178008702,1914.9122280131937,1934.4172770149,1863.2934746949072,1379.381652043405
1842,1145.2704187801414,2350.65623513124,0.5425674480264998,-0.9064003646318548,-0.12492202809801554,49,0.0,0.03649288333480032,1.4999463853216908,-0.4401893393474031,1145.2704187801414,2350.65623513124,7934.392044802931,0.0,0.0,257.3805712269689,59.18131087866245,695.9453408488935,747.1979449810051,712.2604446462515,710.150235428852,736.3038817982713,751.9070729239504,744.6794364628687,742.8177629904146,781.7926543264359,765.7079455860974,545.6293248098904
1843,1690.6434653215997,2352.3293174837277,0.579969942371077,0.1937883973894236,-0.07109653438366753,49,0.0,0.49906647992727726,74.1763867085696,-4.675664185222464,1690.6434653215997,2352.3293174837277,8298.249873796778,0.0,0.0,256.9370288099543,59.18251362187897,687.4393591262944,766.8934247500889,735.8241417628434,814.5690605776615,808.9700674059015,792.2192198480333,778.9837324217231,804.2590578333044,782.8165127916973,753.993492408668,572.2818048705626
1844,1403.881634276201,2357.109202840168,0.5139996659160909,0.22708877795518553,-0.044170174404330576,49,0.0,0.02601160749565123,3.867475832667288,-1.468569021331207,1403.881634276201,2357.109202840168,1060.9833885289772,0.0,0.0,257.1702627421999,59.18442762979648,90.19601236718988,89.45776203264339,97.05339112643692,100.22687908012867,116.05532061647284,95.79371524856714,103.38667335084223,97.91658353023485,104.69880660177441,103.59788041149065,62.600364163196424
1845,2668.3487994382194,2357.6874783690064,0.7213845713995318,0.7266380012833603,-0.3472862998237249,49,0.0,0.028010372950974777,2.8899387760099047,-1.1522216055741499,2668.3487994382194,2357.6874783690064,1394.2746070758237,58.32858061906192,449.97009887488315,256.14186519031955,59.18187076714158,112.92384365415461,120.32536207611045,122.53676242985622,122.9080417165234,132.41394780363413,132.82224009350284,123.43253060213246,158.88904862215577,134.73969959598335,129.992130445501,103.29100003626934
1846,2748.6113871939506,2358.7544534758235,0.28592800727845896,0.2029694229100115,0.07173784528549976,49,0.0,0.007348592694140489,1.4357411262594475,-0.3926903519033563,2748.6113871939506,2358.7544534758235,1083.9546225825381,0.0,604.2801477001544,256.0765869499917,59.1818636106992,138.88559871449092,135.8503038804895,140.68023346423004,72.1032580663206,83.74908905820608,135.63651618156692,97.56419279500523,77.2046559916196,88.65668762476935,76.8039854381188,36.82010136772111
1847,1422.6114905674722,2358.9900612228103,0.9024322498169692,0.10626136565161691,-0.07797243367129185,49,0.0,0.07572520232821917,8.216891922617856,-2.28676893676004,1422.6114905674722,2358.9900612228103,1389.2944309725608,0.0,0.0,257.1550321687057,59.18522911024615,126.89452835313502,134.2999562156271,128.03401625181274,141.54697386726406,145.68132145973516,104.90474013912811,122.54273470387677,138.00212766265057,122.59875452915674,128.588379400601,96.20089838957367
1848,440.3104603279391,2361.419812190139,0.5518252985898376,0.3880206066574127,0.21628591385503118,49,0.0,0.011296094223519473,1.7502351241298557,-0.6077409877914296,440.3104603279391,2361.419812190139,640.9598885802768,8.51455006973529,492.8516154722407,257.95395094084995,59.182903194021975,83.44361949285425,68.90998423911162,50.22364921959718,60.01965340182581,54.65594598930607,49.55567296550215,60.29127879882927,62.02808451680943,42.9912860558185,40.526118492797586,68.3145954078249
1849,572.6428647197641,2361.9205062653473,0.685517048575221,0.34708913594137375,0.2818345755767423,49,0.0,0.04180832965608566,3.9815298102375904,-1.5001249292359453,572.6428647197641,2361.9205062653473,1893.3193920909766,0.0,484.9403436893735,257.84634339718974,59.18384712282061,150.11384132844418,161.9111676447189,198.80558326602653,157.37375556227377,156.24233453358195,184.8120550893101,165.60107904279985,202.24594383691468,181.53750858186925,194.30797073703113,140.36815246800643
1850,2409.8841073258095,2361.7536928649897,0.6201656920955619,0.8418492051138954,-0.007898332954218205,49,0.0,0.015256705936655216,1.6553142810435508,-0.5472011547430731,2409.8841073258095,2361.7536928649897,1081.0075505713478,0.0,0.0,256.3520196681798,59.1847970434621,106.77422287870263,108.26194990384917,98.85623938626334,85.19862445112037,87.14779457659628,110.02127476184286,103.35805255155532,92.53257314561814,104.49936611634445,96.9645529967159,87.39289980273941
1851,724.0005546125262,2362.725262747721,0.9377522230087979,0.5413447763030625,-0.21701248066191434,49,0.0,0.01899028870438118,1.6582325746790316,-0.5491136056685284,724.0005546125262,2362.725262747721,925.1563839495504,0.0,0.0,257.7232584524163,59.18491444714276,65.39054188080155,83.20779475452802,75.93387984514908,75.33180019657436,99.3414682263784,78.15132804844393,87.14948589218763,89.2153939076819,93.68027498239618,94.1424060479194,83.61201016749007
1852,562.8644321918334,2368.3793271216464,0.49552803668862133,0.3383109663462151,0.31539889650016617,49,0.0,0.020786010001903495,2.7014461414188777,-1.0789907836416266,562.8644321918334,2368.3793271216464,1242.6783625791927,0.0,549.7595904878892,257.8543617078259,59.18648663029543,104.30862127059956,99.1274089050754,123.69339428292128,113.74796554467986,125.25983977386832,114.5603433589024,117.00523073911003,120.94959337135955,112.37240363088597,116.69649241563121,94.95706928615913
1853,2449.657681099633,2371.511471722566,0.5971871413807216,0.23386993199804085,0.02605738792433817,49,0.0,0.015472079521795098,1.7085124835796897,-0.5815453910092788,2449.657681099633,2371.511471722566,1140.8015879511463,0.0,0.0,256.3195904644685,59.18869482391576,105.18251223733215,99.34294829132959,118.85059827855468,109.06474446558207,95.18391649412175,87.93326531200266,116.34063492374628,94.1325820522241,122.39814310937197,102.6673391230483,89.70490366383287
1854,1314.7239533131963,2372.931517909554,0.7402484547384652,-0.02764242954929907,-0.09346498092997463,49,0.0,0.02798643191889069,3.1643278533223085,-1.2507036850984754,1314.7239533131963,2372.931517909554,1052.2738477787736,0.0,0.0,257.2428232620945,59.19091076656998,73.19335410029285,99.18226406166059,115.15751834052585,79.88568310494296,85.10551971258133,98.47601973951657,129.3528989442009,85.25992773932609,105.1010460576056,113.94268572259563,67.61693025552535
1855,1482.246807067516,2375.2208257557345,0.5073921296129592,-0.26520697442897423,-0.6227913068337431,49,0.0,0.009239360081115469,1.1201727200265026,-0.12321247982524582,1482.246807067516,2375.2208257557345,786.3552410549735,0.0,0.0,257.1065456773712,59.192036565764056,68.36013434030491,73.81371195474864,76.08494912614594,78.83836718697671,86.0971966266028,74.8520134798209,69.47842342763717,76.30065697503377,72.46774171091664,64.67183043624802,45.390215790538065
1856,2329.6842947590508,2374.661960971444,0.7240586790430067,0.5690879733098921,-0.1678475896896298,49,0.0,0.01890526399735239,1.770005190027351,-0.6199363495160064,2329.6842947590508,2374.661960971444,1136.958736922074,0.0,0.0,256.41715329303526,59.19048843150685,102.22901975429855,93.6689846175965,121.77611490605611,112.59369464899183,103.54688883181117,106.7241433596095,99.80255338908454,112.75518378751465,107.0186538840591,103.47761242445917,73.36588731859278
1857,1663.133541819681,2375.432145459766,0.4676271186979018,-0.40275434901611673,-0.053353439039116095,49,0.0,0.024092094977797296,2.9840266482626894,-1.1870067429983626,1663.133541819681,2375.432145459766,1391.377467550476,0.0,0.0,256.9593884637873,59.19215017366914,112.84821601334244,127.45503889374172,128.0159316687401,131.71698397057753,130.84312267805558,138.95649621489267,120.14936643431695,127.09467299462368,134.44551926878736,138.3579928750051,101.49412653839305
1858,937.7787253446654,2377.170099462764,0.5473654396060695,0.21288483826297874,0.023579093761840596,49,0.0,0.02468664173217301,3.3687430356008816,-1.3186697117235222,937.7787253446654,2377.170099462764,1035.9758158541295,0.0,0.0,257.54948495425964,59.191768424365286,81.5592933429015,99.10739905129853,94.85432507415615,94.3848876721116,101.36646491180915,105.617963511789,93.2348395876828,98.9679342376915,81.72683104157178,96.11881295389392,89.03706446922365
1859,993.5583217336548,2376.6379013325723,0.533070819424941,0.31301318465425293,-0.05137899662283671,49,0.0,0.39212160604382257,59.60578022584235,-4.438220942910379,993.5583217336548,2376.6379013325723,7560.336305386387,0.0,0.0,257.50410587593495,59.19172661554432,673.6993449987954,674.4261056824095,691.5983570117171,683.2003954662342,778.8349794000898,672.1399516937418,723.9490425092131,699.9297424044676,684.8497645059406,727.5275208831542,550.1811008306245
1860,2186.9365529801807,2376.781030323125,0.7566221925275568,0.8191714745373027,-0.1799672020118799,49,0.0,0.012979290275750377,1.2535937676374267,-0.24539206082227588,2186.9365529801807,2376.781030323125,919.0657455924982,0.0,0.0,256.533259934901,59.191848416816796,72.48019103490327,85.45903319571919,75.30992893097758,76.6742228627636,80.68607744393414,98.99970744288537,87.88830305602578,95.92703174245761,82.52663029290761,94.9666612303383,68.14795835958556
1861,2773.804703430946,2378.5345453659097,0.9417365677786516,0.35161366640473435,0.15513568520098142,49,0.0,0.032556203302682475,3.9074419695900082,-1.479731342304527,2773.804703430946,2378.5345453659097,469.56975255067175,0.0,39.117401605524236,256.0558716644975,59.18995540531784,94.90948289848049,0.5199973575743488,22.049520159255863,9.653660993466698,46.818471097311686,58.873796857889765,2.6677022895116345,16.86373481176345,99.77691790390061,17.295424238805907,100.1410439427113
1862,1940.4037288506709,2379.215605979497,0.568764986038208,0.04852268522418094,-0.09114143775628986,49,0.0,0.019524413134182548,2.3476547368729284,-0.9265855669410559,1940.4037288506709,2379.215605979497,1054.75571376436,0.0,0.0,256.73380907161953,59.193442985092894,98.41198629535143,99.90841196868267,90.41502088224287,86.83413361214318,112.38092446938471,93.5240914200312,102.45691821823539,97.01188744721688,102.37032002054036,99.90679274342463,71.53522668710667
1863,1027.2939523030022,2380.361361330562,0.23891045550417825,0.6264904826573252,-0.38679389981401513,49,0.0,0.0075313848724989,1.08333304327708,-0.08690497494838266,1027.2939523030022,2380.361361330562,893.9598966038168,0.0,0.0,257.47668341162154,59.193379103448635,84.75561303919321,98.52152542309753,79.35228735515926,88.20898938827472,63.21052885403113,93.86437098520574,84.60438677304583,87.04588449919291,66.4749976677355,78.95401769619636,68.96729492268463
1864,1319.7804111938794,2381.384919396716,0.7184708269564654,0.2697249302666569,-0.019521372426160737,49,0.0,0.013955243139795077,1.5184310506846688,-0.4534876903607207,1319.7804111938794,2381.384919396716,892.9094241734006,0.0,0.0,257.2387333162945,59.19444015415779,76.92352540686429,70.713482105288,84.54798142922581,75.58098205513562,87.2073972162882,89.3118648815784,92.32843475226657,77.7714773800314,81.98570357851725,95.64078029596635,60.89779507223881
1865,694.257500538738,2387.6753039017735,0.5431756708183504,0.32267665059796896,-0.0432429730892034,49,0.0,0.012297809495933707,1.1799867387288592,-0.17969281629657985,694.257500538738,2387.6753039017735,1007.4693857301445,0.0,0.0,257.74767136865756,59.195174440801985,93.58459498627168,94.64775617605773,90.59834658672999,101.10455390237234,80.21490676034672,93.6459010016778,112.03791381566151,97.10727807028672,92.31667925204731,84.56978761620243,67.64166756249023
1866,1198.6182396085226,2387.4355293687345,0.8805873264434847,-0.7138150963975087,-0.006643093681128695,49,0.0,0.013046896068262155,1.1077849937004418,-0.11113869450447143,1198.6182396085226,2387.4355293687345,946.5809131450587,0.0,0.0,257.3373317399468,59.19675097764511,80.30562602876726,94.34891723913262,96.63074966983842,74.25290675005178,92.90249496703564,81.71996762087494,88.9629892684435,83.17997751065715,103.26049772160195,96.52383689860326,54.49294947005218
1867,652.2811039215682,2387.920596456732,0.6180901649299148,0.15675587258565085,-0.10408238361308868,49,0.0,0.024577849172770918,2.7425055856887353,-1.095368801948982,652.2811039215682,2387.920596456732,1207.746633041385,0.0,0.0,257.78182206797334,59.19507884745992,88.49769112753157,134.19293433240716,97.09432946666402,121.37161568123679,109.67360692886453,128.01783627562696,105.46868488486811,103.84969138782242,117.5716256742376,112.65481474137657,89.35380254074909
1868,871.1546850111386,2387.9205695762685,0.7265301597661363,-0.44833067065050813,-0.01739341121308066,49,0.0,0.03555440090545291,3.280029867090369,-1.2896944957528884,871.1546850111386,2387.9205695762685,1543.134545742128,0.0,0.0,257.6037592770413,59.19601178227144,132.25460791122907,127.92006909966923,139.17509350101727,167.5121961778264,138.74673524373299,139.63238333780805,148.00783255428507,156.83522267876302,136.4309594146689,146.0482809186335,110.57116490449451
1869,1362.2143706382312,2388.815569491842,0.6445808962059245,0.1292858059217015,-0.008177718306659075,49,0.0,0.23196145162986337,32.77750865558521,-3.7889398518651705,1362.2143706382312,2388.815569491842,3690.3174376093593,0.0,0.0,257.2042273178235,59.1975920984068,299.8287267499144,360.60122356567314,348.9892361706168,340.489600186478,321.78033872848425,334.9809054148337,353.97351116887194,367.7309345350815,360.19303254159206,357.0340196763066,244.71590887150782
1870,555.8406303137705,2393.949473735317,0.5506173795090026,0.2763954140465911,-0.18087165224671212,49,0.0,0.018912225029421643,2.346836912018357,-0.9262072759016196,555.8406303137705,2393.949473735317,1227.8029323097785,0.0,1063.3916619230163,257.86033817506603,59.19710220060573,110.60455476238249,112.46307772301253,124.86307888090138,116.90411694206207,118.29166605522447,121.50099386963285,130.74096230090947,104.26375515216174,94.1171779856054,111.27979723752904,82.77375140035713
1871,1227.4340756851402,2394.377973768226,0.666833248416265,0.24810526051054752,-0.08395676848189018,49,0.0,0.012019742768469475,1.1521698693448148,-0.1537912842641461,1227.4340756851402,2394.377973768226,994.0385890386369,0.0,0.0,257.31391197644,59.19970027110377,94.84932397093311,82.02812785081196,82.86051466732427,95.3306139718187,87.46034223905488,92.43222564559693,106.731836115224,91.5785859921582,96.79325937737096,95.6138256472793,68.35993356106464
1872,1558.698659608486,2398.149186222775,0.43432698681213067,-0.13877502395981975,-0.4774860044842827,49,0.0,0.008288919055612989,1.0079405543581927,-0.008587298340478897,1558.698659608486,2398.149186222775,828.5401256809862,0.0,0.0,257.0443591979803,59.20162082359353,64.30028014135159,82.31054528413785,67.56437840854706,72.4388979637105,85.71983811975758,70.21468432079894,71.3405445818486,83.33379006763982,77.33327235902668,87.341970364571,66.64192406959648
1873,2197.8088866480834,2397.9100297507234,0.6144737473378193,0.3612169975409052,0.499544821318137,49,0.0,0.019840042249761877,1.9124051744089863,-0.7039497752479249,2197.8088866480834,2397.9100297507234,1172.893523798131,0.0,0.0,256.5242905821448,59.20061886607051,97.40149490970742,94.79856037528342,121.42940702603363,97.65161873108136,102.7453396973566,104.94162226733027,113.988446992539,126.68434370037441,104.13551186519852,106.29785076461319,102.81932746861324
1874,1121.4017583015095,2399.133492810753,0.9309445496921765,0.3420330561331961,-0.32977576868588926,49,0.0,0.016812385525975304,1.240998277215856,-0.23442794650233112,1121.4017583015095,2399.133492810753,1461.6511088338661,0.0,0.0,257.40021213505156,59.201451996093425,132.11813177103897,121.72415135258842,120.25654221184669,149.7767133943147,143.60960471154203,134.9068634519403,121.88209494625067,151.65681547031534,137.61359533426943,155.64768246519554,92.45891372456384
1875,2163.0064868032246,2400.4287297845135,0.7948165949434075,0.3314232819642852,0.3789804406345402,49,0.0,0.020447239647921292,1.6156410346990846,-0.5208621875587273,2163.0064868032246,2400.4287297845135,1229.4956483042042,0.0,0.0,256.5525953279234,59.201770839484766,111.94883503114121,102.75752334008067,94.05443110579637,124.32134372623312,123.16390424059455,115.88347641111699,113.68168748706744,104.2777382995313,121.53154110926504,120.51465214819721,97.36051540518028
1876,1861.9445278650755,2401.9864865882155,0.664623863837712,0.3321854514980532,-0.10349661586202566,49,0.0,0.2112490313585268,29.08156992368397,-3.659044618843482,1861.9445278650755,2401.9864865882155,3395.536570985105,0.0,0.0,256.79758120264086,59.203050350022735,294.61011469516694,316.5970525850946,329.7978992620548,288.1084191947993,320.32401206541846,310.61333829885115,325.89923132990674,316.01635580393975,346.40975361219114,302.9801259935984,244.18026814408336
1877,1339.3136716084277,2407.25878841447,0.7463372786939675,-0.16797492752630613,0.23170167202531203,49,0.0,0.012918004122030495,1.205063921245161,-0.20252521044686717,1339.3136716084277,2407.25878841447,940.1343645007087,0.0,0.0,257.2229082746155,59.20524739527933,92.28239864252973,91.78801506849567,75.1639999001629,93.41005447858979,77.35061053196779,79.26802619594585,86.88507738497178,96.66603131821375,97.40096056836137,88.12711833237886,61.79207207909113
1878,2249.4874775495064,2407.655236726444,0.5459786914084193,0.5761321554563754,-0.1427755943372212,49,0.0,0.017767327279407504,1.9185424344735533,-0.7074285235008072,2249.4874775495064,2407.655236726444,1217.374420966401,0.0,0.0,256.48217751058945,59.20451537404506,102.95563948420688,115.78122011983223,116.33529308008188,116.64371408957663,115.83102068891384,109.55400951643907,113.79375644879784,114.90790239205089,116.17330500057416,108.34490829042406,87.05365185550352
1879,756.5758308761128,2408.5583107573943,0.6105813773190554,-0.002517484652983488,0.08102411152083823,49,0.0,0.01792415629048934,2.0773151762123914,-0.7937559848445899,756.5758308761128,2408.5583107573943,1026.7085732865378,0.0,0.0,257.6971478860389,59.20415190309077,92.98990318860226,84.09147681810327,92.51218298482587,95.6272619910562,106.73409989539935,80.35199661537987,91.74271745203234,103.15763106626913,110.8635805278123,82.59682419339026,86.04089855366682
1880,993.3919173962452,2409.5092750167596,0.5097321717616984,0.533688838106124,0.17653207900847992,49,0.0,0.08993189553332606,12.938008273893793,-2.7796685613428456,993.3919173962452,2409.5092750167596,2816.6947959964136,0.0,0.0,257.50443863827286,59.20542154646871,232.78163047023654,279.2060067451523,265.71533186251787,241.88232721556278,251.5359951963517,284.03748256168035,272.4940051323904,295.94098134651415,272.86914019607536,245.46706069413074,174.7648345758011
1881,1561.5224899853902,2408.7831675543202,0.7197607990553574,0.3440834994987058,-0.21083453275804465,49,0.0,0.011925526038701962,1.1560249470284054,-0.15741801566082742,1561.5224899853902,2408.7831675543202,970.2046053247383,0.0,0.0,257.0420653825118,59.20605207714456,77.9269224016258,111.32192699560412,74.58721077910988,97.26570592109724,88.30650033704754,81.29664043232918,85.61207821596761,98.3098265829276,109.66767869237768,86.12049436208427,59.78962060456739
1882,824.1800384133659,2410.229638117194,0.528101110905967,0.18984508294004432,-0.047413605825992265,49,0.0,0.1480196933329197,21.57239401350865,-3.334745859877727,824.1800384133659,2410.229638117194,3527.3994258655166,179.9516515038963,0.0,257.6421475190189,59.20512663627109,269.68175246873625,322.0861219879764,281.3519364365906,295.745344457554,360.8018499587106,349.72048314806113,336.6926539601907,378.78226784257856,347.39472173236663,318.631234735813,266.5110591369389
1883,2069.316150353465,2411.1178333398875,0.5728962944205906,0.43198457238797205,-0.1629176255637995,49,0.0,0.2774685226282728,41.15127205806997,-4.0359581614018145,2069.316150353465,2411.1178333398875,5028.829109101051,0.0,0.0,256.6287851095063,59.206469961433484,413.08702085498487,422.76872645531097,461.34987290327,454.32105562043057,500.29279823511376,481.51501159688314,436.9203836282928,480.78767214358896,518.5737688494963,505.04668807696595,354.166110736714
1884,1553.0111354176254,2413.0072219287827,0.5053631805613202,0.21163441048396744,-0.005775532675367844,49,0.0,0.022177579086018386,3.1636354405747147,-1.2504660801830283,1553.0111354176254,2413.0072219287827,1098.2842104105493,0.0,0.0,257.04899445188636,59.20781016747881,95.01107742906095,131.0046042194433,104.65259356387628,93.10696870940866,116.07692149945859,91.58408319419912,89.99220970503754,99.68474398432518,108.24224991085964,92.84971263225006,76.07904556263006
1885,2044.2360414350367,2413.5296649066718,0.4979428788217655,0.40647267611276133,-0.05359333924035578,49,0.0,0.05185892917703738,8.090585156955012,-2.269949833464028,2044.2360414350367,2413.5296649066718,1595.9625687796379,0.0,0.0,256.6491860431481,59.20753301596772,131.67295420044616,166.11755184587994,137.4626048626185,163.98836199987448,153.82780932270242,121.94795612751147,125.7411712239577,152.83398254163683,172.7615806102887,149.06438711498242,120.54420892973907
1886,974.5298425571099,2414.747280915659,0.7256354049242499,0.24871044462944952,-0.03713779546370567,49,0.0,0.18985325421496607,23.255396808137146,-3.4163093857545164,974.5298425571099,2414.747280915659,3414.1910850296335,0.0,0.0,257.5198212106838,59.207544766212,292.7077560659595,306.0549224163941,288.0145261268407,329.0673414372387,325.2152674616383,302.0304327000962,337.5038064281503,342.7103041248401,304.45508013872364,335.1624482408771,251.26919988887516
1887,892.0137759674014,2416.0793243944327,0.6769769534542561,0.0743426744160106,0.20870068791155014,49,0.0,0.038602009042978176,4.823580243647637,-1.7084237692858322,892.0137759674014,2416.0793243944327,1269.5744087533553,0.0,0.0,257.5869862528723,59.2078198152256,110.52496692424444,131.9376099783204,109.85279044002833,118.28536683214229,103.63613745265374,123.70495335781314,114.93335298406168,103.06975083143865,127.80485283362832,116.52327351896815,109.30135360005616
1888,2693.925492357577,2416.6134355302474,0.8099796806985864,0.47751050179720483,0.19649853043890575,49,0.0,0.01200337304780274,1.065704143697062,-0.06909163603828179,2693.925492357577,2416.6134355302474,1402.656663072378,0.0,821.1078752195547,256.120429946937,59.2062791253077,120.77788809876247,121.22776760045164,135.98288538996695,101.7745298198571,130.75291490454282,103.3078222967695,110.17684608166707,106.75022437515975,104.82574483220571,259.744248985147,107.33579068784796
1889,764.1381102560738,2416.7276439015504,0.7568603756181506,-0.0020031255081031578,-0.2041307635048577,49,0.0,0.019724294093862317,2.0358292665199444,-0.7718533834282697,764.1381102560738,2416.7276439015504,1051.62177158455,0.0,0.0,257.6910617206505,59.20758773165336,91.57199870101374,98.64241496930879,94.46531523039329,108.92026387099656,87.5510841940722,106.99181668035007,89.7854310939276,101.5657648934435,80.44417026232381,113.99559285966173,77.68791882905869
1890,1478.3400713734034,2419.6920003591695,0.7595339816270229,0.16511109163337492,0.10202743240669747,49,0.0,0.03332858702027022,3.857172445260253,-1.4656726390051413,1478.3400713734034,2419.6920003591695,1065.8091174463007,0.0,0.0,257.109777668263,59.210563185333655,93.15928718770172,102.37436471596097,103.88600607653707,87.18317067065675,101.03162015307586,106.67881749518054,89.9093559892683,104.05737179791512,100.92640153245871,93.1670379984869,83.43568382905853
1891,1776.9990677371354,2422.403482031564,0.5927002230555257,0.26378508421103547,-0.08145564275167264,49,0.0,0.025901799876574236,3.4330340577539378,-1.3391952797712152,1776.9990677371354,2422.403482031564,1028.1938674339362,0.0,0.0,256.8666732194242,59.21165166404986,87.75276519864826,96.10362980497054,88.91988937310185,102.68729300060195,80.6754141487119,82.39280737603002,86.65911842543733,113.13084160777741,108.78444500876132,104.46875996431376,76.61890352558204
1892,1017.4283723376697,2425.331279872995,0.525341870936559,-0.10517030778972107,0.26163513489478496,49,0.0,0.012205381595640361,1.4737952249589397,-0.4210928627281897,1017.4283723376697,2425.331279872995,899.4483255619144,0.0,0.0,257.4849687581728,59.212086309431506,88.04386817857807,71.97337709368126,80.71879601842718,84.91178228826374,94.02430737618823,76.0192418888046,89.29931631059951,76.99817728256713,80.00184599228898,84.90743815197783,72.550174980538
1893,1042.6057426758523,2424.72950020314,0.517811701198681,0.32745381529672274,-0.06762620728833667,49,0.0,0.13113703110517994,19.568767918251396,-3.2289087065633377,1042.6057426758523,2424.72950020314,3446.986055047455,0.0,0.0,257.4644716969179,59.211908624678045,303.736210694027,312.1473096321142,316.00912946956686,349.45272461796765,323.53160115594,317.15683255063175,324.53712898657693,324.8562078185637,327.5521167686219,305.032164963574,242.97462838987067
1894,1993.8263785124407,2426.139859215905,0.5287907158910045,0.2262905528837082,-0.13089515208472988,49,0.0,0.08787304428019446,13.141632724262601,-2.7966233139512306,1993.8263785124407,2426.139859215905,2276.068756596822,0.0,0.0,256.6901644854957,59.21289426456795,185.97987171591558,207.61023796227033,210.0310997188272,213.3917555256373,215.62732986610263,206.7101431848228,227.88782489641602,216.97158042708884,206.14703326173878,230.61426036518645,155.09761967281554
1895,1252.1042441233687,2426.9205097747563,0.2830239550058359,0.09984028103731528,-0.6575902667183494,49,0.0,0.015796683295300255,1.5193453741733363,-0.4541412698252006,1252.1042441233687,2426.9205097747563,2122.3595317644986,0.0,0.0,257.29395005008024,59.2133042581431,191.64096097157613,206.24195286393027,180.43425808646862,188.8455983641568,198.53908613221873,200.0919266947825,190.89133633458994,183.5575232314247,205.9032695252521,224.2211825850425,151.9924369750562
1896,829.5685449035009,2428.1676367081304,0.4484280986663058,0.2762488746811625,0.2132960264037789,49,0.0,0.03779302531087455,5.182724161958993,-1.7863952379357224,829.5685449035009,2428.1676367081304,1546.289589695258,101.84407536882469,0.0,257.63789932551975,59.21262128396919,116.61032088435863,146.9352805243214,145.5824878171573,124.00907792233019,142.06318658904166,151.46192895754493,148.2964637742018,139.32109279179724,160.2646867024825,145.77287052219,125.97219320983228
1897,954.3858860030928,2429.3979246664776,0.6756749906060617,0.017472052367627475,-0.024330223648441306,49,0.0,0.017893468768378662,1.9497117889817963,-0.7249260441681892,954.3858860030928,2429.3979246664776,963.8639092531384,0.0,0.0,257.53630920209264,59.21358358600593,76.74127056962479,97.867941839692,83.62531253736995,85.10181130717187,74.13751520152054,93.64211272882955,106.9704404351177,95.44884440045695,86.63963002888616,87.0327361856462,76.65629401882278
1898,1137.6022789284698,2431.2076806099367,0.2626067481090726,0.29670010899167687,-0.1815551189071539,49,0.0,0.012978451212411412,1.8724206623058341,-0.6810085623870361,1137.6022789284698,2431.2076806099367,1279.8195031434643,0.0,0.0,257.387176187747,59.214854270483336,128.57507350855457,106.32820565495166,115.02589419065893,121.3895741436943,106.78472334868212,127.99055051204536,97.41841415564762,119.06685190187727,132.4415648728785,129.65804826808818,95.14060258638594
1899,559.8734843134871,2435.8900087881184,0.29132402086281156,0.6078463023942988,0.17534245825382985,49,0.0,0.02177146409461983,3.7762973459339673,-1.442665458380576,559.8734843134871,2435.8900087881184,1261.4654046732858,0.0,1199.2117342612248,257.85748915653755,59.21459628013943,100.8903719224484,103.50585693262775,110.06811388156348,97.41467748264458,123.66921441967288,110.19339148980814,141.76713213554774,124.62732039331246,132.3126815021567,131.0598196012902,85.95682491221336
1900,1670.5679676000075,2438.7383649975013,0.6073170368942672,0.36483913707924326,-0.09303333474744517,49,0.0,0.14661817786659906,21.125785534338526,-3.3120321664668486,1670.5679676000075,2438.7383649975013,2777.329390601949,0.0,0.0,256.95329641550103,59.2185243376801,242.17999647210158,236.06929067070058,253.30293643677265,248.6711144758495,255.14732240089364,274.4529399473632,254.70616213153824,292.46065935950185,254.54808411686687,262.0303657279845,203.76051886237633
1901,1154.5773402487814,2440.1267151827183,0.586086321212456,0.2099370339667195,0.009736735599926195,49,0.0,0.1682153901005384,24.41923008902076,-3.4693299175151044,1154.5773402487814,2440.1267151827183,3275.0807050366993,0.0,0.0,257.37339698273547,59.218609553461974,266.06077016034277,314.75706694707696,336.21261163708414,330.4690400524456,313.1219580278338,294.1629239171822,303.7549301123917,269.2869909134886,343.79707103871067,285.0109317984495,218.4464104316935
1902,514.6922317912614,2442.3500422974607,0.871970603154174,-0.05245559481663088,0.030023797795937696,49,0.0,0.03385737450359913,3.220977433893977,-1.2699692054288823,514.6922317912614,2442.3500422974607,1179.371056148797,0.0,1001.1632743794871,257.89433373684307,59.217043250100474,116.21071477756931,129.89218230181984,119.67992038911342,134.00954606489572,137.65566627456184,87.1051342624045,101.94619032281953,109.92898507073858,110.8698451771902,92.56050441237463,39.512367095309514
1903,1512.3495870596698,2443.0571666261517,0.6399258208572893,0.2511942323164642,-0.07107914160630774,49,0.0,0.4350504953126363,61.64710595344758,-4.474781733231659,1512.3495870596698,2443.0571666261517,6579.113414025556,0.0,0.0,257.082115324167,59.22031649347878,541.4050592466042,623.0362361577879,566.2624611812937,621.116203075051,624.8071545670307,621.4746306107747,590.3091597457284,626.0962776363594,668.8331610626942,617.060033714903,478.71303702732877
1904,2708.7951712942786,2448.999287524009,0.316054934766994,-0.38121430630187286,0.1516724335311643,49,0.0,0.022383094684042797,5.511071181644119,-1.8530900511508706,2708.7951712942786,2448.999287524009,2759.8953979417875,0.0,278.4261802963776,256.1079745450572,59.219687853564665,11.307164734832362,117.72017050722063,131.91440381150488,469.6864529374581,139.5701012216324,181.2041093830416,78.53115611244354,292.7618680658177,951.7336730555394,314.6513707370965,70.81492737520018
1905,1819.099231251844,2448.7140898327316,0.44580947917391794,0.2968580340138367,0.21995928358001898,49,0.0,0.008306608716444536,1.0896600608829345,-0.09322758267535311,1819.099231251844,2448.7140898327316,782.6483152759597,0.0,0.0,256.83234704690176,59.22257166779325,68.45994717791973,68.36802635756254,65.9058244324325,62.21356933394367,89.66878584757653,83.97678058580107,71.77000967766075,64.76653369468812,85.34846486298125,68.05399519458328,54.116378110810345
1906,1867.0408665815946,2450.400821167557,0.5714835967894603,0.31089550912221126,-0.006591195331614224,49,0.0,0.037885033533828064,5.309522182326888,-1.8126385988826503,1867.0408665815946,2450.400821167557,1256.0200733858796,0.0,0.0,256.79330612469477,59.22321527880269,90.51274433550795,122.29317180646076,122.10772872941672,117.24633221375291,107.88849963320033,109.40144240515102,127.46134706778798,102.52960207482019,138.87884645355143,130.68829545218827,87.01206321404194
1907,974.8673443095703,2458.284528089893,0.7477768147040205,-0.23298843794708188,0.040927703233197436,49,0.0,0.01609031785495886,1.3904660690122426,-0.35790098853704055,974.8673443095703,2458.284528089893,1202.7594578660674,0.0,0.0,257.5198162368556,59.22568497614374,130.0666395196572,89.05906267836784,111.69683593285569,118.89437681479725,125.9986387319164,102.3042610271817,109.76438596753621,112.8203604814349,118.90722383274489,91.96779397747626,91.27987890209897
1908,1947.1803038931166,2461.071796529328,0.7231928537715722,0.2582721828547167,-0.25945036270577865,49,0.0,0.08320927401329029,7.447961823868534,-2.1800936047728614,1947.1803038931166,2461.071796529328,3274.089131021289,0.0,0.0,256.72801508027675,59.22753628562938,282.17965153364355,282.02714018356653,290.6431547471368,323.69712141923964,302.3642778479421,297.84539728878724,303.28093712862665,321.45498116749224,308.3641574445613,327.2718035420113,234.9605087182817
1909,988.5567227566098,2465.3477563046126,0.5133580959044236,0.048012515058048696,-0.009420110333646294,49,0.0,0.8022194767713784,121.29497712254441,-5.209607042291574,988.5567227566098,2465.3477563046126,16437.135458200133,0.0,0.0,257.50871191858806,59.228670860465556,1355.0476177111032,1520.8970771180711,1563.9996080437058,1473.8445761493008,1606.6731611292817,1439.6041553512505,1580.5290254875918,1560.9146529672053,1578.219696406224,1541.7523178690367,1215.6535699673618
1910,1924.5853093917208,2465.900789666764,0.6313860913905249,0.06716073255647263,0.09678092414550798,49,0.0,0.02570698991785805,2.8008021520770248,-1.118206078649454,1924.5853093917208,2465.900789666764,1210.2833375432701,0.0,0.0,256.7464001109585,59.22958682499687,124.69323452265797,120.78499708650986,104.74185926294757,120.85631562493401,124.6022212467041,97.0930180354612,104.2016004216594,100.8619328599231,116.05488171959209,116.67385653074786,79.71942023213307
1911,1413.6073496942167,2467.3671813318965,0.5768267093970554,0.14061431879956104,-0.09743972331341072,49,0.0,0.13572314921396805,20.367760972878823,-3.2723582241241966,1413.6073496942167,2467.3671813318965,2644.187760004649,0.0,0.0,257.1625562915168,59.23037616327366,217.07046484547448,250.8023313832843,265.5773592872266,251.54858986703783,231.88549795591712,228.9402186584883,288.9058433911504,229.1737407266767,247.21819819690785,243.9372499733587,189.1282657191267
1912,667.8645265319864,2467.842561882614,0.49317458218281673,0.5612369593363425,0.19692204062589397,49,0.0,5.9909942983905395,758.7549110036244,-7.200253787604899,667.8645265319864,2467.842561882614,209484.96639938446,0.0,78621.16138529115,257.76988258101545,59.22845002393511,18501.424747678924,19344.281138746912,19203.23726660554,19383.357886611237,19706.167084681005,19207.191592218638,19798.20665142068,19987.835709092178,20020.85846069423,19773.632585544878,14558.773276090142
1913,1769.971279661472,2470.2061318836536,0.6707136740527113,0.016388610358709258,-0.18817466162607505,49,0.0,0.011982968165678074,1.1965061150845329,-0.19478730635124697,1769.971279661472,2470.2061318836536,812.3107694183568,0.0,0.0,256.87231355725123,59.23157480571461,76.40694826887686,72.4983978866467,82.4987375491821,76.76870543261231,83.1071539520697,61.34672913716604,76.95398554566727,76.49280023069801,70.02452655430719,84.58145482921587,51.63133003191484
1914,948.3832649622536,2471.1739927510894,0.2773929462573737,-0.10928606886556329,0.5654702966219459,49,0.0,0.009415264427954229,1.2539367003147655,-0.24568903382472693,948.3832649622536,2471.1739927510894,976.8397075956897,0.0,0.0,257.54146516829474,59.230969057825064,85.43746886281711,104.67153547959309,93.27719945529509,90.92510693187374,70.83533830316152,94.78978094441118,88.85874977228345,83.0826277680057,109.1766964884826,82.81522456821162,72.96997902155451
1915,2699.35552061794,2473.2551869755516,0.31340127030574005,-0.7062953379015926,-0.4450244020572934,49,0.0,0.02306601668584363,5.178373697864861,-1.7854834703381202,2699.35552061794,2473.2551869755516,1680.8614313354885,0.0,82.62096157465368,256.1153949761894,59.22984584441577,205.98706286779066,129.6928293861542,24.95323349963541,121.88717565406742,105.81715003137501,146.01962538724396,303.1096194454101,234.35308734406664,66.52217629611144,211.59789155782238,130.9215798658112
1916,764.4035219567827,2475.228099962245,0.9486655855623286,-0.2656741800277607,0.07713445422707317,49,0.0,0.013981376155189018,1.0954504554107147,-0.09898185061513942,764.4035219567827,2475.228099962245,849.8048337267977,25.995141857933685,0.0,257.69133011349635,59.23196141721493,64.50983015966965,83.48843674847652,83.4511883788634,80.92323315454931,94.07081759698312,73.0599058616809,71.57390144801175,74.81864013958622,85.19021433865146,77.07913640825583,61.639529492069485
1917,2059.0677536973635,2475.997624978921,0.6019564803468228,-0.12648617651901142,-0.18932154810076726,49,0.0,0.08164664987760539,6.77450681659602,-2.077194210258317,2059.0677536973635,2475.997624978921,5045.184711744827,0.0,0.0,256.63683113395973,59.23352578060866,432.6432456909538,464.10891739660593,491.8574998566753,450.6587340377606,470.80757984813897,463.69669132720344,455.4588628677549,504.1893291090292,456.8321106441049,494.329613150304,360.60212781629644
1918,1677.232089094781,2477.299926980523,0.6728971865116274,0.3685583155194347,0.004791278498501663,49,0.0,0.29850729966805695,40.226460268012865,-4.011279546149488,1677.232089094781,2477.299926980523,4640.136941439618,0.0,0.0,256.9478414395137,59.23458853268165,382.716660123495,463.1736337488188,445.73954672403,412.1993816868552,448.6524169185923,413.6939799731542,410.5185984291639,449.3801019662641,431.3038833750293,457.82667917747636,324.93205931673833
1919,2639.4514990854213,2480.163409607849,0.3677160184847695,0.8875337799751962,-0.5771527434616917,49,0.0,0.009069845586030776,1.2049055739307282,-0.20238253360983868,2639.4514990854213,2480.163409607849,1250.7354478273196,0.0,717.1746931325847,256.1641045708062,59.2330496703151,139.5806285932489,161.59818986431262,222.90371503707155,138.58591747438015,108.78666345210462,71.72302815602586,61.59542614352832,90.25360408726425,92.0681431256615,70.92993082384295,92.71020106987879
1920,2615.260778577916,2486.5207843133016,0.3407211914538541,-0.2747974037361097,-0.3936608497137855,49,0.0,0.008640877246393988,1.2292461836544484,-0.22409717160951056,2615.260778577916,2486.5207843133016,1276.3876649818553,0.0,896.6497941680882,256.1837414933678,59.23582461112794,80.25801544932182,113.96260825310092,126.74145331792377,85.91505561101323,95.42318043048755,115.91787418592821,108.81420019916004,116.8737289053758,109.41210977276441,184.24418463443817,138.8252542223415
1921,2630.133827091456,2486.52752347311,0.9946766353088382,-0.9238879696470742,-0.18657228743230672,49,0.0,0.021227439397368025,2.0645390033082474,-0.7870577299686061,2630.133827091456,2486.52752347311,1268.8507301701602,0.0,718.8565577602698,256.1716278892101,59.23575003827448,123.48307581925808,114.0564909625339,163.45151052056997,81.9537226350783,104.06640510806523,83.33409056247228,70.3960864169101,128.92908994352752,142.88252186170348,96.97907300756293,159.31866333247848
1922,1992.634218952502,2488.4552092307144,0.3981843030708418,0.2490208807405597,-0.12324908488630136,49,0.0,0.015666959485456725,2.4891060510657708,-0.990108501476774,1992.634218952502,2488.4552092307144,1060.9556322244553,0.0,0.0,256.69089282498925,59.23885996524009,88.73557728908632,94.59594810416313,86.86602621077756,95.53079820393967,113.26666853403107,96.96708963453253,108.63467514058433,100.21096337047868,108.2955027713673,92.65111372808602,75.2012692374089
1923,652.1355418948011,2489.2749811734607,0.49779177284657444,0.11530852230114476,-0.006870978154074064,49,0.0,0.4018240172464665,57.11271404189499,-4.391831996691565,652.1355418948011,2489.2749811734607,10756.886640369712,0.0,9004.458886253575,257.78289219277315,59.237303755613965,894.2526707333541,968.1464575510329,1011.2718361964904,1016.4955259346797,1041.771026661279,1025.8349134522955,1042.3575968642494,1007.2969085578634,994.1194233005695,1015.9117463460658,739.4285347718312
1924,2109.6735607360356,2489.449077568927,0.3573403878585961,0.7458812663274502,-0.089372849190589,49,0.0,0.017943209513978087,2.8403510880195872,-1.1334300632915693,2109.6735607360356,2489.449077568927,1033.4744529621871,38.30303139202918,0.0,256.5955452476909,59.2390055508609,75.47587927320211,116.05967566885566,104.03242455484926,83.60789171475551,98.72778363564318,97.68802819473783,88.89501599561451,91.6224088567071,88.197721275337,124.27632542690681,64.89129836557802
1925,1541.9509521139369,2495.1773458488974,0.6149339602236199,-0.28859299162080054,0.2575966882801254,49,0.0,0.010046822489632653,1.1089522592391563,-0.11228212507695125,1541.9509521139369,2495.1773458488974,790.4147239952981,0.0,0.0,257.05804405732397,59.24204340558275,72.53326202162057,85.74164599659741,75.98322606969867,71.76972980914556,75.07853841425339,59.92028388931895,75.62189944202555,74.27712645462199,77.66290073434672,70.66695245160972,51.15915871205969
1926,898.2398021022838,2497.646790933644,0.6419486797868619,0.41759897489418296,0.0868645053693855,49,0.0,0.01783214249903193,1.9281876847325852,-0.7128732617756451,898.2398021022838,2497.646790933644,1048.612403055091,0.0,0.0,257.58248662506054,59.24182558559135,94.48906572668913,89.05578203108001,96.24379314055219,98.90820245555395,93.70741624710978,102.92249877757621,102.33866006456311,89.14445935721159,103.88714512547755,102.88474456065629,75.03063556862114
1927,1404.5922452073796,2499.8839888721272,0.653163300687714,0.25612903360827016,-0.0883970118882726,49,0.0,0.23939917615584938,32.14296393246321,-3.767714802425177,1404.5922452073796,2499.8839888721272,4373.695593205247,0.0,0.0,257.16996169154794,59.24391544104181,358.55254063384695,401.05738092795923,414.07883037496083,414.61971709396624,393.38298865982756,409.60064324498114,390.4846506428665,419.67673001523315,414.48694826365653,432.029337694785,325.72582565316384
1928,2408.9677705773543,2499.722724611674,0.5119338546242294,0.7811905992814676,-0.23871480669093345,49,0.0,0.08607223223165457,12.541106001890528,-2.7458395966867446,2408.9677705773543,2499.722724611674,2766.716749377637,0.0,0.0,256.3516606628683,59.24228203281851,253.4478611026237,267.6717302391441,259.73065354548,279.8464396171029,235.2854076289144,247.84311498771996,234.65136743160883,266.72373764434025,253.56497526294964,281.8809372600505,186.0705246577027
1929,640.5244059011256,2509.286022694013,0.4480011591115354,-0.060414287996938654,-0.06782360280535486,49,0.0,0.014053250141646918,1.7039793776924335,-0.5786608360993328,640.5244059011256,2509.286022694013,1069.2727693230004,0.0,1124.8630809544766,257.7925400802353,59.24558416804401,95.57497196794122,94.09658996789705,96.50177309164665,86.067905966916,105.17945057279205,99.86545578214483,109.69341631930573,103.47851495016894,99.93588858237297,106.08057623259864,72.79822588921628
1930,1177.4385094979862,2512.1602216304727,0.5400780217969995,0.3592781667122194,-0.05780713340840257,49,0.0,0.085142398612231,12.604575133605817,-2.7513205283948485,1177.4385094979862,2512.1602216304727,2131.5412540406223,0.0,0.0,257.3550867651006,59.24867228157377,182.83050260551798,170.2981338414125,197.21146925876755,203.60455700688897,196.37210638545378,195.06782957511098,216.77993994513304,205.22325584800274,204.47953689838698,211.2867537994279,148.38716887651998
1931,1878.690438471983,2513.0766414979203,0.6130093066333356,0.6460752029826708,-0.13840625480879803,49,0.0,0.013652585034217419,1.563395523175396,-0.48517216002274,1878.690438471983,2513.0766414979203,986.6700241990861,0.0,0.0,256.783647452281,59.24931278560863,80.27107813179182,79.86135114452796,87.30287518663783,102.88407509460228,87.3086680280885,91.29599272682064,83.22734196451432,99.5907816268012,89.05524472635365,103.19161684673205,82.68099872221582
1932,744.04861110348,2519.969426900478,0.5739517858554624,0.36303936495777284,-0.12509909717984896,49,0.0,0.047965542936135634,6.014169408375024,-1.9479391430852742,744.04861110348,2519.969426900478,1721.893236668407,0.0,252.0233366080134,257.70828720016095,59.2505138055288,149.59298922016598,155.41304220611627,161.93082377794846,164.55543908419185,153.8021112230826,148.03195034640476,160.6486049132689,164.33973259688156,169.0969202644336,158.60632754654898,135.87529548936422
1933,2648.572617101876,2524.321156818194,0.8053539736583086,-0.344328601890816,-0.21773629720909998,49,0.0,0.010315979561795889,1.2965771585659278,-0.28199591622722725,2648.572617101876,2524.321156818194,450.0357466574818,0.0,57.778801576313846,256.15621748325566,59.251397470106895,104.49935068836076,7.818909323264925,33.45632031400986,2.004255120910348,26.815887417050327,12.867432396312102,92.31440152268348,62.276554821233375,7.890989241028872,66.5251272249827,33.566518587645035
1934,2175.8071991295933,2525.5033756648286,0.6985360570247328,0.7500425241209416,-0.2607454590002667,49,0.0,0.01229524428130938,1.2298736579420848,-0.2246512491740954,2175.8071991295933,2525.5033756648286,927.4896724737554,0.0,0.0,256.5414660687136,59.25384447167255,75.87995960083441,91.18248307179101,68.94769565720532,92.52094843932656,102.20375840633943,71.49812612649814,91.32083473966227,82.92143766683498,75.01142273423478,102.40944153644874,73.5935644945798
1935,1158.0976848266923,2530.7025568903687,0.8152233535652558,0.5827228967364136,0.040651353438297455,49,0.0,0.016925035889365878,1.6432205250257912,-0.5392396273567344,1158.0976848266923,2530.7025568903687,942.0988433642226,0.0,0.0,257.37092817986974,59.256355134311995,73.42252259047794,83.21671126361035,78.84875558422368,78.99201023529966,92.43825879010586,85.36297625739968,85.59121505204166,90.25733596393617,106.25635917939495,85.17924341023733,82.53345503749529
1936,1777.1625068102587,2532.7123152721033,0.7270524997536055,0.43561287848592123,-0.19006757839806607,49,0.0,0.010952450117911607,1.0389646257925262,-0.04150190285675998,1777.1625068102587,2532.7123152721033,858.2161549052391,0.0,0.0,256.86634701588963,59.25761151484531,76.32194204527029,77.58230944687904,75.12764998261493,85.24015226327862,70.81402836258489,76.28145309876886,88.64751213246967,60.27588023102351,95.4777577804914,85.47494303392367,66.97252652793424
1937,1966.6855871218686,2532.6484205277197,0.8903361328012843,0.10895753415928539,-0.03219757499598262,49,0.0,0.02099051783230079,1.5121072398817257,-0.448956481942917,1966.6855871218686,2532.6484205277197,1533.1531044122607,0.0,0.0,256.7118708159957,59.25732283335428,121.17124612748339,136.06574553407697,135.39295255504345,127.01517056468738,136.63729470089385,157.60924912125432,138.18546167553848,158.81956990561753,142.02133454903003,174.85902360741636,105.37605607121907
1938,1322.565868133628,2534.4122299351134,0.6989478017457197,0.13511323514395887,0.1910668586544679,49,0.0,0.022903553729477284,2.5449008423910984,-1.0141771636943968,1322.565868133628,2534.4122299351134,1086.682869051995,0.0,0.0,257.23688850254644,59.25820250728272,94.03292771437305,92.30205672920582,116.71476582239406,79.43036073152041,99.69040557250975,98.44576447749904,94.9181482277645,96.40462237555124,114.50223653910231,113.39334976787721,86.8482310941978
1939,1826.2876914496576,2540.0368583442732,0.33012479119024435,-0.37416864882860107,-0.2535339474345805,49,0.0,0.009107126343727196,1.3907389507052192,-0.35811404549079323,1826.2876914496576,2540.0368583442732,938.7435914249545,0.0,0.0,256.82628936303314,59.26061289146269,74.23244769394314,81.0795459044451,90.27888264427287,94.3918009358512,84.55794319573947,83.87236013795685,96.76933381235742,104.4519785819914,83.23532677723804,80.68971920567157,65.18425253548742
1940,2299.048310517918,2543.6381430024658,0.37350430547387103,0.9301864683177256,0.31385272893641497,49,0.0,0.00985848557450076,1.1565081979993481,-0.15787178912037983,2299.048310517918,2543.6381430024658,1046.1506550271438,0.0,0.0,256.4409045272001,59.26100008648832,101.15600123169133,85.48321474632553,96.72757983462571,87.33423159740116,91.66590730497703,89.0261479584674,116.12635574299031,97.67921260069824,106.44744949061302,95.58478135812241,78.91977316123146
1941,845.7363483800876,2545.4326361501053,0.9440873514713423,0.14069253139877969,0.10084032103909478,49,0.0,0.014974065681975872,1.123738937610798,-0.12666357362577224,845.7363483800876,2545.4326361501053,1066.8383167432748,0.0,0.0,257.62561678545876,59.261539589642524,87.51944696087537,106.02991315167853,101.58799810551788,115.82415956608685,82.04186996758067,107.9031750165303,92.58337576321495,81.8763858876101,104.82931339741182,99.02324809865942,87.61943082810909
1942,1793.905772594556,2546.8151616504933,0.5539741998533289,0.4671526437448823,0.003189199486970635,49,0.0,0.5744967619876878,86.78458335203001,-4.846106456956236,1793.905772594556,2546.8151616504933,10215.305126507461,0.0,0.0,256.85267272383146,59.26347162170222,896.4340183576019,949.4365472594034,939.3751727357179,957.7536916227558,962.215751384035,939.6033236100766,960.553519699333,982.7060528319453,961.3787066679977,949.3302619225468,716.5180804160459
1943,680.9790142001549,2548.770150923758,0.3824207624648354,-0.2937861860626646,0.10940219175540213,49,0.0,0.010359966519748192,1.2457301585580784,-0.23855994661684066,680.9790142001549,2548.770150923758,1020.4700432105565,0.0,984.7363716913535,257.7599413993683,59.26222731410743,97.7781636523082,95.99820136550925,86.95018467983954,106.69600815576408,91.98794889472808,106.75686118262443,83.192062117235,89.6326203190151,82.63420716239935,99.13020915004817,79.71357653108525
1944,2578.8031374857437,2547.9501173729927,0.9090930849034002,-0.6609961300994263,-0.22343831676933673,49,0.0,0.010709700259444824,1.045016084608354,-0.047807437607855024,2578.8031374857437,2547.9501173729927,935.7419488967603,0.0,553.4617888924577,256.212839015348,59.26160148385443,79.79710274185302,76.62433713671768,104.57101977748721,112.63666453750703,85.7831956991673,63.49380284060634,61.88583159889403,42.022947256051644,122.69187534892458,91.91946956897621,94.31570239057521
1945,1458.7417643450417,2550.460318239338,0.6601922445823313,0.10663721737444162,-0.047895466753084065,49,0.0,0.0285309802911745,3.46064985071047,-1.3478941487719003,1458.7417643450417,2550.460318239338,1063.387558213347,0.0,0.0,257.12591387170227,59.26503446507784,88.63070129283143,92.34161157426747,108.10510386843693,94.01189642189749,85.0702008392916,110.90101515052505,97.46987913785674,100.1275258748155,88.71211359033211,111.8071537396465,86.21035672344587
1946,1886.361815633517,2551.474039671517,0.9081953804288205,0.7062131655481003,0.018421783406430487,49,0.0,0.02375362116067207,2.0636316434723976,-0.7865804466755046,1886.361815633517,2551.474039671517,1139.8781141623035,0.0,0.0,256.77728722149845,59.26529981708822,102.03743070714116,125.11554279780614,94.852129304644,104.96298092675872,104.63177539364344,95.80835061905262,113.16984863652951,105.70042574855245,108.07541171504855,97.20857825937864,88.31564005374823
1947,2392.4104050810406,2554.4885686333473,0.4283083306644648,0.9053778167796176,0.21680560462598647,49,0.0,0.011086255479120528,1.0015687226117418,-0.0017018843912663506,2392.4104050810406,2554.4885686333473,5185.497578597724,0.0,0.0,256.3647189208603,59.26516611204889,389.66429958717765,471.6775071361666,508.1783706135067,495.75555696566573,472.1200128376072,459.54309660183554,508.9945737361371,508.46590242724557,510.6624613130043,501.8787696580402,358.557027721338
1948,1532.8031841158586,2554.8145959678127,0.7728635217703475,0.2838083261141519,-0.38311868291073725,49,0.0,0.014582973979975284,1.3488000647483607,-0.32486894532180244,1532.8031841158586,2554.8145959678127,907.4416933158832,0.0,0.0,257.06553698612487,59.26688818494601,102.23244997409782,98.39000746872838,70.24985675736855,71.5219564426925,84.19974598697054,84.38143031753792,81.34119803775577,91.41834524465226,90.39779462032135,70.71132809147353,62.59758037428452
1949,691.6117726239102,2556.369735931727,0.5068766853914717,-0.09733765016682204,-0.2767019302993732,49,0.0,0.023217892777592383,3.130478374340158,-1.239026769953711,691.6117726239102,2556.369735931727,1187.2801327763955,0.0,1147.137606846526,257.7513430699436,59.26544292018834,105.03712249802163,120.62040181241449,107.8382858552759,113.87425751087125,87.29697035414412,131.85382843074387,124.49076001724234,118.94304020820381,96.76563894695269,102.17431929335723,78.3855078491681
1950,1676.5890822428241,2557.823730151489,0.4213118856394437,0.10796149952818179,-0.2153962702587987,49,0.0,0.009085120235655615,1.148044900820216,-0.14989718486985878,1676.5890822428241,2557.823730151489,830.298418417329,0.0,0.0,256.94830440359215,59.268138854732435,63.52781308491224,76.51418709627202,70.27443753981348,86.4926678710375,85.41209449153136,77.29407025758081,87.82736563318257,68.87293934497843,84.17031740162652,81.65259345666581,48.25993223972822
1951,1183.2011781578171,2559.071685944716,0.5851112757305822,0.21157294852000658,0.008160683009564799,49,0.0,0.07441312474681465,10.474717661208228,-2.550355814219502,1183.2011781578171,2559.071685944716,1862.9756902740883,0.0,0.0,257.3505853132041,59.268229809554896,158.41873258665277,178.15171550561118,148.37910021374088,210.6151130117654,202.88924304816823,161.03729483405357,148.97644004746434,165.71618747598043,177.45512266634876,165.4188861182022,145.91785476610067
1952,2397.443133477908,2559.817567965136,0.5003076014167507,0.9651629731976904,-0.30977915818098833,49,0.0,0.22079968243948545,31.484031432582917,-3.745225843273002,2397.443133477908,2559.817567965136,6606.74295146258,0.0,0.0,256.3605740451422,59.26736590551838,501.17176078954344,615.6662955668737,661.4359982102941,609.0261960462913,628.8138427780839,586.1039471801907,644.4401991488382,620.6410757086112,664.7683374933983,631.5487037479836,443.12659479247174
1953,2544.0180047282697,2563.74146458003,0.2804526654243646,0.872773597288201,0.5673724144682581,49,0.0,0.00740261158771334,1.0331232923604352,-0.03538038268734765,2544.0180047282697,2563.74146458003,1072.7734211490704,0.0,802.8941531164196,256.2410441317339,59.26835060704754,93.29306176179321,92.89286816617793,91.14170996480209,97.46424787703823,133.216632619812,92.02161103244912,111.8401345363973,107.58345043652189,131.686236209302,66.54403560697652,55.08943293779988
1954,1843.1834293876198,2564.752349730441,0.6182945105246246,0.3293571598017828,0.057840012074000524,49,0.0,0.01916441731712953,2.1996478769317496,-0.8558829096179204,1843.1834293876198,2564.752349730441,985.7260939431284,0.0,0.0,256.8124571370479,59.27089029444757,96.89085343836031,90.81046489549848,90.79814430914158,82.82994113029955,82.66724196363154,104.35556501678126,89.32341062967242,90.93446839151635,92.37044415896708,94.71951398618418,70.02604602307568
1955,1394.823826690429,2565.0936968924643,0.799225097597692,0.2328063374265136,-0.1272441054676026,49,0.0,0.026624758125870663,2.7575290191201494,-1.101300228689398,1394.823826690429,2565.0936968924643,1025.2672248347149,0.0,0.0,257.1780537310233,59.27107480166731,81.50458050352134,92.05058472122714,103.07201127635187,98.64250396191471,102.63171350165706,106.40058971602129,93.41268112496675,78.88624913012009,96.74442873803017,97.95371319841541,73.96816896248916
1956,1247.053609323621,2567.9001241229894,0.513141514215047,0.4348151430258254,0.01872908506766532,49,0.0,0.038652195892384646,5.484826921279258,-1.8479073189202504,1247.053609323621,2567.9001241229894,1413.671860094591,0.0,0.0,257.2985555319165,59.272033509031274,130.36579454521302,138.29954924007623,137.2443105016489,123.1906987945575,136.47453378457274,128.1485556810404,128.6612087552747,110.0990704813689,127.79132178896562,144.10374024001368,109.29307628185933
1957,2559.5482892374057,2569.0421211353805,0.5688163169382575,-0.5296552314642321,-0.9933783262348821,49,0.0,0.008889709654973516,1.2050614527207448,-0.20252298635814553,2559.5482892374057,2569.0421211353805,1028.504088764793,0.0,547.0211232766202,256.2283325600137,59.27048360894213,108.88080641824592,113.44518066501779,90.53031992655855,73.39196936331346,71.8864225326839,70.78579434085874,70.86471898067751,74.18344824296545,86.66265407791101,77.56567761746838,190.3070965990924
1958,1765.3651499411305,2572.8879406064525,0.8889486291466061,-0.1587405538662233,-0.12411068148606322,49,0.0,0.01989475615760203,1.7851378958906075,-0.6291794238253724,1765.3651499411305,2572.8879406064525,1011.1222528858287,0.0,0.0,256.8758971203635,59.27436077304256,77.60160602896761,89.06887522532678,108.99138354538741,86.72966939806186,79.89566239215293,86.52170756422015,93.8532349003651,96.15211972749135,115.31186379018817,102.38418171424854,74.61194859941881
1959,2151.935900584986,2573.010983697136,0.5458346418578514,0.6725661455666135,-0.27738435851680726,49,0.0,0.039002686353779285,5.2713953236830475,-1.8048139674280206,2151.935900584986,2573.010983697136,1484.6024312588347,0.0,0.0,256.56066031051563,59.27370626092175,126.67886177895372,135.2038668146206,155.10409248606163,133.5254732841846,144.26861351258898,126.38740585959533,139.09940270992826,142.502785992112,131.8912398910657,132.5087119792111,117.43197695051279
1960,1428.033535144646,2574.3690505213267,0.6686270849646104,0.5078928418299408,-0.12089287111140262,49,0.0,0.01476014414437547,1.5582350480347733,-0.48158242083348896,1428.033535144646,2574.3690505213267,918.3536321062901,0.0,0.0,257.15099015964796,59.274971333644196,76.8312167136396,78.72652218118847,83.82844550978729,103.76065217162545,100.88161525055213,72.52872867286055,83.21921240828051,74.49602708357351,80.06171114824186,84.77611419211286,79.24338677442793
1961,1720.796942910691,2580.200142350361,0.6393340274926697,0.5201225929084968,-0.1003666324290167,49,0.0,0.012722506646006113,1.3320224210831562,-0.3112788377440038,1720.796942910691,2580.200142350361,940.5076411040743,0.0,0.0,256.91223321871075,59.27743976016226,88.71082395818085,92.66513953430102,93.15767465187008,81.7701482924829,81.93198980253382,76.53091493566328,91.1592377460781,81.06145980342004,95.34207137960674,89.40881836517283,68.7693626347646
1962,2597.59140326481,2579.7133244355387,0.8312729448926569,0.1481855021917437,-0.8829477566791856,49,0.0,0.010125847903661838,1.2501105960435313,-0.24237109077359045,2597.59140326481,2579.7133244355387,362.582356015134,0.0,35.10084140215456,256.1972104954364,59.27473963234664,37.33215252145819,53.63248489098694,0.0,5.348661092453564,24.24871295674606,130.74659799298126,7.553197687945944,45.22352251629769,44.545965425857915,13.951060930406427,0.0
1963,2587.2460581376786,2583.067621255852,0.4111408893865111,0.6029121364350561,0.6461388082112182,49,0.0,0.005617800857706146,1.047917602307112,-0.050817838608328045,2587.2460581376786,2583.067621255852,462.4180152556946,0.0,76.2325854276121,256.2056131705044,59.27618935824938,1.3384211440281764,66.91162658605856,58.69752066446581,24.204527293106995,75.74608442852337,105.64541255276883,35.81849504767432,29.23766400784704,20.153760164429375,44.0397996020724,0.6247037647197562
1964,2077.9520203413936,2584.2393956607707,0.3560470291314595,0.27074870603091766,0.19026910236982383,49,0.0,0.015785893240482053,2.3894442163690286,-0.9457422399921012,2077.9520203413936,2584.2393956607707,1158.7565085348342,0.0,0.0,256.6209371100548,59.27857843965458,104.50891570664686,104.82777032620105,119.49958599955494,97.63686509475754,116.9602208718745,112.5401321552338,115.92291054809851,97.79617505067796,92.70585786377312,104.03465734160991,92.32341757640611
1965,915.5650931680483,2589.3866737687113,0.583859629849408,0.3623352256119528,-0.35325067450084924,49,0.0,0.013031092293726506,1.2433710239096396,-0.23650185537915425,915.5650931680483,2589.3866737687113,1019.2519983616671,0.0,0.0,257.5689961048448,59.28010811269187,85.20517646269941,89.21878150817668,91.61782123822084,101.62100107397495,95.018894430337,95.93637342704912,85.59287210944476,89.68307680228587,89.80494336442737,123.69619386538099,71.8568640796701
1966,2046.7256837278487,2589.6179361149407,0.6930917021370842,0.6773426690744682,-0.12455538356044055,49,0.0,0.052913674733850315,6.440239275191415,-2.022255007671604,2046.7256837278487,2589.6179361149407,1558.6066981999518,0.0,0.0,256.64638048753204,59.28089286744465,124.55301869137955,130.32068362571718,140.8655003479545,149.36863201510818,131.76777403839685,139.6894460990629,148.5956759035815,143.4071043683423,166.43517328547847,165.4835209067091,118.12016891822131
1967,2560.09616882839,2589.9390212775984,0.9383489235241227,0.13838129443106856,-0.3143011141662476,49,0.0,0.011930102907814735,1.307838551865925,-0.29138533787323034,2560.09616882839,2589.9390212775984,754.5582167175303,0.0,299.37310843788805,256.227686648024,59.27918672352442,69.79157419399453,71.97162150777376,92.26295999689569,67.4233072941174,72.18106006128687,38.00005777212927,69.84226406367345,60.23137089710321,70.37697725516172,88.33966351078412,54.13736016461025
1968,1372.7369098201982,2593.516971842113,0.6319229561672489,0.247570178816973,-0.11478533270449381,49,0.0,0.03120713613315518,3.586409975774561,-1.386649834676836,1372.7369098201982,2593.516971842113,1308.559395521396,0.0,0.0,257.1961278689025,59.282892772784045,97.71608252773257,109.87012224335695,122.22780026715076,108.99452452774008,125.30421996637209,110.10416122797628,146.05270743185093,134.3892836908256,115.15998120632966,134.26704123268172,104.47347119937938
1969,958.5771933128351,2595.3907274954163,0.3550826323686782,0.2420919544483426,-0.091636085161511,49,0.0,0.010232156781193718,1.2368227049689706,-0.23076862301758333,958.5771933128351,2595.3907274954163,1040.908648000985,0.0,0.0,257.5339544926261,59.282755065706084,93.40456072873518,90.95106652744198,105.16188593283121,103.44162464056478,98.16728912080953,84.36511094012484,99.31163470179723,104.53162862489502,89.8834124576199,103.77758904937491,67.91284527679048
1970,1764.0737718118667,2597.8464522418903,0.4921575477621214,0.2575994602137153,0.046259483837386414,49,0.0,0.024530227805885055,3.5784913921828174,-1.384249942213592,1764.0737718118667,2597.8464522418903,1100.689250271514,0.0,0.0,256.8769096484553,59.28476067250887,86.68697361463786,99.9243533988092,113.00237056932923,106.7383481641206,119.63792941924089,101.43168979630889,82.21707492129187,106.53023888665228,91.04866851114133,114.02662277717624,79.44498021280582
1971,1482.4704014538243,2599.818206369225,0.6206400284842473,0.04472756923508254,-0.31275958615964755,49,0.0,0.015555912677556462,1.8635871442331169,-0.6758742646252145,1482.4704014538243,2599.818206369225,825.3303698680011,0.0,0.0,257.1066266079531,59.28561489628599,63.09425935511271,81.24025930587536,73.7511264826771,64.8760947821965,83.91412004548367,80.83695047703372,76.30013165999384,67.47079485968759,80.99964010485267,89.41632569054157,63.43066710454622
1972,1569.2083788961077,2599.586729647095,0.3446186622976766,0.8941399021589712,-0.0925955477131801,49,0.0,0.010946707683546096,1.663109411515234,-0.5523020530762883,1569.2083788961077,2599.586729647095,934.7454215903606,0.0,0.0,257.03586933482774,59.28555148028585,83.02296842048327,90.54680768739502,97.98676103832632,94.51475092435038,93.63863774607285,80.13514080800726,76.33314792322187,72.23378998445749,86.4150666621282,88.82299241876993,71.09535797714793
1973,2145.549153148539,2599.7608009849305,0.548910729473959,0.7777664868618708,-0.17514285315898606,49,0.0,0.06302833599486463,8.755472822931539,-2.355699010784632,2145.549153148539,2599.7608009849305,1959.1015571214002,0.0,0.0,256.5657234422692,59.284868960957034,167.24085632472395,184.839722757689,178.00895035781176,158.76176265156136,184.2342853868156,173.52668436191033,197.30304374843155,206.2018970874375,168.4020774929146,210.81262876833344,129.76964818377115
1974,1804.84784369166,2600.4736679821062,0.3783859401121821,0.010501502635784445,-0.019528535002180755,49,0.0,0.012704389028232137,1.7977223387982628,-0.6368065376814511,1804.84784369166,2600.4736679821062,947.3482724587723,0.0,0.0,256.8436435213509,59.2858170301057,69.38760511898853,84.0104684159284,94.2070437646157,86.83761209487403,97.36642586067723,82.87185347347007,83.98090594959953,93.35616764337391,96.41982102436569,85.92307249956525,72.98729661331392
1975,856.3733407298527,2606.8794783186913,0.3412928258386573,-0.251766055971258,0.06571225388114946,49,0.0,0.0224446274982352,3.6809744668492326,-1.4149070124125491,856.3733407298527,2606.8794783186913,1238.345042455646,0.0,313.461023325465,257.6174005694251,59.2871803413983,111.64114605447824,121.6170665330167,113.60431934245761,122.33802572863178,125.47432867990497,100.64079345530425,125.6071488529841,112.22140404666006,118.4623689932744,105.73838407615878,81.00005669277522
1976,1038.7449545246923,2609.0222208717446,0.5053457591383844,-0.21307398472441924,-0.10891948122695623,49,0.0,0.016656289810664564,2.1056055271944607,-0.8084425298855942,1038.7449545246923,2609.0222208717446,1009.7181634855857,0.0,0.0,257.46864138258707,59.28868040938666,108.55521766390929,94.71557218957375,78.01669271998044,96.69965501976526,83.0308000697058,89.96259116165162,97.20554735184753,87.23078377206703,91.12385572258039,95.08352191459156,88.0939258999131
1977,1558.0441211941663,2611.970296635319,0.22498985447453806,0.10815903301287617,0.0754334876725044,49,0.0,0.010862662518352533,1.476460381690011,-0.4230544947541729,1558.0441211941663,2611.970296635319,1006.8602572976358,0.0,0.0,257.0449818786293,59.29070892364776,93.09139845246878,90.76920452208836,93.42281615403103,88.88614520843778,94.0228920288387,78.93204031785223,102.70224657308121,92.58855216731101,103.93461485962791,92.59836948565442,75.91197752824449
1978,1095.5490850213741,2614.790566805929,0.4036441169013021,0.028581882289488613,-0.010278850805167408,49,0.0,0.07173931537849901,11.702590536472746,-2.670705024271916,1095.5490850213741,2614.790566805929,2429.9258343105785,0.0,0.0,257.42232934110245,59.29123822664762,221.17555439276623,225.9718998280404,219.4769699578906,242.18526742946602,236.8596069153013,194.44131792148022,225.23431195032651,232.0495997737916,228.53305538529716,229.75442812951246,174.24382262670613
1979,2074.0457646640352,2620.3358196413087,0.6956729076802508,0.7401766765786968,-0.14848544967017868,49,0.0,0.012129422360714969,1.0990545015998698,-0.10254807354549367,2074.0457646640352,2620.3358196413087,1007.0491509966002,0.0,0.0,256.62395297996017,59.293626948585676,91.15134318235813,86.2342583936225,86.3086222174374,83.10879033094704,99.72182927098723,84.73908241618773,100.7585559684299,98.81632490413833,95.72158060180024,96.51110893343206,83.97765477725973
1980,879.6227199183096,2620.5233984780516,0.24120108315192965,0.07552359525788581,-0.022878271468298215,49,0.0,0.006538435920288008,1.0301144833716898,-0.03221373344658459,879.6227199183096,2620.5233984780516,819.463805337221,0.0,193.73690308262027,257.5985329163515,59.292951560075885,76.59433877783758,90.72230744471608,82.78849409203035,70.92511877397752,76.35684730680063,68.63976978237292,74.456861587535,77.11912308401338,73.70559582666377,73.81570917620593,54.3396394850679
1981,1673.0739013192645,2621.853974696278,0.49913501815111305,0.44984802996193907,0.21099261730494936,49,0.0,0.010897176268977895,1.2534976410287766,-0.24530880247840978,1673.0739013192645,2621.853974696278,902.301125697083,0.0,0.0,256.9511242861482,59.2948180593935,83.83121074632228,72.45698983085452,79.73806692335691,92.49042039001097,82.71777321892453,82.92474715612407,97.88369262559749,89.50783911360537,83.78910978888312,81.22418886876692,55.73708703463689
1982,1242.5404643514883,2623.059733555917,0.42678596187505524,-0.1921339761359102,-0.36518331745407107,49,0.0,0.02757052628136569,3.5289922513470215,-1.3691267619378054,1242.5404643514883,2623.059733555917,1610.4969240106775,0.0,0.0,257.3024319211469,59.295006996676825,145.45435003390565,138.74297231999083,150.93114882268736,151.22262538697225,131.36689788987394,153.14462600964373,150.84106139413507,151.4822790999229,154.4621503762267,151.33300151810266,131.51581115921653
1983,1485.6790618923335,2623.370050243176,0.3848121004924444,0.18815601033126228,-0.16500247027164805,49,0.0,0.010953776598661634,1.5820476576738427,-0.49804890516239564,1485.6790618923335,2623.370050243176,911.9370838290936,0.0,0.0,257.1040360143622,59.295429526210064,85.10860094973262,91.30741926895107,88.83451016846514,76.214262932195,76.39246551398278,93.58470601882985,78.7568634601498,84.12025754226828,96.17279374626025,76.8243979346671,64.62080629359174
1984,2261.613663533064,2623.438729398771,0.4459627564549341,0.6790081648138084,-0.1259702291761158,49,0.0,0.07055633167197604,10.088169320785719,-2.509530907164396,2261.613663533064,2623.438729398771,2758.5813725490507,0.0,0.0,256.4708941757885,59.294376831311986,264.2134599582662,269.7165619126814,243.39655149778656,250.04067443347614,266.69171134504256,232.87116019494607,250.44885439413164,233.3731703355476,261.30570054022394,283.1809207655077,203.342607171441
1985,1200.8953526735868,2629.013624066475,0.6948850641724922,-0.15457321593984405,0.164795506334324,49,0.0,0.03253731798130793,3.703595270667792,-1.4215588021255319,1200.8953526735868,2629.013624066475,1201.2787766820568,0.0,0.0,257.33643660164506,59.297407126920675,118.10748795299018,115.30881460948427,105.07257077836648,125.51300419800197,98.28150387905032,100.83234056229306,117.04179056932253,102.90584112925053,100.89153996650472,125.71704796615879,91.60683507063392
1986,932.0962165990935,2630.476095183232,0.5235022983044918,0.07155573757198344,0.013024109256153268,49,0.0,0.5533022316233783,77.57912705950338,-4.724362221242923,932.0962165990935,2630.476095183232,13105.706271129431,0.0,71.5777835585835,257.5557867471277,59.297284047986686,1093.872028779584,1192.618494880443,1212.115086627083,1193.600838241067,1268.9564897646633,1188.7215046244687,1221.3815961292319,1291.097517464957,1262.1447050071577,1220.7001735767321,960.497836034044
1987,1032.904181551747,2630.4351725157135,0.5972873103670495,-0.007434656536343798,0.05114952639992126,49,0.0,0.15437270528446675,20.14092618054162,-3.2601985942741294,1032.904181551747,2630.4351725157135,3670.1376516468745,0.0,0.0,257.4735271562331,59.29758487041103,287.445598762091,319.41728636679886,334.72831017920737,372.44125626890957,347.6141388096237,318.8211221973256,348.1910511985934,360.16484015748773,388.91042783114153,317.68268668238846,274.72093319330736
1988,1876.030636818473,2629.603267923356,0.6587971348254709,0.14218832642651189,-0.33598814490369705,49,0.0,0.012903321930478088,1.3911705194950839,-0.358450914730269,1876.030636818473,2629.603267923356,899.2680196209822,0.0,0.0,256.78549590932323,59.29786650294906,77.05807630106762,73.66319010083441,70.24896006341172,77.719568061332,84.4801472854152,72.37110445973715,95.09690741874412,75.0199288734006,88.52823364102292,97.96447129509076,87.11743212092549
1989,2154.9140320232777,2633.9047708852513,0.33549815879276634,0.24041586084288835,-0.28431372914187,49,0.0,0.014365786399797291,2.244751269567021,-0.8779205646412007,2154.9140320232777,2633.9047708852513,1113.1854947132285,0.0,0.0,256.5578961652235,59.29906814265868,96.02317687191102,105.03775820088401,97.22332340346719,98.12367915714127,90.63370648077539,112.32279366606002,97.16505232960566,89.46128608513243,111.7660388917534,123.07810708438855,92.35057254210955
1990,1360.4441249983556,2635.6701250205565,0.4777935685675534,-0.08394923157056472,-0.1309991846463059,49,0.0,0.018190227678599208,2.3365008638002416,-0.9214148647956613,1360.4441249983556,2635.6701250205565,1081.6195183349473,0.0,0.0,257.2062555764874,59.30044086626153,95.46967186267185,104.09598168580203,95.34281920357176,104.48455476737749,88.6572645894332,109.4226089152225,113.17514474514235,84.24767959220982,106.33044786572457,100.12996149771617,80.26338361007555
1991,985.6640741986192,2641.991868462577,0.47133194277621804,-0.05179034226120006,-0.19017591395570313,49,0.0,0.0410751845223648,5.713048136727635,-1.8921697083340772,985.6640741986192,2641.991868462577,1632.165799292571,0.0,0.0,257.5121460505818,59.30225719946973,129.83505394139644,148.02038890753266,140.80666987910718,143.3156738753752,162.3244366595818,156.01165639747313,159.15041308663965,138.94642736306997,178.74996186645978,156.47735365641245,118.52776365952273
1992,852.3496763547043,2642.608232982017,0.35083160624739107,-0.16565437432552307,0.24092378140584922,49,0.0,0.015876440626660774,2.356282442668257,-0.9305683680256562,852.3496763547043,2642.608232982017,1277.6913214298197,0.0,1085.8248153824604,257.62094870545684,59.302050345164574,105.78572870961321,129.63802137450483,126.05272726248253,116.7503035150655,123.20473460117624,125.03453551874095,113.96512608773838,110.39194023912617,111.92387694365573,129.71082104068313,85.23350613703298
1993,1408.828453795958,2645.958645510603,0.5474322469991,0.728705879325644,-0.4972454761197074,49,0.0,0.012812156402073498,1.5013979476723802,-0.4412395446858319,1408.828453795958,2645.958645510603,1020.5295592928852,0.0,0.0,257.1667883688657,59.304780786861606,80.48164428248411,85.52994851004678,120.90380203754951,85.6589469332205,92.11251745308118,87.28556731139832,90.57365309404246,107.1059948350807,103.11975398052422,94.3457929316271,73.41193792383032
1994,1255.9686163835127,2648.5843358899565,0.47480453574215886,0.3473644665402028,0.09337813333413363,49,0.0,0.02496928118502236,3.458855453212402,-1.3473310326855672,1255.9686163835127,2648.5843358899565,1258.9948322669788,0.0,0.0,257.29156245925674,59.30566558116209,84.96982584825837,115.79608854460446,109.85195096631531,113.08451731228999,125.4593305528699,116.22571240717333,132.2329907663088,113.1841656236772,133.32808315979273,126.64529322071057,88.21687386497814
1995,1418.722581026587,2647.5890711993584,0.752519732112961,0.19338418620694814,-0.30708206475281824,49,0.0,0.019259375480921787,1.758640822613696,-0.6129428751003687,1418.722581026587,2647.5890711993584,1147.4787852743036,0.0,0.0,257.15871561084884,59.30546951866376,103.8792892006648,108.9441423348704,85.1528867821479,96.64725456066385,112.88542238813739,91.15242376175945,111.71046647724785,122.4688223684977,127.24073882014959,105.30126611140084,82.09607246876386
1996,1594.2997211592135,2650.55841681957,0.914015140352021,-0.06735715105670675,-0.016702589469488518,49,0.0,0.018179130892213922,1.5389491448950336,-0.46806067164435516,1594.2997211592135,2650.55841681957,1025.1297024640303,0.0,0.0,257.0154040486876,59.306790902818754,82.85439671536378,94.7553475155515,97.83491882176821,95.68110907828707,112.95552986336313,99.4732359189057,85.01695365720568,93.08505938131064,82.97636835764705,94.86358407804697,85.63319907658065
1997,2312.268926901538,2652.348987618484,0.41550424992160295,0.9803280396721509,-0.26733029637594513,49,0.0,0.04588513628835092,6.661614309420018,-2.058948711333886,2312.268926901538,2652.348987618484,2247.028446235613,0.0,668.8260452611553,256.42935899132675,59.30624407688568,179.59075338778672,197.20897530070673,213.39318276990244,220.36823872098063,216.0246381069277,213.33172930252485,209.71725888020933,203.3062656465035,232.27039952929982,213.3172438161013,148.49976077467022
1998,814.7015515296351,2653.603114218584,0.709459028555414,-0.040077343375984335,-0.07918551655800297,49,0.0,0.01973314714462859,1.4760295837319182,-0.4227376551043624,814.7015515296351,2653.603114218584,1345.6140216496512,0.0,1287.4480605977756,257.651758846285,59.30648363920953,123.23468974396022,140.95095343232742,123.86756378127714,124.74855212100266,126.55532412801838,115.46881036421155,126.71941086878785,134.48825361612398,128.00459948586854,116.87163552442233,84.70422858365134
1999,1095.6766804383094,2653.183105035926,0.4764140552982197,-0.035927082710853424,-0.06299477513344516,49,0.0,0.05301642946860357,7.522395801614513,-2.190890451782288,1095.6766804383094,2653.183105035926,1914.8990392219953,0.0,0.0,257.42241807961705,59.307234131762776,160.71889979704446,179.98208134195343,172.42315236396018,178.5548695004563,182.20842434769543,164.23861777840094,145.93092874216092,203.70236456673018,182.40114010417716,188.53003077463768,156.20852990477866
2000,2492.747203827292,2652.466245727981,0.9231829471909249,0.4461610698700232,-0.06403120523181643,49,0.0,0.0133001190960911,1.533134220871544,-0.4639504439398903,2492.747203827292,2652.466245727981,561.3631943950576,0.0,161.9614706176882,256.282056158053,59.30555415431254,56.860439754624025,76.2353451610402,130.63378655104316,9.139917821418491,30.325555785766177,12.072465752128489,23.36370327190417,63.79213597532652,51.97983397165203,52.94347266955485,54.016537680599455
2001,2346.961898303639,2655.1653775822647,0.47805963331208745,0.09063009496890041,-0.857983012825442,49,0.0,0.012138478939091391,1.29124365314326,-0.2775204996074135,2346.961898303639,2655.1653775822647,1179.5687264209814,0.0,750.647293318387,256.4010218853498,59.30728832990387,98.9088717365311,102.00030067763942,98.86449911909473,111.37996107288288,102.73165463573932,122.8267042769716,106.07679216746428,115.13113606223224,125.37199665014997,106.62663630527626,89.65017371699957
2002,1429.1983525240069,2666.2449950890814,0.6283976745300178,-0.2336729088689536,-0.02061004207796785,49,0.0,0.021904810821336027,2.696887436881621,-1.077157050446874,1429.1983525240069,2666.2449950890814,1010.2684215086895,0.0,0.0,257.1501967976904,59.31325177789302,95.88307067605814,99.60387085731497,99.24472342921456,97.58008696008139,89.58799227596327,78.45688002215871,108.64713604668079,97.30059763335913,77.25036480211986,105.8988257205612,60.81487308517734
2003,2018.7845691877483,2666.3129364611227,0.7843878478322825,-0.28938340131181334,-0.46124350777078316,49,0.0,0.012085374985733992,1.0463975358531148,-0.049241770668525545,2018.7845691877483,2666.3129364611227,884.0244744627862,0.0,0.0,256.6688508606759,59.312908354334134,70.78292883467894,75.05175197089451,86.91628664544018,80.2357461475327,80.8384485072188,80.52771113576397,92.54218902033318,75.57307183063618,92.29450965792236,82.51039608406698,66.75143462829844
2004,936.3272397225096,2667.8049980871374,0.5179874471507766,0.8840686893045169,0.2402510664126219,49,0.0,0.010454697051838392,1.2204515149213309,-0.2163013270184576,936.3272397225096,2667.8049980871374,938.5686417686427,0.0,385.150059009017,257.5525810352811,59.31285054522862,91.26535868178148,86.79699512387462,66.80342618845151,86.16422345958965,99.98568737974225,87.63448513713598,71.75849227324062,83.92043488102327,93.02878072693011,84.03163622122815,87.17912169564518
2005,887.5809099807584,2672.250632930287,0.2826426641706221,0.43493801999417075,0.16217252364649398,49,0.0,0.013235667323382347,1.762148894010287,-0.6151065041104339,887.5809099807584,2672.250632930287,1207.519491971364,0.0,1113.163182432518,257.59240699882076,59.31453132799525,103.63403475963166,125.08091074988387,102.92357671695058,107.60194368119875,115.20062851232203,105.08574044140894,115.42112983837964,115.84800040830143,105.07038693944301,123.15660416573637,88.49653575810771
2006,1296.2022370980446,2672.8554881200635,0.5365171502535094,0.2138714561948118,-0.05713643282024586,49,0.0,1.817736195222291,258.5903660688091,-6.031530852394463,1296.2022370980446,2672.8554881200635,38517.354841718006,0.0,0.0,257.2587962386787,59.315844486002305,3269.713203825116,3623.4446663942676,3609.1904466055094,3587.6719915195163,3710.97911718647,3571.752577007175,3650.549394571325,3716.0042460399063,3581.018646650352,3593.1817169541405,2603.848834964242
2007,1167.8510788429483,2674.308250619564,0.5474644091859624,0.24168277047979758,0.09204853783455717,49,0.0,0.04549445550033632,5.87557376229593,-1.9226257069901087,1167.8510788429483,2674.308250619564,1659.9505020614752,0.0,0.0,257.36359648154803,59.31620826815171,134.2433996595143,164.2760934193987,158.02718838298148,169.57566408931734,149.51322245177158,160.63682057737103,154.80307712033917,171.62648854946264,130.0024448868466,157.92715831546667,109.3189446090056
2008,1035.054429741502,2680.0498300755203,0.2639787882988463,0.21425172125093206,0.04379817640182593,49,0.0,0.04282390760579675,7.749690247919025,-2.2232108606825767,1035.054429741502,2680.0498300755203,2047.3949200383336,0.0,5.466772992999545,257.47205180458843,59.318261977261955,182.1502922576409,168.07443049674734,183.07031846282842,179.41624417758408,228.72724276335805,187.72372852741668,176.9468094546115,184.49542298859842,193.3149354305622,199.3166085892279,164.15888688975843
2009,1224.0080713764644,2681.213915413924,0.3663235015200461,0.18207123728943408,-0.07083700798297707,49,0.0,0.009250260731263914,1.047694900722296,-0.05058707535982443,1224.0080713764644,2681.213915413924,1006.1631335057166,0.0,0.0,257.31777170369674,59.31920142068316,98.19777879018119,88.55873285628238,79.89072506303037,98.24962733759627,82.34932247814605,95.80092293392791,102.58174170443863,99.76214149411423,117.6264550319521,83.86076998167059,59.28491583437702
2010,1920.053040670735,2681.408806348932,0.5013500531750779,0.4378332284997476,-0.09413959587359744,49,0.0,0.6660953610755274,100.74949169954418,-5.0081071592998665,1920.053040670735,2681.408806348932,14454.7160046321,0.0,0.0,256.7494070359178,59.31938381591376,1222.1924177473786,1389.6901652039398,1366.0519652316457,1422.6011586249797,1369.758460136779,1321.503322180929,1318.333537608583,1325.8135275970112,1351.0354560286887,1390.9161389399533,976.8198553322097
2011,2381.7682877178613,2680.6531606301446,0.33023540675018975,-0.46312231458093805,-0.14364118830139833,49,0.0,0.006840100244797253,1.1342005953361731,-0.13672467727255816,2381.7682877178613,2680.6531606301446,1062.3356067116179,0.0,797.8977150819978,256.37241418255996,59.317771237350705,84.94190867621177,106.43714709287939,84.06849082266943,97.3363641596312,93.20084438839734,80.85399507350776,84.86991216568386,123.62440343399162,111.69289089542916,79.83437030744432,115.47527969577209
2012,2453.847512801222,2680.5037881585463,0.8742382056423006,-0.329045958103233,-0.18439580907492362,49,0.0,0.010682110127412563,1.2631488371691388,-0.25363631651676033,2453.847512801222,2680.5037881585463,580.3001868428817,0.0,173.92349602821798,256.31356617775907,59.317408188820416,68.0890113031341,12.979799948245098,36.689498005095686,52.18730348880196,76.61528740150665,53.476305648281325,40.4020177589441,71.50005651423862,82.07858528934567,53.38108287528479,32.901238610003645
2013,1769.8647141576132,2687.73711839445,0.6056135086453133,0.49194096444615476,0.046795672411450356,49,0.0,0.009964915030074878,1.0041039532998668,-0.004446692399648189,1769.8647141576132,2687.73711839445,884.2399492475286,0.0,0.0,256.8720342583581,59.322207939040275,92.61786911693918,87.59023842911924,71.89711362775921,74.46198407279178,76.02697474249979,75.1809869593858,85.45014067903352,90.98383391673165,75.04723405658213,92.43176293727643,62.55181070940981
2014,2054.924868630442,2689.030471613447,0.5759352320476094,0.2189646391859932,-0.131443948809399,49,0.0,0.01975572957039905,2.2586580897215076,-0.8846262335805665,2054.924868630442,2689.030471613447,1103.026841832946,0.0,0.0,256.63924348928964,59.32229270237701,93.59367107851347,103.50536466104185,106.22217517498666,97.93737166446653,95.58982930870992,101.66055252445831,97.06377435871173,101.38040241186405,107.3179337209207,104.21618741152453,94.53957951774811
2015,906.2591806639364,2692.3537977020937,0.8561127985235267,0.01626387373271146,0.22678300505157367,49,0.0,0.02208240759637065,1.7803812326365065,-0.6262825191186587,906.2591806639364,2692.3537977020937,1197.571141040932,0.0,1129.1381341183483,257.5772971204701,59.32297381924446,90.65905411868964,98.88693018968206,117.12855975746041,124.02258447541784,108.92282382120436,99.66476751449484,101.97681128135235,120.91947737455914,142.08094611643787,117.91163437341086,75.3975520182226
2016,1541.3454847061384,2692.9699471563204,0.48983247619084036,0.15656883277889988,-0.24711268073474763,49,0.0,0.014460948414294454,1.8824185246195764,-0.6867904700518657,1541.3454847061384,2692.9699471563204,970.9476049412243,0.0,0.0,257.0586536507998,59.32445246242297,83.1708790761213,97.86293238580257,75.41293256188669,86.66324974219967,95.17224851618681,98.34484344491261,82.74818889515757,97.2189087106658,86.29798105225368,83.82129481135945,84.23414574467819
2017,2384.3468592073755,2693.9847862828497,0.5100587551681617,0.9785075128739508,-0.2998735320601884,49,0.0,0.07000399361225085,9.679854002129881,-2.464672017613049,2384.3468592073755,2693.9847862828497,2512.4551939209096,0.0,1782.6980484641367,256.3702047756383,59.32331508614376,244.50567503322867,296.3565024627939,238.70479725023716,281.3172676986981,270.83357322955624,239.73644977193203,213.7780906674186,211.23319372582648,180.2825401907081,207.4934688375894,128.213635052921
2018,2408.6496337996655,2694.1609263095597,0.6487205874804176,0.019446098588443532,-0.5445190728714321,49,0.0,0.009416790525344141,1.3123988414150354,-0.29516459579813276,2408.6496337996655,2694.1609263095597,804.9927721415247,0.0,367.18666228961314,256.3503579257813,59.3232896644128,68.45466525227407,73.13204933748781,134.17366522778715,54.06943478139846,115.26794751757829,37.31984415139675,49.70179343427299,107.09508663253669,89.40860273596114,63.17100630293331,13.198676767898156
2019,1351.60927737076,2695.899630454208,0.5006297985705509,0.2329626652058546,-0.07835128349289952,49,0.0,1.1215731327184753,171.18165077091152,-5.583643025326723,1351.60927737076,2695.899630454208,23441.842732257486,0.0,0.0,257.21361501931403,59.32552380839925,1957.124990010766,2164.373238001405,2139.740193800983,2220.905485289817,2228.620074221375,2156.7670446129887,2171.8609498006217,2293.4099376356744,2226.6076061313006,2273.1062821855385,1609.3269305670206
2020,1043.6808287457377,2698.0048556244897,0.7810876204467007,0.18804033424160194,0.09891443752580024,49,0.0,0.0215434509611248,1.8534619700305814,-0.6699591986340709,1043.6808287457377,2698.0048556244897,1213.1983512388033,0.0,66.82277916827788,257.4651079108363,59.32576725372551,108.659992643507,100.34271152502194,138.62213406645515,117.37637707639115,121.76799629134501,120.67518579017242,113.23636731462449,104.17460854176026,114.39878695028642,101.78010868366692,72.16408235557248
2021,1942.6981577090055,2703.8678437558224,0.23168963824916086,0.007677758692870392,-0.3108255742200141,49,0.0,0.009280925257916467,1.4159441227161969,-0.37761528791325916,1942.6981577090055,2703.8678437558224,1025.9016450073432,0.0,0.0,256.7308395215464,59.32870278331401,82.59285497817257,104.02356318643147,75.48888803666226,95.82053725346437,105.19004898941097,92.18184009782186,101.59202943955808,86.59254078080099,94.46813435461377,111.65992960969778,76.29127828070878
2022,866.6450579994504,2704.186747493913,0.5565621934617012,-0.2783329995359347,0.008882420188876939,49,0.0,0.015222115511288572,1.7635922538833393,-0.6159954565845247,866.6450579994504,2704.186747493913,1049.9247190141486,0.0,977.2627787628785,257.60973236341005,59.32775916208189,89.1824606392253,108.88843580228722,104.63005164970767,104.23164802174368,96.87459122660928,93.73284597663066,108.34825050829974,105.3579930963988,83.94210078894197,96.20603774579051,58.53030355851373
2023,1389.1490874100948,2709.472274136888,0.6490913585156675,0.08064554668086946,0.43476595619051006,49,0.0,0.017234779552820156,1.556334686353843,-0.48025749192765355,1389.1490874100948,2709.472274136888,1255.3338296024901,0.0,0.0,257.1829845995195,59.33122281505819,123.5901912397301,99.03783881636502,121.40180912238009,113.69286839091637,137.73307058797826,111.55797390213843,99.63976982144591,104.33305657959659,106.45922204610135,147.04514102950267,90.8428880663354
2024,1588.4069006243815,2707.937797442797,0.5417408860884203,0.29555968104343705,0.210383497469816,49,0.0,0.010837873190708638,1.303944937447382,-0.28814813135084016,1588.4069006243815,2707.937797442797,892.9624395318226,0.0,0.0,257.0202210567969,59.33069723099417,92.29589666959467,86.13047148500523,78.21752770077609,80.50332168012162,102.27185236187722,68.12331114895,105.45787686386396,75.0183987222655,64.08419414271891,69.99193360731269,70.86765514933681
2025,955.1263817263166,2708.8502157424673,0.9167691972711374,-0.06284776379479473,-0.09689664011457524,49,0.0,0.015923402393377757,1.3289387909048374,-0.3087624459903044,955.1263817263166,2708.8502157424673,991.7652949455035,0.0,897.7989646214535,257.5374979869254,59.33001377418687,83.33963432949741,88.5693240478252,76.19127672980578,84.71381602338866,89.36016797176318,114.79595914901336,105.94636631688499,85.76946938486522,98.95515820288071,84.93933203447139,79.18479075510757
2026,2361.8980228715027,2711.4396143235613,0.20219087491414847,0.22362431309231004,-0.3631622371082749,49,0.0,0.006280168448048468,1.637838192690076,-0.5356774854826766,2361.8980228715027,2711.4396143235613,802.2726180535559,0.0,475.86089472719567,256.38840398905626,59.33067562554914,116.12280276132556,77.2734604117351,119.98758063807328,57.85174354533542,53.999975704420265,84.6929135394555,96.03215699969277,72.52344893333336,42.84008713893497,49.82681445087585,31.12163393037381
2027,1243.3751830740323,2711.4677669719254,0.49312626243454555,0.03782629839266549,0.05043094196937344,49,0.0,0.8516224688120443,120.79912581896512,-5.205159478647937,1243.3751830740323,2711.4677669719254,21116.86956587385,170.50963145854905,0.0,257.30206521812175,59.33184250819206,1929.8969087476003,2153.7956225946614,2084.772398103009,2072.5078728521685,1982.4145986739418,1861.8076250008987,1974.0812407214835,1968.1913145067174,1906.0706241592673,1884.014143312589,1299.3172172015115
2028,1842.1587306810475,2714.074951410598,0.7010806981480657,0.04084409277736648,0.18501028580484488,49,0.0,0.011850363024243285,1.1689511957253458,-0.16949094884209148,1842.1587306810475,2714.074951410598,978.4514792729398,0.0,0.0,256.81293357981644,59.33310538648481,89.97170533578628,72.71726422287453,88.50338013095825,97.4519142636859,115.04889478952774,76.96180165111946,81.3123651487544,96.30136106004784,93.91068860808875,98.64447047316071,67.62763358893599
2029,1438.6559281716898,2715.4653492548787,0.480284710083945,0.4860893876635143,0.04293790743880113,49,0.0,0.04371588113861299,6.519650332116165,-2.035560759688431,1438.6559281716898,2715.4653492548787,1579.4992222409583,0.0,0.0,257.1425548604459,59.33376695830242,143.96474278261448,140.05593019591646,144.42626283319274,139.8474433819325,152.30430797256798,140.1513159506186,158.97260353839056,158.20029138401486,144.13844399462351,150.34599209702918,107.09188811005717
2030,2350.755626671269,2720.066892935173,0.4317963744666721,-0.6476694960882027,-0.34826708915767063,49,0.0,0.010697614906366028,1.7770789698211873,-0.6242668185221747,2350.755626671269,2720.066892935173,916.3475943692126,0.0,476.8613440092842,256.3974402991856,59.33431291087151,83.29328607238276,146.2696856026855,115.56317583485554,101.78883871803927,105.71144518902159,48.0010418039166,87.4306619369995,94.66544196656885,60.61618001426337,45.49621531520041,27.51162191527922
2031,1053.8646861424777,2722.7633015738766,0.39905418755265404,0.003278713010380964,-0.025443826334415724,49,0.0,0.09344876448633514,15.636343028810993,-2.9853379734536114,1053.8646861424777,2722.7633015738766,2958.403199908623,0.0,1181.3655389735015,257.45692580583966,59.336110990605086,261.6658533023957,278.66805969193297,285.8013299434642,270.37189289205054,272.4062761947185,266.6697341731953,275.8804985684038,284.86273499875665,297.56618739447043,265.06894428973743,199.44168845949775
2032,1780.4419057945765,2729.8094912999313,0.596083543246218,-0.360876295025428,-0.408043664923845,49,0.0,0.01088636675253288,1.0647668890196984,-0.0681363436298763,1780.4419057945765,2729.8094912999313,939.0159318940309,0.0,0.0,256.8633211509996,59.33972746321668,74.80103106545803,96.95786648580544,87.66064261301614,82.11343167841848,81.60152502295838,84.78826926739731,86.04311252697194,100.7170895614816,82.52021304615842,96.20034630488951,65.61240432147557
2033,951.3577407838845,2731.6286609190784,0.47883658118606315,0.19870577987195093,0.14328126716172143,49,0.0,0.029128175597810915,3.6227396795071725,-1.3975928197569134,951.3577407838845,2731.6286609190784,1398.4330335049572,0.0,1332.4996997258795,257.5407235437583,59.33949129806659,128.89715622895847,100.1290985777022,153.27378751690088,128.18251996778366,142.43521864852056,130.51043351860073,141.79555966108472,149.12204593169855,147.9002319796046,114.98325517809621,61.20372629600637
2034,1128.9672212500457,2733.3708035689265,0.9630172311513219,-0.14055364439281867,0.03289467267782007,49,0.0,0.013907252910501967,1.0676695552275313,-0.07109214730423333,1128.9672212500457,2733.3708035689265,888.1526307225221,0.0,45.327110289522935,257.3956214166065,59.340725767183834,85.51187779756289,88.06574069735308,77.95424948355816,69.1474161539174,90.92820970396005,81.23241523293387,76.99290666544516,84.41264234220718,73.70062989494961,86.84833524694987,73.35820750368484
2035,1610.2376637993523,2732.9504820868674,0.5742408822333411,0.5136562158022208,0.36630313759836974,49,0.0,0.012571038864703439,1.4944614697618992,-0.4362118063246604,1610.2376637993523,2732.9504820868674,911.142867797394,0.0,0.0,257.00238648850114,59.341118622893326,70.07612184812402,81.91798516080227,82.46631024317878,68.07019292447183,83.90419626754948,77.29316541629709,93.37935812557535,90.48357881755508,85.62725274639607,112.53013822214959,65.39456802529459
2036,2068.4396790051032,2738.8338879317066,0.6241455241002011,0.4142233484718461,-0.24470847222444295,49,0.0,0.02475571482625173,2.6915309802368044,-1.0749984575634197,2068.4396790051032,2738.8338879317066,1313.2166381496854,0.0,21.497685304636754,256.6279748057854,59.34301047337043,120.56241293795932,117.72489659815474,129.63426925210078,125.96178073417195,117.62959705820839,123.60070943006137,103.79335194203858,124.64706981118601,123.22647245880884,127.67376489747167,98.76231302952368
2037,2352.5850912071533,2738.6329040411315,0.702246855631416,-0.8323796479105722,-0.6126544596606303,49,0.0,0.008698024254266305,1.1455858180265186,-0.1475690714375814,2352.5850912071533,2738.6329040411315,723.5444758909782,0.0,239.34705601177143,256.3958066336254,59.342040763916096,82.28608758808572,36.06603112436234,74.81697775194853,101.61468872204603,61.46210533115499,97.85677972907158,45.30404049811945,124.6347350236209,50.00127626335839,47.03674982052601,2.46500403868425
2038,1152.274493178205,2740.877313212225,0.549120981152413,0.04137771284188794,-0.039417618355978006,49,0.0,0.026091689392584657,3.2917024760132843,-1.2935514353777555,1152.274493178205,2740.877313212225,1203.550237332679,0.0,68.93619296163968,257.3766116822575,59.34390798610489,108.10312844666564,108.72125596904274,123.81756031942943,108.70807727775352,113.94439976233639,116.56132644182541,119.18667596850733,101.41850307567188,114.43436227203742,119.36459284673995,69.29035495266938
2039,1857.6951375876868,2743.419980072987,0.4819878785284953,0.507153316069827,-0.09093905964273277,49,0.0,2.7153368829658757,405.3599663678401,-6.519602138124498,1857.6951375876868,2743.419980072987,64697.934217196314,0.0,0.0,256.80016683203763,59.34531177623779,5454.167284518949,5908.1706529446765,6079.470156311614,6189.246623956058,6214.108421713725,6112.33539594713,6120.735066375094,6080.529258037121,6056.997670841958,6041.2108158575675,4440.962870692426
2040,2318.838963432175,2751.1774428618496,0.9511470387968015,0.5691696938435254,0.30587640616742634,49,0.0,0.027806932323771613,3.01188846724918,-1.1970972138456677,2318.838963432175,2751.1774428618496,585.8440244725361,32.41330827791742,220.60977240396437,256.4232890650963,59.347393835067116,40.72475779646929,33.71184004520297,22.076679269391843,105.05426066774986,70.25971964333081,25.440319140932687,16.164015045281424,53.08471480426627,143.8637445747653,26.80941496695247,48.65455851819318
2041,2079.7468071169524,2753.741823091204,0.29813913300743555,0.3350196247456136,0.025824107853821558,49,0.0,0.013351449533944225,1.9963485667478986,-0.7505909308036409,2079.7468071169524,2753.741823091204,1237.5014633740368,0.0,351.35232974766404,256.61866439960556,59.34919416538319,105.383954104597,93.63043607295056,101.55239540112618,102.04208749714428,119.02765100168268,113.99000680810633,128.274710362831,120.76830461007454,124.47560516102544,128.75740011858542,99.59891223591342
2042,974.0520618400652,2753.84648979414,0.46052868555112036,-0.003436448225702435,-0.1328847629977287,49,0.0,0.03852000283462456,5.255521615704316,-1.8015395666479428,974.0520618400652,2753.84648979414,1641.6241299543215,0.0,1559.8795495700258,257.52232103924746,59.34882169693066,153.76811963867436,157.0408739430321,147.31133398443097,141.44421863496103,149.52140185477018,172.24950044252847,139.2693161960551,182.52744985295783,155.7958388376746,146.6597643306739,96.03631223856297
2043,1211.3526431062005,2757.1401980578853,0.9362852819108634,-0.2851257324545347,-0.08429200763344571,49,0.0,0.016761926326374545,1.3042165550117413,-0.28837427150772227,1211.3526431062005,2757.1401980578853,1045.9442218655633,0.0,25.151286641291584,257.32840002376633,59.35081005282321,74.6429486349119,91.90509835030844,106.29392217257174,84.92664631698983,108.58787189496037,95.58431538212882,95.81317214732843,105.15090979199167,104.67443940886707,111.65801236051138,66.70688540499376
2044,1100.0928352623164,2761.0532822468545,0.9839363061962891,-0.018683019674476223,-0.09116044525117048,49,0.0,0.013035973299307614,1.065632512037297,-0.06901865546411118,1100.0928352623164,2761.0532822468545,1151.9364265727625,0.0,804.3160249302617,257.4193514353268,59.35218732019296,88.14729614114975,111.07807063103508,95.64479812154337,121.97377651603387,105.3014021401633,112.9942486703353,107.35073898493268,110.19766781162986,105.49111893008829,108.92821213372818,84.82909649212272
2045,1793.5797275232226,2760.4254396184347,0.5655762104702838,0.2914991969523355,0.2970509913298382,49,0.0,0.011748365796519125,1.2132956728246185,-0.20991662176381792,1793.5797275232226,2760.4254396184347,917.0626062526507,0.0,0.0,256.85252794618367,59.35247065285033,77.91662953857937,89.30814399168571,79.12806866461402,66.796170008551,97.50831122261064,78.03159200572611,85.13228854216158,91.30619726837033,93.19977947066195,87.4052999828408,71.33012555684908
2046,2208.974071979839,2761.4429018414194,0.37556893010596987,-0.214068633487385,-0.23414648022398674,49,0.0,0.011943969708898107,1.16962151856268,-0.17011337446850489,2208.974071979839,2761.4429018414194,1363.0876373279327,0.0,1203.2407538532202,256.5130075842958,59.35204326782402,110.47638039100715,118.93523569410736,135.89161475444513,133.24955057026736,142.7169351876379,111.27010202154452,109.53101362999126,132.65778887557025,138.7689776712126,122.35696618159932,107.23307235054989
2047,1096.5818892812956,2767.9520800985697,0.3089506556938868,0.3586564807395985,-0.07594800286668285,49,0.0,0.011142216695681455,1.245601991519219,-0.23844823482083236,1096.5818892812956,2767.9520800985697,1142.3643278077834,0.0,958.4489386289767,257.42225571280443,59.355052524330596,96.2417733828545,104.9048396274063,100.29628097457714,128.02841972259793,100.40378339740084,118.72745586589753,107.35044833158574,92.3269399005666,110.66332860260442,111.49534955391472,71.92570844837762
2048,2019.4580671300628,2769.277641641763,0.6289781342016706,0.5138692414723536,-0.2173667369228154,49,0.0,0.041428429357523444,4.887140378246044,-1.722637034710823,2019.4580671300628,2769.277641641763,1687.8369193780118,0.0,256.04174700016915,256.6678709287477,59.35580528129649,152.14876875373847,137.33509345149483,165.50168242291363,154.80670722362763,164.19413498028584,142.6078710956154,157.54094255896155,172.7444511027016,157.46829462952866,159.81434087661006,123.67463228253402
2049,1516.1011149364306,2771.110621958292,0.9081820785076951,0.21090443337757978,-0.17951558003300477,49,0.0,0.017071760417430724,1.267350313069169,-0.25724169112391465,1516.1011149364306,2771.110621958292,1240.2489964847155,0.0,0.0,257.0793361361361,59.35699959287202,100.26692069107865,110.13039125518111,119.44630698909927,118.80981587636612,123.05930087697044,105.02708115012493,99.39809553732223,116.45503390670365,120.11630475227429,127.133953738721,100.4057917108737
2050,2340.081708681784,2772.383928776083,0.7612628780545151,0.27829589771672175,0.3630729760644268,49,0.0,0.032516457831786125,4.609552189098888,-1.6591468409959278,2340.081708681784,2772.383928776083,541.6481269536974,0.0,14.66734380578292,256.4057734269967,59.356149587042616,17.45970668538331,36.3086802577677,279.98153931354517,1.0106543838389017,0.0,45.09395336175399,0.0,59.32865618637124,30.0887740650995,72.37616269993757,0.0
2051,1656.4475423379367,2772.582790123727,0.4386453388910278,0.6818262495290006,0.1017295639515478,49,0.0,0.016989329551923484,2.527337081814384,-1.00665792376396,1656.4475423379367,2772.582790123727,1085.317449051197,0.0,0.0,256.9646069823498,59.35762316270484,96.41844217890436,100.20844024144097,99.95505856050929,108.79543948857692,85.17546187851677,104.87459708172587,106.17399324378005,112.17086540531119,113.58313004842361,87.23787910842148,70.72414181558659
2052,1636.814904031617,2773.024583554818,0.8811883279456845,-0.07652862263839012,-0.14791328257693903,49,0.0,0.011701038553874646,1.0553931005546786,-0.058535626817975805,1636.814904031617,2773.024583554818,843.3240238092128,0.0,0.0,256.9806561098493,59.35781186206395,73.75132988765189,78.56055271454996,97.92681662762814,84.42607191875987,87.09329461895652,69.61867774606436,64.14449692541778,65.09283333975745,81.1405833573684,78.13970818254046,63.429658490517866
2053,2212.851436043333,2779.367949480535,0.22719744485820695,-0.30099172306458066,0.045269680614102074,49,0.0,0.008380753847140432,2.0783472312046363,-0.7942952680603867,2212.851436043333,2779.367949480535,874.7551232107944,0.0,605.647425039389,256.50972901362945,59.35949911196754,84.4190342378498,89.65917154657919,99.09622741813462,83.44987297633766,64.78041153831036,70.44850011836766,63.75469305295889,70.07583497260273,128.1765276679589,58.074362668516784,62.82048701317777
2054,2022.7447438059462,2781.0034537664865,0.4767021591888012,0.4525875622656197,-0.239082255755724,49,0.0,0.06107141742538454,8.95742446394493,-2.380457886351519,2022.7447438059462,2781.0034537664865,2126.436724778894,0.0,803.6051461109408,256.6651349073077,59.36068352213604,183.69251250884713,202.8895242314685,194.45001774698994,226.68504746411304,215.00316468464186,179.1199018958883,210.8074478571187,190.77298904814324,205.53678626286583,200.98071346080715,116.49861961801034
2055,1380.8104420784518,2784.031338602466,0.47099707854258804,0.03621931778867194,0.08124775560480513,49,0.0,0.01911465614477168,2.3909521086095675,-0.9464271929296519,1380.8104420784518,2784.031338602466,1127.410039967771,0.0,0.0,257.18995939351964,59.362277599217784,103.76578850866213,101.51309547670766,94.9512853873975,109.007041726225,129.135511389881,95.38832733592113,105.17869572691419,122.06463146205556,98.24324578309476,95.09314816824103,73.06926900267092
2056,1504.918942005355,2788.670581211707,0.5185155126571669,0.16073114309199046,0.09060106657269756,49,0.0,0.01805914186149061,2.007567266636174,-0.7566752647516144,1504.918942005355,2788.670581211707,1375.1001448973695,0.0,0.0,257.0884939225463,59.36431055102473,114.22503568758503,131.60568774094435,113.81542562253821,126.28890600339463,113.2644930375085,126.80007355934123,113.67887736032151,163.75291286647675,126.74465260822399,137.9183507109516,107.00572970008388
2057,1654.8275904784623,2790.753067553168,0.45519783847086265,0.5210725141814952,-0.03671813692432537,49,0.0,0.01973785155598503,2.352646862336348,-0.9288918586876371,1654.8275904784623,2790.753067553168,1221.6604799824117,0.0,0.0,256.96592140246474,59.365194007635736,109.54891739019823,126.64027464443902,115.8441752340253,96.0105672723586,103.05082405532852,98.79450819333675,128.60998741187151,116.07735217789966,117.81571617288921,124.4792028322992,84.78895459776585
2058,1799.813378485935,2794.547467579124,0.22748669740143704,0.9027218438801518,0.02222427300442617,49,0.0,0.0072092030335893795,1.050624963596063,-0.0536192893383319,1799.813378485935,2794.547467579124,877.0219775035259,0.0,0.0,256.84736494793606,59.36668081189313,86.39599083976779,70.06463043366163,70.45467287490462,91.33217292661708,91.68640783433605,83.96558883547902,72.45745638057896,88.79165454603981,98.65595191919166,69.08639701210762,54.13105390084173
2059,1918.1188873885594,2794.817656745316,0.4080967446921123,0.7239525596752417,0.08157004976343231,49,0.0,0.01284958219790198,1.7172383209597908,-0.5870764284896239,1918.1188873885594,2794.817656745316,1031.7147546750666,0.0,148.29359330793704,256.75062705836297,59.36663693255739,97.40988570552187,91.19246815250739,82.26971807245575,88.9401909051654,93.68150273688974,101.16278649800229,94.2864299057982,96.41091122011395,94.15827295519401,118.27310978512847,73.92947873828967
2060,2200.729965572718,2795.4318627722014,0.5109222098004282,0.7742753093325877,0.04939996988502514,49,0.0,0.033310695493006144,4.078866985532238,-1.5263488573162292,2200.729965572718,2795.4318627722014,1544.0091965231559,0.0,1184.9001621553318,256.5195418632578,59.366229256751,135.36850621822552,155.13658690261886,169.7414162364917,145.8216417406223,162.66551034007045,137.97527036035757,139.35342015647205,133.53977500646067,187.38495002907732,108.34573555943633,68.67638397332286
2061,2238.043994769951,2798.1739890509566,0.7926403734717153,-0.4683498002033667,-0.48167001800134607,49,0.0,0.02112656197558419,2.7789582822569585,-1.1097050679855385,2238.043994769951,2798.1739890509566,547.2994948876318,0.0,207.86930278439556,256.48901478340156,59.36725352654234,90.91490636938327,41.759172498029145,33.55493711568102,66.25652743308099,59.49794791193252,21.239380195893418,53.97277128873339,68.69985262937483,35.346625512423785,74.36753701961655,1.689836913482861
2062,1420.217017347186,2802.333297672991,0.37646085163560394,0.4612501102966296,0.5886239232716932,49,0.0,0.01809166600091158,2.4642399316776675,-0.9792074770048075,1420.217017347186,2802.333297672991,1251.588842245986,0.0,26.638738897031367,257.15777401214956,59.36994313105195,106.55274235512863,129.29212611870085,127.12639892885599,101.14645692416894,131.34382648684323,102.06228579793688,106.54474360615635,131.6598572992399,116.86004991753126,107.76465619171765,91.2356986197062
2063,2202.112525630078,2801.762227398838,0.4523828763581962,-0.264305119210256,0.9785758727185464,49,0.0,0.007497438200200525,1.0753411106603927,-0.07886562337042524,2202.112525630078,2801.762227398838,1388.4395952077678,0.0,950.3052456964424,256.51837337098,59.3688623613762,142.68992018968407,121.23003224249325,121.80062731919904,112.64264699505223,136.64433651218883,101.97190986853707,130.18248889785855,119.27430726258994,223.46689669083815,106.77699038746803,71.7594388418586
2064,1538.8080442719065,2804.3503818110153,0.574670891215412,0.3312058906715814,0.07182565411227948,49,0.0,0.020575389530866472,2.6828502656539994,-1.0714910866231306,1538.8080442719065,2804.3503818110153,1184.58947319682,0.0,1.340419131375623,257.06079450398306,59.370856938123076,105.72704550191511,98.44712486439579,101.37096486990734,114.92702412959414,104.10944929214645,106.09935420133762,124.01241084935614,117.67004099279552,115.79767299357322,113.67619315222737,82.7521923495712
2065,1657.5079157073508,2804.2837915599757,0.8596461463970841,0.3421888283689801,0.13023725590769583,49,0.0,0.012548384651617553,1.212685283970538,-0.20937026851237603,1657.5079157073508,2804.2837915599757,881.9893615375563,0.0,0.0,256.96372209861266,59.37083061690557,80.58565368570677,67.1062622989597,88.66562680010593,70.17400751154673,103.02789107210427,76.57220138509004,83.39973539652107,94.92974285860834,95.35707466587378,63.08149699884712,59.089668864192554
2066,1238.5025223541504,2806.5407101026412,0.642677080264318,0.06610498667110422,0.1361423764849115,49,0.0,0.052571544174202914,6.245001594551561,-1.988831383999107,1238.5025223541504,2806.5407101026412,1722.897707908065,0.0,1153.6737524387167,257.306388931563,59.371443945481445,153.75214714273585,165.53369582794198,159.650138461364,153.56434029028884,174.21527184157344,146.18741974753638,158.02876040518333,171.43483750943855,152.7399924055979,155.9295259488288,131.8615783275759
2067,2166.9044258247004,2805.912586672113,0.46270049635322763,0.7459000775857793,-0.21686824288456247,49,0.0,0.4855981348627853,67.18876487541013,-4.5682416439237645,2166.9044258247004,2805.912586672113,15592.334669345179,0.0,12391.367625307792,256.5471400717349,59.37069669947122,1521.2870625017774,1592.1280729799405,1508.9308368700108,1593.106609021812,1580.909901629976,1568.0861138994003,1482.773698000331,1333.737302085641,1327.895034295122,1217.6673567056973,865.8126813554672
2068,1095.186974312311,2807.47534893088,0.3676045268023469,-0.02271587431934508,-0.06046986585897837,49,0.0,0.020618059604125997,3.093266477117461,-1.2260433374769253,1095.186974312311,2807.47534893088,1312.9989830238665,0.0,1244.4777046552836,257.4235953629249,59.3715153008734,121.04167894517087,121.3865564744802,123.68350512239215,108.85156723414931,135.37292945793237,108.83016580716559,131.95586133866118,134.17898483978604,133.33918918092894,112.49368089714022,81.8648637260596
2069,1633.0248961584646,2811.6015286555444,0.563953733290834,0.08779970789192984,-0.1168684635890065,49,0.0,0.010733229430883852,1.0357663274082887,-0.03815447017428154,1633.0248961584646,2811.6015286555444,992.3257385188622,0.0,5.009333968357713,256.98374184957146,59.37388504722876,80.65337691495102,98.75905560416501,75.01860344811845,94.06179760859487,90.54177568457457,97.21765647738185,95.20631989362946,87.43854990761025,109.01043543913684,90.19455299172833,74.22361454897157
2070,1908.1381510404444,2814.694543144017,0.7210311389673998,0.5456856189516877,0.006158306629945098,49,0.0,0.015581549955000428,1.625369305389743,-0.5273801349341035,1908.1381510404444,2814.694543144017,937.5059769471436,0.0,426.5356568633289,256.75872706998473,59.374934218628404,78.34937700204777,75.85916409730774,97.13029456735194,109.6217092069567,88.430023207206,84.9451823024071,88.45113863917464,78.69922290815384,75.70537534028284,91.99290439542327,68.32158528083178
2071,1894.1528868336377,2816.7037611373685,0.7454287128485586,0.005695441618425269,0.30313820623198207,49,0.0,0.018069611641005952,1.7050738334324291,-0.5793579740955167,1894.1528868336377,2816.7037611373685,1089.4897782473895,0.0,507.95647955207033,256.7701595232695,59.37579283955702,95.22664170243574,99.78348786681111,108.77089120838889,91.60064934911696,102.0021103178999,83.24886602261347,104.45647194565046,113.64763650699764,106.80519046929794,99.99359602969014,83.95423682848718
2072,1169.8447524595745,2825.936091153618,0.7389218416248208,-0.08023115163123389,0.6025701007977093,49,0.0,0.01303093131208325,1.0546806209875652,-0.057802415572637406,1169.8447524595745,2825.936091153618,1130.1990331503798,0.0,1095.651903546384,257.3626202690174,59.37938532425892,93.5768686651175,88.13511719411085,103.31920649397397,104.61064435197316,93.96428045198186,104.06339353732523,112.29417371545802,109.6460777652476,135.12479100125512,114.91610752961103,70.54837244432551
2073,1299.4370790133496,2828.3511957713395,0.544495905113217,-0.53806185447692,-0.43938289414506954,49,0.0,0.01108022924879747,1.000085343645949,-9.265673247735396e-05,1299.4370790133496,2828.3511957713395,1047.7574341110412,0.0,796.4886783147648,257.256622212862,59.38063423191906,86.05514604705152,86.91303761117359,91.97744559476617,91.35344765646892,104.05816763361582,104.45333723996829,107.95109693001635,110.63952407203347,100.08205749449496,101.50674999860851,62.76742383284351
2074,1517.5159184559445,2834.717121581493,0.5073556405786019,-0.16893844078958342,-0.03366623575085948,49,0.0,0.009873029616077004,1.143667161386916,-0.14574912800222437,1517.5159184559445,2834.717121581493,1015.687849579772,0.0,344.02414907949645,257.07823232193135,59.38350086144777,81.91217403309122,91.26183704161363,90.72329529003026,97.6067073755963,106.94973869922356,67.70473778676497,105.57403311236448,99.49976269515918,105.27672323639794,95.83159393102795,73.34724637850243
2075,2099.339130283694,2834.796434236991,0.432938883734783,0.4403618126002268,-0.205998578831351,49,0.0,0.04248835629079686,6.670947482168214,-2.0604688040769963,2099.339130283694,2834.796434236991,1577.932511617452,74.37430113575417,1339.8334913291014,256.6022486505348,59.38291453635593,166.61629540073608,166.57013947381424,165.94786701163656,150.78710761991414,137.92682688425606,130.53824290833234,158.90446899673114,122.98989893935237,134.78077555304554,187.77263440498882,55.098254424644765
2076,1908.0248632691992,2837.906139415607,0.6373967243874622,0.45499205552882327,-0.1344440875493833,49,0.0,0.06012258946212841,7.227777124113288,-2.1475118804540774,1908.0248632691992,2837.906139415607,1877.7361943093651,0.0,1687.5172305362566,256.75874836757515,59.38460503443297,150.80003471547886,175.70672842830774,168.9976194916792,176.31231774126474,182.79285989555092,174.1616497119153,188.8897090696566,176.61066203660465,184.7251772240674,162.84085607448569,135.89857992035414
2077,1665.4950388725103,2847.0238029917364,0.41354598686292326,0.15834941277395712,-0.2846480220988904,49,0.0,0.01069161353591693,1.3238610218478963,-0.30460598879281797,1665.4950388725103,2847.0238029917364,985.9547129072646,0.0,496.12858455639685,256.95716248880234,59.388635040470504,94.78639284562459,96.29695730170309,89.45424628910122,92.04443372495484,103.1123547404417,82.66596165949392,88.26182322721084,96.00448237574638,85.57444372126939,96.24668174132933,61.506935280389236
2078,1383.8959929837342,2853.2488267086906,0.6081043420448365,0.0928211565967792,0.35411513276112955,49,0.0,0.01269044826223108,1.2741939691182989,-0.2630888629841073,1383.8959929837342,2853.2488267086906,1023.7432855130212,0.0,982.4223211601927,257.18758654194215,59.39111926205564,77.95225992449635,104.961015852465,89.06281863226565,92.10185841174683,77.10244064770954,74.71432092711126,97.56166843543733,107.49661812472186,111.06027350828955,112.80188287820205,78.92812817057577
2079,1954.935704726392,2853.7672444746972,0.4574817468079694,0.4512866673758572,-0.14016546913575964,49,0.0,0.0819875544651416,11.9899788357361,-2.697046041247719,1954.935704726392,2853.7672444746972,3307.2294878681028,0.0,3204.0857824263157,256.7203136933049,59.391133706201856,306.23409295976944,324.4587448770021,321.2267065049199,315.77641373432823,320.2999415472897,269.91844756764806,328.7254050109217,309.77771487670987,324.87749889028976,289.6616863203375,196.2728355788865
2080,1736.0863591316481,2858.958516905188,0.8281286981621854,-0.18540500494581472,0.013691854173383354,49,0.0,0.02131620038641326,1.577411890139767,-0.49486277526620387,1736.0863591316481,2858.958516905188,1422.9950899827684,0.0,1125.9443627278122,256.89938690004334,59.393571162332364,122.28397314710705,123.3450428819007,141.45153508765412,142.62794751287365,123.73327943891027,120.9753292765514,128.8599662969123,139.72156207236955,131.75342463258087,133.62216864739136,114.62086098851702
2081,2048.84157875035,2866.008346892118,0.6224066872506601,-0.19982395529067998,-0.10572773651667486,49,0.0,0.013746504588262105,1.9490819377931676,-0.7245752422058505,2048.84157875035,2866.008346892118,805.4300366976136,0.0,370.8074892962021,256.64341893114687,59.396040598279676,55.72152553221826,50.746365184812234,49.93128190592786,47.0357775248207,58.595404888414166,37.59895666955238,39.57897392212822,169.22580913499905,70.3174186100822,223.25791049419684,3.4206128304614953
2082,1421.6563529937323,2867.7780494772933,0.3647650706641645,0.8461462211776073,-0.35638986849035215,49,0.0,0.010891594730370394,1.26466756174424,-0.2549409480203422,1421.6563529937323,2867.7780494772933,1249.3890873885023,0.0,1241.2909307355212,257.1567139969161,59.39721081366504,97.38829747132039,122.07033484670329,104.10284495154636,126.6212553414973,116.24553909691687,88.28545410438613,116.76323252392474,114.5767119437109,142.06192967537908,122.06063820484098,99.21284922827624
2083,1749.2256925522531,2867.897201474359,0.5555485855777845,0.4375461824084696,-0.1579997281017188,49,0.0,0.052711806976071446,7.551436659914644,-2.195073959906713,1749.2256925522531,2867.897201474359,1704.2144639162339,0.0,1678.0671154425308,256.8886211533175,59.397285724997076,154.0183890168625,153.65443284902275,170.13512793119307,155.67182002654013,146.4488551380361,162.53690746856154,153.70100679116547,153.28157922513685,157.84344642939485,182.82970513311471,114.093193907206
2084,1664.7338860163684,2871.2073405759547,0.2432514911904002,0.2512146869582048,-0.2641901953150984,49,0.0,0.0134148958165146,1.9519154907967906,-0.7261525268267774,1664.7338860163684,2871.2073405759547,1145.4679110082009,0.0,1110.0368406026246,256.9577697400876,59.39871091798917,110.89496979091194,99.98763821464667,100.11056714026284,121.23546645909595,105.49651152683913,76.28966492169499,98.17946532058633,110.17473321769853,118.95371007278115,109.73733688599897,94.40784745768437
2085,1634.3320256930758,2877.533811246642,0.5924653541398777,0.04938552845110455,0.005988905938135433,49,0.0,0.05172349318906732,6.894345362999697,-2.0962325875435455,1634.3320256930758,2877.533811246642,1643.841247456584,0.0,1653.829849913591,256.9826504781984,59.40135435759087,137.90637530548588,135.96246870308988,155.73598789080023,147.9186075445974,171.4352523877698,141.10569083328778,159.63516834987786,164.24882360852112,152.45475140138706,146.49028841553277,130.94783301623403
2086,1641.3846351578761,2883.73355401152,0.9115404427112045,-0.38506864890150316,-0.15014826226649045,49,0.0,0.017771740258378386,1.4739369284292874,-0.4211972498164386,1641.3846351578761,2883.73355401152,1193.779380542555,0.0,1207.0549531245697,256.9768751739452,59.40393600956114,104.99319993290095,92.58754526916077,116.60401583174881,106.18168069963542,123.5332534361661,102.28247183926642,118.33940212029955,133.453818112536,103.88474703179047,97.05451194009771,94.86473432895284
2087,1416.2519558751696,2900.9679501311407,0.25409469118994255,-0.49915707805736964,-0.7014972365470171,49,0.0,0.005439590248503827,1.051056426291791,-0.05406507972177395,1416.2519558751696,2900.9679501311407,741.8078087568798,0.0,610.9538917523932,257.16119831766594,59.41103365994752,77.30569948067597,62.01772807567319,64.479563155441,85.63982507386706,67.32145918256018,71.68915965980966,56.402261773365574,114.46978348584035,60.909872168477975,50.99182213705919,30.580634564109708
2088,1345.3053977145223,2918.2534817846117,0.34028273772053375,0.5308043244370447,0.6263658569469954,49,0.0,0.006099210450870645,1.0014904710995165,-0.001617053648160972,1345.3053977145223,2918.2534817846117,437.09871535605333,0.0,328.87300299203423,257.2193304215866,59.41815536794686,54.721382412462575,28.81762188834949,35.44994593788961,32.325420082801585,78.97431382794431,39.35746465188744,41.337079122441054,43.82548438012425,43.507272018513625,29.416492112326104,9.366238921313299
2089,1668.04311244485,2918.7038065105835,0.4990090268228632,0.27338478009018496,-0.05475216818905178,49,0.0,1.4309985728575574,212.26690360559877,-5.8172057119581355,1668.04311244485,2918.7038065105835,32684.008200335687,0.0,29855.452723770577,256.9550291278436,59.41849823224649,3245.019856308076,3538.6023901573244,3240.2035583472625,3262.7059404436486,3218.3619761064447,3023.2345911665566,3086.095222028027,3077.988392802002,2990.389454665432,2623.4423209054307,1377.9644974054822
2090,1761.2407387355527,2923.7630095693844,0.38721909762883994,-0.6514330969608391,-0.47621209144614474,49,0.0,0.013500761260007897,3.0150077381049543,-1.1982210777675144,1761.2407387355527,2923.7630095693844,632.79850984422,0.0,347.7302004088797,256.8786977663824,59.420551494938785,110.17674246718371,30.329967390816215,33.79077760898122,40.082158003432234,48.089215439117794,40.92746473354505,158.20994020723006,79.06898749163386,51.85252273884037,35.260508987744274,5.010224775695331
2091,1851.262493942846,2929.943169848029,0.21777012291715026,0.47707262634949954,-0.2953374256929278,49,0.0,0.064709719224355,10.93144328048588,-2.596693764291045,1851.262493942846,2929.943169848029,3289.795124912782,0.0,1155.6110222430361,256.8049557459656,59.42303133738239,165.57467763548465,0.0,317.69030289641836,62.063825264283025,158.1098525966414,305.7919788659075,553.555690190493,655.6320292037701,850.169310539698,221.20745772008547,0.0
2092,1647.2123726290101,2930.2095345286857,0.5547492530623735,0.6176915404104389,0.3224544096056395,49,0.0,0.02637903026079112,3.991588695622876,-1.5028644600302088,1647.2123726290101,2930.2095345286857,1542.8853009654445,0.0,464.019926827456,256.9720828929729,59.42329794123664,64.89304368264794,190.24535100000054,81.12025437385509,135.4815305931254,388.8592296071802,98.22997856560968,168.9350331530245,75.43233544001035,162.55839615638087,122.48655656288288,54.643591830726685
